5904900000 1
4320000000 1
4032000000 1
3969000000 1
3732480000 1
3674160000 3
3401222400 1
3359232000 1
3317760000 1
3306744000 1
3240000000 1
3175200000 2
3149280000 2
3087000000 1
3061800000 1
2939328000 1
2903040000 1
2880000000 3
2857680000 3
2822400000 1
2799360000 2
2687385600 2
2645395200 2
2580480000 2
2571912000 1
2540160000 2
2520000000 1
2519424000 1
2449440000 1
2419200000 1
2388787200 1
2361960000 1
2351462400 2
2332800000 1
2322432000 1
2286144000 2
2267481600 1
2257920000 1
2250423000 1
2239488000 4
2232052200 1
2222640000 3
2211840000 1
2204496000 1
2177280000 5
2160000000 2
2143260000 1
2123366400 1
2116800000 3
2116316160 1
2099520000 3
2073600000 2
2057529600 1
2041200000 2
2040733440 1
2032128000 4
2016000000 1
2015539200 1
2008846980 1
2007040000 2
2000376000 1
1990656000 1
1984500000 1
1984046400 2
1975680000 1
1968300000 1
1959552000 5
1944000000 5
1935360000 4
1934917632 1
1928934000 1
1905120000 6
1890000000 1
1881169920 3
1866240000 2
1860043500 1
1851776640 2
1837080000 2
1828915200 2
1822500000 1
1814400000 7
1813985280 1
1806336000 2
1800338400 3
1791590400 2
1786050000 3
1785641760 1
1778112000 1
1764000000 1
1763596800 1
1749600000 3
1741824000 5
1728000000 2
1720320000 1
1714608000 2
1701000000 1
1700611200 2
1693440000 4
1679616000 3
1672151040 2
1658880000 5
1653372000 3
1646023680 1
1632960000 17
1625702400 2
1620000000 2
1612800000 7
1612431360 1
1607077584 1
1605632000 1
1600300800 2
1594323000 1
1592524800 1
1587600000 6
1587237120 1
1580544000 1
1575000000 1
1574640000 2
1567641600 4
1555848000 1
1555200000 10
1548288000 2
1543147200 3
1536640000 1
1530900000 3
1524096000 5
1512630000 1
1512000000 3
1511654400 1
1505280000 1
1500282000 2
1492992000 3
1488034800 3
1481760000 5
1470000000 1
1469664000 12
1458000000 1
1451520000 14
1446700500 1
1440270720 2
1433600000 1
1433272320 1
1428840000 10
1422489600 4
1417500000 1
1417176000 5
1411200000 3
1410877440 1
1400263200 1
1399680000 9
1393459200 1
1389150000 3
1388832480 3
1382976000 1
1382400000 8
1376256000 2
1372000000 1
1371686400 6
1360800000 7
1354752000 6
1350253800 2
1344000000 1
1343692800 5
1333584000 4
1327104000 2
1323000000 2
1322697600 9
1317120000 3
1312200000 2
1306368000 17
1296000000 7
1290240000 4
1285956000 10
1280240640 2
1280000000 1
1275750000 2
1275458400 1
1270080000 15
1269789696 2
1264435200 2
1260236880 1
1260000000 4
1259712000 6
1254400000 1
1254113280 2
1250235000 2
1244678400 2
1244160000 16
1240029000 1
1238630400 1
1234800000 1
1234517760 2
1229312000 2
1224720000 21
1219276800 3
1209600000 13
1204224000 1
1200225600 4
1194393600 6
1190700000 7
1185408000 5
1180980000 2
1175731200 12
1166886000 1
1166400000 14
1161216000 12
1157360400 1
1152480000 1
1152216576 1
1146880000 1
1143072000 25
1137991680 1
1134000000 10
1133740800 7
1128960000 8
1125000000 1
1120210560 3
1119744000 7
1114767360 3
1111320000 13
1111065984 2
1106380800 3
1105920000 2
1102707270 1
1102248000 14
1097349120 4
1089093600 1
1088640000 23
1083801600 5
1080450000 1
1080203040 2
1080000000 2
1075200000 7
1074954240 3
1071630000 7
1066867200 4
1062882000 2
1061683200 1
1058400000 8
1058158080 4
1053696000 5
1050197400 2
1049760000 11
1045094400 21
1041624360 1
1037232000 2
1036800000 20
1033357500 2
1032192000 7
1028764800 18
1024192512 1
1024000000 3
1020600000 11
1020366720 1
1016064000 23
1012690350 1
1008189504 2
1008000000 11
1007769600 9
1003520000 1
1000188000 4
995742720 2
995328000 14
992250000 1
992023200 6
987840000 8
987614208 3
984150000 2
983040000 1
980184240 1
980000000 2
979776000 25
975421440 4
972405000 2
972182736 1
972000000 7
967680000 20
967458816 1
964467000 4
960400000 2
960180480 4
960000000 2
952560000 23
952342272 1
948326400 5
944784000 13
940800000 6
940584960 4
937461924 1
933508800 3
933120000 25
928972800 10
926100000 1
925888320 5
921600000 8
918540000 9
918330048 1
917504000 1
914457600 25
907200000 32
906992640 4
903168000 11
900169200 5
896000000 5
895795200 10
893025000 1
889056000 24
885735000 1
884736000 1
882000000 8
881798400 19
878080000 4
877879296 2
875164500 5
874800000 8
870912000 32
868020300 4
864360000 2
864162432 1
864000000 10
860934420 1
860518400 1
860160000 6
857500000 1
857304000 24
853493760 1
850500000 9
850305600 3
849346560 2
846720000 26
846526464 2
842956800 3
840157920 5
840000000 1
839808000 29
836075520 5
833490000 9
833299488 2
829785600 3
829440000 31
826686000 12
825753600 3
823200000 1
823011840 11
819200000 1
816480000 51
816293376 2
812851200 16
810152280 3
810000000 4
806736000 1
806400000 34
806215680 5
803722500 3
803538792 1
800150400 23
797161500 1
796262400 11
793800000 13
793618560 9
790272000 9
787500000 1
787320000 4
784000000 5
783820800 34
777924000 4
777600000 23
774144000 15
771750000 2
771573600 21
768320000 1
768144384 2
768000000 3
765450000 5
762365520 1
762048000 38
758661120 1
756315000 1
756000000 15
755827200 16
752640000 7
752467968 1
750141000 4
746807040 7
746496000 24
744017400 4
743178240 2
740880000 20
740710656 1
737587200 2
737280000 8
735000000 2
734832000 43
731566080 16
729000000 6
726062400 2
725760000 54
723350250 1
722534400 8
720135360 10
720000000 8
716800000 8
716636160 5
714420000 22
714256704 4
711244800 20
708750000 1
708588000 9
707788800 3
705600000 20
705438720 26
702464000 1
700131600 6
700000000 1
699840000 31
697019904 1
696729600 34
694416240 3
693633024 1
691488000 8
691200000 14
688905000 5
686000000 5
685843200 47
682795008 2
680683500 2
680400000 34
680244480 4
677376000 43
675126900 2
675000000 1
672000000 9
671846400 26
669615660 2
666792000 25
663828480 3
663552000 17
661500000 2
661348800 29
658560000 11
658409472 4
656100000 7
653456160 2
653184000 78
650280960 8
648121824 2
648000000 13
645388800 1
645120000 31
644972544 2
642978000 19
642252800 1
640120320 16
637875000 2
637729200 4
637009920 4
635040000 59
634894848 1
632217600 13
630118440 4
630000000 7
629856000 36
627200000 9
627056640 18
625117500 1
622339200 12
622080000 52
620014500 4
619315200 21
617400000 8
617258880 20
614656000 2
614400000 8
612360000 42
609638400 47
607614210 2
607500000 2
606928896 1
605052000 1
604800000 50
604661760 12
602112000 14
600362847 1
600250000 1
600112800 25
600000000 1
597445632 1
597196800 31
595350000 13
595213920 7
594542592 3
592704000 30
590490000 9
590069760 1
589824000 5
588110544 1
588000000 10
587865600 69
585252864 2
583443000 3
583200000 42
580849920 1
580608000 76
578680200 10
578027520 1
576240000 6
576108288 5
576000000 14
574087500 1
573440000 5
571536000 63
568995840 11
567000000 19
566870400 16
566231040 1
564480000 45
564350976 2
561971200 1
560105280 10
560000000 2
559872000 55
558013050 1
557383680 11
555660000 17
555532992 4
553190400 9
552960000 24
551250000 3
551124000 37
548800000 8
548674560 30
546750000 1
544546800 3
544320000 120
542126592 1
541900800 37
540101520 12
540000000 5
537824000 1
537600000 21
537477120 22
535815000 8
535692528 1
533433600 44
531441000 3
530841600 7
529200000 28
529079040 23
526848000 15
525098700 4
525000000 1
524880000 32
524288000 2
522547200 62
520812180 1
520224768 2
518616000 12
518400000 49
516096000 33
514596726 1
514500000 4
514382400 62
512096256 4
512000000 4
510300000 37
510183360 6
508243680 2
508032000 111
506345175 1
505774080 3
504094752 1
504000000 27
503884800 45
503316480 1
501760000 6
501645312 2
500094000 23
497871360 10
497664000 49
496125000 6
496011600 15
495452160 2
493920000 26
493807104 5
492075000 2
491724800 2
491520000 4
490092120 1
490000000 4
489888000 128
487710720 23
486202500 4
486091368 1
486000000 17
484041600 4
483840000 74
483729408 3
482233500 4
481689600 11
480200000 1
480090240 26
480000000 6
477757440 9
476280000 72
476171136 6
474163200 35
472588830 3
472500000 5
472392000 23
471859200 1
470400000 19
470292480 35
466754400 11
466560000 100
464679936 1
464486400 47
463050000 9
462944160 18
462422016 1
460992000 5
460800000 37
459270000 30
459165024 2
458752000 4
457228800 120
455196672 5
453789000 4
453600000 92
453496320 11
451584000 58
450084600 8
450000000 2
448084224 4
448000000 11
447897600 55
446512500 1
446410440 2
445906944 3
444528000 62
442867500 3
442552320 3
442368000 32
441000000 14
440899200 76
440401920 1
439040000 8
438939648 8
437582250 2
437400000 27
435637440 1
435456000 164
434010150 3
433520640 13
432180000 13
432081216 10
432000000 30
430080000 23
429981696 1
428652000 81
426746880 37
425250000 7
425152800 14
424673280 4
423536400 1
423360000 100
423263232 8
421478400 8
420078960 7
420000000 5
419904000 78
418037760 48
416745000 12
416649744 2
414892800 30
414720000 81
413343000 9
412876800 14
411600000 7
411505920 40
409600000 5
408410100 1
408240000 152
408146688 2
406425600 95
405076140 7
405000000 6
404619264 1
403368000 3
403200000 65
403107840 23
401861250 3
401408000 6
400075200 71
400000000 1
398297088 5
398131200 31
396900000 37
396809280 22
395136000 45
393660000 27
393379840 2
393216000 5
392073696 1
392000000 7
391910400 141
390168576 8
388962000 17
388800000 67
387233280 6
387072000 89
385786800 40
385351680 5
384160000 5
384072192 5
384000000 9
382725000 18
382637520 2
382205952 1
381024000 152
379330560 15
378157500 1
378071064 3
378000000 27
377913600 52
377487360 1
376476800 1
376320000 36
376233984 8
375070500 8
373403520 20
373248000 147
372008700 5
371589120 21
370440000 47
370355328 6
368793600 8
368640000 29
367569090 1
367500000 5
367416000 103
367001600 1
365783040 65
364568526 3
364500000 12
363031200 3
362880000 179
362797056 4
361267200 35
360150000 5
360067680 21
360000000 12
358400000 18
358318080 28
357210000 51
357128352 5
355622400 79
354375000 2
354294000 12
354041856 2
353894400 10
352800000 59
352719360 67
351232000 7
350065800 10
350000000 1
349920000 105
348509952 3
348364800 138
347287500 1
347208120 9
346816512 2
345744000 25
345600000 59
344452500 6
344207360 1
344064000 22
343064484 1
343000000 3
342921600 142
341397504 3
340200000 83
340122240 17
338829120 2
338688000 122
337563450 1
337500000 1
337182720 5
336140000 2
336063168 13
336000000 32
335923200 93
334430208 10
333396000 75
331914240 10
331776000 79
330750000 3
330674400 51
330301440 8
329280000 27
329204736 23
328050000 12
327680000 3
326728080 7
326592000 267
325140480 51
324135000 5
324060912 3
324000000 40
322694400 6
322560000 98
322486272 4
321489000 33
321126400 2
320060160 42
320000000 2
318937500 1
318864600 3
318504960 10
317520000 149
317447424 9
316108800 42
315059220 7
315000000 5
314928000 74
314572800 1
313600000 22
313528320 81
312558750 2
312487308 3
311169600 41
311040000 170
310007250 1
309657600 63
308700000 16
308629440 62
307328000 12
307200000 26
306307575 1
306180000 100
306110016 1
304946208 1
304819200 210
303807105 1
303750000 3
303464448 4
302526000 9
302400000 131
302330880 42
301056000 37
300056400 42
300000000 2
298722816 7
298598400 86
297675000 16
297606960 14
297271296 5
296352000 93
295245000 11
295034880 5
294912000 21
294000000 17
293932800 190
293601280 1
292626432 19
291721500 9
291600000 78
290424960 10
290304000 259
289340100 13
289013760 15
288120000 7
288054144 14
288000000 43
287043750 3
286720000 9
286654464 4
285768000 152
284497920 59
283500000 21
283435200 38
283115520 3
282240000 121
282175488 22
280985600 1
280052640 27
280000000 12
279936000 181
278691840 78
277830000 40
277766496 13
276595200 23
276480000 90
275562000 61
275251200 11
274400000 13
274337280 107
273375000 2
272273400 4
272160000 281
272097792 3
270950400 116
270112500 1
270050760 17
270000000 7
269746176 1
268912000 2
268800000 48
268738560 51
267907500 16
267846264 1
266716800 134
265720500 5
265531392 2
265420800 53
264600000 81
264539520 63
264241152 2
263424000 36
262549350 5
262500000 1
262440000 78
262144000 1
261382464 3
261273600 261
260406090 4
260112384 8
259308000 31
259200000 118
258155520 1
258048000 101
257250000 1
257191200 117
256901120 3
256048128 16
256000000 3
255150000 42
255091680 11
254803968 1
254121840 1
254016000 265
253125000 1
252887040 16
252105000 1
252047376 6
252000000 47
251942400 101
251658240 1
250880000 21
250822656 26
250047000 35
248935680 22
248832000 173
248062500 1
248005800 20
247726080 25
246960000 64
246903552 22
246037500 3
245862400 2
245760000 20
245046060 1
245000000 1
244944000 276
243855360 130
243045684 2
243000000 29
242020800 7
241920000 266
241864704 11
241116750 6
240945152 1
240844800 31
240100000 4
240045120 80
240000000 12
239148450 1
238878720 31
238140000 140
238085568 11
237081600 130
236250000 1
236196000 43
235929600 10
235200000 59
235146240 147
233377200 28
233280000 217
232339968 3
232243200 192
231525000 10
231472080 36
231211008 4
230496000 25
230400000 71
229635000 40
229582512 1
229376000 13
228709656 1
228614400 276
227598336 8
226894500 1
226800000 158
226748160 42
226492416 1
225886080 1
225792000 155
225042300 9
225000000 3
224788480 3
224042112 9
224000000 17
223948800 153
223256250 2
223205220 2
222953472 10
222264000 147
221433750 1
221276160 17
221184000 97
220541454 1
220500000 21
220449600 174
220200960 3
219520000 18
219469824 35
218791125 1
218700000 34
217818720 7
217728000 454
217005075 1
216760320 54
216090000 10
216040608 11
216000000 53
215129600 2
215040000 76
214990848 15
214326000 118
213373440 94
212625000 6
212576400 20
212336640 20
211768200 1
211680000 228
211631616 31
210739200 34
210039480 15
210000000 13
209952000 202
209715200 2
209018880 131
208372500 10
208324872 5
207532836 1
207446400 48
207360000 208
206671500 12
206438400 50
205800000 19
205752960 144
204800000 11
204205050 4
204120000 246
204073344 7
203297472 1
203212800 257
202538070 7
202500000 11
202309632 4
201684000 11
201600000 162
201553920 76
200704000 21
200037600 126
200000000 1
199148544 11
199065600 103
198450000 43
198404640 57
198180864 3
197650320 1
197568000 116
196830000 31
196689920 2
196608000 16
196036848 5
196000000 17
195955200 408
195084288 21
194481000 25
194400000 157
193616640 9
193536000 261
192937500 2
192893400 50
192675840 10
192080000 4
192036096 23
192000000 29
191362500 7
191318760 2
191102976 7
190512000 368
189665280 51
189078750 1
189035532 3
189000000 72
188956800 100
188743680 4
188238400 1
188160000 86
188116992 37
187535250 5
186701760 51
186624000 293
186004350 7
185794560 72
185220000 70
185177664 31
184396800 26
184320000 98
183784545 1
183750000 4
183708000 199
183500800 8
182891520 211
182250000 10
181515600 11
181440000 418
181398528 12
180633600 108
180075000 2
180033840 42
180000000 23
179830784 1
179200000 34
179159040 83
178605000 56
178564176 5
177811200 232
177187500 1
177147000 14
177020928 5
176947200 62
176473500 1
176400000 105
176359680 160
175616000 27
175032900 15
175000000 2
174960000 188
174254976 3
174182400 388
173643750 3
173604060 19
173408256 11
172872000 36
172800000 159
172226250 1
172186884 1
172103680 2
172032000 53
171500000 8
171460800 278
170698752 28
170100000 122
170061120 25
169869312 1
169414560 4
169344000 356
168781725 2
168750000 3
168591360 17
168070000 2
168031584 7
168000000 41
167961600 212
167215104 29
166698000 91
165957120 39
165888000 212
165375000 9
165337200 86
165150720 17
164640000 58
164602368 63
164025000 9
163840000 5
163364040 7
163296000 566
162570240 115
162067500 3
162030456 6
162000000 75
161347200 10
161280000 266
161243136 22
160744500 35
160563200 12
160030080 142
160000000 6
159468750 1
159432300 2
159252480 44
158826150 2
158760000 254
158723712 31
158054400 98
157529610 8
157500000 16
157464000 155
157286400 9
156800000 44
156764160 246
156243654 3
155584800 62
155520000 330
155003625 1
154893312 2
154828800 178
154350000 23
154314720 100
154140672 2
153664000 10
153600000 51
153090000 113
153055008 2
152473104 1
152409600 485
151732224 10
151263000 8
151200000 239
151165440 76
150994944 1
150528000 105
150028200 57
150000000 2
149361408 14
149299200 281
148837500 10
148803480 19
148635648 9
148176000 183
147622500 6
147517440 10
147456000 65
147027636 1
147000000 27
146966400 394
146800640 1
146313216 49
145860750 2
145800000 108
145212480 13
145152000 581
144670050 7
144506880 38
144060000 17
144027072 20
144000000 69
143489070 1
143360000 43
143327232 15
142884000 298
142248960 151
141750000 30
141717600 57
141557760 14
141178800 1
141120000 239
141087744 51
140492800 16
140026320 33
140000000 10
139968000 359
139345920 192
138915000 46
138883248 14
138297600 67
138240000 245
137781000 79
137625600 28
137200000 25
137168640 260
136687500 4
136136700 6
136080000 438
136048896 8
135475200 297
135056250 2
135025380 21
135000000 18
134873088 1
134456000 3
134400000 110
134369280 128
133953750 8
133923132 5
133358400 232
132860250 1
132765696 11
132710400 149
132300000 109
132269760 104
132120576 4
131712000 108
131274675 1
131250000 1
131220000 110
131072000 4
130691232 10
130636800 584
130203045 1
130056192 27
129654000 43
129600000 246
129077760 5
129024000 279
128625000 5
128595600 165
128450560 4
128024064 47
128000000 12
127575000 50
127545840 14
127401984 10
127060920 3
127008000 572
126443520 62
126023688 6
126000000 87
125971200 233
125829120 2
125440000 60
125411328 65
125023500 34
124467840 66
124416000 426
124031250 5
124002900 29
123863040 69
123480000 125
123451776 46
123018750 2
122931200 19
122880000 47
122523030 1
122500000 2
122472000 451
121927680 281
121522842 3
121500000 32
121010400 15
120960000 535
120932352 20
120558375 2
120472576 1
120422400 77
120050000 6
120022560 113
120000000 16
119439360 112
119070000 155
119042784 22
118540800 261
118125000 2
118098000 55
117964800 30
117600000 95
117573120 310
116688600 35
116640000 368
116169984 3
116121600 512
115762500 8
115736040 51
115605504 10
115248000 54
115200000 158
114817500 30
114791256 1
114688000 39
114354828 1
114307200 527
113799168 38
113447250 1
113400000 218
113374080 63
113246208 1
112896000 341
112521150 18
112500000 4
112394240 3
112021056 24
112000000 39
111974400 414
111602610 2
111476736 41
111132000 201
110638080 46
110592000 239
110270727 1
110250000 23
110224800 281
110100480 9
109760000 41
109734912 92
109375000 1
109350000 41
108909360 20
108864000 919
108380160 163
108045000 18
108020304 21
108000000 98
107564800 12
107520000 166
107495424 25
107163000 124
106686720 222
106312500 3
106288200 15
106168320 51
105884100 3
105840000 379
105815808 62
105369600 72
105019740 24
105000000 18
104976000 351
104857600 3
104509440 371
104186250 7
104162436 1
103723200 84
103680000 469
103335750 13
103262208 2
103219200 181
102900000 32
102876480 262
102400000 27
102102525 1
102060000 291
102036672 3
101606400 652
101269035 5
101250000 5
101154816 9
100842000 7
100800000 275
100776960 162
100663296 1
100442349 1
100352000 41
100018800 175
100000000 2
99574272 45
99532800 351
99225000 45
99202320 71
99090432 21
98784000 214
98415000 27
98344960 8
98304000 43
98018424 2
98000000 16
97977600 778
97542144 51
97240500 24
97200000 214
96808320 20
96768000 624
96468750 1
96446700 51
96337920 33
96040000 15
96018048 62
96000000 40
95681250 5
95659380 1
95551488 22
95295690 2
95256000 583
94832640 136
94517766 2
94500000 68
94478400 167
94371840 11
94080000 186
94058496 93
93767625 1
93350880 84
93312000 596
93002175 1
92897280 186
92610000 78
92588832 30
92198400 45
92160000 200
91854000 213
91750400 12
91445760 460
91125000 7
90757800 13
90720000 702
90699264 25
90316800 272
90037500 3
90016920 62
90000000 27
89600000 55
89579520 172
89302500 45
89282088 9
88905600 350
88573500 19
88510464 12
88473600 102
88200000 160
88179840 318
88080384 2
87808000 49
87516450 8
87500000 2
87480000 252
87127488 8
87091200 932
86802030 9
86704128 27
86436000 92
86400000 266
86051840 4
86016000 139
85750000 6
85730400 411
85349376 71
85050000 115
85030560 46
84934656 7
84707280 1
84672000 673
84375000 3
84295680 36
84015792 25
84000000 65
83980800 451
83607552 84
83349000 125
82978560 72
82944000 545
82687500 8
82668600 75
82575360 51
82320000 110
82301184 90
82012500 4
81920000 25
81682020 15
81648000 913
81285120 318
81033750 3
81015228 6
81000000 88
80673600 27
80640000 509
80621568 56
80372250 14
80281600 30
80015040 249
80000000 12
79716150 6
79626240 124
79413075 1
79380000 318
79361856 42
79027200 249
78764805 1
78750000 9
78732000 189
78643200 21
78400000 57
78382080 570
77792400 88
77760000 547
77446656 5
77414400 479
77175000 24
77157360 119
77070336 7
76832000 31
76800000 96
76562500 1
76545000 113
76527504 6
76236552 1
76204800 840
75937500 1
75866112 39
75631500 5
75600000 352
75582720 143
75264000 227
75014100 56
75000000 1
74680704 47
74649600 563
74418750 1
74401740 18
74317824 38
74118870 1
74088000 301
73811250 4
73758720 17
73728000 180
73513818 2
73500000 25
73483200 557
73400320 4
73156608 125
72930375 1
72900000 136
72606240 26
72576000 1145
72335025 6
72253440 99
72030000 22
72013536 43
72000000 115
71680000 79
71663616 42
71442000 355
71124480 310
70875000 13
70858800 60
70778880 51
70589400 3
70560000 428
70543872 120
70246400 31
70013160 49
70000000 14
69984000 655
69672960 484
69457500 37
69441624 13
69148800 96
69120000 465
68890500 54
68841472 2
68812800 87
68600000 23
68584320 506
68343750 1
68068350 5
68040000 654
68024448 32
67737600 645
67528125 1
67512690 10
67500000 20
67436544 2
67228000 3
67200000 213
67184640 271
66976875 1
66679200 329
66430125 1
66382848 27
66355200 339
66150000 102
66134880 170
66060288 12
65856000 170
65610000 119
65536000 18
65345616 8
65318400 1196
65028096 77
64827000 35
64800000 344
64538880 20
64512000 511
64297800 187
64225280 5
64012032 97
64000000 31
63787500 21
63772920 17
63700992 30
63530460 6
63504000 863
63221760 118
63011844 4
63000000 111
62985600 358
62914560 3
62720000 103
62705664 128
62511750 29
62233920 94
62208000 872
62015625 1
62001450 17
61931520 193
61740000 151
61725888 107
61465600 27
61440000 117
61261515 3
61250000 1
61236000 569
60963840 574
60761421 4
60750000 41
60505200 16
60480000 891
60466176 54
60211200 177
60025000 2
60011280 154
60000000 30
59719680 291
59535000 139
59521392 21
59270400 444
59062500 1
59049000 56
59006976 11
58982400 90
58824500 2
58800000 112
58786560 561
58344300 38
58320000 486
58084992 6
58060800 1045
57881250 2
57868020 46
57802752 16
57624000 62
57600000 261
57408750 11
57344000 52
57177414 1
57153600 786
56899584 98
56723625 1
56700000 245
56687040 117
56623104 10
56471520 1
56448000 652
56260575 10
56197120 15
56010528 32
56000000 44
55987200 709
55738368 105
55566000 224
55319040 90
55296000 475
55125000 21
55112400 273
55050240 26
54880000 52
54867456 172
54675000 36
54454680 7
54432000 1477
54190080 338
54022500 17
54010152 32
54000000 128
53782400 13
53760000 324
53747712 91
53581500 86
53343360 342
53156250 2
53144100 16
53084160 146
52920000 503
52907904 107
52684800 163
52509870 7
52500000 9
52488000 415
52428800 6
52254720 782
52093125 2
52081218 1
51861600 109
51840000 759
51667875 1
51631104 5
51609600 356
51450000 30
51438240 335
51380224 5
51200000 41
51030000 310
51018336 7
50824368 2
50803200 1155
50625000 2
50577408 31
50421000 9
50400000 370
50388480 315
50331648 1
50176000 112
50009400 182
50000000 4
49787136 44
49766400 666
49612500 27
49601160 81
49545216 27
49392000 368
49207500 19
49172480 11
49152000 85
49009212 5
49000000 27
48988800 1083
48771072 185
48620250 11
48600000 254
48404160 30
48384000 1205
48223350 28
48168960 70
48020000 15
48009024 87
48000000 73
47775744 58
47628000 688
47416320 336
47258883 1
47250000 51
47239200 164
47185920 28
47040000 282
47029248 198
46875000 1
46675440 99
46656000 1010
46448640 475
46305000 88
46294416 55
46099200 75
46080000 420
45937500 1
45927000 196
45875200 19
45722880 756
45562500 1
45378900 14
45360000 993
45349632 38
45158400 570
45018750 1
45008460 59
45000000 29
44957696 1
44800000 96
44789760 412
44651250 22
44641044 5
44471322 1
44452800 497
44286750 8
44255232 24
44236800 314
44100000 181
44089920 442
44040192 5
43904000 79
43758225 3
43750000 3
43740000 285
43563744 5
43545600 1658
43401015 3
43352064 55
43218000 51
43200000 414
43025920 9
43008000 328
42875000 2
42865200 445
42674688 125
42525000 100
42515280 46
42467328 20
42353640 5
42336000 1102
42187500 1
42147840 73
42007896 24
42000000 93
41990400 686
41943040 1
41803776 194
41674500 74
41489280 134
41472000 912
41343750 2
41334300 72
41287680 136
41160000 115
41150592 175
41006250 4
40960000 52
40841010 8
40824000 1212
40642560 720
40507614 8
40500000 82
40336800 14
40320000 802
40310784 112
40186125 3
40140800 67
40007520 304
40000000 14
39813120 296
39690000 331
39680928 64
39513600 402
39375000 10
39366000 188
39337984 2
39321600 47
39200000 87
39191040 930
38896200 80
38880000 821
38723328 11
38707200 952
38587500 12
38578680 132
38535168 10
38416000 33
38400000 169
38272500 69
38263752 4
38102400 1302
37933056 75
37815750 3
37800000 409
37791360 250
37748736 4
37647680 1
37632000 406
37507050 33
37500000 3
37340352 75
37324800 1076
37209375 1
37200870 5
37158912 90
37044000 352
36879360 46
36864000 350
36750000 31
36741600 645
36700160 6
36578304 276
36450000 106
36303120 43
36288000 1873
36126720 248
36015000 19
36006768 66
36000000 139
35840000 127
35831808 93
35721000 277
35562240 460
35437500 10
35429400 64
35389440 114
35294700 1
35280000 525
35271936 173
35123200 63
35006580 32
35000000 13
34992000 765
34836480 958
34728750 13
34720812 16
34574400 132
34560000 762
34445250 15
34420736 2
34406400 187
34300000 31
34292160 654
34034175 1
34020000 706
34012224 37
33882912 5
33868800 1145
33756345 6
33750000 12
33718272 16
33614000 4
33600000 277
33592320 518
33554432 2
33480783 2
33339600 364
33191424 48
33177600 700
33075000 70
33067440 178
33030144 19
32928000 250
32805000 90
32768000 25
32672808 7
32659200 1847
32514048 166
32413500 46
32400000 428
32269440 12
32256000 1010
32148900 127
32112640 18
32006016 150
32000000 36
31893750 9
31886460 4
31850496 60
31765230 3
31752000 1060
31610880 257
31505922 7
31500000 100
31492800 429
31457280 11
31360000 135
31352832 293
31255875 4
31250000 1
31116960 166
31104000 1358
31000725 1
30965760 439
30870000 109
30862944 108
30732800 42
30720000 211
30625000 2
30618000 564
30481920 1009
30375000 22
30252600 17
30240000 1159
30233088 89
30105600 300
30012500 3
30005640 151
30000000 26
29859840 573
29767500 81
29760696 25
29635200 600
29524500 35
29503488 10
29491200 222
29400000 139
29393280 800
29360128 2
29172150 23
29160000 576
29042496 9
29030400 1844
28934010 20
28901376 52
28812000 68
28800000 418
28704375 5
28672000 86
28576800 894
28449792 171
28350000 207
28343520 122
28311552 16
28235760 1
28224000 969
28125000 3
28098560 21
28005264 32
28000000 47
27993600 1148
27869184 215
27783000 188
27659520 133
27648000 883
27562500 8
27556200 232
27525120 67
27440000 55
27433728 310
27337500 14
27227340 20
27216000 1855
27095040 619
27011250 2
27005076 21
27000000 108
26891200 15
26880000 477
26873856 142
26790750 48
26671680 475
26572050 6
26542080 321
26460000 529
26453952 141
26342400 270
26254935 4
26250000 19
26244000 425
26214400 17
26127360 1275
25930800 124
25920000 1025
25815552 8
25804800 672
25725000 24
25719120 320
25690112 4
25600000 74
25515000 250
25509168 8
25412184 2
25401600 1709
25312500 1
25288704 62
25210500 9
25200000 426
25194240 463
25165824 4
25088000 166
25004700 123
25000000 4
24893568 73
24883200 1245
24806250 5
24800580 49
24772608 82
24696000 393
24603750 6
24586240 15
24576000 188
24504606 2
24500000 15
24494400 1321
24385536 297
24310125 3
24300000 286
24202080 31
24192000 1930
24111675 3
24084480 150
24010000 12
24004512 146
24000000 110
23914845 1
23887872 114
23814000 647
23708160 493
23625000 46
23619600 181
23592960 69
23529800 3
23520000 453
23514624 341
23337720 79
23328000 1378
23224320 888
23152500 51
23147208 35
23049600 108
23040000 601
22968750 1
22963500 115
22937600 56
22861440 1038
22781250 2
22689450 5
22680000 1065
22674816 66
22588608 2
22579200 879
22509375 1
22504230 31
22500000 27
22478848 4
22400000 140
22394880 761
22325625 5
22320522 4
22226400 549
22127616 43
22118400 580
22050000 138
22044960 454
22020096 9
21952000 119
21870000 260
21781872 20
21772800 2441
21676032 148
21609000 44
21600000 491
21512960 13
21504000 519
21437500 1
21432600 388
21337344 231
21262500 45
21257640 39
21233664 55
21176820 4
21168000 1321
21073920 155
21008750 1
21003948 14
21000000 112
20995200 882
20971520 4
20901888 336
20837250 36
20744640 188
20736000 1537
20667150 28
20643840 270
20580000 139
20575296 221
20480000 80
20420505 1
20412000 1174
20321280 1133
20253807 2
20250000 60
20168400 23
20160000 1095
20155392 168
20070400 126
20003760 369
20000000 21
19906560 595
19845000 244
19840464 76
19756800 606
19683000 115
19660800 85
19600000 83
19595520 1305
19448100 67
19440000 955
19361664 22
19353600 1650
19293750 4
19289340 99
19267584 25
19208000 39
19200000 249
19136250 26
19131876 1
19059138 1
19051200 1454
18966528 134
18907875 1
18900000 372
18895680 284
18874368 8
18816000 570
18753525 7
18750000 2
18670176 67
18662400 1592
18600435 3
18579456 167
18522000 322
18439680 84
18432000 636
18375000 14
18370800 609
18350080 14
18289152 410
18225000 59
18151560 29
18144000 2439
18063360 489
18007500 11
18003384 63
18000000 127
17920000 193
17915904 169
17860500 174
17781120 626
17718750 1
17714700 47
17694720 243
17647350 1
17640000 597
17635968 271
17561600 93
17503290 15
17500000 8
17496000 888
17418240 1555
17364375 1
17360406 17
17287200 165
17280000 1092
17222625 3
17210368 4
17203200 331
17150000 19
17146080 750
17010000 555
17006112 41
16941456 4
16934400 1623
16875000 8
16859136 32
16807000 6
16800000 301
16796160 776
16777216 1
16669800 246
16595712 74
16588800 1215
16537500 32
16533720 145
16515072 42
16464000 304
16402500 38
16384000 60
16336404 12
16329600 2365
16257024 287
16206750 11
16200000 396
16134720 25
16128000 1419
16074450 55
16056320 37
16003008 197
16000000 45
15943230 2
15925248 138
15876000 1092
15805440 370
15752961 3
15750000 63
15746400 410
15728640 39
15680000 182
15676416 449
15558480 136
15552000 1848
15482880 720
15435000 82
15431472 124
15366400 43
15360000 292
15312500 1
15309000 376
15240960 1376
15187500 16
15126300 10
15120000 1407
15116544 130
15052800 499
15006250 2
15002820 119
15000000 27
14929920 965
14883750 26
14880348 11
14817600 690
14762250 12
14751744 26
14745600 386
14700000 134
14696640 973
14680064 5
14586075 8
14580000 545
14521248 16
14515200 2758
14467005 5
14450688 86
14406000 74
14400000 470
14336000 185
14288400 828
14224896 240
14175000 135
14171760 88
14155776 31
14112000 1223
14049280 46
14002632 41
14000000 56
13996800 1393
13934592 378
13891500 127
13829760 162
13824000 1411
13781250 1
13778100 139
13762560 122
13720000 75
13716864 378
13668750 3
13613670 9
13608000 1925
13547520 977
13505625 1
13502538 15
13500000 116
13445600 14
13440000 657
13436928 235
13395375 6
13335840 535
13286025 1
13271040 496
13230000 387
13226976 153
13176688 1
13171200 360
13125000 10
13122000 340
13107200 35
13063680 1963
12965400 119
12960000 1211
12907776 8
12902400 1175
12862500 13
12859560 265
12845056 8
12800000 94
12757500 112
12754584 12
12706092 3
12700800 1990
12656250 1
12644352 101
12605250 1
12600000 513
12597120 553
12582912 5
12544000 240
12502350 68
12500000 1
12446784 101
12441600 1831
12403125 4
12400290 26
12386304 158
12348000 392
12301875 2
12293120 30
12288000 293
12250000 11
12247200 1368
12192768 461
12150000 198
12101040 30
12096000 2438
12042240 250
12005000 10
12002256 105
12000000 126
11943936 195
11907000 472
11854080 602
11812500 15
11809800 114
11796480 140
11764900 1
11760000 452
11757312 451
11668860 54
11664000 1504
11612160 1535
11576250 15
11573604 27
11524800 108
11520000 888
11481750 37
11468800 90
11430720 1179
11344725 1
11340000 1000
11337408 63
11294304 2
11289600 1219
11252115 6
11250000 15
11239424 12
11200000 190
11197440 1059
11113200 514
11063808 70
11059200 995
11025000 92
11022480 401
11010048 20
10976000 132
10935000 161
10890936 9
10886400 3040
10838016 226
10804500 28
10800000 560
10756480 10
10752000 810
10716300 240
10668672 268
10631250 12
10628820 22
10616832 109
10588410 3
10584000 1382
10536960 188
10501974 8
10500000 70
10497600 951
10485760 6
10450944 579
10418625 5
10372320 178
10368000 2044
10333575 3
10321920 528
10290000 97
10287648 205
10240000 127
10206000 994
10160640 1633
10125000 29
10084200 12
10080000 1206
10077696 227
10035200 179
10001880 259
10000000 24
9953280 951
9922500 122
9920232 40
9878400 633
9841500 69
9834496 7
9830400 161
9800000 89
9797760 1545
9724050 31
9720000 934
9680832 22
9676800 2391
9646875 1
9644670 33
9633792 45
9604000 24
9600000 280
9568125 2
9565938 1
9529569 1
9525600 1433
9483264 221
9450000 272
9447840 298
9437184 18
9411920 3
9408000 728
9335088 56
9331200 2090
9289728 338
9261000 234
9219840 93
9216000 895
9187500 6
9185400 459
9175040 26
9144576 517
9112500 33
9075780 18
9072000 2691
9031680 703
9003750 1
9001692 30
9000000 133
8960000 240
8957952 308
8930250 74
8890560 653
8859375 1
8857350 20
8847360 420
8820000 505
8817984 324
8780800 114
8751645 2
8750000 8
8748000 832
8709120 2222
8680203 3
8643600 128
8640000 1373
8605184 2
8601600 557
8575000 7
8573040 633
8505000 341
8503056 33
8470728 2
8467200 2042
8437500 1
8429568 37
8403500 1
8400000 335
8398080 942
8388608 2
8334900 175
8297856 90
8294400 1865
8268750 13
8266860 93
8257536 81
8235430 1
8232000 292
8201250 6
8192000 70
8168202 3
8164800 2348
8128512 461
8103375 5
8100000 337
8067360 30
8064000 1901
8037225 7
8028160 61
8001504 220
8000000 54
7962624 191
7938000 877
7902720 502
7875000 50
7873200 346
7864320 50
7840000 182
7838208 631
7779240 127
7776000 2067
7741440 1268
7717500 56
7715736 95
7683200 70
7680000 424
7654500 220
7620480 1615
7593750 7
7563150 7
7560000 1260
7558272 164
7529536 1
7526400 717
7501410 45
7500000 19
7464960 1376
7441875 4
7440174 4
7408800 664
7381125 1
7375872 29
7372800 672
7350000 105
7348320 934
7340032 4
7290000 347
7260624 19
7257600 3366
7225344 138
7203000 33
7200000 531
7168000 281
7144200 615
7112448 305
7087500 71
7085880 79
7077888 50
7058940 2
7056000 1356
7024640 66
7001316 28
7000000 48
6998400 1620
6967296 613
6945750 39
6914880 179
6912000 1873
6889050 62
6881280 214
6860000 65
6858432 417
6806835 5
6804000 1695
6773760 1393
6751269 2
6750000 83
6722800 3
6720000 796
6718464 322
6667920 451
6635520 885
6615000 293
6613488 128
6585600 436
6561000 236
6553600 35
6531840 2242
6482700 66
6480000 1302
6453888 7
6451200 1736
6431250 7
6429780 171
6422528 13
6400000 122
6378750 35
6377292 8
6353046 1
6350400 1959
6322176 125
6302625 1
6300000 318
6298560 565
6291456 7
6272000 279
6251175 15
6250000 1
6223392 67
6220800 2481
6200145 3
6193152 253
6174000 271
6146560 36
6144000 468
6125000 5
6123600 1144
6096384 642
6075000 113
6050520 34
6048000 2776
6021120 325
6002500 5
6001128 96
6000000 107
5971968 363
5953500 278
5927040 757
5906250 2
5904900 82
5898240 215
5880000 405
5878656 482
5834430 25
5832000 1371
5806080 2186
5788125 2
5786802 11
5762400 106
5760000 1064
5740875 10
5734400 155
5715360 1142
5670000 734
5668704 71
5644800 1561
5625000 7
5619712 15
5600000 166
5598720 1334
5556600 355
5531904 75
5529600 1452
5512500 36
5511240 278
5505024 29
5488000 137
5467500 85
5445468 8
5443200 3229
5419008 363
5402250 14
5400000 439
5378240 9
5376000 1009
5358150 86
5334336 249
5315625 2
5314410 14
5308416 165
5292000 1133
5268480 279
5250987 4
5250000 51
5248800 776
5242880 12
5225472 776
5186160 138
5184000 2425
5160960 756
5145000 58
5143824 227
5120000 158
5103000 611
5080320 1881
5062500 10
5042100 11
5040000 1205
5038848 281
5017600 237
5000940 137
5000000 8
4976640 1449
4961250 47
4960116 21
4939200 621
4920750 30
4917248 9
4915200 281
4900000 61
4898880 1569
4862025 3
4860000 750
4840416 21
4838400 3147
4822335 12
4816896 55
4802000 30
4800000 312
4762800 1175
4741632 269
4725000 162
4723920 218
4718592 39
4704000 858
4667544 50
4665600 2285
4644864 604
4630500 117
4609920 121
4608000 1204
4593750 6
4592700 238
4587520 64
4572288 566
4556250 6
4537890 9
4536000 2398
4515840 1018
4501875 2
4500846 17
4500000 95
4480000 323
4478976 399
4465125 16
4445280 648
4428675 2
4423680 617
4410000 365
4408992 297
4390400 144
4375000 5
4374000 593
4354560 2708
4321800 97
4320000 1384
4302592 5
4300800 759
4287500 7
4286520 449
4252500 185
4251528 18
4233600 2085
4214784 59
4201750 2
4200000 303
4199040 1006
4194304 4
4167450 68
4148928 86
4147200 2422
4134375 2
4133430 44
4128768 152
4116000 235
4100625 1
4096000 131
4084101 1
4082400 2061
4064256 617
4050000 261
4033680 23
4032000 2195
4014080 102
4000752 178
4000000 42
3981312 318
3969000 571
3951360 612
3937500 17
3936600 200
3932160 73
3920000 187
3919104 735
3889620 53
3888000 2086
3870720 1714
3858750 17
3857868 45
3841600 48
3840000 544
3827250 60
3810240 1639
3781575 2
3780000 1008
3779136 153
3764768 1
3763200 824
3750705 7
3750000 9
3732480 1700
3720087 2
3704400 508
3687936 35
3686400 867
3675000 53
3674160 682
3670016 8
3645000 234
3630312 17
3628800 3791
3612672 218
3601500 17
3600000 422
3584000 342
3572100 317
3556224 326
3543750 21
3542940 50
3538944 119
3528000 1139
3512320 98
3500658 9
3500000 32
3499200 1437
3483648 809
3472875 10
3457440 156
3456000 2104
3444525 14
3440640 331
3430000 48
3429216 377
3402000 1241
3386880 1665
3375000 33
3361400 6
3360000 789
3359232 426
3333960 283
3317760 1235
3307500 119
3306744 87
3292800 438
3280500 94
3276800 88
3265920 2336
3241350 18
3240000 1096
3226944 5
3225600 2030
3215625 1
3214890 73
3211264 18
3200000 109
3189375 8
3188646 3
3175200 1708
3161088 194
3150000 240
3149280 430
3145728 11
3136000 296
3125000 1
3111696 71
3110400 2801
3096576 384
3087000 224
3073280 38
3072000 607
3062500 7
3061800 691
3048192 639
3037500 42
3025260 15
3024000 2633
3010560 447
3001250 3
3000564 52
3000000 70
2985984 516
2976750 84
2963520 719
2952450 19
2949120 353
2940000 282
2939328 463
2917215 7
2916000 1115
2903040 2730
2893401 7
2881200 77
2880000 1033
2867200 209
2857680 892
2835000 390
2834352 56
2823576 3
2822400 1681
2812500 3
2809856 26
2800000 130
2799360 1528
2778300 185
2765952 85
2764800 1918
2756250 7
2755620 159
2752512 60
2744000 118
2733750 28
2722734 6
2721600 2931
2709504 518
2701125 5
2700000 328
2689120 9
2688000 1199
2679075 16
2667168 271
2654208 260
2646000 828
2634240 283
2625000 31
2624400 605
2621440 19
2612736 901
2593080 99
2592000 2447
2580480 1001
2572500 25
2571912 139
2560000 180
2551500 259
2540160 1844
2531250 3
2521050 2
2520000 1026
2519424 287
2508800 249
2500470 63
2500000 13
2488320 1841
2480625 7
2480058 12
2469600 521
2460375 2
2458624 16
2457600 385
2450000 34
2449440 1240
2430000 491
2420208 8
2419200 3331
2408448 104
2401000 19
2400000 318
2381400 739
2370816 302
2362500 55
2361960 137
2359296 46
2352000 815
2333772 29
2332800 2235
2322432 727
2315250 36
2304960 119
2304000 1446
2296875 1
2296350 82
2293760 84
2286144 513
2278125 2
2268945 4
2268000 1909
2257920 1129
2250423 4
2250000 58
2240000 309
2239488 484
2222640 475
2211840 904
2205000 207
2204496 204
2195200 170
2187000 299
2177280 2867
2160900 58
2160000 1269
2151296 2
2150400 949
2143260 233
2126250 47
2125764 12
2116800 1838
2107392 84
2100000 195
2099520 934
2097152 3
2083725 17
2074464 101
2073600 2803
2066715 6
2064384 219
2058000 168
2048000 149
2041200 1374
2032128 741
2025000 107
2016840 14
2016000 2152
2007040 139
2000376 126
2000000 43
1990656 465
1984500 256
1975680 593
1968750 2
1968300 82
1966080 131
1960000 141
1959552 752
1944810 39
1944000 1809
1935360 2067
1929375 1
1928934 13
1920800 37
1920000 565
1913625 17
1905120 1422
1890000 632
1889568 118
1882384 1
1881600 953
1875000 1
1866240 1856
1852200 314
1843968 33
1843200 1184
1837500 28
1837080 399
1835008 10
1822500 88
1815156 8
1814400 3641
1806336 330
1800750 6
1800000 330
1792000 376
1786050 108
1778112 290
1771875 3
1771470 20
1769472 164
1764000 836
1756160 112
1750329 4
1750000 10
1749600 1193
1741824 1011
1728720 109
1728000 2248
1720320 438
1715000 27
1714608 282
1701000 692
1693440 1700
1687500 12
1680700 4
1680000 719
1679616 453
1666980 164
1658880 1624
1653750 31
1653372 28
1646400 350
1640250 24
1638400 83
1632960 2042
1620675 6
1620000 765
1613472 9
1612800 2326
1607445 19
1605632 19
1600000 111
1587600 1143
1580544 185
1575000 111
1574640 364
1572864 31
1568000 264
1555848 38
1555200 2779
1548288 514
1543500 87
1536640 32
1536000 706
1531250 1
1530900 349
1524096 674
1518750 13
1512630 6
1512000 2214
1505280 515
1500282 31
1500000 64
1492992 568
1488375 9
1481760 534
1476225 4
1474560 525
1470000 236
1469664 409
1458000 684
1451520 2903
1440600 47
1440000 959
1433600 247
1428840 529
1417500 166
1417176 43
1411200 1522
1406250 2
1404928 29
1400000 95
1399680 1342
1389150 70
1382976 66
1382400 2165
1378125 1
1377810 56
1376256 85
1372000 79
1366875 1
1360800 2294
1354752 556
1350000 191
1344560 7
1344000 1192
1333584 205
1327104 363
1323000 464
1317120 301
1312500 12
1312200 346
1310720 41
1306368 973
1296540 50
1296000 2160
1290240 1238
1286250 11
1285956 81
1280000 175
1275750 68
1270080 1635
1260000 765
1259712 225
1254400 297
1250235 13
1250000 2
1244160 2099
1240029 1
1234800 343
1229312 13
1228800 507
1225000 18
1224720 933
1215000 251
1210104 5
1209600 3358
1204224 124
1200500 12
1200000 209
1190700 348
1185408 247
1181250 19
1180980 53
1179648 97
1176490 1
1176000 601
1166886 12
1166400 1775
1161216 887
1157625 6
1152480 78
1152000 1484
1148175 15
1146880 97
1143072 476
1134000 1265
1128960 1166
1125000 21
1120000 275
1119744 544
1111320 305
1105920 1174
1102500 97
1102248 131
1097600 120
1093500 148
1088640 2710
1080450 16
1080000 1012
1075200 1066
1071630 94
1063125 4
1062882 2
1058400 1376
1053696 96
1050000 142
1049760 623
1048576 2
1037232 50
1036800 2798
1032192 281
1029000 107
1024000 187
1020600 717
1016064 674
1012500 36
1008420 7
1008000 1790
1003520 149
1000188 54
1000000 34
995328 548
992250 74
987840 477
984150 40
983040 171
980000 127
979776 599
972405 5
972000 1230
967680 2327
964467 3
960400 23
960000 554
952560 989
945000 305
944784 79
940800 867
937500 4
933120 1796
926100 144
921984 39
921600 1274
918750 8
918540 212
917504 18
911250 28
907578 2
907200 2835
903168 369
900000 230
896000 366
893025 15
889056 268
885735 4
884736 251
882000 529
878080 78
875000 11
874800 699
870912 980
864360 59
864000 1985
860160 550
857500 13
857304 175
850500 308
846720 1593
843750 2
840350 2
840000 492
839808 406
833490 53
829440 1797
826875 6
826686 12
823200 261
820125 6
819200 128
816480 1519
810000 442
806736 3
806400 2298
802816 19
800000 85
793800 647
790272 215
787500 57
787320 172
786432 28
784000 220
777924 25
777600 2316
774144 589
771750 22
768320 28
768000 658
765450 107
762048 615
759375 1
756315 1
756000 1503
752640 545
750141 1
750000 32
746496 671
740880 382
737280 661
735000 118
734832 288
729000 389
725760 2797
720300 18
720000 764
716800 258
714420 274
708750 50
708588 21
705894 1
705600 1262
702464 31
700000 55
699840 1094
694575 10
691488 56
691200 2213
688905 11
688128 121
686000 57
680400 1346
677376 576
675000 100
672280 2
672000 1039
666792 97
663552 461
661500 194
658560 247
656250 5
656100 140
655360 42
653184 892
648270 15
648000 1625
645120 1458
643125 2
642978 19
640000 191
637875 11
635040 1182
630000 386
629856 186
627200 292
622080 2033
617400 197
614656 11
614400 572
612500 8
612360 521
607500 81
605052 7
604800 2720
602112 145
600250 2
600000 161
595350 115
592704 241
590625 2
590490 19
589824 110
588000 415
583443 4
583200 1313
580608 920
576240 51
576000 1461
573440 141
571536 297
567000 616
564480 1105
562500 9
560000 198
559872 537
555660 120
552960 1368
551250 20
551124 59
548800 103
546750 44
544320 2110
540225 3
540000 617
537824 2
537600 1118
535815 15
531441 1
529200 919
526848 107
525000 67
524880 430
524288 7
518616 44
518400 2580
516096 335
514500 42
512000 190
510300 304
508032 655
506250 15
504210 2
504000 1321
501760 153
500094 19
500000 14
497664 608
496125 18
493920 342
492075 6
491520 259
490000 63
489888 462
486000 687
483840 2183
480200 16
480000 471
476280 501
472500 115
472392 47
470400 693
466560 1504
463050 48
460992 32
460800 1387
459375 1
459270 79
458752 25
455625 4
453600 1926
451584 399
450000 100
448000 345
444528 166
442368 295
441000 308
439040 86
437500 6
437400 373
435456 958
432180 31
432000 1551
430080 590
428750 4
428652 85
425250 82
423360 1223
420000 314
419904 314
416745 8
414720 1894
413343 4
411600 151
409600 139
408240 980
405000 237
403368 2
403200 1985
401408 34
400000 64
396900 267
395136 170
393750 10
393660 85
393216 38
392000 166
388962 11
388800 1687
387072 670
385875 5
384160 10
384000 703
382725 21
381024 450
378000 873
376320 545
375000 13
373248 653
370440 202
368640 721
367500 40
367416 152
364500 153
362880 2241
360150 6
360000 548
358400 310
357210 66
354375 7
354294 5
352800 802
351232 23
350000 36
349920 745
345744 23
345600 2124
344064 128
343000 26
340200 719
338688 558
337500 33
336000 786
333396 49
331776 508
330750 59
329280 212
328050 41
327680 54
326592 667
324135 3
324000 1047
322560 1440
321489 3
320000 151
317520 730
315000 190
314928 118
313600 227
312500 1
311040 1782
308700 97
307328 13
307200 630
306250 4
306180 217
303750 21
302526 2
302400 2060
301056 158
300125 1
300000 91
297675 15
296352 175
295245 2
294912 141
294000 228
291600 723
290304 877
288120 27
288000 1182
286720 160
285768 175
283500 244
282240 877
281250 4
280000 142
279936 415
277830 37
276480 1356
275625 3
275562 21
274400 71
273375 3
272160 1441
270000 311
268912 4
268800 1032
264600 426
263424 77
262500 24
262440 222
262144 10
259308 13
259200 1921
258048 390
257250 14
256000 183
255150 96
254016 486
253125 1
252000 828
250880 149
250047 7
250000 6
248832 621
246960 214
245760 286
245000 20
244944 285
243000 325
241920 1944
240100 4
240000 326
238140 213
236250 35
236196 18
235200 451
233280 1105
231525 7
230496 22
230400 1321
229635 7
229376 28
226800 1101
225792 332
225000 57
224000 255
222264 78
221184 306
220500 107
219520 49
218700 138
217728 841
216090 10
216000 1088
215040 574
214326 36
212625 7
211680 827
210000 169
209952 240
207360 1646
205800 85
204800 122
204120 494
202500 73
201600 1521
200704 36
200000 44
198450 88
197568 116
196875 2
196830 18
196608 56
196000 104
194481 2
194400 1106
193536 684
192080 15
192000 611
190512 299
189000 427
188160 443
187500 3
186624 555
185220 96
184320 693
183750 9
183708 66
182250 38
181440 1642
180075 5
180000 339
179200 289
178605 11
177147 1
176400 455
175616 26
175000 11
174960 401
172872 20
172800 1698
172032 141
171500 9
170100 277
169344 420
168750 8
168070 1
168000 537
166698 15
165888 512
165375 15
164640 127
164025 5
163840 71
163296 447
162000 560
161280 1229
160000 103
158760 344
157500 82
157464 43
156800 153
155520 1376
154350 21
153664 9
153600 587
153090 59
151875 2
151200 1225
150528 138
150000 62
148176 104
147456 196
147000 119
145800 351
145152 774
144060 9
144000 843
143360 141
142884 81
141750 64
141120 643
140000 85
139968 333
138915 11
138240 1203
137781 3
137200 44
136080 766
135000 155
134456 1
134400 785
132300 191
131712 78
131250 5
131220 88
131072 14
129654 5
129600 1391
129024 364
128000 157
127575 15
127008 290
126000 448
125440 122
125000 4
124416 553
123480 103
122880 293
122500 10
122472 135
121500 115
120960 1503
120050 1
120000 213
119070 74
118125 9
118098 3
117600 304
116640 731
115248 9
115200 1172
114688 31
113400 521
112896 271
112500 18
112000 204
111132 38
110592 347
110250 42
109760 46
109350 47
108864 533
108000 653
107520 555
107163 5
105840 464
105000 84
104976 101
103680 1346
102900 35
102400 144
102060 196
101250 15
100800 1039
100352 34
100000 22
99225 14
98784 91
98415 6
98304 60
98000 70
97200 564
96768 545
96040 8
96000 444
95256 139
94500 156
94080 327
93312 395
92610 27
92160 729
91875 2
91854 20
91125 2
90720 1003
90000 152
89600 236
88200 218
87808 21
87500 8
87480 219
86436 4
86400 1243
86016 158
85750 1
85050 92
84672 328
84000 329
83349 5
82944 474
82320 72
81920 56
81648 282
81000 240
80640 1002
80000 74
79380 141
78750 19
78732 26
78400 102
77760 999
76832 3
76800 517
76545 5
75600 657
75264 120
75000 17
74088 42
73728 179
73500 40
72900 127
72576 552
72030 3
72000 518
71680 137
71442 19
70875 10
70560 410
70000 35
69984 193
69120 1064
68600 20
68040 345
67500 33
67228 1
67200 535
66150 54
65856 54
65625 1
65610 23
65536 14
64800 833
64512 296
64000 134
63504 197
63000 219
62720 78
62500 1
62208 423
61740 40
61440 269
61250 1
61236 52
60750 30
60480 985
60000 125
59535 10
59049 2
58800 173
58320 423
57624 6
57600 847
57344 27
56700 207
56448 216
56250 3
56000 115
55566 17
55296 318
55125 6
54880 30
54675 5
54432 353
54000 341
53760 441
52920 191
52500 26
52488 59
51840 985
51450 9
51200 130
51030 46
50625 4
50400 600
50176 32
50000 14
49392 42
49152 65
49000 25
48600 273
48384 479
48020 3
48000 290
47628 45
47250 47
47040 228
46656 284
46305 3
46080 654
45927 1
45360 547
45000 65
44800 175
44100 72
43904 17
43750 1
43740 79
43218 1
43200 765
43008 140
42525 8
42336 204
42000 158
41472 363
41160 42
40960 59
40824 110
40500 84
40320 673
40000 55
39690 36
39375 3
39366 9
39200 64
38880 559
38416 1
38400 410
37800 284
37632 85
37500 7
37044 15
36864 210
36750 13
36450 37
36288 380
36000 307
35840 105
35721 3
35280 199
35000 11
34992 121
34560 790
34300 7
34020 154
33750 7
33614 1
33600 328
33075 5
32928 27
32805 1
32768 7
32400 386
32256 279
32000 94
31752 96
31500 71
31360 88
31104 310
30870 9
30720 231
30618 19
30375 1
30240 570
30000 62
29400 58
29160 137
28812 1
28800 571
28672 22
28350 43
28224 142
28000 65
27783 2
27648 288
27440 8
27216 185
27000 125
26880 323
26460 83
26250 6
26244 24
25920 599
25725 1
25600 101
25515 6
25200 294
25088 23
25000 3
24696 22
24576 44
24500 7
24300 83
24192 338
24000 180
23814 12
23625 6
23520 149
23328 168
23040 448
22680 257
22500 19
22400 108
22050 21
21952 7
21870 25
21600 443
21504 109
21168 105
21000 68
20736 286
20580 9
20480 60
20412 55
20250 17
20160 416
20000 24
19845 6
19683 1
19600 23
19440 279
19208 2
19200 249
18900 94
18816 78
18522 7
18432 137
18375 3
18225 1
18144 240
18000 124
17920 101
17640 100
17500 6
17496 53
17280 524
17150 3
17010 46
16800 190
16464 15
16384 11
16200 158
16128 190
16000 56
15876 48
15750 13
15680 31
15552 205
15360 181
15120 294
15000 16
14700 28
14580 53
14400 335
14336 17
14175 4
14112 84
14000 40
13824 196
13720 4
13608 86
13500 54
13440 205
13230 17
13125 1
13122 8
12960 353
12800 61
12600 113
12544 13
12500 1
12348 4
12288 45
12250 4
12150 16
12096 199
12000 92
11907 2
11760 64
11664 94
11520 324
11340 92
11250 3
11200 56
11025 2
10976 6
10935 2
10800 198
10752 61
10584 41
10500 29
10368 205
10290 5
10240 31
10206 7
10125 1
10080 210
10000 14
9800 16
9720 98
9604 1
9600 174
9450 24
9408 48
9216 107
9072 116
9000 55
8960 70
8820 38
8750 1
8748 13
8640 326
8575 2
8505 4
8400 85
8232 4
8192 10
8100 68
8064 140
8000 36
7938 7
7875 1
7840 21
7776 98
7680 138
7560 113
7500 4
7350 8
7290 14
7200 172
7168 17
7056 36
7000 11
6912 166
6860 8
6804 28
6750 10
6720 133
6615 3
6480 152
6400 45
6300 43
6272 6
6174 3
6144 44
6075 4
6048 118
6000 36
5880 24
5832 38
5760 200
5670 20
5600 30
5488 3
5400 69
5376 66
5292 12
5250 7
5184 113
5145 1
5120 28
5103 3
5040 107
5000 6
4900 4
4860 38
4802 1
4800 94
4704 29
4608 76
4536 42
4500 18
4480 27
4410 4
4374 4
4320 138
4200 35
4116 2
4096 6
4050 7
4032 77
4000 18
3969 2
3920 7
3888 47
3840 108
3780 37
3675 1
3645 2
3600 83
3584 7
3528 16
3500 7
3456 96
3402 3
3375 1
3360 77
3240 65
3200 28
3150 13
3136 5
3087 1
3072 38
3024 45
3000 15
2940 11
2916 8
2880 117
2835 4
2800 15
2700 23
2688 38
2646 1
2625 1
2592 62
2560 22
2520 45
2500 1
2450 2
2430 10
2400 41
2352 8
2304 45
2268 15
2250 1
2240 18
2160 65
2100 10
2048 7
2025 2
2016 38
2000 7
1960 4
1944 25
1920 53
1890 10
1875 1
1800 38
1792 5
1764 3
1750 2
1728 42
1701 1
1680 36
1620 18
1600 14
1575 1
1568 5
1536 25
1512 19
1500 5
1470 4
1458 2
1440 47
1400 4
1350 9
1344 26
1296 26
1280 11
1260 20
1225 1
1215 1
1200 20
1176 1
1152 41
1134 5
1125 1
1120 7
1080 30
1050 3
1024 5
1008 20
1000 1
980 1
972 4
960 38
945 1
900 8
896 3
882 3
864 36
840 10
810 4
800 1
784 3
768 10
756 4
729 1
720 26
700 2
672 9
648 12
640 7
600 9
588 1
576 12
560 4
540 4
512 1
504 2
500 2
480 11
450 3
448 3
432 12
420 7
400 5
384 4
378 2
360 11
336 1
320 3
300 3
288 10
280 2
270 1
256 1
252 2
240 5
216 4
210 1
200 1
180 1
168 2
144 3
135 1
120 3
112 1
108 1
100 1
96 3
90 1
80 1
72 1
60 1
48 1
