3062 2
3038 1
3036 1
3035 1
3030 1
3028 1
3027 2
3026 1
3025 1
3023 1
3022 1
3020 1
3019 1
3017 3
3015 2
3013 1
3012 1
3011 1
3010 2
3009 2
3008 1
3007 2
3006 4
3005 2
3004 3
3002 4
3001 1
3000 5
2999 4
2998 3
2997 4
2996 2
2995 3
2994 2
2993 6
2992 6
2991 4
2990 3
2989 5
2988 12
2987 7
2986 12
2985 9
2984 4
2983 11
2982 9
2981 16
2980 13
2979 12
2978 14
2977 10
2976 13
2975 16
2974 14
2973 30
2972 18
2971 11
2970 28
2969 20
2968 16
2967 19
2966 22
2965 20
2964 28
2963 20
2962 14
2961 20
2960 27
2959 19
2958 34
2957 30
2956 41
2955 32
2954 35
2953 38
2952 39
2951 40
2950 54
2949 36
2948 58
2947 45
2946 48
2945 76
2944 71
2943 62
2942 67
2941 77
2940 86
2939 72
2938 90
2937 98
2936 97
2935 103
2934 93
2933 101
2932 110
2931 120
2930 129
2929 122
2928 136
2927 144
2926 147
2925 132
2924 142
2923 155
2922 159
2921 166
2920 186
2919 196
2918 187
2917 211
2916 220
2915 208
2914 221
2913 273
2912 263
2911 258
2910 290
2909 305
2908 273
2907 347
2906 347
2905 366
2904 334
2903 411
2902 372
2901 400
2900 413
2899 411
2898 457
2897 464
2896 496
2895 469
2894 481
2893 505
2892 543
2891 576
2890 590
2889 597
2888 592
2887 644
2886 662
2885 685
2884 736
2883 750
2882 698
2881 769
2880 809
2879 822
2878 831
2877 895
2876 914
2875 876
2874 1058
2873 1033
2872 1050
2871 1020
2870 1053
2869 1117
2868 1175
2867 1136
2866 1216
2865 1212
2864 1334
2863 1318
2862 1329
2861 1352
2860 1433
2859 1490
2858 1491
2857 1576
2856 1534
2855 1660
2854 1643
2853 1768
2852 1758
2851 1795
2850 1795
2849 1869
2848 1968
2847 2069
2846 2096
2845 2094
2844 2137
2843 2135
2842 2233
2841 2254
2840 2369
2839 2358
2838 2401
2837 2547
2836 2514
2835 2663
2834 2652
2833 2765
2832 2813
2831 2761
2830 2893
2829 2905
2828 2897
2827 3140
2826 3061
2825 3249
2824 3167
2823 3285
2822 3328
2821 3350
2820 3431
2819 3465
2818 3498
2817 3620
2816 3705
2815 3750
2814 3790
2813 3857
2812 3828
2811 3894
2810 4024
2809 4084
2808 4239
2807 4198
2806 4184
2805 4287
2804 4349
2803 4496
2802 4519
2801 4417
2800 4646
2799 4707
2798 4747
2797 4822
2796 4879
2795 4832
2794 4930
2793 5052
2792 5026
2791 4990
2790 5026
2789 5072
2788 5442
2787 5345
2786 5311
2785 5290
2784 5346
2783 5550
2782 5481
2781 5534
2780 5469
2779 5501
2778 5562
2777 5654
2776 5711
2775 5784
2774 5784
2773 5769
2772 5901
2771 5873
2770 5943
2769 6060
2768 5940
2767 6191
2766 5988
2765 6064
2764 6179
2763 6095
2762 6183
2761 6213
2760 6135
2759 6033
2758 6081
2757 6122
2756 6095
2755 6137
2754 6174
2753 6151
2752 6047
2751 6142
2750 6185
2749 6193
2748 6191
2747 6185
2746 6145
2745 6267
2744 6115
2743 6026
2742 5986
2741 6107
2740 5958
2739 5990
2738 6091
2737 6100
2736 6151
2735 6020
2734 6069
2733 6037
2732 5861
2731 5941
2730 5955
2729 5918
2728 5902
2727 5848
2726 5840
2725 5782
2724 5801
2723 5578
2722 5757
2721 5752
2720 5571
2719 5474
2718 5561
2717 5385
2716 5378
2715 5315
2714 5416
2713 5307
2712 5188
2711 5179
2710 5109
2709 5172
2708 4984
2707 5110
2706 5013
2705 4844
2704 4681
2703 4821
2702 4704
2701 4617
2700 4614
2699 4498
2698 4557
2697 4514
2696 4330
2695 4289
2694 4139
2693 4162
2692 4195
2691 3972
2690 4013
2689 3986
2688 3805
2687 3868
2686 3726
2685 3739
2684 3666
2683 3557
2682 3716
2681 3535
2680 3534
2679 3310
2678 3180
2677 3247
2676 3182
2675 3072
2674 3091
2673 3010
2672 2979
2671 2970
2670 2889
2669 2808
2668 2773
2667 2700
2666 2712
2665 2518
2664 2595
2663 2529
2662 2351
2661 2286
2660 2313
2659 2285
2658 2267
2657 2125
2656 2201
2655 2090
2654 1994
2653 1943
2652 1944
2651 1880
2650 1825
2649 1788
2648 1781
2647 1708
2646 1687
2645 1638
2644 1534
2643 1591
2642 1550
2641 1440
2640 1376
2639 1419
2638 1287
2637 1292
2636 1330
2635 1275
2634 1182
2633 1245
2632 1153
2631 1070
2630 1080
2629 1066
2628 1044
2627 1017
2626 922
2625 946
2624 905
2623 864
2622 841
2621 821
2620 804
2619 771
2618 741
2617 705
2616 688
2615 649
2614 605
2613 675
2612 633
2611 596
2610 587
2609 532
2608 468
2607 549
2606 491
2605 481
2604 483
2603 460
2602 449
2601 432
2600 445
2599 381
2598 404
2597 383
2596 343
2595 291
2594 323
2593 302
2592 331
2591 279
2590 277
2589 272
2588 292
2587 229
2586 240
2585 220
2584 204
2583 218
2582 217
2581 208
2580 182
2579 177
2578 195
2577 155
2576 157
2575 164
2574 169
2573 143
2572 149
2571 126
2570 134
2569 128
2568 95
2567 120
2566 79
2565 97
2564 108
2563 83
2562 82
2561 81
2560 87
2559 60
2558 92
2557 76
2556 56
2555 78
2554 71
2553 56
2552 50
2551 44
2550 38
2549 58
2548 33
2547 47
2546 35
2545 37
2544 38
2543 37
2542 38
2541 34
2540 29
2539 24
2538 29
2537 33
2536 20
2535 35
2534 30
2533 27
2532 20
2531 25
2530 18
2529 17
2528 17
2527 15
2526 15
2525 13
2524 13
2523 12
2522 8
2521 9
2520 10
2519 4
2518 5
2517 10
2516 9
2515 4
2514 5
2513 6
2512 6
2511 4
2510 8
2509 3
2508 3
2507 4
2506 7
2505 2
2504 4
2503 5
2502 3
2501 5
2500 5
2499 2
2498 3
2497 1
2496 2
2495 1
2494 2
2493 1
2492 3
2490 2
2489 1
2488 1
2486 2
2485 1
2484 2
2483 2
2482 2
2481 1
2480 2
2479 1
2474 2
2469 1
2467 1
2464 1
2448 1
2437 1
2431 1
