3039 1
3036 1
3032 1
3031 1
3030 1
3028 1
3024 1
3023 2
3020 1
3019 1
3017 1
3016 3
3015 3
3014 1
3013 1
3011 1
3010 5
3009 2
3008 1
3007 2
3006 3
3004 1
3003 4
3002 2
3000 2
2999 1
2998 2
2997 8
2996 4
2995 3
2994 4
2993 7
2992 2
2991 6
2990 7
2989 6
2988 9
2987 5
2986 13
2985 13
2984 5
2983 11
2982 9
2981 9
2980 8
2979 12
2978 16
2977 13
2976 10
2975 16
2974 7
2973 14
2972 27
2971 17
2970 18
2969 16
2968 21
2967 22
2966 12
2965 19
2964 26
2963 30
2962 26
2961 35
2960 41
2959 32
2958 30
2957 44
2956 48
2955 31
2954 34
2953 39
2952 44
2951 49
2950 51
2949 45
2948 47
2947 55
2946 54
2945 65
2944 65
2943 70
2942 67
2941 74
2940 55
2939 75
2938 85
2937 81
2936 85
2935 103
2934 93
2933 113
2932 122
2931 110
2930 146
2929 139
2928 131
2927 120
2926 139
2925 148
2924 159
2923 147
2922 183
2921 190
2920 182
2919 193
2918 178
2917 206
2916 209
2915 232
2914 241
2913 267
2912 273
2911 277
2910 291
2909 283
2908 273
2907 306
2906 327
2905 332
2904 353
2903 358
2902 369
2901 405
2900 406
2899 409
2898 428
2897 432
2896 455
2895 514
2894 495
2893 503
2892 553
2891 511
2890 567
2889 581
2888 652
2887 634
2886 677
2885 698
2884 701
2883 694
2882 741
2881 783
2880 806
2879 822
2878 836
2877 895
2876 920
2875 924
2874 993
2873 985
2872 1006
2871 1082
2870 997
2869 1180
2868 1150
2867 1190
2866 1214
2865 1207
2864 1232
2863 1304
2862 1364
2861 1448
2860 1362
2859 1450
2858 1431
2857 1604
2856 1650
2855 1642
2854 1685
2853 1738
2852 1735
2851 1791
2850 1868
2849 1843
2848 2033
2847 2001
2846 2085
2845 2123
2844 2158
2843 2177
2842 2199
2841 2298
2840 2361
2839 2335
2838 2456
2837 2472
2836 2434
2835 2589
2834 2748
2833 2715
2832 2743
2831 2813
2830 2904
2829 2990
2828 2824
2827 3066
2826 3099
2825 3190
2824 3182
2823 3221
2822 3405
2821 3279
2820 3365
2819 3572
2818 3604
2817 3582
2816 3665
2815 3756
2814 3855
2813 3699
2812 3862
2811 3987
2810 4047
2809 4136
2808 4186
2807 4244
2806 4342
2805 4360
2804 4266
2803 4496
2802 4618
2801 4567
2800 4602
2799 4705
2798 4626
2797 4785
2796 4757
2795 5014
2794 4978
2793 4975
2792 5064
2791 5085
2790 4981
2789 5108
2788 5281
2787 5222
2786 5358
2785 5370
2784 5415
2783 5393
2782 5433
2781 5595
2780 5607
2779 5539
2778 5612
2777 5668
2776 5884
2775 5752
2774 5794
2773 5815
2772 5893
2771 5855
2770 6055
2769 5900
2768 6013
2767 5924
2766 6059
2765 6037
2764 6141
2763 6106
2762 6228
2761 6125
2760 6224
2759 6085
2758 6205
2757 6155
2756 6205
2755 6260
2754 6042
2753 6137
2752 6185
2751 6213
2750 6204
2749 6161
2748 6339
2747 6131
2746 6192
2745 6252
2744 6167
2743 6220
2742 6079
2741 6148
2740 6147
2739 6211
2738 6157
2737 6091
2736 6018
2735 6104
2734 5986
2733 6043
2732 5964
2731 5920
2730 5887
2729 5898
2728 5795
2727 5744
2726 5730
2725 5590
2724 5654
2723 5763
2722 5590
2721 5645
2720 5683
2719 5588
2718 5449
2717 5397
2716 5376
2715 5348
2714 5277
2713 5233
2712 5085
2711 5160
2710 5203
2709 4966
2708 4924
2707 5005
2706 4857
2705 4629
2704 4886
2703 4649
2702 4639
2701 4714
2700 4682
2699 4413
2698 4456
2697 4458
2696 4308
2695 4294
2694 4288
2693 4127
2692 4126
2691 4012
2690 4056
2689 3952
2688 3947
2687 3888
2686 3870
2685 3790
2684 3658
2683 3637
2682 3456
2681 3479
2680 3428
2679 3421
2678 3278
2677 3181
2676 3206
2675 3071
2674 3160
2673 2934
2672 2968
2671 2918
2670 2994
2669 2753
2668 2758
2667 2652
2666 2659
2665 2658
2664 2539
2663 2430
2662 2464
2661 2362
2660 2231
2659 2249
2658 2246
2657 2193
2656 2140
2655 1987
2654 1967
2653 1975
2652 2049
2651 1916
2650 1850
2649 1862
2648 1686
2647 1726
2646 1637
2645 1608
2644 1617
2643 1560
2642 1505
2641 1504
2640 1449
2639 1374
2638 1326
2637 1307
2636 1293
2635 1244
2634 1259
2633 1149
2632 1185
2631 1155
2630 1078
2629 1074
2628 999
2627 945
2626 894
2625 853
2624 949
2623 843
2622 846
2621 831
2620 775
2619 767
2618 757
2617 726
2616 683
2615 729
2614 636
2613 689
2612 670
2611 577
2610 550
2609 561
2608 525
2607 550
2606 496
2605 502
2604 431
2603 427
2602 423
2601 421
2600 438
2599 386
2598 367
2597 351
2596 338
2595 367
2594 316
2593 332
2592 297
2591 301
2590 282
2589 275
2588 249
2587 251
2586 240
2585 242
2584 260
2583 204
2582 214
2581 188
2580 189
2579 181
2578 167
2577 168
2576 181
2575 140
2574 132
2573 130
2572 143
2571 117
2570 116
2569 110
2568 112
2567 112
2566 105
2565 112
2564 85
2563 81
2562 88
2561 99
2560 80
2559 71
2558 73
2557 76
2556 59
2555 63
2554 63
2553 66
2552 53
2551 47
2550 44
2549 46
2548 48
2547 44
2546 34
2545 40
2544 37
2543 41
2542 22
2541 35
2540 35
2539 16
2538 29
2537 34
2536 26
2535 26
2534 21
2533 25
2532 19
2531 26
2530 21
2529 7
2528 10
2527 16
2526 12
2525 12
2524 12
2523 14
2522 9
2521 8
2520 7
2519 13
2518 7
2517 11
2516 14
2515 7
2514 7
2513 7
2512 4
2511 7
2510 3
2509 7
2508 2
2507 5
2506 8
2505 4
2504 7
2503 2
2502 5
2501 3
2500 5
2499 2
2498 6
2497 2
2496 2
2495 2
2494 3
2492 1
2491 1
2489 1
2488 1
2485 1
2484 4
2482 1
2479 2
2477 1
2473 2
2471 1
2465 1
2460 2
