5184000000 1
4608000000 1
3969000000 1
3674160000 1
3317760000 1
3265920000 2
3225600000 2
3175200000 2
3110400000 1
3024000000 1
2939328000 2
2903040000 2
2799360000 1
2721600000 1
2687385600 3
2612736000 3
2592000000 2
2580480000 1
2571912000 1
2540160000 2
2520000000 1
2519424000 1
2488320000 2
2480058000 1
2419200000 1
2388787200 1
2381400000 1
2380855680 1
2359296000 1
2351462400 1
2332800000 3
2322432000 1
2314720800 1
2286144000 2
2268000000 3
2257920000 1
2250423000 1
2239488000 1
2232052200 1
2222640000 3
2204496000 2
2177280000 7
2160000000 1
2143260000 1
2116800000 3
2116316160 1
2100000000 1
2099520000 2
2090188800 3
2073600000 3
2064384000 2
2057529600 1
2041200000 5
2032128000 4
2015539200 1
2000376000 3
1984500000 1
1984046400 1
1975680000 1
1968300000 1
1960000000 1
1959552000 7
1944000000 2
1935360000 2
1928934000 2
1920000000 1
1905120000 4
1890000000 1
1887436800 1
1866240000 1
1828915200 4
1814400000 10
1806336000 2
1791590400 1
1778112000 2
1771470000 1
1769472000 2
1764000000 1
1763596800 4
1756160000 1
1749600000 4
1741824000 4
1728720000 2
1728000000 1
1720320000 2
1714608000 5
1701000000 2
1700611200 2
1693440000 3
1679616000 1
1658880000 1
1653372000 4
1646023680 1
1640250000 1
1632960000 6
1625702400 1
1620000000 1
1612800000 4
1607445000 1
1600300800 5
1587600000 4
1587237120 2
1580544000 1
1575296100 1
1574640000 6
1567641600 6
1562436540 1
1555848000 1
1555200000 7
1548288000 1
1543500000 1
1543147200 2
1536000000 1
1530900000 2
1530550080 1
1524096000 4
1512000000 4
1511654400 2
1505280000 2
1500282000 2
1492992000 6
1488034800 2
1481421312 1
1474560000 4
1469664000 16
1463132160 3
1458000000 5
1451520000 11
1445068800 1
1440000000 1
1433600000 2
1428840000 15
1417500000 1
1417176000 3
1415577600 1
1411200000 5
1410877440 4
1400263200 3
1400000000 1
1399680000 10
1393459200 7
1389150000 2
1382400000 2
1377810000 4
1376256000 1
1372000000 1
1371686400 9
1360800000 8
1354752000 5
1350253800 3
1344560000 1
1344000000 4
1343692800 2
1333584000 7
1327104000 3
1323000000 4
1322697600 12
1317120000 2
1312200000 2
1306368000 21
1300561920 1
1296540000 1
1296000000 3
1290240000 6
1285956000 8
1280240640 2
1275989841 1
1275750000 3
1275458400 3
1270080000 11
1269789696 1
1264435200 3
1260000000 3
1259712000 7
1254400000 4
1254113280 2
1250235000 3
1249949232 1
1244678400 4
1244160000 14
1240029000 1
1238630400 1
1234800000 1
1234517760 3
1228800000 2
1225230300 1
1224720000 13
1219276800 7
1209600000 16
1209323520 3
1205308188 1
1200225600 7
1194393600 5
1190700000 7
1190427840 1
1185408000 5
1180980000 6
1179648000 4
1176000000 3
1175731200 12
1166400000 12
1161216000 12
1157360400 3
1152000000 2
1148175000 2
1146880000 2
1143072000 22
1134000000 5
1128960000 6
1125211500 2
1120000000 2
1119744000 8
1111320000 5
1111065984 1
1105920000 4
1102500000 1
1102248000 15
1097600000 1
1097349120 5
1093500000 2
1089093600 1
1088640000 24
1083801600 3
1080203040 2
1080000000 2
1075200000 5
1071630000 7
1066867200 6
1062882000 3
1061683200 4
1058400000 14
1058158080 4
1050197400 2
1049760000 14
1045094400 6
1041624360 1
1037232000 3
1036800000 20
1033357500 3
1032192000 5
1028764800 18
1024192512 1
1024000000 1
1020600000 14
1020366720 2
1016064000 20
1011548160 1
1008000000 13
1007769600 8
1003520000 2
1003290624 1
1000188000 5
995742720 1
995328000 12
992250000 2
992023200 5
990904320 1
987840000 10
987614208 2
984150000 2
983449600 1
983040000 1
980000000 1
979776000 37
975421440 1
972405000 2
972000000 7
968083200 1
967680000 25
964467000 5
963379200 1
960180480 5
960000000 2
956593800 1
955514880 2
952560000 26
948326400 4
945177660 1
945000000 3
944784000 13
943718400 1
940800000 12
940584960 9
933508800 8
933120000 32
928972800 7
926100000 5
925888320 12
921984000 1
921600000 2
918540000 15
917504000 2
914457600 19
907200000 30
906992640 1
903168000 5
900169200 2
900000000 2
896168448 1
896000000 2
895795200 11
893025000 3
892820880 1
889056000 15
885735000 1
885104640 1
884736000 4
882000000 4
881798400 25
875164500 1
874800000 17
870912000 39
868020300 5
867041280 1
864360000 3
864000000 4
860934420 1
860160000 9
857500000 1
857304000 32
853493760 9
850500000 5
850305600 6
847072800 1
846720000 30
846526464 1
840157920 2
840000000 4
839808000 18
836075520 3
833490000 8
829785600 3
829440000 19
826686000 11
825753600 2
823200000 5
823011840 14
820125000 1
819200000 1
816820200 1
816480000 40
812851200 19
810152280 2
810000000 1
806400000 17
806215680 8
803722500 3
802816000 2
800150400 16
796262400 4
793800000 20
793618560 7
790272000 10
787648050 1
787320000 10
786432000 1
784000000 2
783820800 42
777924000 4
777600000 30
774144000 21
771750000 2
771573600 12
768320000 2
768144384 2
768000000 5
765450000 11
762365520 1
762048000 42
758661120 4
756315000 1
756142128 1
756000000 12
755827200 17
752640000 10
752467968 2
750141000 7
746807040 4
746496000 26
744017400 2
743178240 5
740880000 12
740710656 1
737587200 1
737280000 12
735138180 1
734832000 35
731566080 16
729000000 3
726062400 1
725760000 53
725594112 1
722534400 7
720300000 1
720135360 7
720000000 6
716800000 4
716636160 5
714420000 21
714256704 1
711244800 24
708883245 1
708750000 1
708588000 9
707788800 6
705600000 18
705438720 14
702464000 4
700131600 8
699840000 39
696729600 25
694575000 3
694416240 8
693633024 1
691488000 7
691200000 18
688905000 5
688128000 3
686000000 4
685843200 32
680683500 2
680400000 42
680244480 6
677376000 33
675126900 1
672280000 1
672126336 2
672000000 15
671846400 20
669615660 2
668860416 1
666792000 22
663828480 1
663552000 21
661500000 4
661348800 30
660602880 2
658560000 5
658409472 1
656100000 13
655360000 1
653184000 70
650280960 14
648270000 4
648000000 18
645388800 1
645120000 34
644972544 2
642978000 23
642252800 1
640120320 10
640000000 4
637875000 2
637729200 3
637009920 3
635040000 55
634894848 9
632217600 17
630118440 3
630000000 2
629856000 27
629145600 1
627200000 2
627056640 21
625117500 1
622339200 8
622080000 48
620014500 6
619315200 12
617400000 9
617258880 20
614400000 7
612615150 1
612360000 46
609638400 70
607614210 1
607500000 2
605052000 4
604800000 39
604661760 9
602112000 8
600112800 19
600000000 2
597445632 2
597196800 24
595350000 8
595213920 5
594542592 2
592704000 26
590490000 6
589824000 11
588000000 3
587865600 87
585252864 3
583443000 4
583200000 37
580849920 2
580608000 67
578680200 10
578027520 1
576240000 2
576108288 4
576000000 18
574087500 1
573956280 1
573440000 7
571536000 69
568995840 9
567000000 12
566870400 11
564715200 2
564480000 46
564350976 5
562605750 1
561971200 2
560105280 7
560000000 5
559872000 51
558013050 3
557383680 12
555660000 13
555532992 4
553190400 6
552960000 32
551250000 1
551124000 51
550502400 3
548800000 3
548674560 30
544546800 2
544320000 113
544195584 4
541900800 33
540101520 11
540000000 8
537824000 2
537600000 24
537477120 14
535815000 14
535692528 1
533433600 39
531441000 3
530841600 7
529200000 40
529079040 25
526848000 6
525098700 3
525000000 1
524880000 41
522764928 1
522547200 84
520812180 1
520224768 1
518832090 1
518616000 13
518400000 42
516678750 2
516096000 23
514596726 1
514500000 1
514382400 48
512096256 8
512000000 2
510300000 27
510183360 3
508032000 99
506250000 1
505774080 3
504210000 1
504094752 3
504000000 26
503884800 37
501760000 9
501645312 4
500094000 24
500000000 1
497871360 7
497664000 49
496125000 1
496011600 14
495452160 5
493920000 32
493807104 9
492075000 5
491520000 4
490092120 2
490000000 1
489888000 108
487710720 21
486202500 2
486091368 1
486000000 26
484041600 4
483840000 88
483729408 4
482233500 7
481689600 5
480200000 3
480090240 25
480000000 3
477757440 11
476280000 64
476171136 4
474163200 33
472588830 1
472500000 4
472392000 22
471859200 3
470400000 16
470292480 41
466754400 19
466560000 89
464486400 62
463050000 5
462944160 27
462422016 1
460992000 9
460800000 30
459270000 34
458752000 2
457228800 90
455625000 1
455196672 1
453789000 3
453600000 82
453496320 20
451584000 53
450084600 22
450000000 2
449576960 1
448084224 5
448000000 4
447897600 63
446512500 3
446410440 1
445906944 3
444528000 71
442867500 2
442552320 3
442368000 25
441000000 17
440899200 76
439040000 14
438939648 8
437582250 1
437400000 28
435637440 2
435456000 144
434010150 1
433520640 9
432180000 12
432081216 8
432000000 18
430467210 1
430080000 24
429981696 2
428830605 1
428652000 85
426746880 33
425329947 1
425250000 9
425152800 14
424673280 1
423536400 4
423360000 102
423263232 11
421478400 10
420078960 8
420000000 3
419904000 76
419430400 1
418037760 37
416745000 10
416649744 4
414892800 26
414720000 88
413343000 18
412876800 20
411600000 9
411505920 44
409600000 4
408410100 2
408240000 134
408146688 2
406425600 81
405076140 1
405000000 6
404619264 2
403368000 3
403200000 68
403107840 21
401861250 1
401408000 12
400075200 56
400000000 1
398297088 2
398131200 36
396900000 41
396809280 34
396361728 1
395136000 58
393660000 19
393216000 3
392073696 1
392000000 14
391910400 141
390168576 5
388962000 21
388800000 81
387233280 2
387072000 107
385875000 1
385786800 36
385351680 1
384160000 4
384072192 10
384000000 8
382725000 8
382205952 2
381182760 1
381024000 173
379330560 15
378157500 1
378000000 34
377913600 32
377487360 3
376320000 44
376233984 5
375070500 11
373403520 12
373248000 123
372008700 6
371589120 20
370440000 46
370355328 11
368793600 13
368640000 31
367569090 2
367500000 2
367416000 106
365783040 62
364500000 11
363031200 9
362880000 204
362797056 8
361267200 28
360067680 22
360000000 6
358400000 24
358318080 24
357210000 35
357128352 2
355622400 84
354294000 15
354041856 1
353894400 16
352800000 55
352719360 55
351232000 11
350065800 28
350000000 1
349920000 90
348509952 1
348364800 120
347287500 1
347208120 10
346816512 3
345744000 14
345600000 55
344452500 7
344064000 19
343064484 1
343000000 2
342921600 140
341397504 13
340200000 81
340122240 13
339738624 1
338829120 1
338688000 133
337563450 6
337182720 4
336140000 1
336063168 2
336000000 25
335923200 82
334807830 1
334430208 9
333396000 70
331914240 11
331776000 81
330750000 4
330674400 64
330301440 5
329280000 37
329204736 15
328050000 16
327680000 7
326728080 9
326592000 273
325140480 51
324135000 3
324060912 5
324000000 46
322694400 3
322560000 102
322486272 2
321489000 37
321126400 4
320060160 53
320000000 4
318937500 2
318864600 6
318504960 16
317520000 132
317447424 12
316108800 31
315059220 4
315000000 8
314928000 83
314572800 3
313600000 18
313528320 84
312558750 2
312487308 1
311169600 30
311040000 173
310007250 1
309786624 2
309657600 63
308700000 14
308629440 66
307328000 9
307200000 19
306307575 1
306180000 60
306110016 3
304819200 179
303807105 1
303750000 1
303464448 5
302526000 2
302400000 132
302330880 32
301056000 37
300056400 47
300000000 4
298722816 9
298598400 97
297675000 17
297606960 13
297271296 1
296352000 106
295245000 3
295034880 4
294912000 26
294055272 1
294000000 15
293932800 187
292626432 19
291721500 6
291600000 102
290424960 14
290304000 252
289340100 15
289013760 12
288120000 10
288054144 13
288000000 32
287043750 1
286720000 14
286654464 4
285768000 179
284497920 40
283500000 37
283435200 26
283115520 6
282240000 129
282175488 21
281302875 2
280985600 7
280052640 24
280000000 8
279936000 163
278691840 54
277830000 37
277766496 10
276595200 28
276480000 99
275625000 1
275562000 59
275251200 15
274400000 10
274337280 111
273375000 3
272273400 6
272160000 263
272097792 8
270950400 91
270112500 1
270050760 12
270000000 10
268912000 4
268800000 59
268738560 43
267907500 16
267846264 1
266716800 106
265720500 1
265531392 2
265420800 48
264600000 65
264539520 61
263424000 40
262549350 4
262500000 2
262440000 65
262144000 3
261382464 6
261273600 265
260406090 3
260112384 9
259308000 22
259200000 126
258155520 1
258048000 87
257250000 3
257191200 107
256901120 1
256048128 18
256000000 9
255150000 44
255091680 9
254803968 3
254121840 1
254016000 307
253125000 1
252887040 22
252047376 8
252000000 55
251942400 109
251658240 1
250880000 20
250822656 21
250047000 37
250000000 1
248935680 33
248832000 187
248062500 3
248005800 23
247726080 22
246960000 76
246903552 22
246037500 4
245862400 2
245760000 22
245046060 3
245000000 6
244944000 289
243855360 118
243101250 3
243000000 25
242020800 9
241920000 260
241864704 12
241116750 3
240844800 33
240100000 5
240045120 61
240000000 12
238878720 35
238239225 1
238140000 114
238085568 9
237081600 110
236294415 1
236250000 6
236196000 44
235929600 22
235200000 54
235146240 139
233377200 21
233280000 205
232339968 6
232243200 203
231525000 8
231472080 41
231211008 1
230496000 23
230400000 72
229635000 36
229376000 10
228614400 289
227598336 13
226894500 7
226800000 160
226748160 35
226492416 1
225792000 162
225042300 23
224042112 6
224000000 13
223948800 163
223205220 9
222953472 11
222264000 121
221276160 11
221184000 86
220500000 29
220449600 143
220200960 2
219520000 28
219469824 40
218700000 57
217818720 10
217728000 425
216760320 57
216090000 15
216040608 11
216000000 65
215129600 6
215040000 85
214990848 12
214326000 93
213373440 85
212625000 6
212576400 13
212336640 9
211680000 235
211631616 26
210739200 31
210039480 13
210000000 12
209952000 185
209018880 152
208372500 14
208324872 11
207446400 59
207360000 209
206671500 12
206438400 61
205800000 31
205752960 142
204800000 12
204205050 1
204120000 243
204073344 3
203297472 2
203212800 266
202538070 9
202500000 6
202309632 3
201684000 3
201600000 151
201553920 68
200704000 26
200037600 124
200000000 3
199148544 6
199065600 123
198450000 52
198404640 50
198180864 3
197568000 112
196875000 1
196830000 26
196689920 2
196608000 20
196036848 5
196000000 17
195955200 370
195084288 32
194481000 25
194400000 156
193616640 9
193536000 263
192937500 3
192893400 53
192675840 8
192080000 9
192036096 30
192000000 21
191362500 8
191318760 4
191102976 7
190512000 344
189665280 55
189078750 2
189035532 3
189000000 46
188956800 86
188743680 4
188238400 2
188160000 105
188116992 38
187535250 9
186701760 47
186624000 312
186004350 5
185794560 85
185220000 72
185177664 20
184396800 21
184320000 71
183750000 1
183708000 199
183500800 8
182891520 201
182250000 20
181515600 9
181440000 413
181398528 8
180708864 1
180633600 96
180075000 3
180033840 54
180000000 17
179200000 32
179159040 83
178605000 50
178564176 8
177811200 189
177187500 1
177147000 15
177020928 5
176947200 54
176400000 104
176359680 166
175616000 25
175032900 12
175000000 2
174960000 202
174254976 4
174182400 411
173604060 10
173408256 7
172872000 50
172800000 166
172103680 2
172032000 83
171532242 2
171500000 3
171460800 259
170698752 35
170100000 110
170061120 31
169869312 1
169414560 1
169344000 331
168781725 3
168750000 2
168591360 8
168070000 4
168031584 13
168000000 59
167961600 240
167403915 1
167215104 32
166698000 103
165957120 38
165888000 205
165375000 10
165337200 107
165150720 19
164640000 66
164602368 50
164025000 10
163840000 14
163364040 9
163296000 570
162570240 133
162067500 7
162030456 8
162000000 74
161347200 7
161280000 260
161243136 28
160744500 28
160563200 12
160030080 138
160000000 5
159468750 1
159432300 3
159252480 52
158760000 278
158723712 28
158120256 1
158054400 141
157529610 2
157500000 15
157464000 129
157286400 5
156800000 41
156764160 260
155584800 62
155520000 338
154893312 5
154828800 205
154350000 28
154314720 99
154140672 2
153664000 18
153600000 44
153090000 124
153055008 1
152409600 474
151875000 2
151732224 12
151263000 7
151200000 226
151165440 87
150994944 1
150528000 104
150028200 62
150000000 5
149361408 14
149299200 276
148837500 12
148803480 22
148635648 10
148176000 201
147622500 7
147517440 9
147456000 72
147000000 24
146966400 382
146800640 1
146313216 51
145860750 3
145800000 117
145212480 16
145152000 602
144670050 6
144506880 54
144060000 20
144027072 35
144000000 62
143489070 1
143360000 48
143327232 20
142943535 2
142884000 283
142248960 136
141750000 29
141717600 74
141557760 18
141178800 3
141120000 275
141087744 65
140492800 23
140026320 26
140000000 9
139968000 364
139345920 171
138915000 36
138883248 22
138297600 67
138240000 244
137812500 2
137781000 78
137625600 42
137200000 14
137168640 262
136687500 1
136136700 9
136080000 447
136048896 15
135475200 327
135056250 2
135025380 29
135000000 17
134873088 4
134456000 7
134400000 116
134369280 144
133953750 8
133923132 1
133358400 223
132860250 2
132765696 17
132710400 155
132300000 105
132269760 132
132120576 2
131712000 104
131274675 1
131250000 2
131220000 104
131072000 2
130691232 4
130636800 719
130056192 30
129654000 43
129600000 212
129077760 11
129024000 249
128625000 5
128595600 148
128450560 7
128024064 44
128000000 15
127575000 34
127545840 14
127401984 8
127060920 1
127008000 592
126443520 58
126052500 3
126023688 5
126000000 86
125971200 256
125829120 2
125440000 49
125411328 64
125023500 31
124467840 84
124416000 404
124002900 22
123863040 89
123480000 109
123451776 58
122931200 15
122880000 56
122523030 7
122500000 4
122472000 419
121927680 292
121522842 3
121500000 43
121010400 15
120960000 519
120932352 19
120558375 2
120422400 79
120050000 3
120022560 130
120000000 14
119439360 112
119070000 176
119042784 13
118540800 254
118125000 2
118098000 57
118013952 3
117964800 33
117649000 1
117600000 107
117573120 299
116688600 30
116640000 372
116169984 4
116121600 485
115762500 12
115736040 44
115605504 12
115248000 46
115200000 155
114817500 25
114688000 31
114354828 1
114307200 545
113799168 46
113447250 3
113400000 239
113374080 75
113246208 2
112943040 6
112896000 364
112521150 14
112500000 1
112394240 7
112021056 25
112000000 28
111974400 372
111602610 2
111476736 34
111132000 212
110638080 42
110592000 233
110270727 1
110250000 21
110224800 233
110100480 6
109760000 34
109734912 108
109350000 43
108909360 15
108864000 883
108380160 147
108045000 14
108020304 24
108000000 100
107564800 6
107520000 165
107495424 30
107163000 140
106686720 207
106312500 4
106288200 17
106168320 45
105884100 1
105840000 378
105815808 62
105369600 79
105019740 15
105000000 14
104976000 332
104857600 3
104509440 391
104186250 5
104162436 6
103723200 98
103680000 485
103335750 7
103219200 156
102900000 24
102876480 249
102760448 1
102400000 15
102060000 310
102036672 9
101606400 625
101269035 1
101250000 8
101154816 12
100842000 6
100800000 248
100776960 172
100442349 1
100352000 52
100018800 162
100000000 7
99574272 23
99532800 328
99225000 40
99202320 57
99090432 17
98784000 217
98415000 28
98344960 4
98304000 38
98018424 5
98000000 19
97977600 724
97542144 53
97240500 22
97200000 248
96808320 12
96768000 658
96468750 1
96446700 36
96337920 23
96040000 12
96018048 52
96000000 48
95681250 3
95659380 5
95551488 17
95295690 2
95256000 569
94832640 127
94517766 3
94500000 76
94478400 162
94371840 9
94119200 1
94080000 201
94058496 98
93767625 2
93350880 76
93312000 577
92897280 203
92610000 98
92588832 43
92198400 46
92160000 210
91875000 4
91854000 229
91750400 18
91445760 461
91125000 12
90757800 15
90720000 739
90699264 32
90354432 2
90316800 305
90037500 2
90016920 61
90000000 22
89600000 72
89579520 205
89302500 37
89282088 9
88905600 407
88573500 8
88510464 5
88473600 118
88200000 159
88179840 295
87808000 50
87516450 14
87500000 1
87480000 279
87127488 7
87091200 928
86821875 1
86802030 12
86704128 22
86436000 59
86400000 270
86113125 1
86093442 1
86051840 1
86016000 173
85750000 1
85730400 390
85349376 65
85050000 125
85030560 45
84934656 2
84707280 4
84672000 705
84375000 1
84295680 36
84035000 4
84015792 15
84000000 72
83980800 436
83886080 2
83607552 80
83349000 108
82978560 85
82944000 479
82687500 3
82668600 87
82575360 54
82320000 86
82301184 85
82012500 5
81920000 21
81682020 9
81648000 895
81285120 387
81033750 4
81015228 13
81000000 71
80673600 16
80640000 507
80621568 41
80372250 20
80281600 34
80015040 247
80000000 20
79734375 1
79716150 3
79626240 129
79380000 341
79361856 45
79060128 1
79027200 248
78764805 2
78750000 7
78732000 193
78675968 1
78643200 20
78400000 67
78382080 563
77792400 84
77760000 589
77446656 6
77414400 500
77175000 32
77157360 134
77070336 5
76832000 26
76800000 109
76545000 100
76527504 3
76236552 2
76204800 854
75866112 37
75631500 6
75600000 352
75582720 141
75497472 1
75295360 1
75264000 210
75014100 55
75000000 2
74680704 28
74649600 553
74418750 2
74401740 15
74317824 41
74088000 275
73811250 1
73758720 35
73728000 177
73500000 22
73483200 564
73400320 2
73156608 143
72930375 3
72900000 132
72606240 23
72576000 1162
72335025 2
72253440 111
72030000 13
72013536 52
72000000 107
71680000 97
71663616 42
71442000 335
71124480 307
70875000 29
70858800 70
70778880 41
70589400 1
70560000 413
70543872 106
70246400 30
70013160 47
70000000 8
69984000 634
69672960 436
69457500 32
69441624 20
69148800 120
69120000 489
68890500 63
68841472 1
68812800 89
68600000 25
68584320 482
68343750 1
68068350 4
68040000 618
68024448 24
67765824 5
67737600 705
67512690 15
67500000 22
67436544 3
67228000 7
67200000 203
67184640 294
66961566 1
66679200 338
66430125 1
66382848 32
66355200 340
66150000 94
66134880 166
66060288 9
65856000 135
65625000 2
65610000 105
65536000 21
65345616 14
65318400 1183
65028096 85
64827000 45
64800000 373
64538880 14
64512000 574
64312500 1
64297800 165
64225280 7
64012032 105
64000000 36
63787500 22
63772920 15
63700992 22
63530460 4
63504000 906
63221760 138
63011844 10
63000000 109
62985600 350
62720000 102
62705664 133
62511750 19
62233920 105
62208000 807
62015625 1
62001450 14
61931520 194
61740000 115
61725888 83
61509375 1
61465600 21
61440000 125
61250000 4
61236000 577
60963840 581
60761421 3
60750000 48
60505200 28
60480000 843
60466176 55
60236288 1
60211200 156
60025000 2
60011280 156
60000000 28
59719680 285
59535000 138
59521392 27
59295096 1
59270400 399
59062500 1
59049000 48
59006976 8
58982400 97
58800000 151
58786560 580
58344300 45
58320000 499
58084992 11
58060800 1053
57881250 3
57868020 48
57802752 14
57624000 54
57600000 286
57408750 8
57395628 2
57344000 62
57177414 1
57153600 793
56899584 80
56700000 225
56687040 85
56623104 5
56471520 4
56448000 677
56260575 4
56197120 5
56010528 36
56000000 42
55987200 735
55738368 97
55566000 235
55319040 75
55296000 498
55125000 16
55112400 306
55050240 27
54880000 64
54867456 171
54675000 36
54454680 26
54432000 1437
54190080 332
54022500 12
54010152 29
54000000 120
53782400 10
53760000 319
53747712 99
53593750 1
53581500 96
53343360 382
53156250 1
53144100 16
53084160 131
52942050 1
52920000 481
52907904 99
52684800 158
52509870 15
52500000 12
52488000 394
52428800 6
52254720 763
52093125 1
52081218 3
51861600 113
51840000 760
51631104 3
51609600 369
51450000 20
51438240 321
51200000 37
51030000 324
51018336 16
50824368 2
50803200 1162
50625000 7
50577408 40
50421000 12
50400000 385
50388480 311
50331648 2
50176000 116
50009400 190
50000000 3
49787136 46
49766400 712
49612500 38
49601160 67
49545216 43
49392000 320
49207500 20
49172480 10
49152000 81
49009212 5
49000000 22
48988800 1112
48771072 135
48620250 10
48600000 251
48404160 28
48384000 1199
48223350 20
48168960 63
48020000 20
48009024 96
48000000 87
47840625 1
47829690 3
47775744 59
47628000 727
47416320 288
47258883 1
47250000 60
47239200 186
47185920 28
47059600 2
47040000 315
47029248 196
46675440 111
46656000 958
46448640 499
46305000 90
46294416 57
46099200 97
46080000 392
45937500 1
45927000 201
45875200 27
45722880 742
45562500 7
45378900 18
45360000 974
45349632 62
45177216 2
45158400 544
45008460 55
45000000 36
44957696 2
44800000 110
44789760 396
44651250 8
44641044 7
44452800 547
44286750 4
44255232 27
44236800 272
44100000 152
44089920 403
44040192 3
43904000 96
43758225 1
43750000 1
43740000 307
43563744 19
43545600 1532
43401015 2
43352064 58
43218000 67
43200000 398
43025920 5
43008000 313
42875000 5
42865200 473
42674688 136
42525000 86
42515280 44
42467328 12
42353640 3
42336000 1070
42147840 76
42017500 2
42007896 17
42000000 96
41990400 711
41943040 2
41803776 201
41674500 85
41489280 133
41472000 977
41343750 2
41334300 54
41287680 110
41160000 120
41150592 202
40960000 47
40841010 8
40824000 1162
40642560 765
40516875 1
40507614 7
40500000 74
40336800 20
40320000 885
40310784 82
40186125 4
40140800 62
40007520 296
40000000 17
39813120 272
39690000 317
39680928 48
39513600 386
39375000 8
39366000 141
39337984 6
39321600 49
39200000 77
39191040 929
38896200 86
38880000 816
38723328 10
38707200 919
38587500 14
38578680 130
38535168 8
38416000 41
38400000 188
38281250 1
38272500 51
38263752 2
38118276 1
38102400 1263
37933056 62
37815750 2
37800000 397
37791360 248
37748736 1
37632000 408
37507050 28
37500000 1
37340352 55
37324800 1028
37209375 2
37200870 8
37158912 95
37044000 351
36905625 2
36879360 50
36864000 370
36756909 1
36750000 24
36741600 626
36700160 7
36578304 247
36450000 111
36303120 34
36288000 1839
36126720 276
36015000 17
36006768 46
36000000 136
35840000 135
35831808 78
35721000 301
35562240 494
35437500 9
35429400 61
35389440 120
35294700 3
35280000 587
35271936 168
35123200 68
35006580 44
35000000 10
34992000 801
34836480 900
34728750 15
34720812 14
34574400 153
34560000 839
34445250 38
34420736 1
34406400 197
34300000 31
34292160 624
34034175 1
34020000 655
34012224 32
33882912 3
33868800 1180
33756345 3
33750000 18
33718272 15
33614000 9
33600000 308
33592320 495
33480783 2
33339600 357
33191424 58
33177600 720
33075000 77
33067440 190
33030144 17
32941720 2
32928000 250
32812500 2
32805000 90
32768000 25
32672808 11
32659200 1836
32514048 163
32413500 36
32400000 393
32269440 10
32256000 1036
32156250 2
32148900 117
32112640 15
32006016 148
32000000 37
31893750 11
31886460 6
31850496 50
31752000 1106
31610880 237
31505922 11
31500000 95
31492800 434
31457280 13
31360000 142
31352832 277
31255875 1
31116960 131
31104000 1396
31000725 4
30965760 410
30870000 128
30862944 113
30732800 33
30720000 212
30625000 1
30618000 557
30481920 1016
30375000 22
30252600 18
30240000 1218
30233088 97
30118144 1
30105600 294
30012500 1
30005640 139
30000000 29
29859840 543
29767500 72
29760696 16
29647548 2
29635200 638
29524500 30
29503488 9
29491200 198
29400000 166
29393280 853
29360128 3
29172150 22
29160000 551
29042496 23
29030400 1826
28934010 16
28901376 50
28812000 66
28800000 371
28704375 2
28697814 1
28672000 105
28576800 907
28449792 137
28350000 224
28343520 112
28311552 11
28235760 1
28224000 964
28125000 2
28098560 22
28005264 39
28000000 57
27993600 1182
27869184 230
27783000 197
27659520 113
27648000 805
27562500 8
27556200 252
27525120 62
27440000 76
27433728 309
27337500 31
27227340 15
27216000 1847
27095040 647
27011250 2
27005076 20
27000000 128
26891200 11
26880000 542
26873856 158
26790750 50
26671680 504
26572050 7
26542080 301
26460000 508
26453952 131
26342400 297
26254935 3
26250000 8
26244000 456
26214400 17
26127360 1278
25930800 142
25920000 1097
25815552 9
25804800 728
25725000 25
25719120 345
25690112 4
25600000 64
25515000 225
25509168 9
25412184 4
25401600 1636
25312500 1
25288704 49
25210500 5
25200000 451
25194240 451
25165824 3
25088000 167
25004700 126
25000000 4
24893568 67
24883200 1226
24806250 9
24800580 52
24772608 74
24706290 1
24696000 398
24603750 6
24586240 20
24576000 175
24504606 1
24500000 25
24494400 1338
24385536 320
24310125 4
24300000 274
24202080 29
24192000 1862
24111675 9
24084480 138
24010000 6
24004512 122
24000000 99
23914845 1
23887872 133
23814000 651
23708160 514
23625000 28
23619600 179
23592960 69
23529800 3
23520000 388
23514624 333
23337720 100
23328000 1351
23224320 922
23152500 56
23147208 40
23049600 113
23040000 620
22968750 1
22963500 122
22937600 71
22861440 1038
22781250 2
22689450 6
22680000 1098
22674816 53
22579200 883
22504230 36
22500000 34
22478848 4
22400000 136
22394880 724
22325625 1
22320522 5
22226400 592
22143375 1
22127616 43
22118400 595
22050000 143
22044960 477
22020096 11
21952000 121
21870000 238
21781872 23
21772800 2336
21676032 142
21609000 61
21600000 498
21512960 11
21504000 534
21437500 2
21432600 388
21337344 210
21262500 47
21257640 30
21233664 33
21176820 5
21168000 1357
21073920 134
21003948 11
21000000 96
20995200 915
20971520 4
20901888 344
20837250 38
20744640 180
20736000 1502
20671875 1
20667150 37
20643840 261
20580000 147
20575296 215
20480000 68
20420505 2
20412000 1112
20321280 1069
20253807 2
20250000 62
20168400 21
20160000 1078
20155392 149
20070400 129
20003760 311
20000000 14
19906560 584
19845000 241
19840464 53
19765032 1
19756800 550
19687500 2
19683000 113
19668992 3
19660800 100
19600000 101
19595520 1360
19448100 42
19440000 950
19361664 16
19353600 1719
19293750 6
19289340 96
19267584 20
19208000 38
19200000 234
19136250 36
19131876 1
19059138 1
19051200 1505
18966528 149
18907875 2
18900000 359
18895680 257
18874368 11
18823840 2
18816000 589
18753525 5
18750000 1
18670176 71
18662400 1635
18600435 1
18579456 203
18522000 292
18439680 70
18432000 646
18375000 20
18370800 616
18350080 16
18289152 385
18225000 67
18151560 26
18144000 2442
18063360 455
18007500 8
18003384 54
18000000 152
17920000 176
17915904 170
17860500 191
17781120 593
17718750 7
17714700 34
17694720 210
17647350 1
17640000 575
17635968 254
17561600 86
17503290 28
17500000 9
17496000 878
17418240 1639
17364375 4
17360406 9
17287200 162
17280000 1125
17222625 5
17210368 1
17203200 388
17150000 20
17146080 759
17010000 551
17006112 24
16941456 2
16934400 1719
16875000 11
16859136 32
16807000 3
16800000 353
16796160 788
16777216 3
16669800 269
16595712 67
16588800 1226
16537500 39
16533720 162
16515072 59
16464000 287
16402500 39
16384000 59
16336404 2
16329600 2251
16257024 315
16206750 22
16200000 428
16134720 22
16128000 1518
16074450 59
16056320 36
16003008 181
16000000 40
15946875 2
15943230 3
15925248 127
15882615 1
15876000 1104
15805440 362
15752961 1
15750000 67
15746400 442
15728640 36
15680000 175
15676416 417
15558480 161
15552000 1861
15482880 742
15435000 92
15431472 127
15366400 63
15360000 312
15312500 2
15309000 413
15240960 1425
15187500 13
15126300 19
15120000 1355
15116544 138
15059072 2
15052800 557
15006250 1
15002820 107
15000000 23
14929920 937
14883750 32
14880348 13
14817600 692
14762250 13
14751744 23
14745600 353
14700000 127
14696640 943
14680064 4
14586075 5
14580000 529
14521248 12
14515200 2764
14467005 8
14450688 108
14406000 56
14400000 476
14336000 185
14288400 864
14224896 203
14175000 137
14171760 114
14155776 41
14117880 5
14112000 1167
14049280 55
14002632 40
14000000 55
13996800 1419
13934592 354
13891500 100
13829760 141
13824000 1383
13781250 9
13778100 127
13762560 122
13720000 73
13716864 373
13668750 2
13613670 9
13608000 2004
13547520 1033
13505625 1
13502538 13
13500000 135
13445600 11
13440000 681
13436928 253
13395375 7
13335840 487
13271040 515
13230000 423
13226976 156
13171200 321
13125000 10
13122000 371
13107200 23
13063680 1817
12965400 101
12960000 1248
12907776 18
12902400 1171
12862500 11
12859560 249
12845056 14
12800000 84
12757500 125
12754584 9
12706092 4
12700800 2053
12644352 104
12605250 5
12600000 497
12597120 556
12582912 6
12544000 234
12502350 65
12500000 5
12446784 78
12441600 1846
12403125 3
12400290 29
12386304 155
12348000 357
12293120 33
12288000 303
12250000 10
12247200 1374
12192768 494
12150000 183
12101040 35
12096000 2441
12042240 174
12005000 12
12002256 119
12000000 119
11943936 209
11907000 478
11854080 642
11812500 11
11809800 129
11796480 136
11760000 469
11757312 423
11668860 70
11664000 1495
11612160 1524
11576250 21
11573604 30
11524800 118
11520000 844
11481750 50
11468800 109
11430720 1194
11344725 1
11340000 981
11337408 81
11294304 1
11289600 1381
11252115 14
11250000 14
11239424 7
11200000 152
11197440 1113
11160261 2
11113200 526
11063808 60
11059200 942
11025000 101
11022480 402
11010048 23
10976000 136
10935000 152
10890936 10
10886400 3092
10838016 251
10804500 34
10800000 505
10756480 14
10752000 797
10716300 249
10668672 255
10631250 12
10628820 28
10616832 114
10588410 3
10584000 1451
10536960 192
10501974 10
10500000 62
10497600 892
10485760 6
10450944 544
10418625 5
10372320 167
10368000 2021
10333575 4
10321920 507
10290000 97
10287648 242
10240000 99
10206000 993
10160640 1527
10125000 36
10084200 15
10080000 1249
10077696 211
10035200 176
10001880 227
10000000 13
9953280 953
9922500 134
9920232 45
9878400 625
9843750 1
9841500 63
9834496 5
9830400 191
9800000 82
9797760 1542
9724050 23
9720000 913
9680832 15
9676800 2393
9644670 51
9633792 39
9604000 35
9600000 304
9568125 3
9565938 1
9525600 1519
9483264 213
9450000 273
9447840 287
9437184 22
9411920 3
9408000 736
9375000 1
9335088 66
9331200 2066
9289728 325
9261000 246
9219840 94
9216000 936
9187500 5
9185400 445
9175040 21
9144576 532
9112500 33
9075780 18
9072000 2671
9031680 684
9003750 4
9001692 33
9000000 142
8960000 257
8957952 306
8930250 74
8890560 673
8857350 12
8847360 366
8820000 496
8817984 303
8780800 125
8751645 7
8750000 7
8748000 809
8709120 2169
8680203 3
8643600 153
8640000 1344
8605184 1
8601600 533
8575000 14
8573040 634
8505000 354
8503056 37
8467200 2073
8437500 4
8429568 48
8403500 2
8400000 335
8398080 950
8388608 2
8334900 171
8297856 88
8294400 1811
8268750 15
8266860 96
8257536 87
8232000 310
8201250 14
8192000 92
8164800 2309
8128512 456
8103375 5
8100000 320
8067360 19
8064000 1987
8037225 6
8028160 67
8001504 188
8000000 52
7962624 205
7938000 901
7902720 500
7875000 42
7873200 347
7864320 37
7840000 201
7838208 649
7779240 114
7776000 2094
7741440 1162
7717500 57
7715736 95
7683200 63
7680000 424
7654500 229
7620480 1623
7593750 2
7563150 2
7560000 1264
7558272 157
7526400 700
7501410 51
7500000 21
7464960 1322
7441875 8
7440174 8
7408800 676
7381125 2
7375872 32
7372800 623
7350000 93
7348320 848
7340032 8
7290000 406
7260624 13
7257600 3578
7225344 160
7203000 39
7200000 497
7168000 280
7144200 585
7112448 299
7087500 77
7085880 62
7077888 82
7058940 4
7056000 1348
7024640 50
7001316 24
7000000 57
6998400 1572
6967296 630
6945750 40
6914880 169
6912000 1859
6889050 48
6881280 230
6860000 59
6858432 402
6806835 4
6804000 1688
6773760 1366
6751269 3
6750000 72
6722800 9
6720000 824
6718464 322
6667920 393
6635520 876
6615000 268
6613488 123
6585600 407
6562500 7
6561000 225
6553600 43
6531840 2277
6482700 80
6480000 1241
6453888 14
6451200 1749
6431250 2
6429780 157
6422528 13
6400000 121
6378750 29
6377292 5
6353046 3
6350400 2056
6322176 136
6300000 340
6298560 563
6291456 13
6272000 298
6251175 17
6223392 90
6220800 2422
6200145 4
6193152 234
6174000 313
6146560 35
6144000 449
6125000 8
6123600 1074
6096384 643
6075000 101
6050520 27
6048000 2717
6021120 345
6002500 7
6001128 103
6000000 121
5971968 341
5953500 252
5927040 699
5906250 3
5904900 49
5898240 244
5880000 400
5878656 492
5834430 37
5832000 1414
5806080 2080
5786802 18
5762400 114
5760000 1026
5740875 5
5734400 160
5715360 1136
5670000 709
5668704 69
5644800 1619
5625000 13
5619712 13
5600000 162
5598720 1307
5556600 379
5531904 54
5529600 1468
5512500 35
5511240 284
5505024 48
5488000 133
5467500 70
5445468 11
5443200 3315
5419008 370
5402250 12
5400000 466
5378240 11
5376000 987
5358150 74
5334336 327
5315625 3
5314410 9
5308416 156
5292000 1212
5268480 280
5250987 2
5250000 41
5248800 835
5242880 14
5225472 785
5186160 154
5184000 2292
5160960 747
5145000 66
5143824 219
5120000 139
5103000 607
5080320 1849
5062500 12
5042100 10
5040000 1246
5038848 269
5017600 226
5000940 151
5000000 14
4976640 1419
4961250 40
4960116 26
4939200 624
4920750 19
4917248 13
4915200 273
4900000 79
4898880 1576
4862025 8
4860000 760
4840416 15
4838400 3175
4822335 10
4816896 68
4802000 20
4800000 348
4762800 1133
4741632 291
4725000 127
4723920 206
4718592 28
4705960 1
4704000 797
4687500 1
4667544 45
4665600 2232
4644864 533
4630500 119
4609920 93
4608000 1241
4593750 4
4592700 244
4587520 50
4572288 585
4556250 5
4537890 13
4536000 2438
4515840 966
4501875 1
4500846 16
4500000 97
4480000 249
4478976 450
4465125 18
4445280 643
4428675 2
4423680 628
4410000 362
4408992 263
4390400 163
4374000 535
4354560 2653
4321800 98
4320000 1341
4302592 4
4300800 768
4287500 4
4286520 409
4252500 171
4251528 20
4233600 2137
4214784 68
4201750 2
4200000 303
4199040 955
4194304 3
4167450 68
4148928 84
4147200 2323
4134375 2
4133430 41
4128768 154
4116000 261
4100625 1
4096000 113
4084101 2
4082400 1978
4064256 578
4050000 206
4033680 15
4032000 2234
4014080 86
4000752 185
4000000 56
3981312 359
3969000 519
3951360 573
3937500 12
3936600 229
3932160 85
3920000 162
3919104 770
3889620 63
3888000 2046
3870720 1745
3858750 17
3857868 45
3841600 63
3840000 537
3827250 69
3810240 1622
3781575 3
3780000 1002
3779136 161
3763200 870
3750705 13
3750000 14
3732480 1701
3720087 3
3704400 502
3687936 42
3686400 955
3675000 58
3674160 721
3670016 8
3645000 229
3630312 13
3628800 3853
3612672 223
3601500 19
3600000 454
3584000 332
3572100 342
3556224 334
3543750 10
3542940 41
3538944 143
3528000 1161
3512320 90
3500658 12
3500000 39
3499200 1521
3483648 802
3472875 11
3457440 161
3456000 2082
3444525 9
3440640 300
3430000 41
3429216 356
3402000 1248
3386880 1664
3375000 29
3361400 4
3360000 773
3359232 378
3333960 332
3317760 1236
3307500 115
3306744 89
3292800 420
3280500 91
3276800 79
3265920 2375
3241350 30
3240000 1077
3226944 7
3225600 2134
3214890 48
3211264 19
3200000 105
3189375 5
3188646 5
3175200 1689
3161088 168
3150000 223
3149280 489
3145728 19
3136000 302
3125000 1
3111696 72
3110400 2768
3096576 372
3087000 189
3073280 39
3072000 590
3062500 3
3061800 700
3048192 651
3037500 40
3025260 18
3024000 2670
3010560 431
3001250 2
3000564 70
3000000 76
2985984 459
2976750 82
2963520 664
2952450 25
2949120 329
2940000 295
2939328 482
2917215 5
2916000 1154
2903040 2659
2893401 3
2881200 87
2880000 1043
2867200 218
2857680 854
2835000 392
2834352 51
2823576 1
2822400 1660
2812500 2
2809856 17
2800000 157
2799360 1463
2778300 167
2765952 72
2764800 1905
2756250 8
2755620 187
2752512 48
2744000 121
2733750 18
2722734 2
2721600 2864
2709504 467
2700000 317
2689120 14
2688000 1197
2679075 15
2667168 304
2657205 1
2654208 244
2646000 786
2634240 307
2625000 20
2624400 545
2621440 17
2612736 895
2593080 108
2592000 2449
2580480 1078
2572500 28
2571912 148
2560000 146
2551500 267
2540160 1913
2521050 3
2520000 1010
2519424 317
2508800 276
2500470 65
2500000 4
2488320 1812
2480625 4
2480058 15
2469600 572
2460375 2
2458624 12
2457600 390
2450000 28
2449440 1353
2430000 506
2420208 11
2419200 3395
2408448 98
2401000 22
2400000 319
2381400 686
2370816 258
2362500 70
2361960 123
2359296 57
2352980 4
2352000 761
2333772 28
2332800 2179
2322432 722
2315250 44
2304960 89
2304000 1521
2296350 77
2293760 93
2286144 595
2278125 1
2268945 2
2268000 1898
2257920 1121
2250423 4
2250000 58
2240000 269
2239488 484
2222640 499
2211840 873
2205000 214
2204496 230
2195200 157
2187000 320
2177280 2906
2160900 59
2160000 1144
2151296 6
2150400 961
2143750 2
2143260 230
2126250 44
2125764 9
2116800 1850
2107392 91
2100000 199
2099520 852
2097152 3
2083725 9
2074464 73
2073600 2744
2066715 9
2064384 227
2058000 171
2048000 170
2041200 1426
2032128 655
2025000 132
2016840 15
2016000 2203
2007040 128
2000376 102
2000000 53
1990656 392
1984500 230
1975680 552
1968750 4
1968300 95
1966080 128
1960000 152
1959552 757
1944810 24
1944000 1749
1935360 2181
1929375 2
1928934 18
1920800 35
1920000 614
1913625 10
1905120 1318
1890000 627
1889568 127
1882384 2
1881600 869
1875000 6
1866240 1863
1852200 324
1843968 43
1843200 1162
1837500 23
1837080 496
1835008 9
1822500 91
1815156 4
1814400 3427
1806336 315
1800750 7
1800000 356
1792000 381
1786050 91
1778112 298
1771875 3
1771470 12
1769472 169
1764000 880
1756160 82
1750329 1
1750000 19
1749600 1126
1741824 969
1728720 121
1728000 2230
1720320 437
1715000 28
1714608 279
1701000 690
1693440 1794
1687500 11
1680700 2
1680000 675
1679616 417
1666980 165
1658880 1607
1653750 38
1653372 46
1646400 370
1640250 27
1638400 109
1632960 2115
1620675 5
1620000 792
1613472 2
1612800 2333
1607445 17
1605632 24
1600000 120
1587600 1173
1580544 219
1575000 115
1574640 301
1572864 23
1568000 287
1555848 56
1555200 2685
1548288 524
1543500 84
1536640 39
1536000 691
1531250 1
1530900 307
1524096 757
1518750 12
1512630 10
1512000 2098
1505280 551
1500625 1
1500282 25
1500000 56
1492992 588
1488375 18
1481760 569
1476225 9
1474560 497
1470000 173
1469664 369
1458000 712
1451520 2928
1440600 51
1440000 1024
1433600 279
1428840 526
1417500 165
1417176 35
1411200 1541
1406250 1
1404928 27
1400000 111
1399680 1419
1389150 63
1382976 60
1382400 2323
1378125 1
1377810 44
1376256 91
1372000 99
1366875 4
1361367 1
1360800 2247
1354752 546
1350000 216
1344560 6
1344000 1157
1333584 167
1327104 372
1323000 486
1317120 304
1312500 10
1312200 353
1310720 27
1306368 1009
1296540 54
1296000 2099
1290240 1302
1286250 11
1285956 64
1280000 173
1275750 69
1270080 1655
1265625 2
1260525 1
1260000 731
1259712 226
1254400 320
1250235 6
1250000 1
1244160 2057
1240029 2
1234800 390
1229312 17
1228800 506
1225000 11
1224720 934
1215000 273
1210104 10
1209600 3219
1204224 161
1200500 3
1200000 214
1190700 301
1185408 297
1181250 12
1180980 53
1179648 83
1176000 616
1166886 10
1166400 1865
1161216 872
1157625 6
1152480 83
1152000 1556
1148175 14
1146880 108
1143072 451
1134000 1214
1128960 1179
1125000 32
1120000 275
1119744 551
1111320 311
1105920 1090
1102500 91
1102248 113
1097600 121
1093500 106
1088640 2662
1080450 22
1080000 839
1075648 3
1075200 1108
1071630 84
1063125 5
1062882 6
1058400 1372
1053696 100
1050000 105
1049760 701
1048576 7
1037232 64
1036800 2787
1032192 312
1029000 98
1024000 163
1020600 759
1016064 727
1012500 30
1008420 9
1008000 1896
1003520 127
1000188 68
1000000 34
995328 570
992250 75
987840 490
984150 40
983040 195
980000 114
979776 690
972405 2
972000 1261
967680 2369
964467 4
960400 23
960000 523
952560 947
945000 320
944784 82
941192 1
940800 859
937500 2
933120 1797
926100 147
921984 35
921600 1349
918750 5
918540 225
917504 20
911250 22
907578 1
907200 2900
903168 350
900375 2
900000 220
896000 362
893025 22
889056 251
885735 2
884736 208
882000 563
878080 79
875000 7
874800 684
870912 1044
864360 76
864000 2089
860160 547
857500 10
857304 195
850500 289
846720 1548
843750 4
840350 1
840000 471
839808 377
833490 75
829440 1745
826875 6
826686 17
823200 252
820125 1
819200 125
816480 1591
810000 447
806736 4
806400 2292
802816 28
800000 95
793800 690
790272 217
787500 55
787320 205
786432 35
784000 232
777924 23
777600 2369
774144 695
771750 30
768320 22
768000 746
765450 94
762048 573
759375 5
756315 6
756000 1481
752640 581
750141 3
750000 33
746496 662
740880 379
737280 605
735000 105
734832 259
729000 368
725760 2771
720300 31
720000 802
716800 308
714420 265
708750 39
708588 18
705894 1
705600 1170
702464 24
700000 53
699840 1147
694575 11
691488 43
691200 2318
688905 17
688128 96
686000 59
680400 1407
677376 580
675000 87
672280 6
672000 1047
666792 123
663552 468
661500 181
658560 274
656250 3
656100 144
655360 33
653184 851
648270 19
648000 1588
645120 1405
643125 3
642978 26
640000 180
637875 11
635040 1135
630000 406
629856 170
627200 289
625000 2
622080 1949
617400 178
614656 9
614400 571
612500 13
612360 488
607500 79
605052 3
604800 2709
602112 160
600250 2
600000 176
595350 91
592704 247
590625 2
590490 17
589824 104
588000 433
583443 4
583200 1255
580608 878
576240 48
576000 1427
573440 115
571536 322
567000 682
564480 1150
562500 14
560000 211
559872 525
555660 165
552960 1301
551250 31
551124 65
548800 114
546750 32
544320 2045
540225 1
540000 614
537824 6
537600 1086
535815 7
529200 844
526848 99
525000 53
524880 463
524288 6
518616 30
518400 2602
516096 315
514500 61
512000 191
510300 303
508032 667
506250 5
504210 3
504000 1341
501760 167
500094 20
500000 13
497664 639
496125 11
493920 337
492075 4
491520 252
490000 82
489888 479
486000 699
483840 2292
480200 13
480000 479
476280 569
472500 137
472392 44
470400 686
468750 1
466560 1562
463050 52
460992 26
460800 1363
459375 3
459270 76
458752 16
455625 1
453600 1941
451584 355
450000 130
448000 295
444528 154
442368 304
441000 281
439040 82
437400 375
435456 976
432180 30
432000 1630
430080 579
428750 4
428652 77
425250 90
423360 1215
420000 316
419904 279
416745 10
414720 1814
413343 1
411600 135
409600 133
408240 982
405000 225
403368 7
403200 1952
401408 44
400000 71
396900 271
395136 161
393750 11
393660 80
393216 48
392000 172
388962 7
388800 1697
387072 630
385875 3
384160 15
384000 712
382725 16
381024 472
378000 902
376320 518
375000 14
373248 627
370440 191
368640 697
367500 33
367416 146
364500 125
362880 2280
360150 9
360000 587
358400 301
357210 78
354375 8
354294 6
352800 839
351232 23
350000 35
349920 776
345744 44
345600 2050
344064 124
343000 27
340200 730
338688 575
337500 31
336140 1
336000 790
333396 50
331776 495
330750 58
329280 203
328050 42
327680 55
326592 672
324135 3
324000 1051
322560 1433
321489 8
320000 140
317520 761
315000 186
314928 118
313600 219
311040 1722
308700 81
307328 7
307200 628
306250 2
306180 248
303750 22
302526 1
302400 2019
301056 130
300125 1
300000 92
297675 15
296352 173
295245 5
294912 164
294000 226
291600 732
290304 875
288120 23
288000 1172
286720 148
285768 168
283500 237
282240 899
281250 2
280000 128
279936 392
277830 54
276480 1310
275625 4
275562 15
274400 67
273375 8
272160 1383
270000 324
268912 1
268800 1014
264600 420
263424 70
262500 25
262440 194
262144 15
259308 20
259200 1908
258048 351
257250 20
256000 184
255150 92
254016 493
253125 2
252105 1
252000 867
250880 158
250047 2
250000 11
248832 614
246960 199
245760 293
245000 34
244944 281
243000 341
241920 1920
240100 8
240000 332
238140 207
236250 33
236196 29
235200 491
233280 1116
231525 8
230496 25
230400 1282
229635 16
229376 25
226800 1143
225792 360
225000 50
224000 256
222264 104
221184 336
220500 101
219520 62
218700 143
217728 819
216090 8
216000 1114
215040 614
214326 29
212625 15
211680 771
210000 170
209952 185
207360 1653
205800 83
204800 123
204120 533
202500 66
201684 3
201600 1581
200704 43
200000 37
198450 68
197568 110
196875 3
196830 22
196608 53
196000 118
194481 2
194400 1122
193536 639
192080 17
192000 638
190512 256
189000 433
188160 400
187500 5
186624 526
185220 98
184320 773
183750 9
183708 65
182250 33
181440 1695
180075 4
180000 306
179200 269
178605 13
177147 1
176400 475
175616 18
175000 13
174960 431
172872 20
172800 1713
172032 151
171500 6
170100 251
169344 450
168750 10
168000 526
166698 17
165888 580
165375 10
164640 124
164025 8
163840 54
163296 430
162000 525
161280 1212
160000 101
158760 351
157500 87
157464 52
156800 162
155520 1372
154350 23
153664 8
153600 641
153090 66
151875 5
151200 1332
150528 158
150000 52
148176 98
147456 134
147000 96
145800 337
145152 803
144060 13
144000 833
143360 135
142884 57
141750 73
141120 653
140000 84
139968 361
138915 4
138240 1242
137781 6
137200 40
136080 839
135000 153
134400 814
132300 177
131712 69
131250 6
131220 86
131072 10
129654 6
129600 1349
129024 364
128000 166
127575 15
127008 321
126000 485
125440 124
125000 3
124416 555
123480 127
122880 284
122500 10
122472 162
121500 111
120960 1539
120050 2
120000 206
119070 71
118125 3
118098 5
117600 315
116640 747
115248 9
115200 1124
114688 25
113400 511
112896 285
112500 18
112000 188
111132 39
110592 341
110250 32
109760 44
109350 42
108864 561
108000 604
107520 506
107163 2
105840 467
105000 68
104976 133
103680 1405
102900 30
102400 122
102060 194
101250 21
100800 993
100352 29
100000 28
99225 9
98784 91
98415 1
98304 66
98000 53
97200 619
96768 595
96040 5
96000 480
95256 119
94500 136
94080 368
93750 1
93312 433
92610 17
92160 695
91875 4
91854 26
91125 6
90720 1012
90000 163
89600 213
88200 222
87808 20
87500 2
87480 218
86436 10
86400 1306
86016 167
85750 1
85050 68
84672 290
84375 4
84035 1
84000 335
83349 6
82944 429
82320 66
81920 69
81648 273
81000 246
80640 1046
80000 72
79380 136
78750 21
78732 25
78400 113
77760 946
77175 9
76832 2
76800 519
76545 10
75600 690
75264 136
75000 16
74088 43
73728 178
73500 41
72900 123
72576 628
72030 1
72000 545
71680 118
71442 10
70875 15
70560 387
70000 42
69984 200
69120 1031
68600 16
68040 389
67500 48
67228 1
67200 580
66150 48
65856 48
65625 3
65610 17
65536 14
64827 2
64800 807
64512 344
64000 149
63504 197
63000 192
62720 79
62208 458
61740 40
61440 270
61250 1
61236 63
60750 33
60480 996
60000 105
59535 17
59049 2
58800 175
58320 381
57624 6
57600 844
57344 24
56700 189
56448 217
56250 6
56000 123
55566 13
55296 310
54880 26
54675 3
54432 332
54000 314
53760 432
52920 224
52500 20
52488 53
51840 985
51450 6
51200 134
51030 47
50400 639
50176 39
50000 15
49392 38
49152 64
49000 26
48600 244
48384 436
48020 10
48000 290
47628 56
47250 29
47040 237
46656 265
46305 4
46080 567
45927 5
45360 551
45000 63
44800 163
44100 88
43904 15
43750 2
43740 99
43218 3
43200 715
43008 118
42525 14
42336 182
42000 147
41472 392
41160 35
40960 68
40824 96
40500 84
40320 713
40000 38
39690 33
39375 1
39366 7
39200 81
38880 530
38416 2
38400 349
37800 302
37632 93
37500 5
37044 19
36864 161
36750 13
36450 31
36288 374
36015 1
36000 317
35840 114
35721 3
35280 225
35000 18
34992 117
34560 800
34300 1
34020 132
33750 6
33600 351
33075 3
32928 33
32805 3
32768 9
32400 376
32256 258
32000 74
31752 90
31500 66
31360 64
31104 335
30870 9
30720 235
30618 13
30375 7
30240 596
30000 64
29400 77
29160 179
28812 1
28800 568
28672 24
28350 58
28224 134
28000 60
27783 4
27648 294
27440 15
27216 169
27000 138
26880 313
26460 82
26250 12
26244 20
25920 605
25725 2
25600 90
25515 6
25200 302
25088 21
25000 6
24696 19
24576 53
24500 4
24300 74
24192 322
24010 2
24000 220
23814 13
23625 6
23520 117
23328 176
23040 473
22680 241
22500 16
22400 104
22050 29
21952 9
21870 17
21600 408
21504 111
21168 82
21000 61
20736 294
20580 9
20480 49
20412 49
20250 17
20160 429
20000 27
19845 6
19600 38
19440 267
19208 1
19200 277
18900 90
18816 64
18750 1
18522 6
18432 140
18225 7
18144 230
18000 129
17920 98
17640 95
17500 8
17496 46
17280 539
17150 2
17010 41
16875 2
16800 188
16464 8
16384 10
16200 164
16128 202
16000 58
15876 40
15750 21
15680 47
15625 1
15552 204
15435 1
15360 194
15309 3
15120 298
15000 26
14700 29
14580 66
14406 2
14400 305
14336 24
14175 6
14112 83
14000 26
13824 216
13720 9
13608 85
13500 45
13440 223
13230 21
13125 1
13122 7
12960 367
12800 63
12600 127
12544 26
12500 3
12348 13
12288 35
12250 2
12150 22
12096 208
12000 73
11907 2
11760 67
11664 88
11520 335
11340 84
11250 6
11200 65
11025 4
10976 4
10935 2
10800 194
10752 84
10584 31
10500 28
10368 180
10290 3
10240 44
10206 6
10125 2
10080 251
10000 5
9800 14
9720 108
9600 183
9450 24
9408 36
9261 1
9216 107
9072 138
9000 48
8960 56
8820 27
8750 1
8748 20
8640 300
8505 3
8400 83
8232 6
8192 10
8100 57
8064 126
8000 42
7938 8
7875 1
7840 24
7776 128
7680 129
7560 128
7500 6
7350 5
7290 15
7200 171
7168 16
7056 39
7000 12
6912 127
6860 4
6804 38
6750 4
6720 108
6615 1
6561 1
6480 185
6400 45
6300 29
6272 7
6144 34
6048 98
6000 45
5880 33
5832 30
5760 210
5670 20
5600 53
5488 1
5400 75
5376 57
5292 16
5250 4
5184 105
5120 50
5103 1
5040 109
5000 2
4900 4
4860 34
4800 110
4725 3
4704 21
4608 88
4536 43
4500 15
4480 41
4410 9
4374 3
4320 167
4200 41
4116 4
4096 13
4050 16
4032 70
4000 15
3969 2
3920 5
3888 54
3840 79
3780 50
3750 1
3675 1
3645 2
3600 87
3584 17
3528 16
3500 5
3456 108
3402 9
3375 4
3360 53
3240 69
3200 26
3150 5
3136 6
3072 24
3024 52
3000 20
2940 8
2916 7
2880 119
2835 1
2800 15
2744 1
2700 18
2688 31
2646 7
2625 4
2592 49
2560 20
2520 49
2500 1
2450 2
2430 8
2400 56
2352 14
2304 59
2268 21
2250 5
2240 17
2160 67
2100 13
2058 1
2048 5
2016 41
2000 11
1960 1
1944 14
1920 63
1890 8
1875 1
1800 34
1792 5
1764 5
1750 1
1728 55
1715 1
1680 33
1620 24
1600 14
1575 3
1568 1
1536 23
1512 19
1500 6
1470 1
1458 4
1440 41
1400 4
1372 1
1350 3
1344 17
1296 30
1280 10
1260 12
1200 19
1176 2
1152 33
1134 5
1120 8
1080 29
1050 1
1024 4
1008 22
1000 3
972 3
960 32
900 10
896 7
882 1
864 26
840 5
810 4
800 6
784 4
768 21
756 4
750 1
720 29
675 2
672 6
648 18
640 12
630 1
600 3
576 16
560 5
540 4
512 5
504 12
490 2
486 1
480 10
450 1
448 1
432 12
420 3
405 1
400 2
384 7
360 7
350 1
336 4
324 5
320 4
300 1
288 7
280 1
270 1
256 5
252 1
243 1
240 2
216 3
200 2
192 4
189 1
180 4
168 2
160 2
150 1
144 3
140 2
128 2
126 3
120 4
108 1
105 1
96 3
80 1
72 3
36 1
