3061 1
3058 1
3055 1
3046 2
3043 1
3035 1
3024 1
3023 1
3021 1
3020 3
3019 2
3018 1
3017 2
3015 1
3013 1
3012 1
3011 1
3010 2
3009 1
3007 1
3006 3
3005 1
3004 3
3003 2
3002 1
3001 1
3000 2
2999 4
2998 2
2997 5
2996 5
2995 2
2994 2
2993 6
2992 4
2991 6
2990 10
2989 4
2988 8
2987 5
2986 11
2985 12
2984 10
2983 10
2982 10
2981 11
2980 6
2979 7
2978 15
2977 20
2976 18
2975 12
2974 13
2973 19
2972 17
2971 19
2970 27
2969 12
2968 20
2967 20
2966 23
2965 30
2964 19
2963 26
2962 24
2961 27
2960 29
2959 31
2958 29
2957 42
2956 46
2955 31
2954 40
2953 40
2952 35
2951 37
2950 44
2949 46
2948 65
2947 41
2946 62
2945 57
2944 76
2943 83
2942 82
2941 66
2940 79
2939 79
2938 91
2937 103
2936 95
2935 105
2934 87
2933 121
2932 112
2931 108
2930 94
2929 111
2928 147
2927 126
2926 151
2925 163
2924 180
2923 160
2922 168
2921 196
2920 199
2919 186
2918 208
2917 228
2916 234
2915 233
2914 240
2913 236
2912 260
2911 244
2910 281
2909 297
2908 316
2907 317
2906 331
2905 335
2904 399
2903 370
2902 375
2901 386
2900 415
2899 432
2898 405
2897 448
2896 491
2895 505
2894 484
2893 467
2892 539
2891 539
2890 573
2889 608
2888 591
2887 623
2886 676
2885 706
2884 720
2883 737
2882 792
2881 770
2880 833
2879 810
2878 876
2877 866
2876 899
2875 862
2874 1002
2873 992
2872 989
2871 1045
2870 1037
2869 1085
2868 1159
2867 1170
2866 1252
2865 1252
2864 1280
2863 1345
2862 1336
2861 1399
2860 1362
2859 1473
2858 1485
2857 1516
2856 1614
2855 1631
2854 1713
2853 1727
2852 1756
2851 1803
2850 1900
2849 1982
2848 1905
2847 1897
2846 2121
2845 2094
2844 2142
2843 2211
2842 2237
2841 2238
2840 2336
2839 2307
2838 2278
2837 2490
2836 2553
2835 2594
2834 2619
2833 2733
2832 2758
2831 2782
2830 2880
2829 2941
2828 3018
2827 3033
2826 3048
2825 3185
2824 3161
2823 3336
2822 3352
2821 3271
2820 3481
2819 3462
2818 3492
2817 3615
2816 3764
2815 3651
2814 3808
2813 3891
2812 3962
2811 3981
2810 4012
2809 3920
2808 4170
2807 4120
2806 4269
2805 4222
2804 4358
2803 4421
2802 4573
2801 4624
2800 4616
2799 4619
2798 4826
2797 4878
2796 4754
2795 4953
2794 4956
2793 5004
2792 5144
2791 5058
2790 5034
2789 5090
2788 5289
2787 5184
2786 5334
2785 5328
2784 5430
2783 5414
2782 5502
2781 5649
2780 5513
2779 5601
2778 5623
2777 5729
2776 5823
2775 5578
2774 5668
2773 5836
2772 5847
2771 5931
2770 5939
2769 5870
2768 5982
2767 6083
2766 5916
2765 6067
2764 6005
2763 6070
2762 6177
2761 6105
2760 6116
2759 6170
2758 6101
2757 6300
2756 6156
2755 6259
2754 5968
2753 6270
2752 6177
2751 6155
2750 6261
2749 6160
2748 6321
2747 6153
2746 6143
2745 6106
2744 6090
2743 6339
2742 6077
2741 6256
2740 6173
2739 6060
2738 6100
2737 6124
2736 6123
2735 5952
2734 6039
2733 6001
2732 5952
2731 5836
2730 5941
2729 5747
2728 5819
2727 5835
2726 5696
2725 5658
2724 5734
2723 5692
2722 5603
2721 5563
2720 5676
2719 5314
2718 5449
2717 5499
2716 5323
2715 5366
2714 5313
2713 5427
2712 5310
2711 5152
2710 5103
2709 5043
2708 5109
2707 5005
2706 4912
2705 4810
2704 4783
2703 4725
2702 4755
2701 4646
2700 4415
2699 4643
2698 4504
2697 4372
2696 4344
2695 4340
2694 4134
2693 4258
2692 4156
2691 4045
2690 4037
2689 3975
2688 3993
2687 3824
2686 3637
2685 3697
2684 3735
2683 3669
2682 3694
2681 3575
2680 3473
2679 3286
2678 3363
2677 3261
2676 3096
2675 3074
2674 3047
2673 3059
2672 2932
2671 2885
2670 2958
2669 2705
2668 2824
2667 2598
2666 2627
2665 2663
2664 2575
2663 2499
2662 2475
2661 2364
2660 2326
2659 2184
2658 2241
2657 2166
2656 2136
2655 2124
2654 2032
2653 1996
2652 1963
2651 1867
2650 1774
2649 1800
2648 1753
2647 1726
2646 1649
2645 1641
2644 1638
2643 1537
2642 1532
2641 1506
2640 1430
2639 1428
2638 1403
2637 1332
2636 1304
2635 1265
2634 1234
2633 1245
2632 1096
2631 1135
2630 1090
2629 995
2628 1036
2627 974
2626 993
2625 940
2624 849
2623 911
2622 830
2621 834
2620 832
2619 797
2618 763
2617 743
2616 711
2615 707
2614 612
2613 619
2612 625
2611 616
2610 610
2609 535
2608 561
2607 476
2606 537
2605 484
2604 476
2603 423
2602 428
2601 408
2600 408
2599 368
2598 387
2597 375
2596 335
2595 355
2594 331
2593 296
2592 299
2591 304
2590 285
2589 278
2588 254
2587 245
2586 213
2585 237
2584 213
2583 216
2582 225
2581 213
2580 175
2579 171
2578 156
2577 161
2576 174
2575 156
2574 143
2573 144
2572 141
2571 134
2570 129
2569 108
2568 105
2567 93
2566 103
2565 100
2564 91
2563 97
2562 85
2561 76
2560 101
2559 55
2558 75
2557 60
2556 51
2555 73
2554 61
2553 84
2552 47
2551 52
2550 44
2549 45
2548 39
2547 52
2546 38
2545 46
2544 27
2543 33
2542 33
2541 32
2540 26
2539 27
2538 27
2537 31
2536 19
2535 16
2534 17
2533 30
2532 17
2531 22
2530 21
2529 16
2528 17
2527 13
2526 15
2525 14
2524 9
2523 13
2522 15
2521 10
2520 12
2519 7
2518 13
2517 10
2516 4
2515 6
2514 6
2513 3
2512 10
2511 7
2510 14
2509 3
2508 5
2507 4
2506 3
2505 3
2504 2
2503 4
2502 6
2501 7
2500 1
2499 1
2498 2
2497 5
2496 2
2495 5
2494 2
2493 2
2492 1
2491 2
2490 1
2489 3
2488 1
2487 1
2486 1
2485 1
2483 2
2482 2
2481 1
2479 2
2478 1
2477 1
2473 1
2470 1
2467 1
2462 1
2461 1
2447 1
2442 1
2440 1
