3073 1
3066 1
3054 1
3051 1
3044 1
3040 1
3039 1
3033 1
3032 2
3028 1
3026 1
3021 2
3019 3
3018 2
3015 2
3013 1
3012 1
3011 1
3010 3
3008 2
3007 2
3006 2
3005 4
3003 7
3002 3
3001 6
3000 5
2999 2
2998 4
2997 1
2996 4
2995 8
2994 2
2993 7
2992 6
2991 5
2990 7
2989 6
2988 3
2987 5
2986 7
2985 7
2984 7
2983 10
2982 13
2981 7
2980 15
2979 15
2978 8
2977 15
2976 5
2975 17
2974 11
2973 20
2972 24
2971 19
2970 17
2969 16
2968 23
2967 23
2966 24
2965 30
2964 19
2963 26
2962 31
2961 24
2960 36
2959 20
2958 41
2957 35
2956 31
2955 44
2954 42
2953 41
2952 35
2951 47
2950 43
2949 44
2948 59
2947 63
2946 49
2945 52
2944 68
2943 66
2942 68
2941 93
2940 69
2939 92
2938 80
2937 104
2936 98
2935 107
2934 106
2933 114
2932 102
2931 126
2930 129
2929 145
2928 126
2927 133
2926 155
2925 161
2924 160
2923 153
2922 161
2921 179
2920 190
2919 196
2918 202
2917 212
2916 193
2915 227
2914 247
2913 260
2912 241
2911 300
2910 276
2909 279
2908 290
2907 335
2906 364
2905 327
2904 360
2903 380
2902 409
2901 397
2900 405
2899 407
2898 419
2897 425
2896 483
2895 473
2894 527
2893 531
2892 507
2891 566
2890 551
2889 601
2888 582
2887 665
2886 663
2885 691
2884 685
2883 738
2882 796
2881 802
2880 786
2879 820
2878 851
2877 893
2876 856
2875 933
2874 1005
2873 1008
2872 1033
2871 1065
2870 1135
2869 1129
2868 1145
2867 1128
2866 1249
2865 1222
2864 1365
2863 1317
2862 1368
2861 1421
2860 1446
2859 1453
2858 1448
2857 1477
2856 1589
2855 1595
2854 1694
2853 1736
2852 1733
2851 1819
2850 1820
2849 1940
2848 1961
2847 1995
2846 2108
2845 2075
2844 2076
2843 2122
2842 2297
2841 2190
2840 2344
2839 2435
2838 2431
2837 2528
2836 2511
2835 2590
2834 2696
2833 2792
2832 2766
2831 2782
2830 2719
2829 2937
2828 2984
2827 3075
2826 3099
2825 3254
2824 3201
2823 3234
2822 3318
2821 3368
2820 3422
2819 3575
2818 3526
2817 3659
2816 3688
2815 3765
2814 3845
2813 3890
2812 3901
2811 4069
2810 4030
2809 4082
2808 4122
2807 4296
2806 4106
2805 4254
2804 4487
2803 4419
2802 4464
2801 4596
2800 4617
2799 4645
2798 4708
2797 4829
2796 4739
2795 4910
2794 4913
2793 4998
2792 5132
2791 4992
2790 4959
2789 5099
2788 5217
2787 5151
2786 5383
2785 5405
2784 5332
2783 5429
2782 5457
2781 5653
2780 5510
2779 5633
2778 5596
2777 5623
2776 5568
2775 5824
2774 5839
2773 5812
2772 5850
2771 5832
2770 5888
2769 5792
2768 5973
2767 5898
2766 5949
2765 6100
2764 6161
2763 6053
2762 6051
2761 6137
2760 6083
2759 6230
2758 6267
2757 6176
2756 6163
2755 6184
2754 6145
2753 6211
2752 6352
2751 6256
2750 6199
2749 5967
2748 6016
2747 6045
2746 6263
2745 6373
2744 6100
2743 6132
2742 6253
2741 6189
2740 6040
2739 6133
2738 6139
2737 6134
2736 6047
2735 6050
2734 6031
2733 6027
2732 5902
2731 5881
2730 5912
2729 5788
2728 5763
2727 5713
2726 5641
2725 5723
2724 5687
2723 5648
2722 5596
2721 5561
2720 5630
2719 5612
2718 5515
2717 5529
2716 5331
2715 5377
2714 5333
2713 5289
2712 5356
2711 5103
2710 5046
2709 5064
2708 5072
2707 4896
2706 4987
2705 4910
2704 4874
2703 4755
2702 4542
2701 4584
2700 4468
2699 4514
2698 4389
2697 4384
2696 4427
2695 4275
2694 4250
2693 4154
2692 4138
2691 4057
2690 3971
2689 4000
2688 3803
2687 3857
2686 3801
2685 3711
2684 3719
2683 3606
2682 3522
2681 3570
2680 3500
2679 3346
2678 3370
2677 3283
2676 3122
2675 3147
2674 3100
2673 3036
2672 3083
2671 2891
2670 2838
2669 2836
2668 2643
2667 2734
2666 2706
2665 2546
2664 2577
2663 2415
2662 2375
2661 2481
2660 2412
2659 2292
2658 2141
2657 2063
2656 2113
2655 2173
2654 2030
2653 2035
2652 1958
2651 1919
2650 1896
2649 1764
2648 1705
2647 1721
2646 1684
2645 1597
2644 1650
2643 1565
2642 1458
2641 1454
2640 1420
2639 1429
2638 1348
2637 1324
2636 1267
2635 1237
2634 1218
2633 1222
2632 1124
2631 1191
2630 1115
2629 1029
2628 1007
2627 998
2626 967
2625 915
2624 925
2623 889
2622 792
2621 827
2620 775
2619 791
2618 755
2617 733
2616 694
2615 714
2614 679
2613 644
2612 636
2611 674
2610 580
2609 600
2608 569
2607 519
2606 465
2605 478
2604 454
2603 456
2602 422
2601 418
2600 427
2599 371
2598 387
2597 391
2596 351
2595 338
2594 354
2593 321
2592 288
2591 296
2590 288
2589 292
2588 286
2587 230
2586 239
2585 221
2584 234
2583 208
2582 202
2581 183
2580 208
2579 169
2578 192
2577 178
2576 117
2575 148
2574 168
2573 137
2572 133
2571 127
2570 109
2569 114
2568 125
2567 111
2566 105
2565 89
2564 97
2563 78
2562 84
2561 85
2560 83
2559 71
2558 69
2557 71
2556 71
2555 69
2554 54
2553 54
2552 69
2551 55
2550 42
2549 57
2548 47
2547 54
2546 52
2545 45
2544 44
2543 34
2542 35
2541 22
2540 44
2539 33
2538 30
2537 20
2536 30
2535 23
2534 27
2533 19
2532 18
2531 12
2530 14
2529 11
2528 17
2527 12
2526 12
2525 17
2524 15
2523 9
2522 10
2521 10
2520 10
2519 6
2518 7
2517 13
2516 5
2515 5
2514 9
2513 7
2512 4
2511 3
2510 6
2509 5
2508 5
2507 6
2506 3
2505 5
2504 3
2503 3
2502 4
2501 3
2500 4
2499 3
2498 7
2497 4
2496 4
2495 3
2494 5
2493 3
2492 6
2491 5
2490 3
2489 1
2488 2
2487 2
2486 1
2484 4
2483 1
2482 1
2481 1
2480 1
2479 4
2476 1
2475 1
2473 1
2472 2
2471 1
2470 1
2465 1
2459 1
2439 1
2431 1
