5248800000 1
4082400000 1
4032000000 1
3936600000 1
3780000000 1
3674160000 1
3628800000 1
3528000000 1
3402000000 1
3265920000 2
3175200000 2
3149280000 1
3110400000 2
3087000000 1
3024000000 1
2985984000 2
2939328000 1
2903040000 2
2869781400 1
2857680000 1
2822400000 3
2799360000 1
2764800000 1
2755620000 1
2744000000 1
2688000000 1
2654208000 1
2645395200 1
2612736000 2
2592000000 1
2571912000 2
2540160000 2
2519424000 4
2488320000 1
2469600000 1
2449440000 2
2419200000 1
2381400000 2
2361960000 3
2351462400 1
2332800000 3
2322432000 1
2314720800 3
2304000000 1
2286144000 3
2267481600 2
2257920000 1
2250423000 1
2240000000 2
2239488000 3
2222640000 2
2211840000 1
2195200000 1
2187000000 3
2177280000 4
2150400000 2
2149908480 1
2143260000 3
2116800000 1
2099520000 2
2090188800 1
2073600000 2
2057529600 2
2041200000 4
2040733440 1
2032128000 1
2025380700 1
2016000000 1
2000376000 1
1990656000 1
1984500000 1
1984046400 2
1968300000 1
1959552000 1
1944000000 3
1935360000 6
1920000000 1
1905120000 4
1889568000 4
1881600000 1
1866240000 4
1860043500 1
1857945600 2
1843200000 1
1837080000 3
1828915200 3
1822500000 1
1813985280 1
1800338400 3
1791590400 3
1786050000 3
1778112000 2
1771470000 1
1764000000 2
1763596800 4
1750329000 1
1749600000 4
1741824000 4
1736040600 1
1728000000 4
1720320000 1
1714608000 5
1701000000 1
1700611200 3
1693440000 2
1680000000 2
1679616000 7
1666980000 1
1658880000 5
1653372000 3
1651507200 2
1646400000 1
1646023680 1
1632960000 13
1632586752 1
1625702400 1
1620000000 4
1612800000 3
1592524800 1
1587600000 7
1587237120 2
1580544000 6
1575000000 1
1574640000 3
1567641600 10
1555848000 1
1555200000 4
1543147200 1
1530900000 2
1530550080 1
1524096000 7
1512630000 1
1512000000 5
1511654400 3
1505280000 1
1504935936 1
1500282000 2
1492992000 8
1488034800 2
1481760000 2
1474560000 2
1469664000 12
1463132160 2
1458000000 2
1451520000 16
1446700500 1
1445068800 1
1440000000 3
1433600000 1
1433272320 1
1428840000 13
1422489600 2
1417176000 2
1415577600 1
1411200000 4
1400263200 1
1399680000 12
1393459200 3
1389150000 4
1388832480 2
1382400000 7
1376256000 1
1372000000 2
1371686400 9
1360800000 11
1360488960 1
1354752000 7
1344000000 1
1343692800 6
1333584000 6
1327104000 2
1323000000 1
1322697600 6
1317120000 1
1316818944 1
1306368000 17
1302030450 1
1300561920 3
1296000000 6
1290240000 3
1285956000 6
1280240640 1
1275750000 1
1275458400 1
1270080000 8
1269789696 1
1264435200 2
1260000000 3
1259712000 9
1254400000 3
1254113280 2
1250235000 1
1244678400 3
1244160000 13
1240029000 1
1238630400 4
1234800000 2
1234517760 5
1228800000 1
1225000000 1
1224720000 11
1224440064 1
1219276800 8
1215000000 1
1209600000 12
1209323520 1
1205308188 1
1204224000 1
1200225600 5
1194393600 5
1190700000 3
1190427840 2
1185408000 5
1180980000 2
1179648000 2
1176000000 2
1175731200 13
1170505728 2
1166886000 1
1166400000 16
1161216000 14
1157360400 3
1152000000 5
1148175000 1
1146880000 2
1143072000 20
1137991680 4
1134000000 9
1133740800 5
1128960000 12
1120000000 2
1119744000 17
1114767360 3
1111320000 8
1105920000 6
1102248000 18
1097600000 2
1097349120 7
1093500000 1
1088640000 27
1083801600 2
1080203040 1
1080000000 2
1075648000 1
1075200000 11
1074954240 3
1071630000 7
1071385056 1
1066867200 6
1062882000 1
1061683200 3
1058400000 10
1058158080 7
1053696000 2
1050197400 1
1049760000 12
1045094400 18
1041624360 2
1037232000 3
1036800000 18
1033357500 1
1032192000 9
1029000000 2
1028764800 22
1020600000 12
1016064000 33
1012500000 1
1008000000 11
1007769600 14
1003520000 3
1000188000 7
1000000000 1
995742720 2
995328000 14
992250000 3
992023200 8
990904320 1
987840000 11
987614208 2
984150000 3
983040000 3
980000000 1
979776000 44
975421440 2
972405000 3
972000000 9
968083200 1
967680000 19
967458816 1
964467000 5
960400000 1
960180480 9
956593800 1
955514880 3
952560000 20
952342272 2
948326400 10
945177660 1
945000000 4
944784000 9
943718400 1
940800000 9
940584960 14
933508800 5
933120000 25
928972800 9
926100000 4
925888320 5
921600000 9
918540000 9
914457600 19
910393344 1
907578000 1
907200000 30
906992640 4
903168000 13
900169200 6
900000000 2
896000000 5
895795200 8
893025000 3
892820880 2
889056000 20
885735000 2
884736000 4
882000000 9
881798400 19
878080000 3
877879296 2
874800000 16
870912000 49
868020300 2
867041280 2
864360000 4
864162432 1
864000000 8
860518400 2
860160000 3
859963392 3
857304000 26
853493760 9
850500000 5
850305600 7
846720000 40
840157920 6
840000000 4
839808000 32
836075520 5
833490000 7
833299488 1
829785600 7
829440000 24
826686000 8
825753600 5
823200000 3
823011840 9
816820200 1
816480000 51
816293376 1
812851200 16
810152280 3
810000000 7
806736000 1
806400000 11
806215680 2
803722500 3
802816000 3
800150400 17
796262400 7
793800000 20
793618560 3
790272000 7
787320000 15
786432000 2
784000000 1
783820800 34
780337152 1
777924000 9
777600000 23
774144000 23
771750000 3
771573600 15
768320000 3
768144384 3
768000000 5
765450000 9
765275040 2
762048000 46
758661120 2
756000000 12
755827200 19
752640000 10
750141000 11
746807040 4
746496000 18
744017400 4
743178240 1
741188700 1
740880000 17
737587200 3
737280000 8
735138180 1
735000000 2
734832000 60
731566080 8
729137052 1
729000000 5
726062400 5
725760000 57
723350250 1
722534400 9
720300000 1
720135360 6
720000000 3
716800000 5
716636160 3
714420000 26
711244800 21
708750000 1
708588000 11
707788800 3
705600000 30
705438720 19
702464000 3
700131600 8
699840000 37
696729600 37
694575000 6
694416240 8
693633024 2
691488000 8
691200000 16
688905000 7
688128000 3
686128968 1
686000000 2
685843200 47
682795008 1
680400000 37
680244480 4
677376000 35
675126900 3
675000000 1
672126336 1
672000000 14
671846400 28
669615660 1
668860416 1
666792000 23
664301250 1
663828480 6
663552000 21
661500000 7
661348800 19
658560000 11
658409472 3
656100000 5
655360000 4
653184000 98
650280960 5
648121824 1
648000000 15
645388800 1
645120000 34
642978000 26
640120320 17
640000000 1
637875000 1
637729200 3
637009920 3
635040000 47
634894848 4
632217600 8
630118440 4
630000000 6
629856000 27
627200000 4
627056640 18
625117500 4
622339200 12
622080000 46
620014500 4
619315200 16
617400000 12
617258880 20
614656000 2
614400000 4
612615150 3
612500000 1
612360000 47
609892416 1
609638400 53
607500000 3
606928896 1
605052000 2
604800000 54
604661760 10
602112000 8
600250000 1
600112800 22
600000000 3
597445632 1
597196800 21
595350000 15
595213920 4
592704000 37
590490000 9
589824000 5
588000000 6
587865600 71
585252864 5
583443000 4
583200000 35
580608000 61
578680200 11
578027520 1
576108288 7
576000000 15
573440000 8
571774140 2
571536000 72
568995840 12
567000000 18
566870400 11
564715200 1
564480000 46
564350976 6
561971200 2
560105280 7
560000000 2
559872000 61
557383680 14
555660000 26
555532992 6
553190400 10
552960000 27
551250000 1
551124000 45
550502400 1
548800000 9
548674560 26
546750000 3
544546800 4
544320000 102
544195584 1
542126592 1
541900800 35
540225000 2
540101520 7
540000000 5
537600000 24
537477120 18
535815000 13
533433600 36
531441000 4
531062784 2
530841600 8
529200000 31
529079040 24
526848000 17
525098700 3
525000000 1
524880000 31
524288000 1
522547200 78
520812180 1
520224768 2
518616000 8
518400000 50
516096000 36
514500000 3
514382400 63
513802240 1
512096256 10
512000000 2
510300000 26
510183360 6
508032000 116
505774080 7
504094752 1
504000000 29
503884800 34
501760000 12
501645312 5
500094000 27
497871360 10
497664000 56
496125000 4
496011600 24
495452160 2
493920000 33
493807104 6
492075000 2
491724800 2
491520000 6
490092120 1
490000000 3
489888000 113
487710720 25
486202500 2
486091368 3
486000000 21
484041600 3
483840000 90
483729408 4
482233500 8
481689600 11
480200000 3
480090240 27
480000000 7
478296900 3
477757440 6
476280000 65
476171136 5
474163200 37
472588830 2
472500000 5
472392000 33
471859200 2
470596000 2
470400000 28
470292480 38
466754400 16
466560000 86
464486400 59
463050000 10
462944160 17
462422016 1
460992000 3
460800000 23
459270000 30
459165024 2
458752000 3
457419312 1
457228800 116
455196672 2
453789000 3
453600000 76
453496320 18
451584000 58
450084600 15
450000000 2
448084224 3
448000000 11
447897600 67
446512500 1
446410440 4
445906944 1
444528000 58
442552320 5
442368000 15
441082908 1
441000000 9
440899200 82
440401920 1
439040000 17
438939648 6
437582250 3
437400000 25
435637440 4
435456000 157
434010150 2
433520640 10
432180000 8
432081216 5
432000000 32
430080000 20
429981696 4
428652000 76
426746880 25
425250000 12
425152800 13
424673280 1
423536400 2
423360000 96
423263232 11
421478400 4
420078960 7
420000000 10
419904000 69
418037760 48
416745000 14
416649744 5
414892800 20
414720000 91
413343000 12
412876800 22
411600000 7
411505920 59
409600000 3
408410100 3
408240000 116
408146688 1
406425600 89
405076140 5
405000000 3
404619264 3
403368000 1
403200000 64
403107840 34
401861250 1
401769396 1
401408000 13
400075200 66
400000000 2
398580750 1
398297088 2
398131200 34
396900000 24
396809280 37
396361728 2
395136000 53
393824025 1
393660000 25
393216000 4
392073696 2
392000000 15
391910400 134
390168576 3
388962000 12
388800000 71
387233280 4
387072000 100
385875000 1
385786800 46
385351680 1
384160000 4
384072192 12
384000000 9
382725000 3
382637520 2
382205952 1
381182760 1
381024000 156
379330560 16
378157500 2
378071064 1
378000000 32
377913600 50
376320000 31
376233984 10
375070500 8
373403520 25
373248000 128
372008700 7
371589120 17
370440000 43
370355328 13
368793600 5
368640000 44
367569090 2
367500000 1
367416000 109
365783040 74
364500000 10
363031200 5
362880000 189
362797056 5
361675125 1
361267200 28
360150000 2
360067680 31
360000000 3
358400000 10
358318080 21
357210000 50
357128352 3
355622400 71
354375000 1
354294000 18
353894400 11
352800000 48
352719360 80
351232000 5
350065800 10
350000000 2
349920000 98
348509952 2
348364800 132
347287500 2
347208120 13
346816512 2
345744000 28
345600000 70
344452500 5
344207360 1
344064000 15
343000000 1
342921600 130
341397504 8
340341750 1
340200000 73
340122240 17
338829120 1
338688000 147
337563450 2
337500000 2
337182720 1
336140000 3
336063168 3
336000000 38
335923200 91
334807830 2
334430208 6
333396000 83
331914240 13
331776000 79
330750000 10
330674400 58
330301440 14
329417200 1
329280000 29
329204736 15
328050000 14
327680000 2
326728080 6
326592000 265
325140480 42
324135000 7
324060912 5
324000000 29
322694400 1
322560000 111
322486272 3
321489000 45
321126400 2
320060160 56
320000000 7
318864600 4
318504960 14
317520000 141
317447424 5
316108800 44
315059220 7
315000000 8
314928000 90
314572800 1
313600000 21
313528320 72
312558750 3
312500000 1
312487308 1
311169600 38
311040000 159
310007250 2
309786624 1
309657600 68
308700000 19
308629440 57
307328000 9
307200000 27
306180000 98
304819200 173
303750000 1
303464448 5
302526000 5
302400000 128
302330880 45
301056000 32
300056400 63
298722816 11
298598400 80
297675000 12
297606960 15
297271296 3
296352000 105
295245000 9
295034880 6
294912000 18
294055272 1
294000000 24
293932800 195
293601280 1
292626432 13
291721500 8
291600000 77
290424960 2
290304000 242
289340100 11
289013760 12
288120000 13
288054144 10
288000000 37
287043750 1
286720000 17
286654464 5
285768000 176
284497920 56
283553298 1
283500000 33
283435200 41
283115520 3
282240000 143
282175488 14
280985600 11
280052640 28
280000000 6
279936000 160
278691840 54
277830000 31
277766496 9
276595200 34
276480000 97
275625000 4
275562000 71
275251200 9
274400000 11
274337280 108
273375000 4
272273400 7
272160000 256
272097792 3
270950400 114
270050760 13
270000000 5
268912000 2
268800000 55
268738560 53
267907500 14
267846264 2
266716800 111
265720500 3
265531392 2
265420800 48
264600000 68
264539520 72
263424000 40
262549350 4
262500000 2
262440000 76
262144000 4
261382464 1
261273600 276
260406090 5
260112384 8
259308000 32
259200000 126
258155520 4
258048000 96
257298363 1
257250000 4
257191200 131
256901120 1
256048128 18
256000000 8
255150000 44
255091680 9
254121840 2
254016000 289
252887040 19
252047376 3
252000000 55
251942400 113
250880000 31
250822656 21
250047000 37
250000000 1
248935680 33
248832000 177
248062500 6
248005800 21
247726080 15
247062900 1
246960000 73
246903552 21
245862400 6
245760000 22
245046060 5
245000000 6
244944000 252
243855360 107
243101250 2
243045684 2
243000000 29
242020800 9
241920000 261
241864704 9
241116750 1
240945152 1
240844800 26
240100000 2
240045120 64
240000000 8
238878720 28
238239225 2
238140000 105
238085568 7
237180384 1
237081600 104
236250000 5
236196000 43
235929600 8
235200000 54
235146240 123
233377200 27
233280000 222
232339968 2
232243200 199
231525000 8
231472080 42
230496000 23
230400000 77
229635000 39
229582512 1
229376000 12
228614400 282
227598336 9
226894500 2
226800000 154
226748160 33
225792000 146
225042300 16
225000000 3
224788480 4
224042112 15
224000000 18
223948800 175
223256250 1
223205220 3
222953472 13
222264000 124
221276160 17
221184000 76
220541454 1
220500000 16
220449600 162
220200960 4
219520000 31
219469824 33
218700000 47
217818720 13
217728000 435
217005075 1
216760320 37
216090000 13
216040608 14
216000000 58
215129600 2
215040000 70
214990848 11
214375000 1
214326000 116
213373440 89
212625000 11
212576400 26
212336640 16
211680000 229
211631616 29
210739200 40
210039480 21
210000000 9
209952000 174
209018880 128
208372500 19
208324872 3
207446400 51
207360000 223
206671500 13
206524416 1
206438400 55
205800000 25
205752960 132
204800000 7
204205050 1
204120000 230
204073344 1
203297472 1
203212800 322
202538070 7
202500000 6
202309632 1
201684000 9
201600000 174
201553920 69
200930625 1
200884698 1
200704000 16
200037600 136
199148544 17
199065600 124
198450000 48
198404640 45
198180864 1
197568000 113
196875000 3
196830000 35
196689920 2
196608000 18
196036848 4
196000000 15
195955200 383
195084288 34
194481000 21
194400000 162
193616640 6
193536000 297
192937500 2
192893400 60
192675840 14
192080000 8
192036096 31
192000000 25
191362500 6
191318760 5
191102976 3
190591380 2
190512000 336
189665280 68
189078750 1
189035532 2
189000000 49
188956800 106
188743680 3
188160000 101
188116992 38
187535250 2
187500000 1
186701760 46
186624000 296
186004350 2
185794560 77
185220000 81
185177664 32
184473632 1
184396800 28
184320000 102
183784545 1
183750000 4
183708000 184
183500800 3
182891520 184
182250000 15
181515600 14
181440000 434
181398528 8
180633600 128
180075000 3
180033840 60
180000000 23
179830784 1
179200000 26
179159040 89
178605000 63
178564176 4
177811200 203
177147000 15
177020928 1
176947200 54
176400000 111
176359680 142
176160768 1
175616000 24
175032900 13
175000000 3
174960000 191
174254976 6
174182400 386
173643750 2
173604060 17
173408256 14
172872000 38
172800000 165
172226250 1
172103680 2
172032000 96
171532242 1
171500000 6
171460800 291
170698752 20
170100000 96
170061120 25
169869312 5
169414560 3
169344000 369
168781725 3
168591360 11
168070000 4
168031584 12
168000000 48
167961600 233
167215104 25
166698000 100
165957120 37
165888000 211
165375000 6
165337200 99
165150720 20
164640000 50
164602368 61
164025000 11
163840000 12
163364040 8
163296000 529
162570240 137
162067500 5
162030456 10
162000000 60
161347200 8
161280000 256
161243136 25
160744500 21
160563200 17
160030080 121
160000000 13
159432300 2
159252480 45
158826150 1
158760000 251
158723712 31
158054400 110
157529610 4
157500000 18
157464000 150
157351936 1
157286400 8
156800000 52
156764160 233
156279375 2
155584800 74
155520000 351
155003625 2
154893312 2
154828800 191
154350000 22
154314720 110
154140672 1
153664000 9
153600000 46
153090000 124
153055008 5
152409600 461
151875000 2
151732224 11
151263000 8
151200000 256
151165440 77
150994944 1
150590720 2
150528000 126
150028200 55
150000000 2
149361408 15
149299200 257
148837500 9
148803480 25
148635648 9
148176000 205
147622500 3
147517440 7
147456000 72
147027636 3
147000000 17
146966400 341
146800640 1
146313216 59
145860750 4
145800000 123
145212480 11
145152000 643
144670050 9
144506880 55
144060000 22
144027072 24
144000000 75
143360000 48
143327232 16
142884000 313
142248960 126
141750000 20
141717600 49
141557760 20
141178800 5
141120000 256
141087744 43
140492800 16
140026320 33
140000000 20
139968000 385
139345920 169
138915000 37
138883248 13
138297600 69
138240000 215
137812500 1
137781000 74
137682944 1
137625600 32
137200000 16
137168640 258
136136700 8
136080000 463
136048896 12
135475200 298
135056250 1
135025380 23
135000000 12
134873088 1
134456000 5
134400000 113
134369280 153
133953750 7
133923132 2
133358400 260
132860250 3
132765696 10
132710400 125
132300000 82
132269760 136
132120576 2
131712000 114
131250000 1
131220000 113
131072000 5
130691232 4
130636800 626
130056192 27
129654000 37
129600000 217
129077760 7
129024000 228
128625000 4
128595600 170
128450560 1
128024064 61
128000000 21
127575000 50
127545840 17
127401984 9
127008000 591
126443520 60
126052500 1
126023688 10
126000000 89
125971200 231
125829120 1
125440000 68
125411328 67
125023500 46
125000000 1
124467840 71
124416000 429
124002900 26
123863040 78
123531450 2
123480000 116
123451776 60
123018750 1
122931200 10
122880000 54
122523030 8
122500000 3
122472000 485
121927680 269
121522842 6
121500000 26
121010400 18
120960000 529
120932352 30
120558375 3
120422400 69
120050000 2
120022560 114
120000000 21
119439360 102
119070000 162
119042784 20
118540800 273
118125000 2
118098000 43
118013952 3
117964800 39
117600000 89
117573120 295
116688600 41
116640000 373
116169984 5
116121600 474
115762500 6
115736040 53
115605504 6
115248000 44
115200000 143
114817500 21
114791256 3
114688000 26
114307200 512
113906250 1
113799168 35
113447250 4
113400000 217
113374080 71
113246208 2
112943040 3
112896000 339
112521150 14
112500000 5
112394240 7
112021056 24
112000000 30
111974400 388
111602610 3
111476736 30
111132000 188
110638080 32
110592000 222
110270727 1
110250000 29
110224800 237
110100480 11
109760000 48
109734912 92
109350000 54
108909360 18
108864000 959
108380160 176
108045000 19
108020304 20
108000000 118
107564800 7
107520000 202
107495424 29
107163000 113
106686720 203
106312500 10
106288200 21
106168320 42
105884100 3
105840000 400
105815808 70
105369600 80
105019740 21
105000000 10
104976000 301
104857600 2
104509440 364
104186250 8
104162436 5
103723200 100
103680000 398
103335750 15
103262208 3
103219200 169
102900000 25
102876480 213
102760448 1
102400000 24
102102525 2
102060000 299
102036672 11
101648736 2
101606400 613
101269035 3
101250000 6
101154816 11
100842000 7
100800000 265
100776960 167
100352000 59
100018800 167
100000000 3
99574272 26
99532800 340
99225000 31
99202320 64
99090432 14
98784000 237
98437500 1
98415000 24
98344960 8
98304000 51
98018424 6
98000000 16
97977600 727
97542144 74
97240500 21
97200000 223
96808320 21
96768000 651
96468750 3
96446700 56
96337920 29
96040000 16
96018048 66
96000000 52
95681250 1
95551488 22
95295690 2
95256000 538
94832640 145
94517766 3
94500000 70
94478400 155
94371840 9
94119200 1
94080000 228
94058496 95
93767625 1
93750000 1
93350880 83
93312000 634
93002175 1
92897280 231
92610000 77
92588832 40
92198400 54
92160000 229
91854000 202
91750400 10
91445760 442
91125000 11
90757800 17
90720000 759
90699264 27
90316800 274
90037500 2
90016920 68
90000000 32
89915392 2
89600000 75
89579520 187
89302500 41
89282088 8
88905600 380
88573500 20
88510464 18
88473600 116
88200000 140
88179840 290
88080384 1
87808000 52
87516450 13
87500000 1
87480000 255
87127488 9
87091200 907
86802030 10
86704128 29
86436000 61
86400000 246
86093442 1
86051840 5
86016000 146
85750000 4
85730400 473
85349376 65
85050000 118
85030560 51
84934656 6
84707280 4
84672000 700
84375000 1
84295680 37
84035000 4
84015792 9
84000000 69
83980800 466
83886080 1
83607552 70
83349000 106
82978560 79
82944000 542
82687500 2
82668600 104
82575360 66
82320000 94
82301184 112
82012500 10
81920000 27
81682020 8
81648000 891
81285120 365
81033750 3
81015228 13
81000000 89
80673600 11
80640000 522
80621568 44
80372250 21
80281600 32
80015040 231
80000000 18
79626240 141
79380000 309
79361856 37
79027200 243
78764805 3
78750000 13
78732000 171
78675968 2
78643200 25
78400000 56
78382080 524
78121827 2
77792400 98
77760000 601
77446656 2
77414400 462
77175000 16
77157360 135
77070336 4
76832000 24
76800000 81
76545000 99
76527504 2
76236552 1
76204800 870
75937500 2
75866112 38
75631500 12
75600000 330
75582720 159
75497472 1
75295360 1
75264000 248
75014100 60
75000000 4
74680704 47
74649600 565
74401740 22
74317824 37
74088000 303
73811250 1
73758720 17
73728000 167
73513818 1
73500000 28
73483200 525
73400320 6
73156608 129
72930375 1
72900000 135
72606240 27
72576000 1176
72335025 3
72253440 99
72030000 11
72013536 57
72000000 105
71680000 85
71663616 46
71442000 349
71124480 301
70875000 19
70858800 63
70778880 50
70589400 1
70560000 413
70543872 118
70246400 40
70013160 39
70000000 11
69984000 603
69672960 447
69457500 26
69441624 21
69148800 130
69120000 439
68906250 1
68890500 61
68841472 1
68812800 80
68600000 25
68584320 471
68343750 2
68068350 1
68040000 649
68024448 14
67765824 1
67737600 684
67512690 8
67500000 11
67436544 7
67228000 7
67200000 177
67184640 305
66961566 4
66679200 308
66382848 30
66355200 347
66150000 109
66134880 183
66060288 7
65856000 178
65625000 1
65610000 122
65536000 20
65345616 6
65318400 1172
65028096 74
64827000 38
64800000 333
64538880 10
64512000 549
64312500 2
64297800 188
64225280 8
64012032 114
64000000 43
63787500 27
63772920 12
63700992 25
63530460 2
63504000 892
63221760 132
63011844 11
63000000 96
62985600 378
62914560 3
62720000 104
62705664 163
62511750 13
62233920 109
62208000 902
62001450 8
61931520 197
61740000 157
61725888 77
61465600 29
61440000 128
61261515 2
61250000 4
61236000 595
60963840 618
60761421 2
60750000 27
60505200 19
60480000 863
60466176 43
60211200 168
60025000 2
60011280 155
60000000 23
59719680 258
59535000 135
59521392 21
59270400 414
59062500 2
59049000 59
59006976 8
58982400 94
58800000 122
58786560 561
58344300 34
58320000 498
58084992 11
58060800 1086
57881250 2
57868020 53
57802752 11
57624000 54
57600000 292
57408750 17
57395628 1
57344000 57
57177414 2
57153600 772
56899584 88
56700000 265
56687040 119
56623104 5
56471520 2
56448000 672
56260575 2
56250000 5
56197120 10
56010528 44
56000000 41
55987200 761
55738368 92
55566000 236
55319040 75
55296000 515
55125000 17
55112400 291
55050240 33
54880000 64
54867456 190
54675000 29
54454680 19
54432000 1543
54190080 340
54022500 16
54010152 30
54000000 119
53782400 13
53760000 315
53747712 81
53581500 89
53343360 344
53156250 2
53144100 15
53084160 145
52920000 491
52907904 119
52706752 1
52684800 134
52509870 16
52500000 6
52488000 437
52428800 12
52254720 697
52093125 1
52081218 2
51861600 149
51840000 746
51631104 3
51609600 364
51450000 19
51438240 344
51380224 7
51200000 55
51030000 287
51018336 10
50824368 1
50803200 1091
50625000 6
50577408 27
50421000 10
50400000 412
50388480 316
50176000 93
50009400 155
50000000 1
49787136 47
49766400 695
49612500 28
49601160 62
49545216 34
49392000 331
49207500 22
49172480 18
49152000 95
49009212 8
49000000 28
48988800 1090
48771072 165
48620250 16
48600000 280
48404160 24
48384000 1204
48223350 33
48168960 67
48020000 22
48009024 94
48000000 81
47840625 1
47829690 2
47775744 47
47628000 678
47416320 322
47258883 2
47250000 59
47239200 185
47185920 26
47059600 1
47040000 306
47029248 199
46675440 111
46656000 961
46448640 503
46305000 86
46294416 48
46099200 66
46080000 395
45927000 187
45875200 37
45722880 742
45562500 4
45378900 6
45360000 1030
45349632 50
45177216 3
45158400 574
45008460 49
45000000 26
44957696 4
44800000 94
44789760 445
44651250 20
44641044 8
44452800 496
44286750 2
44255232 24
44236800 300
44100000 171
44089920 412
44040192 1
43904000 85
43758225 2
43750000 2
43740000 301
43563744 19
43545600 1672
43401015 3
43352064 68
43218000 77
43200000 394
43025920 9
43008000 341
42875000 4
42865200 457
42674688 141
42525000 111
42515280 30
42467328 24
42353640 3
42336000 1064
42147840 94
42017500 1
42007896 22
42000000 99
41990400 690
41803776 191
41674500 98
41489280 132
41472000 1007
41343750 1
41334300 84
41287680 114
41160000 127
41150592 200
41006250 4
40960000 31
40841010 10
40824000 1147
40642560 689
40516875 1
40507614 4
40500000 74
40336800 26
40320000 803
40310784 104
40186125 5
40140800 66
40007520 292
40000000 14
39813120 290
39690000 318
39680928 69
39513600 436
39375000 6
39366000 202
39337984 3
39321600 56
39200000 68
39191040 917
38896200 110
38880000 849
38723328 12
38707200 985
38587500 5
38578680 141
38535168 12
38416000 17
38400000 166
38281250 1
38272500 61
38263752 8
38118276 3
38102400 1249
37933056 63
37815750 3
37800000 453
37791360 225
37748736 5
37647680 2
37632000 418
37507050 38
37500000 1
37340352 54
37324800 1016
37200870 8
37158912 109
37044000 355
36879360 45
36864000 323
36756909 1
36750000 22
36741600 679
36700160 10
36578304 258
36450000 123
36303120 26
36288000 1809
36126720 247
36015000 16
36006768 56
36000000 126
35840000 154
35831808 88
35721000 297
35562240 466
35437500 7
35429400 56
35389440 117
35280000 533
35271936 203
35123200 58
35006580 27
35000000 10
34992000 775
34836480 979
34728750 11
34720812 5
34574400 145
34560000 839
34445250 25
34420736 1
34406400 207
34300000 28
34292160 666
34171875 1
34034175 2
34020000 646
34012224 30
33882912 3
33868800 1117
33756345 3
33750000 24
33718272 14
33614000 5
33600000 299
33592320 515
33554432 1
33339600 364
33191424 55
33177600 729
33075000 69
33067440 192
33030144 17
32941720 1
32928000 275
32805000 69
32768000 31
32672808 11
32659200 1786
32514048 196
32413500 38
32400000 418
32269440 14
32256000 1004
32148900 128
32112640 17
32006016 175
32000000 42
31893750 9
31886460 13
31850496 47
31765230 3
31752000 1050
31610880 267
31505922 4
31500000 86
31492800 430
31457280 15
31360000 183
31352832 252
31255875 5
31116960 150
31104000 1364
31000725 2
30965760 430
30870000 131
30862944 96
30732800 33
30720000 237
30625000 4
30618000 599
30481920 1024
30375000 30
30252600 14
30240000 1206
30233088 79
30118144 2
30105600 319
30012500 3
30005640 170
30000000 21
29859840 524
29767500 86
29760696 22
29635200 576
29524500 38
29503488 7
29491200 239
29412250 1
29400000 159
29393280 795
29172150 20
29160000 575
29042496 12
29030400 1803
28934010 18
28901376 51
28812000 70
28800000 400
28704375 2
28672000 112
28576800 944
28449792 145
28350000 237
28343520 111
28311552 10
28235760 4
28224000 995
28098560 26
28005264 40
28000000 65
27993600 1125
27869184 215
27783000 194
27659520 124
27648000 897
27562500 10
27556200 229
27525120 64
27440000 90
27433728 302
27337500 20
27227340 8
27216000 1839
27095040 653
27011250 7
27005076 23
27000000 113
26891200 13
26880000 486
26873856 159
26790750 39
26671680 467
26572050 9
26542080 282
26460000 430
26453952 143
26342400 273
26254935 6
26250000 14
26244000 448
26214400 11
26127360 1291
26040609 1
25930800 127
25920000 994
25815552 10
25804800 690
25725000 21
25719120 355
25690112 6
25600000 72
25515000 213
25509168 16
25412184 3
25401600 1637
25312500 2
25288704 43
25210500 6
25200000 471
25194240 426
25165824 3
25088000 174
25004700 116
25000000 4
24893568 72
24883200 1150
24806250 8
24800580 45
24772608 94
24706290 1
24696000 425
24603750 1
24586240 18
24576000 192
24504606 2
24500000 23
24494400 1315
24385536 329
24310125 1
24300000 260
24202080 36
24192000 1835
24111675 7
24084480 140
24010000 12
24004512 111
24000000 101
23914845 1
23887872 115
23814000 694
23708160 508
23625000 40
23619600 172
23592960 67
23520000 404
23514624 328
23437500 1
23337720 85
23328000 1385
23224320 913
23152500 52
23147208 41
23049600 89
23040000 662
22963500 113
22937600 51
22861440 1068
22781250 3
22689450 9
22680000 1040
22674816 59
22588608 2
22579200 937
22504230 33
22500000 25
22478848 6
22400000 139
22394880 734
22325625 6
22320522 3
22226400 571
22127616 39
22118400 582
22050000 159
22044960 492
22020096 8
21952000 119
21875000 1
21870000 240
21781872 8
21772800 2456
21676032 123
21609000 70
21600000 523
21512960 10
21504000 553
21437500 2
21432600 375
21337344 236
21262500 39
21257640 28
21233664 49
21176820 1
21168000 1259
21093750 1
21073920 123
21003948 20
21000000 101
20995200 903
20971520 5
20901888 356
20837250 33
20744640 152
20736000 1590
20667150 32
20643840 264
20580000 137
20575296 218
20480000 80
20412000 1167
20321280 1121
20250000 63
20168400 25
20160000 1175
20155392 171
20070400 108
20003760 301
20000000 12
19906560 583
19845000 231
19840464 47
19756800 606
19687500 3
19683000 139
19668992 7
19660800 103
19600000 102
19595520 1335
19448100 58
19440000 932
19361664 13
19353600 1652
19293750 7
19289340 88
19267584 27
19208000 35
19200000 222
19136250 32
19131876 2
19051200 1491
18966528 125
18900000 379
18895680 260
18874368 8
18823840 2
18816000 597
18753525 7
18750000 2
18670176 57
18662400 1601
18600435 3
18579456 184
18522000 312
18439680 82
18432000 638
18375000 19
18370800 669
18350080 22
18289152 397
18225000 72
18151560 30
18144000 2428
18063360 418
18007500 9
18003384 50
18000000 165
17920000 213
17915904 178
17860500 175
17781120 598
17718750 6
17714700 28
17694720 192
17647350 2
17640000 583
17635968 244
17561600 112
17503290 19
17500000 12
17496000 926
17418240 1580
17364375 3
17360406 13
17287200 152
17280000 1121
17222625 5
17203200 375
17150000 18
17146080 683
17010000 543
17006112 30
16941456 3
16934400 1628
16875000 12
16859136 29
16807000 3
16800000 367
16796160 728
16669800 315
16595712 63
16588800 1279
16537500 36
16533720 166
16515072 58
16470860 1
16464000 309
16402500 40
16384000 57
16336404 9
16329600 2249
16257024 331
16206750 12
16200000 403
16134720 27
16128000 1416
16074450 55
16056320 49
16003008 194
16000000 45
15946875 1
15943230 3
15925248 114
15876000 1082
15805440 363
15752961 1
15750000 74
15746400 460
15728640 33
15680000 200
15676416 452
15558480 146
15552000 1833
15482880 786
15435000 107
15431472 113
15366400 59
15360000 365
15309000 397
15240960 1376
15187500 6
15126300 15
15120000 1343
15116544 136
15059072 1
15052800 507
15002820 99
15000000 20
14929920 905
14883750 38
14880348 17
14823774 1
14817600 752
14762250 7
14751744 13
14745600 358
14700000 117
14696640 928
14680064 2
14586075 4
14580000 546
14521248 20
14515200 2792
14467005 4
14450688 108
14406000 61
14400000 475
14336000 183
14288400 813
14224896 249
14175000 130
14171760 114
14155776 35
14117880 2
14112000 1204
14049280 59
14002632 35
14000000 54
13996800 1495
13934592 366
13891500 103
13829760 166
13824000 1375
13778100 125
13762560 95
13720000 83
13716864 369
13668750 8
13613670 6
13608000 1923
13547520 1068
13505625 1
13502538 15
13500000 99
13445600 12
13440000 673
13436928 249
13395375 12
13335840 542
13286025 1
13271040 513
13230000 402
13226976 162
13171200 347
13125000 5
13122000 371
13107200 23
13063680 1921
12965400 123
12960000 1313
12907776 13
12902400 1119
12862500 12
12859560 278
12845056 8
12800000 94
12757500 125
12754584 11
12700800 1968
12644352 76
12605250 5
12600000 439
12597120 539
12582912 5
12544000 237
12502350 58
12500000 3
12446784 81
12441600 1869
12403125 1
12400290 21
12386304 149
12348000 396
12293120 33
12288000 274
12252303 3
12250000 19
12247200 1338
12192768 433
12150000 192
12101040 37
12096000 2477
12042240 223
12005000 8
12002256 109
12000000 111
11943936 201
11907000 500
11854080 632
11812500 18
11809800 130
11796480 141
11760000 444
11757312 437
11668860 63
11664000 1557
11612160 1557
11576250 20
11573604 36
11524800 101
11520000 863
11481750 42
11468800 115
11430720 1276
11344725 4
11340000 1041
11337408 79
11294304 4
11289600 1320
11252115 10
11250000 19
11239424 10
11200000 152
11197440 1081
11113200 498
11063808 60
11059200 1008
11025000 89
11022480 400
11010048 14
10976000 143
10935000 154
10890936 20
10886400 3190
10838016 268
10804500 38
10800000 510
10756480 13
10752000 777
10718750 2
10716300 233
10668672 265
10631250 17
10628820 20
10616832 75
10588410 4
10584000 1303
10536960 208
10501974 15
10500000 84
10497600 932
10485760 7
10450944 620
10418625 4
10372320 174
10368000 2088
10333575 4
10321920 484
10290000 93
10287648 214
10240000 108
10206000 941
10160640 1611
10125000 30
10084200 18
10080000 1252
10077696 240
10035200 177
10001880 259
10000000 12
9953280 991
9922500 106
9920232 57
9878400 655
9841500 79
9834496 12
9830400 148
9800000 88
9797760 1546
9724050 31
9720000 958
9680832 22
9676800 2376
9644670 50
9633792 50
9604000 25
9600000 306
9568125 4
9525600 1439
9483264 205
9450000 304
9447840 256
9437184 17
9411920 3
9408000 760
9375000 1
9335088 51
9331200 2049
9289728 337
9261000 236
9219840 108
9216000 989
9187500 7
9185400 469
9175040 21
9144576 548
9112500 24
9075780 18
9072000 2648
9031680 664
9003750 2
9001692 35
9000000 147
8960000 256
8957952 296
8930250 68
8890560 689
8857350 13
8847360 401
8820000 518
8817984 304
8780800 145
8751645 1
8750000 6
8748000 775
8709120 2163
8680203 1
8643600 133
8640000 1284
8605184 3
8601600 541
8575000 15
8573040 619
8505000 347
8503056 25
8470728 4
8467200 2122
8437500 3
8429568 40
8403500 1
8400000 370
8398080 997
8334900 190
8297856 96
8294400 1869
8268750 15
8266860 123
8257536 92
8232000 294
8201250 12
8192000 99
8168202 2
8164800 2361
8128512 467
8103375 7
8100000 340
8067360 25
8064000 1944
8037225 7
8028160 64
8001504 183
8000000 46
7962624 183
7938000 857
7902720 518
7875000 39
7873200 345
7864320 63
7840000 217
7838208 620
7779240 115
7776000 2124
7741440 1225
7717500 46
7715736 94
7683200 45
7680000 470
7654500 191
7620480 1573
7593750 3
7563150 5
7560000 1313
7558272 133
7526400 653
7501410 47
7500000 28
7464960 1383
7441875 10
7440174 9
7408800 701
7381125 3
7375872 31
7372800 590
7350000 100
7348320 876
7340032 4
7290000 405
7260624 22
7257600 3407
7225344 185
7203000 48
7200000 468
7168000 277
7144200 585
7112448 271
7087500 61
7085880 70
7077888 71
7058940 2
7056000 1290
7024640 62
7001316 21
7000000 51
6998400 1551
6967296 556
6945750 46
6914880 183
6912000 1890
6890625 1
6889050 60
6881280 207
6860000 59
6858432 412
6834375 1
6806835 1
6804000 1768
6773760 1349
6751269 4
6750000 72
6722800 13
6720000 788
6718464 363
6667920 489
6635520 877
6615000 265
6613488 130
6585600 402
6562500 5
6561000 253
6553600 44
6531840 2269
6482700 62
6480000 1335
6453888 7
6451200 1707
6431250 7
6429780 161
6422528 9
6400000 104
6378750 55
6377292 10
6353046 1
6350400 1974
6322176 143
6302625 2
6300000 345
6298560 563
6291456 7
6272000 271
6251175 13
6223392 83
6220800 2404
6200145 7
6193152 279
6174000 297
6146560 37
6144000 429
6125000 10
6123600 1037
6096384 635
6075000 103
6050520 17
6048000 2719
6021120 334
6002500 5
6001128 80
6000000 125
5971968 333
5953500 236
5927040 729
5906250 2
5904900 63
5898240 239
5882450 1
5880000 426
5878656 494
5834430 38
5832000 1380
5806080 2144
5788125 3
5786802 17
5762400 105
5760000 1061
5740875 4
5734400 158
5715360 1179
5670000 737
5668704 68
5647152 2
5644800 1614
5625000 12
5619712 7
5600000 157
5598720 1393
5556600 353
5531904 60
5529600 1442
5512500 36
5511240 308
5505024 32
5488000 158
5467500 48
5445468 15
5443200 3310
5419008 377
5402250 12
5400000 444
5378240 15
5376000 1052
5358150 77
5334336 282
5315625 2
5314410 8
5308416 168
5292000 1215
5268480 266
5250987 2
5250000 52
5248800 815
5242880 13
5225472 770
5186160 164
5184000 2307
5160960 749
5145000 67
5143824 215
5120000 138
5103000 594
5080320 1889
5062500 16
5042100 7
5040000 1250
5038848 265
5017600 250
5000940 129
5000000 13
4976640 1443
4961250 40
4960116 26
4939200 601
4920750 21
4917248 6
4915200 263
4900000 67
4898880 1610
4862025 12
4860000 707
4840416 19
4838400 3061
4822335 11
4816896 57
4802000 26
4800000 323
4762800 1120
4741632 253
4725000 142
4723920 221
4718592 29
4705960 1
4704000 834
4667544 40
4665600 2241
4644864 565
4630500 129
4609920 91
4608000 1224
4593750 4
4592700 215
4587520 54
4572288 567
4556250 6
4537890 10
4536000 2460
4515840 930
4500846 19
4500000 97
4480000 283
4478976 425
4465125 16
4445280 656
4428675 3
4423680 627
4410000 373
4408992 282
4390400 138
4375000 3
4374000 579
4354560 2679
4321800 99
4320000 1371
4302592 2
4300800 845
4287500 10
4286520 447
4252500 185
4251528 24
4235364 2
4233600 2137
4214784 53
4201750 1
4200000 293
4199040 956
4194304 2
4167450 73
4148928 84
4147200 2389
4133430 31
4128768 137
4116000 277
4100625 2
4096000 130
4084101 1
4082400 1909
4064256 652
4050000 218
4033680 19
4032000 2177
4014080 89
4000752 175
4000000 41
3981312 320
3969000 536
3951360 585
3937500 17
3936600 225
3932160 101
3920000 197
3919104 713
3889620 61
3888000 2082
3870720 1693
3858750 17
3857868 55
3841600 61
3840000 559
3828125 1
3827250 65
3810240 1632
3796875 1
3781575 3
3780000 1016
3779136 169
3763200 884
3750705 7
3750000 6
3732480 1771
3720087 2
3704400 498
3687936 40
3686400 857
3675000 68
3674160 696
3670016 12
3645000 207
3630312 12
3628800 3701
3612672 232
3601500 28
3600000 477
3584000 289
3572100 319
3556224 318
3543750 22
3542940 34
3538944 106
3529470 2
3528000 1096
3512320 92
3500658 16
3500000 37
3499200 1396
3483648 814
3472875 4
3457440 148
3456000 2165
3444525 11
3440640 323
3430000 36
3429216 394
3402000 1218
3386880 1709
3375000 29
3361400 7
3360000 813
3359232 410
3333960 305
3317760 1224
3307500 140
3306744 81
3292800 410
3280500 105
3276800 79
3265920 2319
3241350 27
3240000 1122
3226944 9
3225600 2122
3214890 74
3211264 12
3200000 113
3189375 3
3188646 3
3176523 1
3175200 1576
3161088 177
3150000 219
3149280 451
3145728 17
3136000 292
3111696 81
3110400 2793
3096576 384
3087000 163
3073280 26
3072000 585
3062500 4
3061800 614
3048192 739
3037500 41
3025260 17
3024000 2627
3010560 462
3001250 1
3000564 49
3000000 102
2985984 474
2976750 88
2963520 682
2952450 18
2949120 349
2940000 278
2939328 497
2917215 2
2916000 1150
2903040 2638
2893401 6
2881200 87
2880000 1075
2867200 211
2857680 844
2835000 420
2834352 52
2823576 1
2822400 1714
2812500 1
2809856 28
2800000 151
2799360 1567
2778300 177
2765952 76
2764800 1901
2756250 7
2755620 150
2752512 55
2744000 128
2733750 24
2722734 6
2721600 2964
2709504 512
2701125 2
2700000 316
2689120 8
2688000 1135
2679075 19
2667168 260
2657205 1
2654208 264
2646000 833
2634240 309
2625000 30
2624400 563
2621440 14
2612736 945
2593080 106
2592000 2489
2580480 1034
2572500 35
2571912 140
2560000 169
2551500 271
2540160 1873
2531250 3
2521050 6
2520000 1028
2519424 293
2508800 254
2500470 77
2500000 6
2488320 1829
2480625 4
2480058 10
2469600 551
2460375 7
2458624 7
2457600 348
2450000 48
2449440 1346
2430000 462
2420208 10
2419200 3371
2408448 93
2401000 17
2400000 289
2381400 752
2370816 298
2362500 52
2361960 123
2359296 70
2352000 780
2333772 27
2332800 2236
2322432 733
2315250 44
2304960 89
2304000 1449
2296350 89
2293760 93
2286144 626
2278125 3
2268945 2
2268000 1819
2257920 1178
2250423 8
2250000 40
2240000 275
2239488 556
2222640 507
2211840 899
2205000 210
2204496 222
2195200 165
2187000 345
2177280 2903
2160900 48
2160000 1168
2151296 2
2150400 1000
2143750 2
2143260 231
2126250 42
2125764 8
2117682 1
2116800 1823
2107392 65
2100000 212
2099520 897
2097152 2
2083725 9
2074464 77
2073600 2752
2066715 5
2064384 189
2058000 161
2048000 154
2041200 1392
2032128 720
2025000 118
2016840 12
2016000 2089
2007040 136
2000376 94
2000000 48
1990656 464
1984500 258
1975680 604
1968750 3
1968300 120
1966080 136
1960000 154
1959552 714
1944810 27
1944000 1767
1935360 2167
1929375 7
1928934 20
1920800 34
1920000 581
1913625 10
1905120 1321
1890000 593
1889568 136
1881600 895
1875000 3
1866240 1952
1852200 332
1843968 38
1843200 1125
1837500 25
1837080 427
1835008 9
1822500 93
1815156 9
1814400 3480
1806336 313
1800750 8
1800000 352
1792000 369
1786050 120
1778112 322
1771875 1
1771470 12
1769472 149
1764000 834
1756160 90
1750329 1
1750000 18
1749600 1176
1741824 1002
1728720 101
1728000 2220
1720320 409
1715000 23
1714608 280
1701000 722
1693440 1722
1687500 16
1680700 2
1680000 707
1679616 437
1666980 164
1658880 1596
1653750 43
1653372 41
1646400 327
1640250 26
1638400 93
1632960 1996
1620675 5
1620000 785
1613472 10
1612800 2313
1607445 17
1605632 20
1600000 96
1587600 1085
1580544 196
1575000 143
1574640 342
1572864 26
1568000 271
1555848 46
1555200 2759
1548288 492
1543500 92
1536640 54
1536000 719
1531250 1
1530900 286
1524096 730
1518750 11
1512630 6
1512000 2078
1505280 560
1500282 27
1500000 56
1492992 619
1488375 15
1481760 599
1476225 3
1474560 454
1470000 188
1469664 384
1458000 760
1451520 2873
1440600 46
1440000 997
1433600 296
1428840 525
1417500 158
1417176 35
1411788 1
1411200 1532
1404928 23
1400000 114
1399680 1411
1389150 79
1382976 50
1382400 2162
1378125 2
1377810 62
1376256 86
1372000 81
1366875 2
1360800 2301
1354752 573
1350000 196
1344560 9
1344000 1203
1333584 189
1327104 349
1323000 498
1317120 280
1312500 3
1312200 345
1310720 34
1306368 986
1296540 54
1296000 2107
1290240 1339
1286250 10
1285956 68
1280000 175
1275750 68
1270080 1548
1260000 750
1259712 259
1254400 295
1250235 9
1250000 3
1244160 2052
1240029 4
1234800 328
1229312 11
1228800 486
1225000 16
1224720 910
1215000 225
1210104 8
1209600 3270
1204224 130
1200500 9
1200000 244
1190700 278
1185408 255
1181250 11
1180980 69
1179648 82
1176000 619
1166886 18
1166400 1843
1161216 841
1157625 8
1152480 76
1152000 1562
1148175 15
1146880 97
1143072 436
1134000 1196
1128960 1158
1125000 20
1120000 252
1119744 588
1111320 279
1105920 1167
1102500 86
1102248 118
1097600 142
1093750 2
1093500 149
1088640 2607
1080450 11
1080000 904
1075648 3
1075200 1112
1071630 79
1063125 3
1062882 1
1058400 1407
1053696 97
1050000 127
1049760 699
1048576 5
1037232 60
1036800 2748
1032192 299
1029000 82
1024000 182
1020600 795
1016064 711
1012500 45
1008420 7
1008000 1823
1003520 157
1000188 50
1000000 27
995328 588
992250 72
987840 512
984150 37
983040 190
980000 98
979776 687
972405 4
972000 1215
967680 2316
964467 6
960400 21
960000 544
952560 925
945000 340
944784 85
941192 2
940800 840
937500 3
933120 1829
926100 151
921984 33
921600 1363
918750 8
918540 216
917504 25
911250 20
907578 5
907200 2800
903168 329
900375 1
900000 235
896000 388
893025 16
889056 268
885735 2
884736 233
882000 542
878080 87
875000 15
874800 707
870912 997
864360 69
864000 2040
860160 556
857500 8
857304 170
850500 284
846720 1544
843750 2
840350 1
840000 468
839808 432
833490 61
829440 1812
826875 3
826686 15
823200 234
820125 6
819200 132
816480 1527
810000 470
806736 6
806400 2310
802816 44
800000 75
793800 629
790272 205
787500 36
787320 184
786432 33
784000 242
777924 29
777600 2390
774144 634
771750 33
768320 29
768000 723
765450 98
762048 612
759375 2
756000 1445
752640 591
750141 2
750000 26
746496 616
740880 373
737280 642
735000 116
734832 277
729000 354
725760 2791
720300 26
720000 771
716800 286
714420 268
708750 30
708588 11
705600 1250
702464 34
700000 53
699840 1120
694575 10
691488 44
691200 2226
688905 13
688128 95
686000 64
680400 1407
677376 585
675000 89
672280 5
672000 1070
666792 99
663552 445
661500 194
658560 269
656250 2
656100 144
655360 32
653184 899
648270 25
648000 1607
645120 1387
643125 1
642978 23
640000 178
637875 9
635040 1167
630000 434
629856 193
627200 250
625000 2
622080 1993
617400 217
614656 8
614400 588
612500 7
612360 500
607500 90
605052 2
604800 2693
602112 148
600250 2
600000 184
595350 108
592704 238
590625 3
590490 19
589824 114
588000 423
583443 1
583200 1274
580608 967
576240 63
576000 1430
573440 120
571536 309
567000 567
564480 1087
562500 12
560000 194
559872 545
555660 133
552960 1283
551250 22
551124 56
548800 97
546750 34
544320 2085
540225 2
540000 616
537824 1
537600 1096
535815 17
531441 2
529200 833
526848 89
525000 51
524880 457
524288 9
518616 45
518400 2440
516096 362
514500 32
512000 220
510300 317
508032 638
506250 8
504210 1
504000 1306
501760 160
500094 28
500000 20
497664 652
496125 11
493920 386
492075 6
491520 240
490000 59
489888 502
486000 758
483840 2227
480200 14
480000 463
476280 472
472500 119
472392 56
470400 654
466560 1515
463050 40
460992 22
460800 1430
459270 56
458752 25
455625 1
453600 1933
451584 372
450000 129
448000 318
444528 178
442368 310
441000 278
439040 85
437500 8
437400 390
435456 953
432180 27
432000 1638
430080 605
428750 2
428652 92
425250 75
423360 1164
420000 335
419904 331
416745 7
414720 1852
413343 2
411600 171
409600 130
408240 936
405000 230
403368 3
403200 2042
401408 32
400000 73
396900 285
395136 169
393750 13
393660 80
393216 43
392000 177
388962 12
388800 1754
387072 658
385875 4
384160 18
384000 663
382725 19
381024 439
378000 869
376320 568
375000 10
373248 632
370440 209
368640 740
367500 33
367416 141
364500 144
362880 2353
360150 3
360000 517
358400 295
357210 91
354375 5
354294 4
352800 851
351232 23
350000 33
349920 724
345744 42
345600 2040
344064 124
343000 33
340200 660
338688 560
337500 49
336140 2
336000 808
333396 46
331776 504
330750 62
329280 200
328050 38
327680 50
326592 684
324135 3
324000 968
322560 1379
321489 6
320000 158
317520 768
315000 196
314928 101
313600 216
311040 1810
308700 85
307328 11
307200 597
306250 4
306180 203
303750 22
302526 3
302400 2009
301056 163
300000 100
297675 20
296352 168
295245 3
294912 134
294000 264
291600 672
290304 904
288120 39
288000 1184
286720 123
285768 187
283500 194
282240 907
280000 136
279936 448
277830 57
276480 1360
275625 4
275562 17
274400 71
273375 8
272160 1422
270000 325
268912 3
268800 1031
264600 475
263424 90
262500 18
262440 198
262144 7
259308 22
259200 1994
258048 388
257250 9
256000 213
255150 106
254016 495
253125 2
252105 1
252000 890
250880 151
250047 6
250000 10
248832 615
246960 189
245760 292
245000 18
244944 304
243000 313
241920 1912
240100 4
240000 357
238140 205
236250 32
236196 17
235200 473
233280 1124
231525 12
230496 27
230400 1333
229635 10
229376 28
226800 1093
225792 372
225000 57
224000 276
222264 82
221184 301
220500 100
219520 63
218700 129
217728 808
216090 9
216000 1105
215040 603
214375 1
214326 30
212625 4
211680 772
210000 160
209952 219
207360 1714
205800 72
204800 148
204120 492
202500 89
201684 2
201600 1496
200704 46
200000 26
198450 73
197568 105
196875 1
196830 12
196608 51
196000 102
194481 3
194400 1077
193536 614
192080 17
192000 609
190512 256
189000 405
188160 439
187500 5
186624 559
185220 87
184320 739
183750 12
183708 62
182250 30
181440 1606
180000 347
179200 278
178605 16
177147 1
176400 451
175616 16
175000 10
174960 443
172872 18
172800 1640
172032 156
171500 10
170100 286
169344 421
168750 10
168000 535
166698 19
165888 527
165375 9
164640 142
164025 8
163840 65
163296 421
162000 561
161280 1178
160000 126
158760 380
157500 74
157464 51
156800 171
155520 1440
154350 33
153664 8
153600 588
153090 50
151875 3
151200 1233
150528 145
150000 61
148176 99
147456 165
147000 107
145800 342
145152 812
144060 7
144000 879
143360 146
142884 76
141750 72
141120 660
140000 99
139968 300
138915 9
138240 1261
137781 3
137200 40
136080 844
135000 149
134456 2
134400 748
132300 191
131712 63
131250 3
131220 64
131072 12
129654 6
129600 1368
129024 350
128625 4
128000 168
127575 14
127008 336
126000 445
125440 117
125000 1
124416 582
123480 101
122880 282
122500 13
122472 153
121500 128
120960 1428
120050 1
120000 219
119070 66
118125 7
118098 7
117600 311
116640 699
115248 14
115200 1064
114688 33
113400 565
112896 306
112500 19
112000 166
111132 33
110592 344
110250 26
109760 45
109350 23
108864 598
108000 652
107520 548
107163 4
105840 479
105000 62
104976 132
103680 1371
102900 39
102400 140
102060 172
101250 21
100800 1051
100352 36
100000 17
99225 11
98784 85
98415 4
98304 57
98000 54
97200 556
96768 539
96040 10
96000 468
95256 146
94500 134
94080 321
93750 1
93312 416
92610 32
92160 702
91875 3
91854 11
91125 1
90720 1058
90000 145
89600 243
88200 220
87808 25
87500 8
87480 196
86436 11
86400 1261
86016 153
85750 4
85050 67
84672 308
84000 371
83349 5
82944 510
82320 87
81920 58
81648 284
81000 233
80640 1027
80000 73
79380 165
78750 17
78732 16
78400 114
77760 917
77175 6
76832 7
76800 501
76545 7
75600 661
75264 117
75000 24
74088 53
73728 162
73500 39
72900 138
72576 561
72030 3
72000 559
71680 128
71442 23
70875 12
70560 371
70000 32
69984 169
69120 1053
68600 22
68040 400
67500 43
67200 588
66150 48
65856 54
65610 25
65536 8
64827 1
64800 769
64512 329
64000 113
63504 189
63000 202
62720 100
62208 452
61740 46
61440 268
61250 2
61236 52
60750 26
60480 961
60000 127
59535 12
58800 191
58320 386
57624 7
57600 811
57344 33
56700 192
56448 202
56250 3
56000 116
55566 9
55296 342
55125 4
54880 26
54675 3
54432 384
54000 313
53760 428
52920 223
52500 24
52488 53
51840 977
51450 8
51200 126
51030 52
50625 1
50421 1
50400 590
50176 35
50000 10
49392 43
49152 64
49000 24
48600 237
48384 421
48020 5
48000 308
47628 69
47250 25
47040 206
46656 291
46305 7
46080 575
45927 3
45360 547
45000 67
44800 150
44100 82
43904 13
43740 81
43218 2
43200 785
43008 149
42525 6
42336 192
42000 169
41472 401
41160 35
40960 46
40824 136
40500 72
40320 680
40000 39
39690 40
39375 3
39366 4
39200 82
38880 503
38416 2
38400 397
37800 279
37632 102
37500 7
37044 23
36864 165
36750 8
36450 25
36288 338
36015 1
36000 298
35840 107
35721 6
35280 203
35000 17
34992 104
34560 744
34300 3
34020 147
33750 7
33600 346
33075 9
32928 28
32805 3
32768 11
32400 369
32256 258
32000 89
31752 74
31500 59
31360 81
31250 1
31104 311
30870 8
30720 240
30618 13
30375 1
30240 554
30000 56
29400 81
29160 176
28812 2
28800 540
28672 36
28350 52
28224 140
28125 1
28000 41
27783 3
27648 285
27440 9
27216 192
27000 147
26880 350
26460 76
26250 6
26244 21
25920 578
25725 1
25600 104
25515 5
25200 264
25088 14
25000 2
24696 23
24576 70
24500 9
24300 77
24192 289
24010 1
24000 164
23814 13
23625 3
23520 140
23328 163
23040 454
22680 239
22500 19
22400 102
22050 27
21952 11
21870 28
21609 1
21600 487
21504 102
21168 116
21000 66
20736 321
20580 11
20480 59
20412 46
20250 15
20160 439
20000 17
19845 6
19683 1
19600 31
19440 280
19208 1
19200 244
18900 118
18816 61
18750 1
18522 4
18432 156
18375 1
18225 5
18144 237
18000 142
17920 80
17640 97
17500 4
17496 49
17280 516
17150 4
17010 31
16875 2
16800 200
16464 11
16384 10
16200 181
16128 227
16000 49
15876 17
15750 14
15680 43
15552 196
15435 2
15360 196
15309 1
15120 284
15000 24
14700 28
14580 67
14406 2
14400 333
14336 21
14175 7
14112 74
14000 24
13824 190
13720 6
13608 59
13500 31
13440 221
13230 23
13122 11
12960 328
12800 68
12600 141
12544 12
12500 1
12348 7
12288 51
12250 3
12150 29
12096 200
12000 105
11907 4
11760 63
11664 91
11520 361
11340 89
11250 3
11200 70
11025 2
10976 9
10935 2
10800 221
10752 76
10584 42
10500 24
10368 170
10290 5
10240 39
10206 13
10125 2
10080 224
10000 10
9800 14
9720 115
9600 181
9450 18
9408 46
9216 101
9072 98
9000 57
8960 52
8820 33
8750 1
8748 17
8640 304
8505 2
8400 69
8232 5
8192 13
8100 48
8064 145
8000 33
7938 8
7875 6
7840 16
7776 116
7680 159
7560 126
7500 6
7350 5
7290 22
7200 170
7168 14
7056 37
7000 11
6912 152
6860 1
6804 29
6750 10
6720 139
6615 4
6480 166
6400 43
6300 51
6272 15
6174 3
6144 34
6125 1
6075 4
6048 118
6000 38
5880 23
5832 42
5760 201
5670 18
5600 45
5488 3
5400 83
5376 65
5292 15
5250 2
5184 115
5145 1
5120 33
5103 2
5040 106
5000 3
4900 2
4860 35
4800 81
4725 2
4704 25
4608 79
4536 48
4500 13
4480 31
4410 7
4374 6
4320 167
4200 27
4116 3
4096 8
4050 6
4032 83
4000 10
3969 1
3920 8
3888 51
3840 101
3780 29
3750 1
3600 82
3584 8
3528 14
3500 5
3456 86
3430 1
3402 8
3360 69
3240 52
3200 26
3150 7
3136 8
3087 1
3072 36
3024 49
3000 12
2940 8
2916 19
2880 109
2835 2
2800 14
2744 2
2700 28
2688 40
2646 4
2592 67
2560 12
2520 32
2500 1
2450 2
2430 4
2400 51
2352 11
2304 63
2268 9
2250 2
2240 18
2160 69
2100 12
2058 1
2048 3
2025 1
2016 51
2000 9
1960 4
1944 17
1920 48
1890 10
1800 22
1792 6
1764 6
1750 2
1728 55
1680 20
1620 12
1600 12
1575 2
1568 4
1536 25
1512 24
1500 3
1470 2
1458 1
1440 55
1400 8
1350 5
1344 14
1323 1
1296 28
1280 13
1260 19
1200 26
1176 4
1152 30
1134 3
1125 1
1120 8
1080 26
1050 2
1024 5
1008 15
972 7
960 24
945 1
900 3
896 7
864 27
840 8
810 2
800 9
784 1
768 12
756 12
750 2
735 1
720 15
700 1
672 9
648 8
640 6
630 3
600 2
588 2
576 14
567 1
560 9
540 8
512 1
504 7
500 2
486 1
480 12
450 2
448 2
432 7
420 1
400 3
384 13
378 1
360 6
336 2
324 2
320 4
315 1
300 3
288 5
270 1
256 2
252 2
240 8
224 2
216 5
200 3
196 1
192 1
180 3
168 1
160 1
150 1
144 5
140 2
128 2
126 1
120 1
108 2
100 1
96 2
72 2
60 2
48 1
36 1
24 1
