3058 1
3052 1
3043 2
3040 2
3039 1
3034 1
3032 1
3029 1
3027 1
3023 2
3022 1
3020 1
3018 1
3016 2
3014 4
3013 3
3011 1
3010 1
3009 5
3008 1
3007 4
3006 2
3005 2
3003 4
3002 4
3001 2
3000 4
2998 5
2997 4
2996 4
2995 4
2994 6
2993 9
2992 9
2991 4
2990 8
2989 6
2988 11
2987 9
2986 6
2985 7
2984 9
2983 7
2982 4
2981 7
2980 10
2979 18
2978 13
2977 12
2976 13
2975 15
2974 8
2973 22
2972 19
2971 15
2970 16
2969 22
2968 12
2967 15
2966 20
2965 34
2964 24
2963 25
2962 34
2961 35
2960 18
2959 26
2958 25
2957 44
2956 50
2955 45
2954 29
2953 39
2952 50
2951 43
2950 61
2949 30
2948 53
2947 60
2946 51
2945 54
2944 61
2943 68
2942 77
2941 75
2940 71
2939 79
2938 85
2937 86
2936 99
2935 76
2934 94
2933 110
2932 101
2931 112
2930 120
2929 129
2928 142
2927 148
2926 154
2925 129
2924 144
2923 188
2922 161
2921 167
2920 196
2919 202
2918 195
2917 200
2916 224
2915 226
2914 252
2913 235
2912 225
2911 281
2910 286
2909 279
2908 315
2907 301
2906 317
2905 314
2904 337
2903 390
2902 366
2901 400
2900 429
2899 431
2898 426
2897 429
2896 449
2895 492
2894 477
2893 478
2892 560
2891 573
2890 580
2889 608
2888 595
2887 595
2886 659
2885 645
2884 730
2883 716
2882 816
2881 805
2880 829
2879 824
2878 877
2877 843
2876 924
2875 883
2874 948
2873 1004
2872 991
2871 1022
2870 1093
2869 1181
2868 1168
2867 1177
2866 1242
2865 1252
2864 1223
2863 1258
2862 1336
2861 1429
2860 1419
2859 1516
2858 1544
2857 1542
2856 1538
2855 1635
2854 1676
2853 1629
2852 1755
2851 1801
2850 1807
2849 1897
2848 1954
2847 2013
2846 1987
2845 2071
2844 2141
2843 2219
2842 2209
2841 2373
2840 2311
2839 2403
2838 2490
2837 2585
2836 2604
2835 2604
2834 2625
2833 2631
2832 2672
2831 2855
2830 2916
2829 2878
2828 3004
2827 2915
2826 3095
2825 3236
2824 3272
2823 3195
2822 3256
2821 3276
2820 3443
2819 3568
2818 3495
2817 3608
2816 3675
2815 3771
2814 3770
2813 3857
2812 3881
2811 3988
2810 4112
2809 3956
2808 4034
2807 4117
2806 4101
2805 4200
2804 4445
2803 4420
2802 4461
2801 4582
2800 4663
2799 4609
2798 4614
2797 4714
2796 4885
2795 4966
2794 4785
2793 4840
2792 4960
2791 5161
2790 5076
2789 5209
2788 5277
2787 5269
2786 5343
2785 5337
2784 5314
2783 5407
2782 5689
2781 5676
2780 5555
2779 5595
2778 5743
2777 5620
2776 5685
2775 5648
2774 5724
2773 5818
2772 5865
2771 5868
2770 5818
2769 5988
2768 6068
2767 6117
2766 6050
2765 6077
2764 6126
2763 5996
2762 6079
2761 6201
2760 6043
2759 6263
2758 6148
2757 6188
2756 6150
2755 6074
2754 6143
2753 6095
2752 6345
2751 6202
2750 6207
2749 6176
2748 6171
2747 6266
2746 6088
2745 6125
2744 6309
2743 6139
2742 6118
2741 6228
2740 6256
2739 6182
2738 6121
2737 6009
2736 6001
2735 6092
2734 6045
2733 5964
2732 5967
2731 5936
2730 5981
2729 5990
2728 5860
2727 5864
2726 5805
2725 5726
2724 5796
2723 5651
2722 5757
2721 5532
2720 5499
2719 5590
2718 5521
2717 5400
2716 5362
2715 5290
2714 5298
2713 5221
2712 5123
2711 5282
2710 5148
2709 4985
2708 4965
2707 4902
2706 4922
2705 4909
2704 4758
2703 4835
2702 4661
2701 4598
2700 4580
2699 4368
2698 4437
2697 4450
2696 4472
2695 4208
2694 4317
2693 4170
2692 4057
2691 4126
2690 3925
2689 3990
2688 3883
2687 3925
2686 3806
2685 3665
2684 3758
2683 3731
2682 3581
2681 3416
2680 3377
2679 3412
2678 3317
2677 3208
2676 3178
2675 3232
2674 3030
2673 3064
2672 2935
2671 2929
2670 2962
2669 2805
2668 2713
2667 2785
2666 2631
2665 2598
2664 2601
2663 2531
2662 2426
2661 2370
2660 2335
2659 2255
2658 2216
2657 2178
2656 2142
2655 2123
2654 2056
2653 2036
2652 1934
2651 1855
2650 1816
2649 1800
2648 1774
2647 1782
2646 1610
2645 1583
2644 1665
2643 1570
2642 1538
2641 1456
2640 1473
2639 1403
2638 1347
2637 1275
2636 1300
2635 1275
2634 1205
2633 1177
2632 1199
2631 1145
2630 1118
2629 1065
2628 992
2627 939
2626 959
2625 949
2624 897
2623 831
2622 845
2621 821
2620 781
2619 768
2618 729
2617 781
2616 686
2615 709
2614 685
2613 606
2612 645
2611 591
2610 570
2609 556
2608 541
2607 518
2606 482
2605 474
2604 503
2603 414
2602 422
2601 439
2600 430
2599 418
2598 377
2597 384
2596 361
2595 339
2594 345
2593 327
2592 283
2591 268
2590 258
2589 291
2588 256
2587 248
2586 222
2585 241
2584 219
2583 198
2582 169
2581 202
2580 198
2579 187
2578 159
2577 175
2576 168
2575 135
2574 131
2573 133
2572 125
2571 148
2570 120
2569 109
2568 103
2567 116
2566 104
2565 93
2564 95
2563 83
2562 71
2561 72
2560 78
2559 75
2558 75
2557 66
2556 82
2555 57
2554 64
2553 58
2552 57
2551 53
2550 40
2549 44
2548 43
2547 47
2546 49
2545 42
2544 38
2543 30
2542 38
2541 26
2540 18
2539 27
2538 21
2537 27
2536 24
2535 27
2534 25
2533 20
2532 26
2531 15
2530 18
2529 22
2528 25
2527 18
2526 19
2525 17
2524 13
2523 9
2522 10
2521 5
2520 13
2519 7
2518 10
2517 11
2516 10
2515 6
2514 9
2513 3
2512 5
2511 12
2510 9
2509 4
2508 4
2507 5
2506 2
2505 7
2504 4
2503 1
2502 4
2501 3
2500 5
2499 4
2498 1
2497 2
2495 4
2494 2
2493 2
2492 1
2491 1
2490 2
2489 4
2488 2
2487 1
2486 4
2485 2
2484 3
2483 2
2482 1
2480 2
2477 2
2473 1
2472 1
2471 1
2470 1
2469 1
2465 1
2464 1
2459 1
2443 1
