5103000000 1
4665600000 1
4536000000 1
4199040000 2
4133430000 1
4082400000 1
3936600000 1
3888000000 1
3732480000 1
3674160000 1
3628800000 1
3572100000 1
3306744000 1
3175200000 1
3110400000 1
3072000000 1
3023308800 1
2939328000 3
2916000000 1
2903040000 3
2857680000 1
2822400000 1
2800000000 1
2799360000 1
2778300000 1
2755620000 2
2721600000 1
2646000000 2
2645395200 2
2612736000 1
2604060900 1
2571912000 2
2560000000 1
2540160000 2
2520000000 1
2519424000 1
2488320000 2
2480058000 2
2457600000 1
2449440000 1
2388787200 1
2381400000 1
2332800000 4
2314720800 1
2304000000 1
2296350000 1
2286144000 5
2268000000 1
2257920000 2
2250423000 1
2239488000 2
2204496000 1
2187000000 1
2177280000 5
2150400000 1
2116800000 3
2116316160 2
2099520000 4
2090188800 2
2073600000 1
2057529600 2
2048000000 1
2041200000 3
2032128000 2
2015539200 1
2000376000 1
1990656000 3
1984046400 2
1975680000 2
1968300000 2
1959552000 5
1944000000 3
1935360000 1
1928934000 3
1905120000 2
1890000000 1
1889568000 2
1866240000 6
1860043500 1
1852200000 1
1843200000 2
1837080000 7
1828915200 3
1814400000 5
1813985280 1
1806336000 3
1800338400 1
1791590400 2
1786050000 1
1785641760 2
1778112000 3
1771470000 1
1769472000 1
1764000000 3
1763596800 3
1756160000 3
1749600000 3
1741824000 6
1720320000 4
1714608000 7
1701000000 1
1700611200 2
1693440000 5
1680000000 1
1679616000 3
1666980000 2
1666598976 1
1658880000 7
1653372000 2
1651507200 1
1632960000 8
1625702400 1
1620304560 1
1620000000 1
1612800000 5
1600300800 2
1592524800 1
1587600000 6
1587237120 1
1580544000 1
1574640000 3
1568000000 1
1567641600 3
1562436540 1
1555848000 1
1555200000 4
1548288000 2
1543500000 2
1543147200 2
1530900000 2
1530550080 1
1524096000 16
1512000000 4
1511654400 5
1505280000 1
1500282000 2
1492992000 3
1488034800 1
1481760000 1
1470000000 1
1469664000 10
1458000000 5
1451520000 18
1446700500 1
1445068800 3
1440270720 1
1440000000 4
1433272320 1
1428840000 10
1422489600 3
1417500000 1
1417176000 4
1415577600 1
1411200000 3
1410877440 2
1404928000 1
1400263200 1
1400000000 2
1399680000 5
1388832480 3
1382976000 1
1382400000 7
1377810000 4
1372000000 1
1371686400 6
1361367000 1
1360800000 10
1360488960 2
1354752000 10
1343692800 6
1333584000 5
1327104000 6
1323000000 3
1322697600 9
1312200000 6
1306368000 21
1300561920 1
1296540000 4
1296243648 2
1296000000 3
1290240000 6
1285956000 5
1280240640 3
1275458400 2
1270080000 15
1264435200 3
1260236880 1
1259712000 5
1254400000 3
1250235000 1
1244678400 2
1244160000 8
1240029000 2
1238630400 1
1234800000 3
1234517760 1
1229312000 1
1228800000 1
1224720000 14
1219276800 1
1215000000 1
1209600000 8
1209323520 1
1200225600 3
1194393600 5
1190700000 4
1190427840 1
1185408000 3
1180980000 3
1179648000 3
1176000000 2
1175731200 15
1166400000 7
1161216000 11
1157360400 3
1152000000 2
1148175000 2
1143072000 24
1137991680 3
1134213192 1
1134000000 9
1133740800 5
1128960000 11
1128701952 1
1125211500 4
1123942400 1
1120000000 1
1119744000 16
1116026100 1
1114767360 3
1111320000 7
1106380800 2
1105920000 6
1102500000 1
1102248000 14
1097600000 4
1097349120 6
1093500000 3
1089093600 1
1088640000 28
1080450000 1
1080203040 3
1080000000 4
1075200000 7
1074954240 2
1071630000 7
1066867200 9
1062882000 1
1061683200 1
1058400000 10
1058158080 5
1053696000 3
1049760000 16
1045094400 14
1037232000 4
1036800000 12
1033357500 2
1032192000 2
1029000000 1
1028764800 19
1024000000 1
1020600000 21
1020366720 2
1016064000 24
1012500000 2
1008000000 10
1007769600 5
1003520000 2
1003290624 2
1000188000 10
995742720 1
995328000 12
992023200 4
987840000 9
987614208 1
984150000 3
983040000 3
979776000 33
975421440 3
972405000 1
972182736 1
972000000 9
967680000 24
967458816 2
964467000 7
963379200 2
960180480 3
960000000 1
952560000 40
948326400 6
945000000 2
944784000 15
940800000 7
940584960 8
933508800 4
933120000 25
928972800 6
926100000 2
925888320 6
921984000 4
921600000 9
918540000 15
914457600 28
911421315 2
907200000 30
906992640 7
903168000 8
900169200 6
900000000 2
896168448 3
896000000 3
895795200 16
893025000 3
892820880 3
889056000 21
885735000 1
885104640 1
884736000 5
882165816 1
882000000 6
881798400 24
878080000 1
877879296 2
874800000 19
871274880 1
870912000 39
868020300 4
867041280 1
864360000 5
864162432 1
864000000 10
860160000 4
859963392 1
857304000 25
853493760 4
850500000 1
850305600 6
846720000 26
846526464 3
842956800 2
840157920 6
840000000 4
839808000 26
836075520 8
833490000 3
829785600 5
829440000 21
826686000 10
825753600 3
823200000 2
823011840 20
820125000 3
819200000 1
816820200 1
816480000 56
816293376 1
812851200 14
810152280 5
810000000 3
806400000 21
806215680 9
803722500 4
803538792 1
802816000 3
800150400 16
800000000 1
796594176 1
796262400 7
793800000 12
793618560 14
790272000 15
787320000 21
786432000 2
784147392 1
784000000 1
783820800 39
780337152 1
777924000 5
777600000 17
774144000 24
771573600 22
768320000 1
768144384 2
768000000 3
765450000 10
765275040 2
762048000 37
758661120 5
756000000 15
755827200 22
752640000 16
752467968 3
750141000 3
746807040 5
746496000 30
744017400 3
740880000 6
740710656 2
737587200 2
737280000 11
735138180 3
735000000 1
734832000 44
734003200 1
731566080 11
729000000 7
726062400 2
725760000 64
725594112 2
723350250 2
722534400 5
720135360 10
720000000 4
716800000 6
716636160 6
714420000 17
714256704 1
711244800 28
708750000 1
708588000 9
707788800 2
705600000 19
705438720 22
702464000 4
700131600 4
699840000 29
696729600 24
694575000 3
694416240 4
693633024 1
691488000 9
691200000 28
688905000 4
688128000 3
686000000 2
685843200 40
680683500 1
680400000 41
680244480 4
677376000 34
675126900 6
674365440 1
672126336 2
672000000 8
671846400 25
669615660 1
668860416 1
666792000 27
663828480 2
663552000 14
661500000 3
661348800 29
660602880 1
658560000 9
658409472 3
656100000 7
655360000 3
653456160 2
653184000 70
650280960 4
648270000 2
648121824 1
648000000 21
645388800 2
645120000 28
644972544 4
642978000 22
642252800 2
640120320 14
640000000 2
637875000 1
637729200 1
637009920 2
635040000 54
634894848 2
632217600 13
630118440 2
630000000 7
629856000 38
627200000 11
627056640 19
622339200 12
622080000 58
620014500 1
619315200 12
617400000 11
617258880 12
614656000 2
614400000 7
612615150 1
612500000 1
612360000 49
609638400 56
607500000 3
604800000 56
604661760 8
602112000 7
600112800 21
600000000 1
597196800 25
595350000 14
595213920 6
594542592 1
592704000 39
590490000 3
589824000 10
588000000 6
587865600 60
585252864 5
583443000 3
583200000 40
580608000 70
578680200 10
578027520 2
576240000 3
576108288 1
576000000 21
573956280 1
573440000 4
573308928 1
571536000 89
568995840 15
567000000 17
566870400 18
564480000 39
564350976 6
562605750 2
561971200 4
560105280 7
560000000 9
559872000 76
558013050 1
557383680 13
555660000 23
555532992 1
553190400 8
552960000 41
551250000 1
551124000 41
550502400 3
548800000 6
548674560 39
546750000 3
544546800 5
544320000 104
544195584 2
541900800 26
540225000 3
540101520 10
540000000 8
537600000 10
537477120 11
535815000 4
535692528 1
533433600 56
531441000 4
531062784 1
530841600 10
529200000 37
529079040 32
526848000 13
525098700 3
524880000 37
524288000 1
522764928 1
522547200 71
520812180 2
520224768 3
518616000 14
518400000 36
516096000 22
514500000 1
514382400 41
512096256 7
512000000 5
510300000 21
510183360 4
509607936 2
508243680 1
508032000 101
505774080 2
504094752 3
504000000 29
503884800 36
501760000 3
501645312 5
500094000 18
500000000 1
497871360 5
497664000 67
496125000 2
496011600 17
495452160 6
493920000 24
493807104 6
492075000 3
491724800 2
491520000 10
490092120 1
490000000 3
489888000 110
487710720 32
486202500 1
486091368 1
486000000 26
484041600 2
483840000 96
483729408 1
482233500 11
481689600 6
480200000 3
480090240 32
480000000 5
478296900 2
477757440 6
476478450 1
476280000 69
476171136 2
474163200 40
472500000 3
472392000 24
471859200 1
470596000 2
470400000 22
470292480 47
466754400 19
466560000 84
464486400 67
463050000 11
462944160 15
462422016 1
460992000 5
460800000 24
459270000 33
458752000 4
457228800 118
453789000 1
453600000 83
453496320 16
451584000 51
450084600 17
450000000 1
448084224 4
448000000 12
447897600 45
446512500 1
446410440 6
445906944 3
444528000 74
442867500 1
442552320 5
442368000 24
441082908 1
441000000 12
440899200 74
440401920 2
439040000 12
438939648 6
437400000 19
435637440 5
435456000 165
434010150 2
433520640 13
432180000 7
432081216 6
432000000 28
430080000 24
429981696 2
428652000 87
426746880 31
425250000 7
425152800 12
424673280 6
423536400 1
423360000 82
423263232 8
421478400 9
420078960 8
420000000 9
419904000 95
418037760 36
416745000 13
416649744 4
414892800 15
414720000 89
413343000 19
412876800 13
411600000 15
411505920 51
409600000 4
408410100 2
408240000 109
408146688 4
406425600 95
405076140 7
405000000 9
404619264 2
403368000 1
403200000 65
403107840 13
401861250 1
401408000 11
400075200 55
400000000 1
398297088 2
398131200 37
396900000 47
396809280 30
396361728 1
395136000 48
393824025 3
393660000 31
393379840 2
393216000 1
392073696 3
392000000 7
391910400 131
390168576 4
388962000 18
388800000 71
387233280 3
387072000 85
385875000 2
385786800 38
385351680 2
384160000 5
384072192 12
384000000 11
382725000 7
382637520 2
381182760 1
381024000 180
379330560 11
378071064 1
378000000 35
377913600 42
377487360 2
376320000 51
376233984 13
375070500 11
373403520 20
373248000 111
372008700 6
371589120 18
370440000 47
370355328 8
368793600 8
368640000 24
367500000 5
367416000 104
367001600 2
365783040 76
364568526 1
364500000 12
363031200 14
362880000 184
362797056 5
361267200 37
360150000 2
360067680 21
360000000 11
358400000 10
358318080 18
357210000 40
357128352 4
355622400 81
354375000 2
354294000 11
354041856 1
353894400 12
352947000 1
352800000 68
352719360 53
351232000 10
350065800 12
350000000 1
349920000 103
348509952 1
348364800 138
347208120 14
346816512 4
345744000 33
345600000 71
344452500 4
344064000 15
343000000 7
342921600 150
341397504 9
340200000 73
340122240 16
339738624 2
338688000 156
337563450 3
337500000 2
337182720 3
336140000 1
336063168 4
336000000 26
335923200 88
334807830 3
334430208 8
333396000 69
331914240 11
331776000 82
330750000 9
330674400 61
330301440 11
329280000 31
329204736 15
328050000 19
327680000 3
326728080 5
326592000 245
325140480 45
324135000 9
324060912 4
324000000 35
322694400 7
322560000 119
322486272 9
321489000 39
321126400 1
320060160 41
320000000 4
318937500 3
318864600 4
318504960 14
317652300 1
317520000 156
317447424 6
316108800 47
315059220 4
315000000 10
314928000 83
313600000 23
313528320 83
312487308 1
311169600 23
311040000 152
310007250 2
309657600 55
308700000 25
308629440 52
307328000 3
307200000 26
306250000 1
306180000 103
304819200 207
303750000 2
303464448 7
302526000 2
302400000 135
302330880 36
301056000 42
300125000 2
300056400 52
298722816 5
298598400 94
297675000 17
297606960 15
297271296 4
296352000 104
295245000 9
295034880 2
294912000 25
294000000 13
293932800 190
292626432 18
291721500 6
291600000 71
290424960 9
290304000 261
289340100 15
289013760 13
288120000 7
288054144 6
288000000 43
287043750 1
286978140 1
286720000 14
286654464 2
285887070 2
285768000 163
284497920 58
283500000 36
283435200 43
283115520 3
282357600 3
282240000 120
282175488 22
280985600 5
280052640 31
280000000 6
279936000 171
278691840 75
277830000 36
277766496 9
276595200 18
276480000 92
275625000 1
275562000 62
275251200 14
274400000 14
274337280 104
273375000 3
272273400 6
272160000 252
272097792 5
271063296 2
270950400 117
270050760 15
270000000 10
268912000 3
268800000 60
268738560 50
267907500 10
267846264 1
266716800 128
265720500 2
265531392 4
265420800 49
264710250 2
264600000 61
264539520 67
264241152 1
263424000 47
262549350 2
262500000 5
262440000 73
262144000 3
261382464 5
261273600 288
260406090 2
260112384 7
259308000 30
259200000 138
258155520 3
258048000 110
257250000 1
257191200 102
256048128 12
256000000 7
255150000 42
255091680 12
254803968 2
254121840 4
254016000 280
252887040 25
252105000 1
252047376 8
252000000 57
251942400 107
250880000 21
250822656 24
250047000 47
250000000 1
248935680 32
248832000 151
248005800 25
247726080 20
246960000 73
246903552 20
245862400 4
245760000 19
245046060 4
245000000 5
244944000 280
243855360 100
243101250 1
243045684 2
243000000 32
242020800 7
241920000 225
241864704 15
241116750 8
240844800 21
240100000 2
240045120 60
240000000 7
238878720 32
238140000 128
238085568 8
237081600 112
236294415 2
236250000 3
236196000 43
236027904 1
235929600 10
235200000 59
235146240 145
233377200 34
233280000 197
232243200 171
231525000 7
231472080 42
231211008 4
230496000 18
230400000 51
229635000 35
229582512 1
229376000 11
228709656 1
228614400 314
227598336 18
226894500 4
226800000 167
226748160 40
226492416 1
225886080 1
225792000 155
225042300 14
225000000 1
224042112 10
224000000 22
223948800 160
223256250 1
223205220 5
222953472 12
222264000 140
221276160 14
221184000 76
220541454 2
220500000 21
220449600 164
220200960 3
219520000 21
219469824 34
218750000 1
218700000 48
217818720 10
217728000 449
217005075 2
216760320 50
216090000 13
216040608 13
216000000 58
215129600 7
215040000 85
214990848 10
214326000 130
213373440 93
212625000 9
212576400 28
212336640 20
211768200 1
211680000 229
211631616 25
210739200 33
210039480 13
210000000 11
209952000 214
209715200 1
209018880 135
208372500 18
208324872 6
207446400 50
207360000 201
206671500 17
206438400 61
205800000 24
205752960 134
204800000 11
204205050 5
204120000 214
204073344 4
203212800 297
202538070 4
202500000 6
202309632 4
201684000 7
201600000 169
201553920 73
200884698 2
200704000 24
200120949 1
200037600 105
199148544 13
199065600 116
198450000 54
198404640 34
198180864 1
197568000 123
196830000 41
196689920 1
196608000 17
196036848 3
196000000 16
195955200 381
195084288 39
194481000 15
194400000 149
193616640 6
193536000 319
192893400 54
192675840 4
192080000 14
192036096 26
192000000 29
191362500 4
191318760 1
191102976 8
190591380 2
190512000 379
189665280 61
189035532 1
189000000 55
188956800 96
188743680 2
188160000 96
188116992 37
187535250 11
186701760 40
186624000 295
186004350 4
185794560 71
185220000 82
185177664 24
184396800 23
184320000 94
183784545 2
183750000 2
183708000 202
183500800 2
182891520 220
182284263 1
182250000 14
181515600 18
181440000 418
181398528 8
180633600 104
180075000 4
180033840 51
180000000 10
179200000 39
179159040 72
178605000 56
178564176 3
177811200 218
177187500 2
177147000 20
176947200 56
176400000 123
176359680 150
175616000 25
175032900 12
175000000 4
174960000 174
174254976 4
174182400 377
173643750 3
173604060 17
173408256 11
172872000 51
172800000 147
172226250 5
172103680 1
172032000 58
171500000 3
171460800 292
170698752 25
170100000 115
170061120 28
169414560 3
169344000 357
168781725 1
168591360 14
168070000 1
168031584 16
168000000 52
167961600 246
167215104 26
166698000 122
165957120 41
165888000 227
165375000 15
165337200 86
165150720 19
164640000 68
164602368 58
164025000 7
163840000 11
163364040 9
163296000 553
162570240 128
162067500 6
162030456 4
162000000 84
161347200 16
161280000 262
161243136 21
160744500 37
160563200 9
160030080 139
160000000 4
159432300 4
159252480 53
158826150 3
158760000 294
158723712 23
158054400 114
157529610 6
157500000 19
157464000 141
157351936 1
157286400 7
156800000 38
156764160 259
156279375 1
156243654 2
155584800 74
155520000 326
155003625 2
154893312 4
154828800 192
154350000 26
154314720 103
154140672 2
153664000 20
153600000 42
153090000 127
153055008 5
152473104 1
152409600 474
151875000 3
151732224 13
151263000 5
151200000 247
151165440 80
150590720 1
150528000 105
150028200 68
150000000 2
149361408 23
149299200 256
148837500 10
148803480 16
148635648 20
148176000 189
147622500 10
147517440 15
147456000 62
147027636 4
147000000 23
146966400 386
146800640 2
146313216 53
145860750 7
145800000 102
145212480 18
145152000 595
144670050 14
144506880 47
144060000 22
144027072 28
144000000 84
143489070 1
143360000 29
143327232 24
142884000 280
142248960 138
141750000 20
141717600 66
141557760 16
141178800 1
141120000 275
141087744 67
140492800 23
140026320 31
140000000 6
139968000 389
139345920 207
138915000 36
138883248 20
138297600 70
138240000 250
137812500 2
137781000 68
137682944 1
137625600 30
137200000 21
137168640 237
136136700 8
136080000 460
136048896 7
135531648 1
135475200 308
135056250 1
135025380 25
135000000 17
134873088 2
134456000 3
134400000 122
134369280 134
133953750 5
133923132 4
133358400 262
132860250 1
132765696 12
132710400 155
132355125 1
132300000 89
132269760 131
132120576 4
131712000 94
131274675 2
131220000 105
131072000 11
130691232 5
130636800 696
130203045 1
130056192 29
129654000 53
129600000 219
129077760 7
129024000 256
128625000 1
128595600 171
128450560 6
128024064 62
128000000 17
127575000 50
127545840 10
127401984 4
127060920 7
127008000 555
126562500 1
126443520 68
126052500 2
126023688 8
126000000 87
125971200 242
125829120 1
125440000 56
125411328 51
125023500 44
125000000 1
124467840 78
124416000 416
124031250 1
124002900 25
123863040 64
123480000 121
123451776 56
123018750 2
122931200 14
122880000 50
122523030 4
122500000 4
122472000 428
121927680 271
121550625 1
121522842 4
121500000 47
121010400 12
120960000 530
120932352 20
120558375 4
120422400 73
120050000 2
120022560 120
120000000 17
119439360 105
119070000 162
119042784 15
118540800 264
118125000 5
118098000 59
118013952 6
117964800 44
117600000 88
117573120 323
116688600 44
116640000 382
116169984 6
116121600 503
115762500 7
115736040 54
115605504 6
115248000 33
115200000 173
114817500 38
114688000 24
114307200 539
113799168 34
113447250 8
113400000 240
113374080 69
113246208 1
112943040 2
112896000 360
112521150 9
112500000 2
112394240 8
112021056 19
112000000 41
111974400 372
111602610 4
111476736 31
111132000 214
110638080 51
110592000 252
110250000 23
110224800 248
110100480 14
109760000 35
109734912 87
109350000 44
108909360 16
108864000 845
108380160 136
108045000 21
108020304 27
108000000 96
107564800 10
107520000 176
107495424 26
107163000 122
106686720 194
106312500 3
106288200 17
106168320 46
105884100 4
105840000 327
105815808 47
105369600 92
105019740 10
105000000 21
104976000 332
104857600 6
104509440 370
104186250 7
104162436 5
103723200 96
103680000 456
103335750 7
103262208 1
103219200 160
102900000 27
102876480 239
102400000 32
102060000 314
102036672 3
101648736 3
101606400 604
101269035 2
101250000 6
101154816 14
100842000 7
100800000 279
100776960 173
100663296 1
100352000 38
100018800 179
100000000 1
99574272 24
99532800 352
99225000 50
99202320 72
99090432 14
98784000 249
98415000 24
98344960 15
98304000 41
98018424 4
98000000 22
97977600 741
97542144 55
97240500 21
97200000 215
96808320 22
96768000 690
96446700 53
96337920 24
96040000 11
96018048 47
96000000 49
95681250 2
95659380 1
95551488 16
95295690 1
95256000 526
94832640 136
94517766 4
94500000 65
94478400 155
94371840 11
94119200 1
94080000 209
94058496 100
93767625 1
93350880 65
93312000 630
93002175 1
92897280 215
92610000 107
92588832 40
92198400 37
92160000 193
91854000 250
91750400 12
91445760 443
91125000 9
90757800 14
90720000 722
90699264 27
90354432 1
90316800 264
90037500 5
90016920 63
90000000 39
89600000 57
89579520 187
89302500 45
89282088 6
88942644 1
88905600 357
88573500 6
88510464 8
88473600 131
88200000 124
88179840 288
87808000 49
87516450 17
87500000 3
87480000 243
87127488 11
87091200 894
86802030 10
86704128 24
86436000 62
86400000 279
86051840 4
86016000 161
85750000 5
85730400 432
85349376 69
85050000 117
85030560 43
84934656 3
84707280 6
84672000 657
84375000 2
84295680 38
84035000 1
84015792 18
84000000 86
83980800 448
83886080 1
83607552 76
83349000 145
82978560 78
82944000 528
82687500 8
82668600 103
82575360 56
82320000 75
82301184 98
82012500 6
81920000 23
81682020 6
81648000 879
81285120 350
81033750 2
81015228 8
81000000 83
80673600 15
80640000 478
80621568 42
80372250 22
80281600 30
80015040 223
80000000 10
79734375 1
79716150 4
79626240 149
79380000 314
79361856 42
79027200 252
78750000 7
78732000 165
78643200 21
78400000 55
78382080 521
77792400 88
77760000 590
77446656 10
77414400 462
77175000 25
77157360 140
77070336 3
76832000 23
76800000 104
76545000 109
76527504 5
76236552 1
76204800 873
75937500 2
75866112 44
75631500 5
75600000 366
75582720 152
75295360 2
75264000 270
75031250 1
75014100 70
75000000 4
74680704 38
74649600 545
74418750 3
74401740 14
74317824 35
74118870 1
74088000 302
73811250 1
73758720 29
73728000 177
73500000 19
73483200 554
73400320 2
73156608 125
72900000 141
72606240 17
72576000 1189
72335025 1
72253440 134
72030000 20
72013536 54
72000000 108
71680000 86
71663616 49
71442000 339
71124480 264
70875000 28
70858800 58
70778880 55
70589400 2
70560000 438
70543872 118
70246400 42
70013160 53
70000000 16
69984000 601
69672960 457
69457500 36
69441624 19
69148800 101
69120000 445
68890500 55
68841472 1
68812800 78
68600000 19
68584320 460
68343750 1
68068350 6
68040000 611
68024448 26
67765824 2
67737600 734
67512690 15
67500000 13
67436544 6
67228000 6
67200000 189
67184640 284
66976875 1
66679200 344
66382848 28
66355200 366
66150000 113
66134880 173
66060288 6
65856000 179
65625000 1
65610000 85
65536000 8
65345616 5
65318400 1183
65028096 69
64827000 41
64800000 329
64538880 11
64512000 540
64297800 163
64225280 10
64012032 97
64000000 21
63787500 17
63772920 18
63700992 20
63530460 4
63504000 910
63221760 125
63011844 8
63000000 110
62985600 335
62914560 5
62720000 98
62705664 140
62511750 17
62233920 107
62208000 846
62001450 14
61931520 181
61740000 148
61725888 110
61465600 26
61440000 116
61261515 1
61250000 2
61236000 602
60963840 603
60750000 38
60505200 24
60480000 827
60466176 61
60236288 1
60211200 176
60025000 4
60011280 149
60000000 21
59719680 289
59535000 141
59521392 22
59270400 449
59062500 3
59049000 50
59006976 5
58982400 87
58824500 2
58800000 131
58786560 568
58720256 1
58344300 39
58320000 501
58084992 10
58060800 1038
57881250 3
57868020 40
57802752 22
57624000 50
57600000 262
57408750 11
57395628 1
57344000 58
57177414 1
57153600 735
56899584 97
56723625 1
56700000 259
56687040 128
56623104 8
56471520 1
56448000 658
56260575 3
56250000 1
56197120 15
56010528 29
56000000 42
55987200 764
55801305 2
55738368 84
55566000 224
55319040 78
55296000 486
55125000 19
55112400 278
55050240 28
54880000 73
54867456 181
54675000 41
54454680 26
54432000 1451
54190080 335
54022500 14
54010152 20
54000000 106
53782400 3
53760000 315
53747712 72
53593750 1
53581500 76
53343360 355
53144100 10
53084160 111
52920000 494
52907904 111
52684800 174
52509870 15
52500000 21
52488000 423
52428800 7
52254720 709
52081218 1
51861600 142
51840000 753
51667875 3
51631104 5
51609600 359
51450000 28
51438240 338
51380224 1
51200000 40
51030000 312
51018336 9
50803200 1120
50625000 8
50577408 35
50421000 9
50400000 400
50388480 285
50331648 1
50176000 107
50009400 166
50000000 4
49787136 56
49766400 747
49612500 35
49601160 77
49545216 26
49412580 1
49392000 353
49207500 16
49172480 13
49152000 87
49009212 9
49000000 31
48988800 1091
48771072 142
48620250 11
48600000 277
48404160 27
48384000 1261
48223350 21
48168960 79
48020000 22
48009024 74
48000000 79
47840625 1
47829690 3
47775744 58
47628000 657
47416320 324
47258883 1
47250000 56
47239200 191
47185920 39
47059600 3
47040000 291
47029248 213
46675440 107
46656000 1059
46448640 482
46305000 89
46294416 55
46099200 78
46080000 391
45937500 2
45927000 218
45875200 42
45722880 770
45562500 10
45378900 16
45360000 990
45349632 44
45177216 1
45158400 565
45018750 2
45008460 56
45000000 26
44957696 1
44800000 113
44789760 419
44651250 20
44641044 5
44452800 538
44286750 6
44255232 19
44236800 318
44100000 157
44089920 409
44040192 3
43904000 73
43758225 5
43750000 1
43740000 251
43563744 18
43545600 1642
43401015 1
43352064 75
43218000 75
43200000 446
43025920 6
43008000 307
42875000 5
42865200 472
42674688 122
42525000 93
42515280 48
42467328 20
42353640 2
42336000 1114
42147840 82
42017500 3
42007896 21
42000000 107
41990400 688
41943040 1
41803776 196
41674500 75
41489280 134
41472000 954
41343750 4
41334300 68
41287680 131
41160000 120
41150592 175
41006250 3
40960000 46
40841010 9
40824000 1150
40642560 752
40516875 1
40507614 5
40500000 78
40336800 13
40320000 813
40310784 105
40186125 2
40140800 58
40007520 281
40000000 12
39858075 3
39813120 320
39690000 303
39680928 50
39530064 1
39513600 398
39375000 6
39366000 165
39337984 7
39321600 47
39200000 78
39191040 930
38896200 77
38880000 839
38723328 6
38707200 934
38587500 11
38578680 143
38535168 13
38416000 29
38400000 178
38272500 70
38263752 8
38118276 1
38102400 1285
37968750 1
37933056 74
37815750 1
37800000 420
37791360 242
37748736 5
37647680 2
37632000 434
37507050 32
37500000 3
37340352 53
37324800 1056
37209375 1
37200870 5
37158912 97
37044000 372
36879360 58
36864000 347
36756909 4
36750000 42
36741600 669
36700160 7
36578304 264
36450000 99
36303120 31
36288000 1884
36126720 236
36015000 17
36006768 65
36000000 131
35840000 120
35831808 99
35721000 333
35562240 521
35437500 10
35429400 68
35389440 104
35294700 2
35280000 569
35271936 180
35123200 70
35006580 40
35000000 19
34992000 834
34836480 898
34728750 19
34720812 14
34574400 136
34560000 835
34445250 23
34420736 1
34406400 203
34300000 23
34292160 673
34171875 1
34020000 645
34012224 28
33882912 1
33868800 1120
33756345 7
33750000 13
33718272 18
33614000 7
33600000 267
33592320 494
33339600 344
33191424 50
33177600 698
33075000 70
33067440 180
33030144 27
32928000 259
32805000 79
32768000 43
32672808 9
32659200 1813
32514048 168
32413500 35
32400000 421
32269440 23
32256000 950
32156250 1
32148900 123
32112640 21
32006016 177
32000000 47
31893750 6
31886460 9
31850496 63
31765230 3
31752000 1116
31610880 245
31513125 1
31505922 8
31500000 98
31492800 442
31457280 18
31360000 166
31352832 262
31255875 3
31250000 1
31116960 159
31104000 1337
31000725 4
30965760 389
30870000 134
30862944 114
30732800 31
30720000 224
30618000 560
30481920 1006
30375000 24
30252600 20
30240000 1246
30233088 118
30118144 1
30105600 283
30005640 152
30000000 20
29859840 523
29767500 91
29760696 20
29647548 2
29635200 598
29531250 1
29524500 28
29503488 8
29491200 203
29400000 138
29393280 822
29360128 2
29172150 26
29160000 601
29042496 15
29030400 1808
28934010 20
28901376 57
28812000 68
28800000 388
28672000 118
28576800 952
28449792 169
28350000 206
28343520 118
28311552 18
28235760 2
28224000 1013
28125000 3
28098560 21
28005264 56
28000000 56
27993600 1155
27869184 216
27783000 206
27659520 132
27648000 881
27562500 5
27556200 249
27525120 64
27440000 57
27433728 259
27337500 21
27227340 17
27216000 1918
27095040 639
27011250 6
27005076 15
27000000 122
26891200 11
26880000 488
26873856 171
26790750 27
26671680 489
26578125 1
26572050 5
26542080 298
26460000 513
26453952 128
26342400 262
26254935 9
26250000 8
26244000 468
26214400 18
26127360 1247
26040609 1
25930800 134
25920000 1076
25815552 9
25804800 681
25725000 18
25719120 350
25690112 3
25600000 54
25515000 240
25509168 16
25412184 4
25401600 1622
25312500 2
25288704 59
25210500 7
25200000 426
25194240 405
25165824 3
25088000 147
25004700 129
25000000 2
24893568 81
24883200 1273
24806250 15
24800580 54
24772608 61
24696000 436
24603750 10
24586240 32
24576000 179
24504606 4
24500000 27
24494400 1384
24385536 282
24310125 4
24300000 214
24202080 31
24192000 1863
24111675 9
24084480 136
24010000 13
24004512 121
24000000 112
23887872 108
23814000 603
23708160 500
23625000 28
23619600 191
23592960 62
23529800 1
23520000 368
23514624 319
23337720 65
23328000 1328
23224320 943
23152500 34
23147208 44
23049600 115
23040000 648
22963500 126
22937600 64
22861440 1036
22781250 2
22689450 6
22680000 1071
22674816 61
22588608 1
22579200 917
22504230 33
22500000 36
22478848 3
22400000 136
22394880 732
22325625 5
22320522 3
22226400 557
22143375 2
22127616 47
22118400 610
22050000 140
22044960 473
22020096 9
21952000 128
21875000 1
21870000 262
21781872 19
21772800 2517
21676032 133
21609000 58
21600000 564
21512960 9
21504000 542
21437500 1
21432600 347
21337344 208
21262500 48
21257640 38
21233664 61
21176820 1
21168000 1359
21073920 136
21003948 15
21000000 96
20995200 848
20971520 1
20901888 357
20837250 40
20744640 160
20736000 1488
20667150 27
20643840 263
20580000 111
20575296 220
20480000 84
20420505 1
20412000 1157
20321280 1160
20250000 59
20168400 19
20160000 1076
20155392 152
20070400 89
20003760 325
20000000 15
19906560 569
19845000 246
19840464 61
19756800 560
19687500 2
19683000 133
19668992 2
19660800 68
19600000 87
19595520 1316
19448100 51
19440000 973
19361664 16
19353600 1721
19293750 6
19289340 104
19267584 28
19208000 38
19200000 229
19136250 35
19131876 3
19051200 1546
18966528 151
18907875 2
18900000 360
18895680 302
18874368 2
18823840 5
18816000 630
18753525 8
18750000 4
18670176 58
18662400 1639
18579456 186
18522000 323
18439680 83
18432000 628
18375000 19
18370800 666
18350080 22
18289152 361
18225000 82
18151560 30
18144000 2495
18063360 465
18007500 7
18003384 58
18000000 171
17920000 181
17915904 191
17860500 195
17781120 614
17718750 3
17714700 46
17694720 211
17640000 575
17635968 263
17561600 107
17503290 22
17500000 14
17496000 862
17418240 1585
17364375 3
17360406 11
17287200 150
17280000 1125
17222625 1
17210368 3
17203200 352
17150000 17
17146080 720
17010000 519
17006112 23
16941456 2
16934400 1572
16875000 9
16859136 22
16807000 3
16800000 318
16796160 747
16669800 300
16595712 71
16588800 1262
16537500 39
16533720 166
16515072 49
16464000 319
16402500 39
16384000 56
16336404 6
16329600 2201
16257024 286
16206750 14
16200000 437
16134720 25
16128000 1525
16074450 53
16056320 42
16003008 195
16000000 39
15946875 1
15943230 6
15925248 107
15876000 1050
15805440 423
15750000 66
15746400 472
15728640 26
15680000 190
15676416 456
15558480 144
15552000 1870
15482880 712
15435000 92
15431472 128
15366400 46
15360000 319
15312500 1
15309000 396
15240960 1477
15187500 6
15126300 14
15120000 1413
15116544 131
15052800 484
15002820 104
15000000 36
14929920 912
14883750 40
14880348 15
14817600 732
14762250 9
14751744 18
14745600 361
14700000 117
14696640 945
14680064 4
14586075 3
14580000 509
14521248 19
14515200 2768
14467005 4
14450688 103
14406000 40
14400000 481
14336000 176
14288400 826
14224896 233
14175000 162
14171760 113
14155776 35
14117880 2
14112000 1215
14049280 34
14002632 37
14000000 57
13996800 1475
13934592 341
13891500 129
13829760 157
13824000 1402
13781250 2
13778100 132
13762560 128
13720000 73
13716864 386
13668750 1
13613670 8
13608000 1929
13547520 1043
13502538 14
13500000 122
13445600 9
13440000 630
13436928 252
13395375 6
13335840 521
13271040 530
13230000 374
13226976 165
13171200 345
13125000 8
13122000 368
13107200 27
13063680 1838
12965400 97
12960000 1237
12907776 10
12902400 1171
12862500 15
12859560 292
12845056 8
12800000 95
12757500 115
12754584 11
12706092 2
12700800 2008
12644352 100
12605250 5
12600000 430
12597120 539
12582912 3
12544000 224
12502350 50
12500000 3
12446784 82
12441600 1808
12400290 21
12386304 142
12348000 423
12301875 1
12293120 26
12288000 320
12250000 21
12247200 1301
12192768 477
12150000 186
12101040 39
12096000 2587
12042240 207
12005000 9
12002256 98
12000000 108
11943936 221
11907000 482
11854080 646
11812500 26
11809800 139
11796480 127
11764900 1
11760000 446
11757312 393
11668860 60
11664000 1501
11612160 1519
11576250 14
11573604 32
11524800 103
11520000 834
11481750 41
11468800 96
11430720 1246
11344725 1
11340000 1032
11337408 76
11294304 3
11289600 1268
11252115 8
11250000 11
11239424 11
11200000 155
11197440 1073
11160261 4
11113200 522
11063808 53
11059200 980
11025000 86
11022480 409
11010048 18
10976000 123
10935000 153
10890936 11
10886400 3158
10838016 255
10804500 30
10800000 494
10756480 5
10752000 827
10716300 231
10668672 294
10631250 15
10628820 16
10616832 104
10584000 1373
10536960 232
10501974 6
10500000 76
10497600 902
10485760 5
10450944 537
10418625 8
10372320 191
10368000 2093
10333575 5
10321920 494
10290000 96
10287648 232
10240000 109
10206000 963
10160640 1528
10125000 37
10084200 11
10080000 1275
10077696 203
10035200 190
10001880 243
10000000 13
9953280 1008
9922500 107
9920232 50
9878400 626
9843750 1
9841500 63
9834496 5
9830400 143
9800000 69
9797760 1574
9724050 38
9720000 905
9680832 20
9676800 2454
9646875 1
9644670 41
9633792 32
9604000 41
9600000 268
9568125 4
9529569 2
9525600 1467
9483264 219
9450000 280
9447840 258
9437184 20
9411920 2
9408000 774
9335088 54
9331200 2117
9289728 347
9261000 238
9219840 102
9216000 911
9187500 5
9185400 450
9175040 32
9144576 551
9112500 31
9075780 12
9072000 2654
9031680 645
9003750 6
9001692 41
9000000 115
8960000 287
8957952 292
8930250 68
8890560 675
8857350 20
8847360 367
8820000 518
8817984 262
8780800 128
8751645 6
8750000 12
8748000 757
8709120 2226
8680203 2
8643600 106
8640000 1308
8605184 5
8601600 561
8575000 12
8573040 651
8505000 332
8503056 29
8470728 5
8467200 2034
8437500 3
8429568 45
8403500 6
8400000 366
8398080 1000
8334900 177
8297856 77
8294400 1776
8268750 13
8266860 109
8257536 84
8232000 289
8201250 6
8192000 92
8168202 5
8164800 2322
8128512 480
8103375 4
8100000 343
8067360 21
8064000 2010
8037225 10
8028160 54
8001504 204
8000000 47
7971615 1
7962624 204
7938000 892
7902720 501
7875000 44
7873200 350
7864320 65
7840000 200
7838208 635
7779240 147
7776000 2036
7741440 1238
7717500 47
7715736 76
7683200 49
7680000 453
7654500 216
7620480 1653
7593750 3
7563150 2
7560000 1310
7558272 150
7529536 2
7526400 662
7501410 50
7500000 20
7464960 1297
7441875 4
7440174 6
7408800 685
7381125 1
7375872 26
7372800 649
7350000 81
7348320 875
7340032 7
7290000 366
7260624 20
7257600 3499
7225344 154
7203000 44
7200000 496
7168000 250
7144200 614
7112448 299
7087500 73
7085880 71
7077888 58
7058940 2
7056000 1306
7024640 64
7001316 22
7000000 52
6998400 1548
6967296 577
6945750 68
6914880 165
6912000 1830
6889050 68
6881280 207
6860000 58
6858432 445
6834375 2
6806835 2
6804000 1725
6773760 1383
6750000 69
6722800 15
6720000 787
6718464 342
6667920 460
6635520 927
6615000 253
6613488 105
6585600 407
6562500 3
6561000 214
6553600 42
6531840 2305
6482700 56
6480000 1276
6453888 7
6451200 1679
6431250 3
6429780 182
6422528 8
6400000 113
6378750 43
6377292 9
6353046 1
6350400 2039
6322176 144
6302625 1
6300000 321
6298560 556
6291456 5
6272000 271
6251175 13
6250000 1
6223392 93
6220800 2407
6200145 4
6193152 292
6174000 288
6146560 27
6144000 456
6125000 8
6123600 1031
6096384 623
6075000 105
6050520 22
6048000 2745
6021120 333
6002500 3
6001128 114
6000000 96
5971968 351
5953500 253
5927040 647
5906250 4
5904900 66
5898240 216
5880000 393
5878656 439
5834430 24
5832000 1416
5806080 2114
5788125 4
5786802 13
5762400 85
5760000 1089
5740875 10
5734400 183
5715360 1137
5670000 687
5668704 71
5647152 4
5644800 1618
5625000 8
5619712 14
5600000 154
5598720 1376
5556600 397
5531904 77
5529600 1406
5512500 44
5511240 282
5505024 40
5488000 148
5467500 66
5445468 13
5443200 3285
5419008 369
5402250 17
5400000 455
5378240 16
5376000 1039
5358150 91
5334336 292
5315625 3
5314410 10
5308416 164
5292000 1180
5268480 254
5250987 6
5250000 63
5248800 782
5242880 12
5225472 762
5186160 153
5184000 2378
5160960 750
5145000 76
5143824 214
5120000 177
5103000 622
5080320 1916
5062500 14
5042100 13
5040000 1204
5038848 252
5017600 224
5000940 150
5000000 11
4976640 1360
4961250 31
4960116 29
4939200 627
4920750 22
4917248 9
4915200 271
4900000 70
4898880 1645
4862025 4
4860000 751
4840416 12
4838400 3038
4822335 13
4816896 60
4802000 22
4800000 289
4762800 1137
4741632 277
4725000 193
4723920 238
4718592 25
4705960 2
4704000 852
4687500 1
4667544 47
4665600 2238
4644864 538
4630500 125
4609920 116
4608000 1296
4593750 2
4592700 262
4587520 77
4572288 593
4556250 6
4537890 7
4536000 2449
4515840 939
4500846 12
4500000 99
4480000 324
4478976 405
4465125 12
4445280 658
4428675 1
4423680 608
4410000 343
4408992 280
4390400 140
4375000 3
4374000 555
4354560 2723
4321800 86
4320000 1322
4302592 4
4300800 780
4287500 5
4286520 416
4252500 174
4251528 22
4233600 2167
4218750 1
4214784 73
4200000 285
4199040 977
4194304 1
4167450 78
4148928 94
4147200 2421
4134375 1
4133430 37
4128768 168
4116000 266
4096000 122
4084101 1
4082400 1986
4064256 610
4050000 241
4033680 21
4032000 2162
4014080 108
4000752 165
4000000 48
3981312 327
3969000 551
3951360 569
3937500 15
3936600 224
3932160 97
3920000 191
3919104 760
3889620 83
3888000 2027
3870720 1620
3858750 22
3857868 58
3841600 49
3840000 584
3827250 69
3810240 1584
3796875 1
3781575 1
3780000 997
3779136 170
3763200 883
3750705 8
3750000 16
3732480 1654
3720087 3
3704400 538
3687936 51
3686400 899
3675000 53
3674160 752
3670016 7
3645000 230
3630312 10
3628800 3749
3612672 238
3601500 23
3600000 467
3584000 346
3572100 291
3556224 376
3543750 26
3542940 40
3538944 143
3529470 3
3528000 1109
3512320 89
3500658 10
3500000 28
3499200 1438
3483648 841
3472875 4
3457440 137
3456000 2198
3444525 11
3440640 312
3430000 34
3429216 365
3402000 1221
3386880 1641
3375000 43
3361400 5
3360000 697
3359232 355
3333960 306
3317760 1278
3307500 131
3306744 89
3292800 401
3281250 2
3280500 102
3276800 57
3265920 2462
3241350 29
3240000 1137
3226944 11
3225600 2025
3215625 1
3214890 69
3211264 22
3200000 125
3189375 1
3188646 5
3175200 1637
3161088 162
3150000 239
3149280 444
3145728 11
3136000 291
3125000 1
3111696 78
3110400 2801
3096576 357
3087000 173
3073280 34
3072000 602
3062500 4
3061800 744
3048192 717
3037500 52
3025260 18
3024000 2699
3010560 450
3001250 1
3000564 34
3000000 81
2985984 479
2976750 86
2963520 703
2952450 20
2949120 369
2940000 298
2939328 490
2917215 3
2916000 1135
2903040 2623
2893401 3
2881200 83
2880000 1070
2867200 213
2857680 862
2835000 394
2834352 56
2822400 1600
2812500 4
2809856 22
2800000 128
2799360 1436
2778300 213
2765952 80
2764800 1913
2756250 8
2755620 156
2752512 49
2744000 102
2733750 11
2722734 4
2721600 2991
2709504 450
2701125 1
2700000 319
2689120 10
2688000 1148
2679075 15
2667168 264
2657205 2
2654208 263
2646000 851
2634240 292
2625000 29
2624400 568
2621440 20
2612736 886
2593080 102
2592000 2483
2580480 1017
2572500 33
2571912 141
2560000 173
2551500 277
2540160 1847
2531250 3
2521050 5
2520000 1027
2519424 295
2508800 241
2500470 63
2500000 5
2488320 1825
2480625 5
2480058 10
2469600 536
2460375 2
2458624 13
2457600 397
2450000 45
2449440 1359
2430000 464
2420208 15
2419200 3332
2408448 115
2401000 18
2400000 287
2381400 724
2370816 262
2362500 66
2361960 143
2359296 57
2352000 783
2333772 21
2332800 2148
2322432 705
2315250 33
2304960 122
2304000 1481
2296350 75
2293760 78
2286144 557
2278125 1
2268000 1878
2257920 1146
2250423 11
2250000 58
2240000 274
2239488 510
2222640 499
2211840 945
2205000 179
2204496 216
2195200 145
2187500 2
2187000 306
2177280 2846
2160900 54
2160000 1157
2151296 2
2150400 990
2143750 2
2143260 229
2126250 36
2125764 11
2116800 1960
2107392 93
2100875 1
2100000 204
2099520 853
2097152 1
2083725 13
2074464 78
2073600 2884
2066715 3
2064384 223
2058000 171
2048000 181
2041200 1350
2032128 695
2025000 106
2016840 11
2016000 2173
2007040 146
2000376 122
2000000 45
1990656 487
1984500 266
1975680 542
1968750 9
1968300 124
1966080 125
1960000 156
1959552 721
1944810 36
1944000 1749
1935360 2055
1929375 1
1928934 26
1920800 33
1920000 615
1913625 11
1905120 1363
1890000 681
1889568 131
1881600 860
1875000 3
1866240 1880
1852200 331
1843968 31
1843200 1158
1837500 17
1837080 439
1835008 15
1822500 87
1815156 7
1814400 3504
1806336 300
1800750 5
1800000 376
1792000 378
1786050 110
1778112 323
1771875 1
1771470 16
1769472 188
1764000 851
1756160 114
1750000 22
1749600 1090
1741824 1039
1728720 116
1728000 2234
1720320 427
1715000 27
1714608 275
1701000 660
1693440 1730
1687500 13
1680700 3
1680000 665
1679616 396
1666980 177
1658880 1608
1653750 41
1653372 50
1646400 354
1640250 28
1638400 104
1632960 2093
1620675 10
1620000 791
1613472 10
1612800 2334
1607445 16
1605632 34
1600000 110
1594323 3
1587600 1139
1580544 177
1575000 113
1574640 330
1572864 23
1568000 271
1555848 65
1555200 2783
1548288 548
1543500 88
1536640 33
1536000 695
1531250 5
1530900 319
1524096 717
1518750 9
1512630 7
1512000 2209
1505280 563
1500282 20
1500000 56
1492992 608
1488375 13
1481760 549
1476225 3
1474560 513
1470000 168
1469664 396
1458000 666
1451520 2872
1440600 41
1440000 1064
1433600 254
1428840 542
1417500 161
1417176 24
1411788 2
1411200 1586
1406250 2
1404928 18
1400000 89
1399680 1395
1389150 60
1382976 70
1382400 2175
1377810 56
1376256 82
1372000 86
1366875 2
1361367 2
1360800 2256
1354752 533
1350000 170
1344560 7
1344000 1147
1333584 210
1327104 356
1323000 412
1317120 297
1312500 16
1312200 329
1310720 34
1306368 945
1296540 51
1296000 2132
1290240 1277
1286250 13
1285956 71
1280000 192
1275750 88
1270080 1661
1260000 754
1259712 265
1254400 285
1250235 10
1250000 4
1244160 2072
1240029 4
1234800 341
1229312 10
1228800 506
1225000 22
1224720 903
1215000 234
1210104 13
1209600 3182
1204224 124
1200500 10
1200000 251
1190700 304
1185408 291
1181250 10
1180980 59
1179648 69
1176000 619
1166886 7
1166400 1838
1161216 856
1157625 4
1152480 98
1152000 1623
1148175 8
1146880 116
1143072 464
1134000 1110
1128960 1175
1125000 24
1120000 268
1119744 585
1111320 292
1105920 1130
1102500 96
1102248 126
1097600 122
1093750 1
1093500 139
1088640 2670
1080450 18
1080000 920
1075648 3
1075200 1111
1071875 1
1071630 79
1063125 4
1062882 5
1058400 1347
1053696 93
1050000 117
1049760 630
1048576 7
1037232 56
1036800 2845
1032192 279
1029000 88
1024000 193
1020600 749
1016064 698
1012500 46
1008420 9
1008000 1824
1003520 151
1000188 58
1000000 30
995328 539
992250 98
987840 476
984150 30
983040 199
980000 105
979776 590
972405 3
972000 1191
967680 2250
964467 2
960400 24
960000 545
952560 920
945000 328
944784 101
941192 1
940800 841
937500 4
933120 1880
926100 155
921984 49
921600 1293
918750 10
918540 201
917504 16
911250 27
907578 1
907200 2797
903168 347
900375 1
900000 245
896000 380
893025 18
889056 242
885735 3
884736 228
882000 575
878080 98
875000 11
874800 698
870912 1045
864360 69
864000 2038
860160 529
857500 7
857304 167
850500 286
846720 1583
843750 2
840350 3
840000 548
839808 415
833490 60
829440 1804
826875 7
826686 15
823200 281
820125 6
819200 123
816480 1522
810000 468
806736 9
806400 2301
802816 28
800000 89
793800 667
790272 182
787500 35
787320 186
786432 21
784000 238
777924 11
777600 2374
774144 634
771750 28
768320 43
768000 738
765450 107
762048 631
759375 1
756000 1445
752640 566
750141 5
750000 28
746496 657
740880 352
737280 607
735000 110
734832 268
729000 357
725760 2669
720300 31
720000 784
716800 259
714420 234
708750 38
708588 17
705600 1270
702464 30
700000 67
699840 1120
694575 12
691488 44
691200 2234
688905 11
688128 125
686000 59
680400 1397
677376 591
675000 92
672280 5
672000 1008
666792 121
663552 431
661500 172
658560 242
656250 2
656100 128
655360 36
653184 864
648270 12
648000 1513
645120 1456
643125 3
642978 27
640000 174
637875 15
635040 1187
630000 390
629856 188
627200 270
622080 1965
617400 194
614656 9
614400 583
612500 10
612360 499
607500 89
605052 4
604800 2753
602112 153
600250 1
600000 162
595350 118
592704 244
590625 1
590490 17
589824 112
588000 405
583443 7
583200 1264
580608 977
576240 58
576000 1373
573440 145
571536 345
567000 591
564480 1121
562500 14
560000 194
559872 592
555660 137
552960 1207
551250 14
551124 68
548800 113
546750 34
544320 2092
540225 3
540000 568
537824 3
537600 1069
535815 16
531441 2
529200 904
526848 113
525000 52
524880 463
524288 4
518616 34
518400 2520
516096 360
514500 48
512000 200
510300 325
508032 680
506250 7
504000 1357
501760 147
500094 13
500000 15
497664 674
496125 15
493920 334
492075 5
491520 236
490000 61
489888 421
486000 726
483840 2225
480200 13
480000 480
476280 499
472500 126
472392 52
470400 700
468750 1
466560 1521
463050 40
460992 27
460800 1352
459375 2
459270 59
458752 27
455625 1
453789 2
453600 1899
451584 380
450000 135
448000 305
444528 177
442368 282
441000 275
439040 91
437500 6
437400 370
435456 964
432180 34
432000 1642
430080 665
428750 1
428652 74
425250 78
423360 1146
421875 2
420000 354
419904 334
416745 6
414720 1816
413343 2
411600 180
409600 145
408240 940
405000 222
403368 1
403200 2038
401408 46
400000 74
396900 267
395136 164
393750 10
393660 90
393216 47
392000 186
388962 10
388800 1808
387072 651
385875 3
384160 22
384000 702
382725 10
381024 394
378000 822
376320 545
375000 13
373248 658
370440 210
368640 707
367500 32
367416 165
364500 135
362880 2284
360150 6
360000 535
358400 293
357210 69
354375 4
354294 5
352800 821
351232 22
350000 35
349920 764
345744 32
345600 2028
344064 126
343000 26
340200 715
338688 546
337500 24
336140 2
336000 821
333396 55
331776 501
330750 45
329280 199
328050 40
327680 42
326592 680
324135 5
324000 1018
322560 1415
321489 8
320000 160
317520 735
315000 172
314928 106
313600 219
311040 1783
308700 55
307328 12
307200 599
306250 3
306180 210
303750 18
302526 5
302400 1998
301056 144
300000 92
297675 28
296352 166
295245 2
294912 129
294000 221
291600 734
290304 899
288120 29
288000 1234
286720 137
285768 185
283500 220
282240 948
280000 114
279936 422
277830 56
276480 1367
275625 1
275562 17
274400 71
273375 1
272160 1437
270000 351
268912 1
268800 967
264600 470
263424 80
262500 21
262440 213
262144 15
259308 17
259200 1994
258048 365
257250 18
256000 178
255150 88
254016 453
253125 1
252105 2
252000 858
250880 155
250047 4
250000 8
248832 728
246960 212
245760 254
245000 33
244944 276
243000 338
241920 1958
240100 10
240000 362
238140 200
236250 38
236196 14
235200 539
233280 1138
231525 9
230496 24
230400 1299
229635 8
229376 27
226800 1101
225792 344
225000 42
224000 253
222264 82
221184 305
220500 107
219520 70
218700 130
217728 795
216090 7
216000 1124
215040 637
214375 1
214326 31
212625 10
211680 834
210000 160
209952 200
207360 1697
205800 82
204800 134
204120 491
202500 76
201684 3
201600 1525
200704 44
200000 38
198450 87
197568 114
196830 28
196608 52
196000 98
194481 1
194400 1148
193536 640
192080 13
192000 607
190512 286
189000 417
188160 415
187500 4
186624 553
185220 89
184320 710
183750 12
183708 66
182250 37
181440 1682
180000 324
179200 271
178605 11
177147 1
176400 466
175616 27
175000 8
174960 457
172872 18
172800 1670
172032 141
171500 10
170100 279
169344 430
168750 13
168070 1
168000 540
166698 11
165888 505
165375 8
164640 128
164025 4
163840 62
163296 481
162000 555
161280 1194
160000 115
158760 377
157500 72
157464 62
156800 176
155520 1354
154350 22
153664 4
153600 615
153090 59
151200 1279
150528 141
150000 53
148176 103
147456 166
147000 118
145800 356
145152 810
144060 9
144000 850
143360 134
142884 69
141750 81
141120 609
140625 1
140000 80
139968 356
138915 10
138240 1242
137781 2
137200 31
136080 817
135000 140
134400 828
132300 186
131712 53
131250 2
131220 76
131072 7
129654 4
129600 1400
129024 374
128625 4
128000 158
127575 9
127008 352
126000 445
125440 108
125000 4
124416 560
123480 85
122880 302
122500 15
122472 151
121500 110
120960 1427
120050 3
120000 205
119070 70
118125 5
118098 5
117600 309
116640 734
115248 11
115200 1031
114688 28
113400 501
112896 261
112500 17
112000 201
111132 39
110592 341
110250 28
109760 47
109350 34
108864 623
108045 2
108000 643
107520 538
107163 5
105840 460
105000 64
104976 118
103680 1402
102900 25
102400 148
102060 206
101250 14
100800 1082
100352 36
100000 21
99225 4
98784 78
98415 4
98304 56
98000 51
97200 600
96768 596
96040 6
96000 429
95256 139
94500 141
94080 332
93750 1
93312 453
92610 34
92160 681
91875 1
91854 11
91125 1
90720 1043
90000 178
89600 202
88200 247
87808 22
87500 4
87480 210
86436 5
86400 1231
86016 136
85750 3
85050 80
84672 296
84375 2
84000 288
83349 3
82944 465
82320 59
81920 60
81648 265
81000 247
80640 1035
80000 71
79380 149
78750 16
78732 19
78400 129
77760 909
77175 4
76832 6
76800 470
76545 3
75600 705
75264 134
75000 30
74088 58
73728 180
73500 43
72900 108
72576 595
72030 2
72000 567
71680 133
71442 21
70875 7
70560 399
70000 40
69984 215
69120 1008
68600 18
68040 415
67500 42
67228 1
67200 578
66150 44
65856 56
65625 1
65610 25
65536 12
64827 3
64800 746
64512 347
64000 126
63504 201
63000 199
62720 84
62500 2
62208 442
61740 51
61440 266
61250 2
61236 56
60750 24
60480 992
60000 116
59535 7
59049 1
58800 155
58320 399
57624 12
57600 809
57344 24
56700 205
56448 199
56250 10
56000 107
55566 14
55296 331
54880 27
54675 2
54432 373
54000 343
53760 447
52920 185
52500 27
52488 70
51840 941
51450 7
51200 117
51030 39
50625 4
50400 651
50176 34
50000 18
49392 41
49152 76
49000 20
48600 247
48384 421
48020 2
48000 292
47628 52
47250 39
47040 222
46656 286
46305 5
46080 632
45927 3
45360 587
45000 81
44800 163
44100 100
43904 15
43750 1
43740 77
43218 4
43200 827
43008 115
42525 9
42336 199
42000 145
41472 367
41160 33
40960 45
40824 120
40500 76
40320 705
40000 51
39690 45
39375 1
39366 9
39200 75
38880 525
38416 5
38400 372
37800 280
37632 111
37500 7
37044 21
36864 170
36750 11
36450 29
36288 371
36015 1
36000 286
35840 119
35721 1
35280 215
35000 17
34992 110
34560 760
34300 7
34020 121
33750 9
33600 355
33075 7
32928 31
32805 2
32768 19
32400 396
32256 257
32000 89
31752 101
31500 83
31360 73
31104 332
30870 6
30720 242
30618 19
30375 7
30240 614
30000 63
29400 84
29160 163
28812 2
28800 562
28672 40
28350 38
28224 133
28000 64
27648 258
27440 18
27216 176
27000 155
26880 362
26460 71
26250 5
26244 22
25920 592
25725 2
25600 87
25515 7
25200 301
25088 29
25000 2
24696 14
24576 63
24500 6
24300 83
24192 287
24000 185
23814 16
23625 5
23520 119
23328 155
23040 482
22680 238
22500 17
22400 105
22050 19
21952 9
21870 21
21609 1
21600 431
21504 115
21168 93
21000 62
20736 327
20580 13
20480 50
20412 45
20250 13
20160 431
20000 27
19845 6
19683 1
19600 32
19440 268
19200 285
18900 97
18816 79
18750 1
18522 7
18432 137
18375 1
18225 6
18144 224
18000 115
17920 78
17640 85
17500 7
17496 41
17280 558
17010 46
16875 3
16800 187
16464 16
16384 11
16200 171
16128 208
16000 47
15876 26
15750 20
15680 39
15552 168
15435 1
15360 204
15120 280
15000 22
14700 21
14580 57
14400 306
14336 24
14175 3
14112 90
14000 32
13824 209
13720 3
13608 100
13500 31
13440 225
13230 28
13125 1
13122 5
12960 352
12800 82
12600 121
12544 13
12500 1
12348 10
12288 44
12250 2
12150 18
12096 175
12000 110
11907 4
11760 65
11664 77
11520 366
11340 85
11250 5
11200 58
11025 3
10976 3
10935 1
10800 209
10752 77
10584 42
10500 23
10368 232
10290 6
10240 41
10206 11
10125 2
10080 251
10000 4
9800 12
9720 119
9600 153
9450 19
9408 26
9261 1
9216 111
9072 82
9000 55
8960 69
8820 24
8750 1
8748 20
8640 306
8505 4
8400 68
8232 7
8192 13
8100 51
8064 162
8000 32
7938 8
7875 4
7840 27
7776 106
7680 148
7560 119
7500 7
7350 2
7290 12
7200 159
7168 20
7056 45
7000 9
6912 150
6860 2
6804 23
6750 9
6720 134
6615 1
6480 169
6400 54
6300 48
6272 15
6174 2
6144 49
6075 1
6048 103
6000 48
5880 28
5832 34
5760 229
5670 22
5600 30
5400 76
5376 41
5292 14
5250 7
5184 111
5120 27
5103 3
5040 105
5000 2
4900 3
4860 42
4800 94
4725 1
4704 18
4608 91
4536 37
4500 11
4480 46
4410 8
4374 6
4320 148
4200 42
4116 1
4096 5
4050 22
4032 77
4000 17
3920 6
3888 56
3840 84
3780 36
3750 1
3675 3
3645 3
3600 82
3584 12
3528 22
3500 5
3456 117
3430 1
3402 4
3375 2
3360 57
3240 58
3200 19
3150 11
3136 4
3087 1
3072 36
3024 57
3000 14
2940 9
2916 14
2880 91
2835 3
2800 11
2700 20
2688 36
2646 3
2625 1
2592 55
2560 30
2520 41
2500 1
2450 2
2430 9
2400 46
2352 6
2304 59
2268 18
2250 4
2240 29
2205 2
2160 59
2100 11
2058 2
2048 3
2025 1
2016 39
2000 3
1960 7
1944 13
1920 51
1890 6
1800 37
1792 5
1764 6
1728 40
1680 17
1620 19
1600 20
1575 1
1568 1
1536 18
1512 14
1500 6
1470 3
1458 3
1440 68
1400 6
1350 5
1344 22
1296 26
1280 14
1260 10
1200 22
1176 5
1152 35
1134 8
1120 9
1080 33
1050 4
1024 8
1008 18
1000 2
980 2
972 3
960 24
900 9
896 7
882 4
864 28
840 12
810 2
800 10
784 3
768 13
756 4
750 3
720 18
700 1
672 7
648 8
640 8
630 4
600 7
588 1
576 14
560 3
540 4
512 3
504 7
486 3
480 18
450 3
448 5
432 16
420 3
405 1
400 6
392 1
384 3
378 3
360 10
336 3
324 1
320 4
300 2
288 9
270 3
256 4
240 4
224 2
216 1
192 5
168 3
160 2
144 2
140 3
125 1
120 3
108 2
96 3
70 1
64 1
54 1
36 1
32 1
