5184000000 1
4665600000 1
4147200000 1
4133430000 1
3779136000 1
3674160000 2
3628800000 1
3572100000 1
3401222400 1
3360000000 1
3265920000 2
3072000000 1
3061100160 1
3023308800 1
2985984000 2
2939328000 1
2857680000 3
2834352000 1
2822400000 2
2799360000 2
2764800000 1
2687385600 1
2646000000 2
2612736000 2
2592000000 1
2580480000 2
2551500000 2
2488320000 4
2430000000 1
2419200000 2
2381400000 2
2361960000 2
2352000000 1
2351462400 2
2332800000 3
2322432000 4
2295825120 1
2286144000 3
2268000000 1
2240000000 1
2239488000 3
2222640000 3
2205000000 1
2204496000 4
2195200000 1
2187000000 1
2177280000 5
2160000000 2
2150400000 1
2143260000 1
2125764000 1
2116800000 2
2099520000 2
2090188800 3
2073600000 5
2064384000 1
2057529600 1
2041200000 3
2032128000 3
2025000000 1
2016000000 1
2015539200 1
2000376000 1
1990656000 2
1984500000 2
1975680000 1
1968300000 3
1966080000 1
1959552000 5
1944810000 1
1944000000 2
1935360000 3
1928934000 1
1920000000 1
1913187600 1
1905120000 7
1890000000 1
1889568000 1
1881600000 1
1866240000 3
1857945600 1
1851776640 1
1843200000 5
1837080000 3
1828915200 4
1814400000 13
1800000000 1
1785641760 1
1769472000 2
1764000000 1
1763596800 6
1756160000 3
1750329000 2
1749600000 2
1741824000 7
1714608000 5
1701000000 5
1700611200 1
1693440000 4
1679616000 1
1666980000 4
1658880000 4
1653372000 5
1646400000 1
1632960000 11
1625702400 2
1620000000 2
1612800000 7
1612431360 1
1600300800 6
1587600000 5
1587237120 1
1575296100 1
1574640000 2
1567641600 4
1555848000 3
1555200000 4
1548288000 2
1543147200 2
1536000000 1
1530900000 1
1524096000 14
1512000000 2
1511654400 3
1500282000 1
1492992000 7
1488034800 2
1481760000 1
1476225000 1
1474560000 2
1470000000 1
1469664000 11
1458000000 2
1451520000 7
1445068800 3
1440270720 1
1440000000 1
1428840000 7
1422489600 3
1417176000 3
1411200000 3
1400000000 1
1399680000 11
1393459200 6
1389150000 1
1388832480 2
1382976000 1
1382400000 4
1377810000 4
1371686400 7
1360800000 9
1360488960 1
1354752000 4
1344560000 1
1344000000 3
1343692800 4
1333584000 6
1327104000 4
1323000000 1
1322697600 6
1317120000 3
1312200000 2
1306368000 19
1300561920 3
1296000000 2
1290240000 6
1285956000 9
1280240640 4
1275750000 2
1275458400 1
1270080000 15
1269789696 1
1260000000 5
1259712000 12
1254400000 1
1254113280 2
1250235000 1
1244160000 8
1240029000 5
1238630400 1
1234800000 7
1234517760 2
1228800000 1
1225230300 1
1224720000 25
1224440064 1
1219276800 12
1215000000 2
1210104000 3
1209600000 13
1209323520 1
1204224000 1
1200225600 8
1194393600 3
1190700000 9
1190427840 1
1185408000 7
1180980000 5
1179648000 1
1176000000 1
1175731200 18
1166886000 1
1166400000 12
1161216000 11
1157360400 9
1152480000 1
1152216576 1
1152000000 4
1148175000 2
1146880000 1
1143072000 16
1137991680 1
1134000000 8
1133740800 9
1128960000 10
1125211500 4
1120000000 3
1119744000 11
1116026100 1
1114767360 1
1111320000 9
1111065984 1
1105920000 8
1102500000 1
1102248000 19
1097600000 1
1097349120 3
1093500000 5
1088640000 28
1088391168 1
1083801600 3
1080450000 4
1080203040 2
1080000000 4
1075200000 6
1074954240 2
1071630000 7
1066867200 6
1062882000 4
1061683200 1
1058400000 8
1058158080 8
1050197400 1
1049760000 12
1045094400 12
1041624360 1
1036800000 9
1033357500 1
1032192000 5
1028764800 11
1024192512 1
1024000000 3
1020600000 11
1020366720 3
1016064000 20
1008189504 1
1008000000 7
1007769600 8
1003520000 3
1000188000 8
995742720 2
995328000 13
992250000 2
992023200 2
990904320 1
987840000 9
983040000 1
980000000 4
979776000 29
975421440 1
972000000 8
967680000 19
964467000 4
960180480 8
960000000 2
955514880 1
952560000 24
948326400 5
945177660 1
945000000 2
944784000 9
943718400 2
940800000 2
940584960 10
933508800 5
933120000 27
928972800 8
926100000 7
925888320 4
921984000 1
921600000 10
918540000 10
918330048 1
917504000 1
914457600 14
907578000 1
907200000 32
906992640 6
903168000 8
900169200 3
900000000 1
895795200 16
892820880 3
889056000 17
885104640 3
884736000 4
882000000 6
881798400 18
878080000 4
877879296 1
874800000 22
870912000 42
867041280 1
864360000 2
864162432 1
864000000 9
860160000 3
857304000 27
853493760 6
850500000 9
850305600 4
847072800 2
846720000 36
846526464 3
842956800 1
840157920 3
840000000 4
839808000 42
836075520 6
833490000 12
829785600 2
829440000 19
826686000 13
825753600 1
823200000 4
823011840 12
816820200 1
816480000 48
812851200 22
810152280 2
810000000 3
806400000 25
806215680 9
803722500 4
802816000 1
800150400 22
800000000 2
796262400 5
793800000 13
793618560 9
790272000 9
787648050 1
787500000 1
787320000 5
786432000 1
784000000 5
783820800 31
781218270 1
777924000 4
777600000 33
774144000 22
771750000 1
771573600 17
768320000 2
768144384 2
768000000 3
765450000 8
765275040 4
762048000 53
758661120 1
756142128 1
756000000 15
755827200 16
752640000 17
752467968 3
750141000 2
746807040 3
746496000 24
744017400 4
743178240 5
740880000 15
740710656 1
737587200 1
737280000 7
735138180 1
734832000 48
731566080 12
729000000 9
726062400 2
725760000 57
725594112 2
723350250 1
722534400 7
720300000 1
720135360 8
720000000 7
716800000 5
716636160 7
714420000 22
714256704 2
711244800 19
708750000 1
708588000 12
707788800 2
705600000 14
705438720 11
702464000 3
700131600 12
699840000 39
696729600 37
694575000 2
694416240 5
691488000 7
691200000 34
688905000 2
688128000 4
686000000 3
685843200 50
682795008 3
680683500 1
680400000 28
680244480 2
677658240 1
677376000 25
675126900 6
675000000 1
672280000 1
672126336 3
672000000 11
671846400 23
668860416 1
666792000 23
663828480 4
663552000 18
661500000 4
661348800 25
660602880 1
658560000 8
658409472 4
656100000 8
655360000 1
653456160 1
653184000 92
650280960 4
648270000 1
648121824 1
648000000 15
645388800 1
645120000 37
644972544 2
642978000 24
642252800 2
640120320 17
640000000 1
637729200 2
637009920 3
635040000 52
634894848 1
632217600 11
630118440 6
630000000 5
629856000 28
629145600 1
627200000 3
627056640 16
625117500 4
624974616 1
622339200 13
622080000 45
620014500 1
619315200 15
617400000 10
617258880 22
614656000 2
614400000 9
612500000 1
612360000 47
612220032 3
609638400 48
607614210 1
607500000 5
605052000 2
604800000 51
604661760 14
602112000 6
600112800 18
600000000 1
597445632 2
597196800 17
595350000 15
595213920 9
594542592 1
592950960 1
592704000 32
590490000 4
590069760 2
589824000 6
588110544 1
588000000 5
587865600 64
587202560 1
585252864 6
583443000 8
583200000 28
580608000 70
578680200 6
578027520 1
576240000 2
576108288 2
576000000 11
573440000 1
573308928 2
571536000 76
568995840 15
567000000 17
566870400 20
566231040 2
564715200 1
564480000 43
564350976 1
562605750 1
561971200 2
560105280 10
560000000 4
559872000 59
557383680 17
555660000 27
555532992 6
553190400 13
552960000 20
551353635 1
551124000 39
550502400 4
548800000 3
548674560 39
546750000 3
544546800 1
544320000 103
544195584 2
541900800 22
540225000 1
540101520 10
540000000 7
537824000 4
537600000 19
537477120 12
535815000 15
535692528 1
533655864 1
533433600 47
531441000 2
530841600 11
529420500 1
529200000 33
529079040 23
526848000 18
525098700 5
525000000 1
524880000 34
522547200 77
520812180 2
520224768 2
518616000 8
518400000 46
516311040 1
516096000 21
514596726 1
514500000 3
514382400 57
512096256 1
512000000 2
510300000 18
510183360 1
509607936 2
508032000 106
505774080 2
504094752 1
504000000 22
503884800 34
501760000 16
501645312 6
500094000 27
497871360 11
497664000 56
496125000 1
496011600 9
495452160 6
493920000 26
493807104 9
491724800 1
491520000 6
490000000 5
489888000 123
487710720 33
486202500 3
486000000 20
484041600 4
483840000 85
483729408 1
482233500 7
481689600 6
480200000 2
480090240 31
480000000 4
477757440 10
476478450 1
476280000 49
476171136 2
474163200 33
472500000 3
472392000 29
472055808 1
470400000 18
470292480 51
466754400 27
466560000 94
464486400 53
463050000 8
462944160 18
460992000 5
460800000 27
459270000 26
459165024 1
458752000 1
457419312 1
457228800 124
453789000 2
453600000 91
453496320 18
451584000 42
450084600 14
450000000 1
449576960 1
448084224 4
448000000 9
447897600 33
446512500 3
446410440 4
445906944 3
444528000 53
442867500 1
442552320 3
442368000 26
441082908 1
441000000 18
440899200 78
439040000 6
438939648 12
437400000 16
435637440 2
435456000 155
433520640 8
432180000 3
432081216 2
432000000 45
430259200 1
430080000 23
429981696 3
428652000 76
426746880 35
425250000 8
425152800 12
424673280 5
423360000 85
423263232 6
421478400 10
420078960 9
420000000 11
419904000 80
418037760 43
416745000 8
416649744 3
414892800 16
414720000 76
413343000 17
412876800 15
411600000 18
411505920 53
409600000 6
408410100 6
408240000 129
408146688 3
406425600 95
405076140 4
405000000 7
404619264 2
403368000 3
403200000 68
403107840 18
401861250 1
401408000 8
400075200 55
400000000 2
398131200 32
396900000 33
396809280 34
396361728 2
395136000 48
393750000 1
393660000 28
393216000 5
392073696 1
392000000 13
391910400 134
390168576 11
388962000 7
388800000 85
387233280 4
387072000 98
385786800 34
385351680 3
384160000 4
384072192 13
384000000 11
382725000 19
382637520 3
382205952 2
381182760 1
381024000 169
379330560 14
378071064 1
378000000 43
377913600 40
376320000 44
376233984 9
375070500 6
373403520 20
373248000 120
372008700 5
371589120 17
370440000 37
370355328 10
368793600 3
368640000 36
367416000 122
365783040 69
364500000 13
363031200 6
362880000 199
362797056 7
361267200 41
360150000 4
360067680 26
360000000 13
358400000 14
358318080 20
357210000 37
357128352 2
355622400 79
354375000 3
354294000 15
354041856 1
353894400 10
352947000 1
352800000 55
352719360 54
352321536 1
351232000 5
350065800 13
350000000 1
349920000 104
348364800 144
347287500 7
347208120 11
346816512 3
345744000 20
345600000 62
344452500 6
344373768 1
344064000 26
343064484 1
343000000 4
342921600 125
341397504 7
340200000 78
340122240 16
339738624 1
338688000 132
337563450 1
337500000 1
337182720 4
336140000 1
336063168 5
336000000 29
335923200 94
334807830 3
334430208 6
333396000 47
331914240 12
331776000 74
330750000 7
330674400 63
330301440 8
329280000 29
329204736 17
328050000 16
327680000 4
326728080 5
326592000 240
325140480 38
324135000 7
324060912 5
324000000 48
322694400 4
322560000 100
322486272 3
321489000 33
321126400 8
320060160 47
320000000 5
318937500 1
318864600 5
318504960 7
317652300 1
317520000 145
317447424 11
316108800 37
315059220 9
315000000 11
314928000 79
314703872 1
314572800 2
313600000 18
313528320 86
312558750 1
311169600 44
311040000 154
310007250 3
309786624 1
309657600 45
308700000 19
308629440 64
308281344 1
307328000 11
307200000 26
306250000 1
306180000 101
304946208 1
304819200 180
303807105 1
303750000 1
303464448 1
302526000 12
302400000 110
302330880 33
301181440 1
301056000 27
300125000 1
300056400 47
300000000 2
298722816 12
298598400 90
297675000 9
297606960 11
297271296 4
296352000 101
295245000 13
294912000 25
294055272 3
294000000 19
293932800 184
292626432 11
291721500 16
291600000 78
290424960 13
290304000 259
289340100 11
289013760 12
288120000 9
288054144 14
288000000 44
287043750 1
286720000 11
286654464 4
285887070 1
285768000 190
284497920 45
283500000 24
283435200 33
283115520 6
282357600 1
282240000 114
282175488 19
281302875 1
280985600 6
280052640 29
280000000 9
279936000 205
278691840 62
277830000 37
277766496 14
276595200 20
276480000 89
275625000 1
275562000 66
275251200 12
274400000 18
274337280 131
273375000 4
272273400 5
272160000 253
272097792 6
270950400 120
270050760 19
270000000 17
269746176 2
268912000 4
268800000 48
268738560 36
267907500 13
267846264 2
266827932 1
266716800 108
265720500 3
265531392 8
265420800 58
264600000 77
264539520 70
264241152 1
263424000 39
262549350 1
262500000 2
262440000 67
261382464 2
261273600 264
260406090 5
260112384 9
259308000 23
259200000 110
258155520 2
258048000 85
257250000 3
257191200 115
256048128 15
256000000 12
255150000 42
255091680 7
254803968 1
254016000 274
253125000 1
252887040 19
252105000 2
252047376 4
252000000 51
251942400 122
250880000 33
250822656 21
250047000 41
248935680 39
248832000 171
248062500 2
248005800 18
247726080 34
246960000 70
246903552 29
246037500 2
245862400 6
245760000 25
245046060 4
245000000 6
244944000 296
243855360 97
243101250 1
243045684 1
243000000 33
242020800 10
241920000 245
241864704 6
241116750 3
240844800 19
240100000 2
240045120 73
240000000 12
239148450 1
238878720 41
238140000 129
238085568 9
237081600 110
236294415 1
236250000 3
236196000 40
235929600 13
235298000 1
235200000 57
235146240 134
234365481 1
233377200 23
233280000 203
232339968 3
232243200 186
231525000 8
231472080 38
231211008 1
230496000 19
230400000 82
229635000 45
229582512 1
229376000 10
228614400 297
227598336 20
226894500 4
226800000 157
226748160 40
226492416 1
225792000 142
225042300 28
225000000 2
224788480 2
224042112 13
224000000 13
223948800 153
223256250 1
223205220 4
222953472 9
222264000 137
221276160 25
221184000 97
220500000 19
220449600 170
220200960 1
219520000 23
219469824 35
218700000 36
217818720 5
217728000 429
217005075 3
216760320 43
216090000 20
216040608 15
216000000 68
215129600 2
215040000 73
214990848 11
214326000 95
213373440 87
212625000 8
212576400 23
212336640 26
211768200 1
211680000 223
211631616 21
210739200 36
210039480 16
210000000 9
209952000 182
209715200 4
209018880 156
208372500 10
208324872 8
207446400 49
207360000 205
206671500 16
206524416 1
206438400 42
205800000 18
205752960 129
205520896 1
204800000 11
204205050 2
204120000 268
204073344 5
203297472 1
203212800 255
202538070 3
202500000 8
202309632 1
201684000 11
201600000 155
201553920 86
200704000 18
200037600 115
200000000 3
199148544 11
199065600 116
198450000 64
198404640 50
198180864 4
197568000 121
196875000 1
196830000 43
196689920 3
196608000 15
196036848 2
196000000 12
195955200 365
195084288 23
194481000 14
194400000 150
193616640 9
193536000 280
192937500 2
192893400 43
192675840 7
192080000 14
192036096 34
192000000 27
191362500 8
191318760 3
191102976 3
190591380 1
190512000 336
189665280 71
189035532 1
189000000 45
188956800 108
188743680 4
188238400 2
188160000 93
188116992 36
187535250 8
186701760 49
186624000 306
186004350 4
185794560 66
185220000 58
185177664 24
184396800 22
184320000 89
183750000 2
183708000 183
183500800 4
182891520 206
182250000 14
181515600 10
181440000 410
181398528 23
180633600 102
180075000 4
180033840 62
180000000 18
179830784 1
179200000 33
179159040 91
178605000 58
178564176 4
177811200 186
177147000 10
176947200 55
176473500 1
176400000 94
176359680 159
176160768 1
175616000 26
175032900 20
175000000 3
174960000 218
174254976 3
174182400 391
173643750 3
173604060 17
173408256 6
172872000 56
172800000 153
172226250 10
172103680 1
172032000 56
171500000 5
171460800 318
170698752 31
170170875 1
170100000 104
170061120 25
169869312 4
169414560 1
169344000 357
168750000 1
168591360 6
168070000 1
168031584 10
168000000 53
167961600 240
167215104 33
166698000 107
165957120 42
165888000 236
165375000 14
165337200 94
165150720 13
164640000 68
164602368 38
164025000 15
163840000 13
163364040 9
163296000 572
162570240 125
162067500 5
162030456 3
162000000 65
161347200 18
161280000 282
161243136 15
160744500 46
160563200 12
160030080 122
160000000 8
159432300 7
159252480 58
158826150 2
158760000 240
158723712 28
158054400 121
157529610 4
157500000 14
157464000 132
157286400 3
156800000 30
156764160 286
155584800 62
155520000 329
154893312 1
154828800 184
154350000 18
154314720 111
154140672 2
153664000 8
153600000 52
153090000 134
153055008 4
152409600 506
151875000 2
151732224 15
151263000 8
151200000 266
151165440 75
150590720 3
150528000 114
150028200 62
150000000 6
149361408 28
149299200 261
148837500 12
148803480 19
148635648 8
148176000 203
147622500 7
147517440 13
147456000 82
147027636 5
147000000 30
146966400 373
146313216 56
145860750 7
145800000 104
145212480 14
145152000 630
144670050 10
144506880 49
144060000 19
144027072 28
144000000 53
143489070 1
143360000 40
143327232 16
142884000 323
142248960 130
141776649 1
141750000 37
141717600 68
141557760 17
141120000 263
141087744 43
140492800 23
140026320 30
140000000 9
139968000 373
139345920 189
138915000 54
138883248 18
138297600 67
138240000 257
137781000 57
137682944 1
137625600 29
137200000 27
137168640 261
136687500 2
136136700 11
136080000 476
136048896 9
135531648 1
135475200 298
135025380 22
135000000 22
134456000 9
134400000 101
134369280 133
133953750 7
133923132 1
133358400 228
132860250 4
132765696 7
132710400 155
132300000 106
132269760 127
132120576 2
131712000 109
131274675 1
131250000 1
131220000 104
131072000 6
130691232 5
130636800 604
130056192 37
129654000 48
129600000 230
129077760 4
129024000 244
128625000 4
128595600 162
128450560 4
128024064 45
128000000 18
127575000 39
127545840 10
127401984 10
127060920 1
127008000 557
126443520 71
126052500 1
126023688 8
126000000 83
125971200 230
125829120 4
125440000 57
125411328 60
125023500 38
125000000 1
124467840 81
124416000 449
124002900 21
123863040 74
123480000 106
123451776 49
123018750 2
122931200 11
122880000 43
122523030 1
122500000 5
122472000 462
121927680 326
121550625 1
121500000 29
121010400 12
120960000 541
120932352 28
120558375 1
120422400 75
120050000 10
120022560 120
120000000 18
119439360 108
119070000 142
119042784 19
118540800 242
118125000 4
118098000 58
118013952 2
117964800 35
117649000 2
117600000 100
117573120 313
117440512 1
116688600 42
116640000 381
116169984 6
116121600 505
115762500 6
115736040 50
115605504 5
115248000 41
115200000 146
114817500 20
114791256 2
114688000 40
114307200 532
113799168 37
113447250 2
113400000 230
113374080 83
113246208 4
112943040 2
112896000 348
112521150 15
112500000 5
112394240 4
112021056 25
112000000 34
111974400 417
111602610 1
111476736 54
111132000 206
110638080 37
110592000 259
110250000 27
110224800 251
110100480 10
109760000 43
109734912 82
109350000 48
108909360 22
108864000 842
108380160 155
108045000 17
108020304 25
108000000 94
107564800 10
107520000 197
107495424 19
107163000 122
106686720 199
106312500 5
106288200 17
106168320 53
105884100 1
105840000 410
105815808 45
105369600 94
105019740 17
105000000 18
104976000 293
104857600 6
104509440 343
104186250 6
104162436 7
103723200 103
103680000 467
103335750 8
103262208 1
103219200 161
102900000 27
102876480 217
102400000 19
102102525 1
102060000 308
102036672 7
101648736 4
101606400 623
101269035 1
101250000 3
101154816 14
100842000 10
100800000 280
100776960 179
100352000 64
100018800 163
99574272 20
99532800 314
99225000 51
99202320 67
99090432 18
98825160 1
98784000 239
98415000 21
98344960 9
98304000 42
98018424 3
98000000 22
97977600 736
97542144 57
97240500 31
97200000 200
96808320 16
96768000 619
96468750 1
96446700 55
96337920 27
96040000 11
96018048 66
96000000 51
95681250 4
95659380 5
95551488 25
95295690 1
95256000 533
94832640 144
94500000 59
94478400 164
94371840 13
94119200 1
94080000 220
94058496 100
93767625 2
93750000 1
93350880 74
93312000 625
93002175 1
92897280 229
92610000 77
92588832 43
92198400 51
92160000 215
91875000 1
91854000 257
91750400 14
91445760 441
91125000 10
90757800 14
90720000 747
90699264 24
90316800 308
90037500 2
90016920 56
90000000 35
89915392 1
89600000 53
89579520 193
89302500 41
89282088 8
88905600 333
88573500 10
88510464 11
88473600 136
88200000 158
88179840 337
88080384 4
87808000 55
87516450 18
87500000 4
87480000 243
87127488 9
87091200 881
86802030 8
86704128 31
86436000 69
86400000 267
86051840 5
86016000 157
85766121 1
85750000 6
85730400 432
85349376 67
85050000 110
85030560 32
84934656 6
84707280 3
84672000 719
84375000 1
84295680 25
84015792 9
84000000 70
83980800 453
83607552 83
83349000 107
82978560 79
82944000 481
82687500 7
82668600 95
82575360 46
82320000 76
82301184 120
82012500 8
81920000 25
81682020 15
81648000 966
81285120 359
81033750 5
81015228 10
81000000 88
80673600 16
80640000 527
80621568 43
80372250 18
80281600 27
80015040 230
80000000 12
79626240 122
79413075 2
79380000 323
79361856 44
79060128 1
79027200 259
78764805 3
78750000 16
78732000 176
78643200 19
78400000 49
78382080 538
77792400 90
77760000 537
77446656 6
77414400 530
77175000 28
77157360 123
77070336 3
76832000 29
76800000 103
76545000 115
76527504 1
76236552 1
76204800 845
75866112 38
75631500 4
75600000 363
75582720 164
75497472 1
75295360 1
75264000 228
75014100 69
75000000 5
74680704 40
74649600 583
74418750 5
74401740 16
74317824 45
74088000 264
73811250 5
73758720 19
73728000 188
73513818 4
73500000 30
73483200 608
73400320 2
73156608 133
72930375 1
72900000 128
72606240 17
72576000 1173
72335025 3
72253440 124
72030000 23
72013536 44
72000000 108
71680000 84
71663616 48
71442000 356
71124480 307
70875000 25
70858800 73
70778880 35
70560000 429
70543872 123
70246400 34
70013160 41
70000000 4
69984000 649
69672960 455
69457500 32
69441624 17
69148800 97
69120000 471
68890500 58
68812800 92
68600000 22
68584320 426
68068350 3
68040000 637
68024448 25
67737600 702
67512690 11
67500000 19
67436544 8
67228000 6
67200000 221
67184640 287
66976875 2
66961566 1
66679200 348
66382848 29
66355200 336
66150000 94
66134880 183
66060288 5
65856000 170
65625000 1
65610000 99
65536000 20
65345616 8
65318400 1151
65028096 78
64827000 47
64800000 373
64538880 13
64512000 529
64312500 1
64297800 163
64225280 11
64012032 94
64000000 26
63787500 25
63772920 11
63700992 17
63504000 883
63221760 128
63026250 1
63011844 6
63000000 93
62985600 350
62914560 5
62720000 105
62705664 149
62511750 23
62233920 126
62208000 845
62001450 10
61931520 168
61740000 143
61725888 96
61465600 24
61440000 137
61250000 4
61236000 556
60963840 633
60761421 1
60750000 35
60505200 20
60480000 872
60466176 52
60236288 1
60211200 139
60025000 6
60011280 141
60000000 24
59719680 257
59535000 146
59521392 31
59270400 430
59062500 3
59049000 57
59006976 4
58982400 103
58824500 1
58800000 146
58786560 591
58720256 1
58344300 48
58320000 507
58084992 6
58060800 1015
57881250 1
57868020 51
57802752 18
57624000 66
57600000 292
57408750 13
57344000 52
57153600 833
56899584 70
56723625 2
56700000 247
56687040 86
56623104 4
56471520 3
56448000 661
56260575 1
56250000 2
56197120 16
56010528 36
56000000 47
55987200 714
55801305 1
55738368 98
55566000 275
55319040 93
55296000 558
55125000 18
55112400 294
55050240 18
54880000 74
54867456 182
54675000 35
54454680 13
54432000 1461
54190080 356
54022500 11
54010152 21
54000000 136
53782400 9
53760000 299
53747712 59
53581500 97
53343360 366
53144100 10
53084160 136
52920000 530
52907904 94
52684800 162
52509870 11
52500000 20
52488000 407
52428800 9
52254720 783
52081218 2
51861600 134
51840000 741
51667875 1
51631104 3
51609600 360
51450000 30
51438240 359
51380224 1
51200000 35
51030000 293
51018336 6
50803200 1156
50625000 9
50577408 17
50421000 4
50400000 383
50388480 302
50331648 1
50176000 106
50009400 166
50000000 4
49787136 58
49766400 660
49612500 22
49601160 73
49545216 26
49392000 293
49207500 20
49172480 20
49152000 93
49009212 5
49000000 14
48988800 1117
48771072 137
48620250 13
48600000 257
48404160 24
48384000 1273
48223350 21
48168960 64
48020000 13
48009024 96
48000000 99
47840625 2
47829690 1
47775744 54
47628000 714
47416320 299
47250000 69
47239200 207
47185920 28
47040000 308
47029248 194
46675440 94
46656000 1015
46448640 522
46305000 64
46294416 52
46099200 80
46080000 396
45937500 2
45927000 187
45875200 34
45722880 783
45562500 4
45378900 16
45360000 1056
45349632 44
45177216 2
45158400 508
45008460 57
45000000 38
44957696 1
44800000 113
44789760 416
44651250 21
44641044 9
44452800 521
44286750 8
44255232 33
44236800 309
44100000 150
44089920 430
44040192 6
43904000 90
43758225 5
43740000 258
43563744 11
43545600 1642
43401015 5
43352064 59
43218000 75
43200000 382
43025920 10
43008000 290
42875000 3
42865200 444
42674688 145
42525000 95
42515280 50
42467328 25
42353640 3
42336000 970
42187500 1
42147840 88
42017500 1
42007896 21
42000000 79
41990400 650
41803776 193
41674500 76
41489280 115
41472000 990
41343750 2
41334300 74
41287680 147
41160000 125
41150592 185
40960000 49
40841010 6
40824000 1108
40642560 649
40507614 4
40500000 91
40336800 16
40320000 776
40310784 108
40186125 3
40140800 62
40007520 306
40000000 22
39813120 294
39690000 300
39680928 57
39513600 381
39375000 9
39366000 172
39337984 1
39321600 52
39200000 71
39191040 959
38896200 99
38880000 844
38723328 13
38707200 916
38587500 7
38578680 143
38535168 9
38416000 26
38400000 170
38272500 50
38263752 2
38118276 1
38102400 1320
37933056 83
37815750 1
37800000 417
37791360 250
37748736 6
37632000 396
37507050 28
37500000 1
37340352 48
37324800 967
37209375 1
37200870 11
37158912 82
37044000 365
36879360 70
36864000 355
36756909 1
36750000 33
36741600 694
36700160 9
36578304 254
36450000 117
36303120 27
36288000 1799
36126720 245
36015000 16
36006768 62
36000000 146
35840000 130
35831808 108
35721000 299
35562240 481
35437500 13
35429400 56
35389440 107
35280000 545
35271936 203
35123200 54
35006580 33
35000000 23
34992000 832
34836480 916
34728750 19
34720812 12
34574400 144
34560000 775
34445250 25
34420736 1
34406400 196
34300000 16
34292160 652
34171875 1
34034175 1
34020000 647
34012224 39
33882912 3
33868800 1120
33756345 2
33750000 13
33718272 20
33614000 5
33600000 291
33592320 513
33480783 1
33339600 368
33191424 44
33177600 700
33075000 85
33067440 198
33030144 20
32941720 2
32928000 254
32805000 90
32768000 36
32672808 15
32659200 1808
32514048 183
32413500 26
32400000 439
32269440 20
32256000 1036
32156250 2
32148900 145
32112640 22
32006016 160
32000000 38
31893750 11
31886460 8
31850496 55
31765230 1
31752000 1051
31610880 241
31505922 4
31500000 100
31492800 445
31457280 15
31360000 135
31352832 270
31255875 2
31116960 133
31104000 1387
31000725 4
30965760 401
30870000 144
30862944 133
30732800 33
30720000 199
30625000 3
30618000 613
30481920 1039
30375000 20
30252600 27
30240000 1231
30233088 71
30105600 309
30012500 3
30005640 136
30000000 21
29859840 487
29767500 65
29760696 20
29635200 618
29524500 38
29503488 13
29491200 233
29412250 1
29400000 144
29393280 808
29360128 1
29172150 21
29160000 569
29042496 21
29030400 1836
28934010 27
28901376 59
28812000 80
28800000 439
28704375 1
28697814 1
28672000 121
28576800 895
28449792 149
28350000 247
28343520 112
28311552 12
28235760 6
28224000 949
28125000 3
28098560 25
28005264 58
28000000 51
27993600 1135
27869184 209
27783000 204
27659520 105
27648000 927
27562500 8
27556200 218
27525120 63
27440000 70
27433728 288
27337500 18
27227340 18
27216000 1819
27095040 654
27011250 3
27005076 21
27000000 116
26891200 17
26880000 510
26873856 129
26790750 31
26671680 523
26572050 6
26542080 303
26460000 482
26453952 105
26342400 263
26254935 3
26250000 11
26244000 444
26214400 17
26127360 1294
26040609 1
25930800 149
25920000 1058
25815552 8
25804800 699
25725000 23
25719120 314
25690112 10
25600000 62
25515000 231
25509168 16
25412184 1
25401600 1690
25312500 2
25288704 53
25210500 3
25200000 460
25194240 418
25165824 2
25088000 139
25004700 117
25000000 1
24893568 63
24883200 1190
24806250 10
24800580 50
24772608 67
24696000 430
24603750 10
24586240 27
24576000 212
24504606 4
24500000 26
24494400 1330
24385536 319
24310125 3
24300000 224
24202080 33
24192000 1904
24111675 9
24084480 135
24010000 17
24004512 124
24000000 110
23887872 124
23814000 636
23708160 461
23625000 43
23619600 174
23592960 52
23529800 1
23520000 378
23514624 314
23337720 91
23328000 1404
23224320 963
23152500 52
23147208 50
23049600 113
23040000 633
22963500 120
22937600 66
22861440 1038
22689450 5
22680000 1068
22674816 78
22579200 947
22504230 23
22500000 25
22478848 4
22400000 139
22394880 715
22325625 4
22320522 8
22226400 594
22127616 38
22118400 563
22050000 139
22044960 489
22020096 7
21952000 113
21870000 240
21781872 15
21772800 2471
21676032 158
21609000 54
21600000 517
21512960 6
21504000 529
21437500 2
21432600 342
21337344 182
21262500 59
21257640 37
21233664 60
21176820 6
21168000 1387
21073920 139
21008750 2
21003948 19
21000000 84
20995200 890
20971520 1
20901888 343
20837250 31
20744640 170
20736000 1533
20667150 35
20643840 266
20580000 118
20575296 238
20480000 74
20412000 1155
20321280 1163
20253807 3
20250000 47
20168400 19
20160000 1070
20155392 133
20070400 123
20003760 330
20000000 13
19906560 601
19845000 264
19840464 44
19765032 1
19756800 568
19683000 126
19668992 4
19660800 105
19600000 85
19595520 1263
19448100 67
19440000 1001
19361664 9
19353600 1612
19293750 7
19289340 80
19267584 25
19208000 49
19200000 213
19136250 28
19131876 2
19059138 3
19051200 1559
18966528 156
18900000 375
18895680 262
18874368 7
18823840 2
18816000 615
18753525 8
18750000 2
18670176 74
18662400 1606
18579456 219
18522000 328
18439680 104
18432000 639
18375000 19
18370800 645
18350080 18
18289152 390
18225000 76
18151560 23
18144000 2425
18063360 463
18007500 10
18003384 63
18000000 155
17920000 212
17915904 185
17860500 178
17781120 648
17718750 2
17714700 35
17694720 218
17647350 2
17640000 558
17635968 242
17561600 99
17503290 14
17500000 15
17496000 872
17418240 1499
17364375 5
17360406 8
17287200 163
17280000 1061
17222625 5
17210368 1
17203200 350
17150000 22
17146080 679
17010000 617
17006112 28
16941456 3
16934400 1664
16875000 7
16859136 35
16807000 3
16800000 345
16796160 711
16777216 1
16669800 304
16595712 79
16588800 1204
16537500 42
16533720 152
16515072 38
16464000 306
16402500 39
16384000 51
16336404 12
16329600 2234
16257024 310
16206750 19
16200000 437
16134720 18
16128000 1517
16074450 64
16056320 39
16003008 197
16000000 45
15946875 1
15943230 4
15925248 111
15882615 2
15876000 1126
15805440 383
15752961 1
15750000 80
15746400 451
15728640 23
15680000 177
15676416 454
15558480 160
15552000 1787
15482880 793
15435000 99
15431472 116
15366400 46
15360000 369
15312500 1
15309000 385
15240960 1456
15187500 10
15126300 12
15120000 1327
15116544 131
15059072 1
15052800 480
15002820 102
15000000 21
14929920 866
14883750 34
14880348 14
14817600 716
14765625 1
14762250 14
14751744 15
14745600 381
14700000 138
14696640 960
14680064 3
14586075 3
14580000 559
14521248 16
14515200 2713
14467005 6
14450688 97
14406000 54
14400000 450
14336000 177
14288400 822
14224896 244
14175000 126
14171760 106
14155776 43
14117880 2
14112000 1217
14062500 1
14049280 61
14002632 34
14000000 76
13996800 1400
13934592 377
13891500 133
13829760 167
13824000 1406
13781250 3
13778100 147
13762560 130
13720000 73
13716864 422
13668750 4
13613670 10
13608000 1957
13547520 1022
13502538 10
13500000 125
13445600 10
13440000 713
13436928 223
13395375 6
13335840 494
13286025 1
13271040 531
13230000 403
13226976 134
13176688 1
13171200 331
13125000 5
13122000 329
13107200 26
13063680 1777
12965400 99
12960000 1290
12907776 10
12902400 1157
12862500 9
12859560 252
12845056 4
12800000 102
12757500 126
12754584 12
12706092 1
12700800 1960
12656250 1
12644352 84
12605250 4
12600000 430
12597120 528
12582912 7
12544000 252
12502350 55
12500000 3
12446784 67
12441600 1843
12403125 1
12400290 15
12386304 155
12348000 398
12293120 35
12288000 324
12252303 1
12250000 13
12247200 1360
12192768 508
12150000 200
12101040 27
12096000 2556
12042240 230
12005000 8
12002256 117
12000000 119
11943936 197
11907000 454
11854080 679
11812500 23
11809800 128
11796480 129
11764900 3
11760000 428
11757312 458
11668860 62
11664000 1474
11612160 1561
11576250 26
11573604 27
11524800 127
11520000 867
11481750 38
11468800 103
11430720 1140
11344725 4
11340000 1012
11337408 69
11294304 2
11289600 1365
11252115 8
11250000 13
11239424 10
11200000 149
11197440 1033
11113200 494
11063808 49
11059200 980
11025000 87
11022480 446
11010048 24
10976000 124
10935000 166
10890936 12
10886400 3063
10838016 236
10804500 26
10800000 518
10756480 11
10752000 829
10716300 240
10668672 254
10631250 21
10628820 19
10616832 96
10588410 2
10584000 1378
10536960 171
10501974 14
10500000 76
10497600 858
10485760 8
10450944 560
10418625 7
10372320 189
10368000 2054
10333575 10
10321920 449
10290000 91
10287648 235
10240000 109
10206000 962
10160640 1588
10125000 37
10084200 19
10080000 1248
10077696 228
10035200 185
10001880 238
10000000 13
9953280 994
9922500 139
9920232 41
9882516 1
9878400 672
9841500 58
9834496 5
9830400 180
9800000 74
9797760 1514
9724050 24
9720000 966
9680832 17
9676800 2363
9644670 43
9633792 39
9604000 32
9600000 309
9568125 3
9525600 1432
9483264 211
9450000 261
9447840 256
9437184 23
9411920 2
9408000 803
9335088 63
9331200 2020
9289728 323
9261000 240
9219840 86
9216000 1015
9187500 5
9185400 455
9175040 34
9144576 533
9112500 32
9075780 22
9072000 2684
9031680 671
9003750 5
9001692 35
9000000 123
8960000 264
8957952 285
8930250 54
8890560 727
8857350 13
8847360 398
8820000 517
8817984 257
8780800 117
8751645 1
8750000 4
8748000 783
8709120 2214
8680203 2
8643600 133
8640000 1336
8605184 5
8601600 534
8575000 11
8573040 634
8505000 382
8503056 25
8470728 3
8467200 2017
8437500 2
8429568 56
8403500 4
8400000 342
8398080 955
8334900 193
8297856 65
8294400 1884
8268750 5
8266860 98
8257536 84
8235430 1
8232000 286
8201250 16
8192000 93
8168202 5
8164800 2357
8128512 472
8103375 5
8100000 333
8067360 27
8064000 1998
8037225 10
8028160 72
8001504 218
8000000 42
7971615 2
7962624 210
7938000 920
7902720 544
7875000 36
7873200 333
7864320 58
7840000 197
7838208 615
7779240 137
7776000 2046
7741440 1209
7717500 55
7715736 91
7683200 73
7680000 463
7656250 1
7654500 211
7620480 1701
7593750 1
7563150 9
7560000 1249
7558272 165
7529536 1
7526400 689
7501410 54
7500000 19
7464960 1358
7441875 2
7440174 6
7408800 732
7381125 1
7375872 37
7372800 616
7350000 101
7348320 840
7340032 6
7290000 395
7260624 19
7257600 3450
7225344 165
7203000 49
7200000 514
7168000 248
7144200 597
7112448 293
7087500 64
7085880 94
7077888 65
7056000 1300
7024640 74
7001316 23
7000000 49
6998400 1593
6967296 593
6945750 43
6914880 157
6912000 1751
6889050 63
6881280 228
6860000 65
6858432 441
6806835 4
6804000 1683
6773760 1393
6751269 2
6750000 67
6722800 12
6720000 818
6718464 317
6667920 491
6635520 795
6615000 256
6613488 120
6585600 431
6561000 239
6553600 41
6531840 2240
6482700 61
6480000 1287
6453888 12
6451200 1680
6431250 5
6429780 180
6422528 12
6400000 101
6378750 41
6377292 6
6350400 1979
6328125 1
6322176 131
6300000 358
6298560 585
6291456 10
6272000 293
6251175 11
6250000 2
6223392 87
6220800 2538
6200145 2
6193152 228
6174000 288
6146560 45
6144000 444
6125000 6
6123600 1084
6096384 607
6075000 104
6050520 24
6048000 2781
6021120 334
6002500 6
6001128 75
6000000 119
5971968 336
5953500 221
5927040 762
5906250 4
5904900 77
5898240 222
5880000 405
5878656 520
5834430 30
5832000 1383
5806080 2159
5788125 2
5786802 19
5762400 95
5760000 1032
5740875 4
5734400 158
5715360 1067
5670000 735
5668704 86
5647152 2
5644800 1596
5625000 8
5619712 16
5600000 152
5598720 1406
5556600 365
5531904 79
5529600 1512
5512500 29
5511240 296
5505024 41
5488000 111
5467500 79
5445468 14
5443200 3149
5419008 353
5402250 12
5400000 492
5378240 11
5376000 1043
5358150 75
5334336 336
5315625 1
5314410 7
5308416 169
5292000 1195
5268480 274
5250000 61
5248800 871
5242880 13
5225472 726
5186160 137
5184000 2418
5160960 779
5145000 62
5143824 214
5120000 175
5103000 618
5080320 1862
5062500 18
5042100 10
5040000 1200
5038848 263
5017600 240
5000940 168
5000000 10
4976640 1434
4961250 44
4960116 31
4939200 680
4920750 24
4917248 12
4915200 259
4900000 63
4898880 1580
4862025 6
4860000 732
4840416 12
4838400 3007
4822335 12
4816896 58
4802000 23
4800000 295
4782969 1
4762800 1129
4741632 258
4725000 156
4723920 196
4718592 25
4704000 755
4667544 55
4665600 2287
4644864 529
4630500 130
4609920 125
4608000 1225
4592700 251
4587520 58
4572288 627
4556250 8
4537890 10
4536000 2595
4515840 955
4501875 1
4500846 15
4500000 98
4480000 321
4478976 441
4465125 17
4445280 636
4428675 1
4423680 641
4410000 360
4408992 295
4390400 162
4375000 8
4374000 594
4354560 2748
4321800 92
4320000 1354
4302592 4
4300800 759
4287500 8
4286520 433
4252500 155
4251528 23
4235364 3
4233600 2072
4214784 65
4200000 309
4199040 941
4167450 67
4148928 95
4147200 2308
4134375 5
4133430 41
4128768 127
4116000 229
4100625 2
4096000 130
4082400 2048
4064256 621
4050000 236
4033680 19
4032000 2163
4014080 93
4000752 176
4000000 45
3981312 341
3969000 583
3951360 555
3937500 13
3936600 244
3932160 109
3920000 198
3919104 745
3889620 60
3888000 2097
3870720 1692
3858750 23
3857868 52
3841600 55
3840000 579
3827250 73
3810240 1660
3781575 1
3780000 952
3779136 148
3764768 1
3763200 863
3750705 6
3750000 9
3732480 1674
3704400 527
3687936 44
3686400 906
3675000 49
3674160 676
3670016 7
3645000 224
3630312 18
3628800 3760
3612672 214
3601500 18
3600000 444
3584000 331
3572100 324
3556224 330
3543750 12
3542940 33
3538944 109
3529470 2
3528000 1135
3512320 81
3500658 11
3500000 34
3499200 1480
3483648 826
3472875 9
3457440 161
3456000 2186
3444525 9
3440640 329
3430000 57
3429216 414
3402000 1271
3386880 1679
3375000 28
3361400 9
3360000 831
3359232 374
3333960 284
3317760 1256
3307500 149
3306744 73
3292800 419
3280500 111
3276800 68
3265920 2330
3241350 26
3240000 1073
3226944 8
3225600 2041
3214890 64
3211264 21
3200000 127
3189375 6
3175200 1666
3161088 156
3150000 216
3149280 463
3145728 17
3136000 313
3125000 1
3111696 57
3110400 2843
3096576 379
3087000 180
3073280 49
3072000 594
3062500 2
3061800 633
3048192 714
3037500 45
3025260 11
3024000 2666
3010560 455
3001250 1
3000564 63
3000000 75
2985984 463
2976750 86
2963520 649
2952450 23
2949120 386
2940000 311
2939328 518
2917215 6
2916000 1151
2903040 2680
2893401 1
2881200 90
2880000 1086
2867200 248
2857680 787
2835000 369
2834352 59
2823576 2
2822400 1678
2812500 4
2809856 20
2800000 123
2799360 1463
2778300 198
2765952 77
2764800 1830
2756250 13
2755620 137
2752512 56
2744000 117
2733750 20
2722734 4
2721600 2955
2709504 485
2701125 1
2700000 337
2689120 12
2688000 1152
2679075 17
2667168 266
2657205 1
2654208 290
2646000 844
2634240 319
2625000 18
2624400 571
2621440 20
2612736 933
2593080 111
2592000 2365
2580480 1029
2572500 26
2571912 159
2560000 185
2551500 276
2540160 1830
2531250 2
2521050 3
2520000 994
2519424 298
2508800 262
2500470 77
2500000 5
2488320 1793
2480625 9
2480058 16
2469600 507
2460375 5
2458624 14
2457600 395
2450000 39
2449440 1298
2430000 455
2420208 15
2419200 3442
2408448 108
2401000 16
2400000 301
2381400 682
2370816 261
2362500 63
2361960 153
2359296 70
2352000 745
2333772 25
2332800 2119
2322432 671
2315250 46
2304960 79
2304000 1460
2296350 71
2293760 79
2286144 592
2268945 1
2268000 1915
2257920 1118
2250423 4
2250000 61
2240000 287
2239488 518
2222640 504
2211840 951
2205000 200
2204496 202
2195200 138
2187500 2
2187000 290
2177280 2792
2160900 66
2160000 1199
2151296 3
2150400 947
2143750 2
2143260 247
2126250 60
2125764 12
2117682 1
2116800 1860
2107392 86
2100875 1
2100000 213
2099520 901
2097152 5
2083725 14
2074464 70
2073600 2720
2066715 8
2064384 223
2058000 167
2048000 168
2041200 1350
2032128 735
2025000 98
2016840 8
2016000 2127
2007040 136
2000376 113
2000000 42
1990656 487
1984500 252
1975680 545
1968750 5
1968300 87
1966080 136
1960000 132
1959552 761
1944810 34
1944000 1696
1935360 2107
1929375 3
1928934 22
1920800 44
1920000 621
1913625 12
1905120 1313
1890000 638
1889568 123
1881600 924
1875000 2
1866240 1857
1852200 303
1843968 50
1843200 1112
1837500 18
1837080 408
1835008 17
1822500 89
1815156 7
1814400 3565
1806336 323
1800750 10
1800000 362
1792000 375
1786050 97
1778112 280
1771875 2
1771470 12
1769472 162
1764000 854
1756160 98
1750329 2
1750000 16
1749600 1142
1741824 1054
1728720 104
1728000 2237
1720320 434
1715000 24
1714608 291
1701000 727
1693440 1744
1687500 9
1680700 3
1680000 684
1679616 404
1666980 149
1658880 1557
1653750 35
1653372 41
1646400 361
1640250 30
1638400 87
1632960 2113
1620675 4
1620000 760
1613472 8
1612800 2285
1607445 12
1605632 30
1600000 113
1587600 1133
1580544 195
1575000 124
1574640 353
1572864 23
1568000 279
1555848 41
1555200 2785
1548288 526
1543500 96
1536640 29
1536000 748
1531250 1
1530900 316
1524096 710
1518750 12
1512630 4
1512000 2169
1505280 540
1500282 21
1500000 45
1492992 604
1488375 18
1481760 572
1476225 4
1474560 501
1470000 199
1469664 440
1458000 742
1451520 2949
1440600 48
1440000 1003
1433600 293
1428840 506
1417500 185
1417176 46
1411788 1
1411200 1606
1404928 30
1400000 102
1399680 1334
1389150 60
1382976 63
1382400 2215
1378125 1
1377810 64
1376256 70
1372000 71
1366875 2
1360800 2275
1354752 575
1350000 213
1344560 8
1344000 1147
1333584 181
1327104 355
1323000 470
1317120 314
1312500 12
1312200 340
1310720 32
1306368 945
1296540 61
1296000 2159
1290240 1251
1286250 13
1285956 88
1280000 176
1275750 83
1270080 1671
1260525 1
1260000 711
1259712 198
1254400 284
1250235 11
1250000 5
1244160 2029
1240029 4
1234800 333
1229312 7
1228800 522
1225000 16
1224720 910
1215000 242
1210104 10
1209600 3301
1204224 114
1200500 3
1200000 241
1190700 300
1185408 303
1181250 22
1180980 58
1179648 84
1176000 611
1166886 9
1166400 1718
1161216 880
1157625 2
1152480 77
1152000 1514
1148175 13
1146880 97
1143072 416
1134000 1191
1128960 1191
1125000 29
1120000 254
1119744 558
1111320 298
1105920 1146
1102500 74
1102248 130
1097600 136
1093500 151
1088640 2661
1080450 23
1080000 924
1075648 3
1075200 1178
1071630 96
1063125 5
1062882 7
1058841 1
1058400 1407
1053696 89
1050000 119
1049760 691
1048576 4
1037232 54
1036800 2849
1032192 267
1029000 99
1024000 211
1020600 807
1016064 723
1012500 46
1008420 8
1008000 1775
1003520 138
1000188 64
1000000 28
995328 575
992250 85
987840 500
984150 30
983040 202
980000 114
979776 627
972405 8
972000 1214
967680 2266
964467 4
960400 26
960000 561
952560 869
945000 318
944784 91
940800 869
937500 3
933120 1841
926100 152
921984 41
921600 1291
918750 4
918540 201
917504 16
911250 21
907578 3
907200 2847
903168 347
900375 1
900000 255
896000 384
893025 16
889056 243
885735 4
884736 203
882000 558
878080 69
875000 9
874800 723
870912 1052
864360 73
864000 2018
860160 539
857500 12
857304 163
850500 310
846720 1525
843750 3
840350 2
840000 529
839808 395
833490 51
829440 1906
826875 7
826686 12
823200 265
820125 1
819200 131
816480 1626
810000 427
806736 4
806400 2317
802816 28
800000 89
793800 668
790272 194
787500 52
787320 175
786432 35
784000 242
777924 23
777600 2338
774144 632
771750 28
768320 25
768000 729
765450 85
762048 582
759375 3
756315 1
756000 1460
752640 595
750141 5
750000 24
746496 613
740880 387
737280 619
735000 101
734832 296
729000 351
725760 2701
720300 26
720000 789
716800 308
714420 251
708750 49
708588 23
705600 1246
702464 23
700000 68
699840 1172
694575 4
691488 53
691200 2244
688905 7
688128 132
686000 44
680400 1456
677376 587
675000 95
672280 5
672000 1090
666792 127
663552 515
661500 206
658560 271
656250 1
656100 124
655360 25
653184 852
648270 17
648000 1609
645120 1361
643125 3
642978 26
640000 164
637875 10
635040 1131
630000 396
629856 188
627200 282
625000 4
622080 2058
617400 198
614656 16
614400 529
612500 10
612360 486
607500 107
605052 4
604800 2750
602112 156
600250 3
600000 170
595350 110
592704 241
590625 4
590490 15
589824 129
588000 404
583443 3
583200 1318
580608 940
576240 60
576000 1424
573440 124
571536 316
567000 594
564480 1085
562500 11
560000 190
559872 509
555660 130
552960 1282
551250 17
551124 55
548800 115
546750 45
544320 2084
540225 5
540000 588
537824 2
537600 1090
535815 17
531441 1
529200 822
526848 103
525000 56
524880 394
524288 2
518616 41
518400 2580
516096 366
514500 36
512000 195
510300 346
508032 616
506250 11
504210 2
504000 1369
501760 151
500094 19
500000 14
497664 651
496125 13
493920 342
492075 5
491520 243
490000 55
489888 483
486000 741
483840 2226
480200 14
480000 451
476280 492
472500 127
472392 30
470400 669
466560 1522
463050 40
460992 31
460800 1372
459375 2
459270 50
458752 25
455625 8
453789 1
453600 1898
451584 386
450000 119
448000 328
444528 151
442368 298
441000 257
439040 81
437500 1
437400 362
435456 934
432180 27
432000 1518
430080 606
428750 1
428652 59
425250 79
423360 1263
420000 321
419904 314
416745 12
414720 1825
413343 1
411600 180
409600 143
408240 943
405000 205
403368 10
403200 2088
401408 35
400000 54
396900 288
395136 188
393750 18
393660 83
393216 49
392000 166
388962 9
388800 1781
387072 720
385875 5
384160 25
384000 701
382725 16
381024 448
378000 856
376320 567
375000 11
373248 642
370440 212
368640 713
367500 44
367416 149
364500 143
362880 2219
360150 7
360000 532
358400 331
357210 92
354375 6
354294 10
352800 829
351232 26
350000 40
349920 758
345744 24
345600 2110
344064 134
343000 29
340200 699
338688 530
337500 34
336140 1
336000 760
333396 49
331776 487
330750 57
329280 204
328050 42
327680 47
326592 672
324135 3
324000 1030
322560 1347
321489 4
320000 109
317520 747
315000 192
314928 95
313600 235
311040 1803
308700 73
307328 11
307200 650
306250 2
306180 241
303750 29
302526 2
302400 2064
301056 156
300000 96
297675 6
296352 166
295245 5
294912 149
294000 246
291600 705
290304 893
288120 31
288000 1161
286720 119
285768 163
283500 235
282240 864
281250 2
280000 123
279936 435
277830 27
276480 1328
275625 5
275562 17
274400 71
273375 3
272160 1407
270000 311
268912 2
268800 1002
264600 465
263424 71
262500 17
262440 208
262144 6
259308 17
259200 2001
258048 386
257250 12
256000 206
255150 101
254016 522
253125 1
252000 845
250880 148
250047 3
250000 13
248832 653
246960 210
245760 275
245000 23
244944 269
243000 317
241920 1916
240100 5
240000 311
238140 219
236250 33
236196 31
235200 549
233280 1076
231525 8
230496 22
230400 1254
229635 13
229376 37
226800 1172
225792 346
225000 54
224000 258
222264 91
221184 336
220500 104
219520 72
218700 125
217728 809
216090 17
216000 1154
215040 548
214326 32
212625 9
211680 834
210000 165
209952 226
207360 1671
205800 90
204800 137
204120 497
202500 92
201684 1
201600 1590
200704 24
200000 33
198450 87
197568 122
196875 1
196830 27
196608 69
196000 121
194400 1050
193536 648
192080 17
192000 585
190512 284
189000 375
188160 446
187500 7
186624 533
185220 92
184320 700
183750 15
183708 64
182250 40
181440 1653
180075 3
180000 340
179200 281
178605 23
176400 487
175616 26
175000 24
174960 447
172872 22
172800 1723
172032 140
171500 8
170100 290
169344 449
168750 6
168070 1
168000 543
166698 25
165888 494
165375 8
164640 148
164025 6
163840 63
163296 431
162000 529
161280 1228
160000 108
158760 387
157500 59
157464 67
156800 156
155520 1403
154350 26
153664 6
153600 577
153090 60
151875 3
151200 1224
150528 146
150000 60
148176 108
147456 183
147000 136
145800 355
145152 749
144060 12
144000 890
143360 113
142884 75
141750 64
141120 652
140000 82
139968 322
138915 16
138240 1247
137781 5
137200 33
136080 832
135000 155
134456 1
134400 842
132300 197
131712 71
131250 5
131220 83
131072 10
129654 5
129600 1334
129024 385
128000 139
127575 6
127008 303
126000 454
125440 129
125000 4
124416 557
123480 84
122880 285
122500 12
122472 153
121500 120
120960 1434
120050 2
120000 213
119070 69
118125 7
118098 4
117600 310
116640 706
115248 13
115200 1153
114688 25
113400 527
112896 265
112500 15
112000 185
111132 32
110592 349
110250 25
109760 51
109350 34
108864 556
108045 4
108000 681
107520 521
107163 3
105840 426
105000 74
104976 113
103680 1362
102900 38
102400 126
102060 216
101250 20
100842 2
100800 1049
100352 24
100000 22
99225 15
98784 89
98415 6
98304 50
98000 65
97200 590
96768 560
96040 10
96000 432
95256 120
94500 130
94080 346
93312 435
92610 28
92160 671
91854 22
91125 6
90720 1007
90000 148
89600 208
88200 230
87808 15
87500 5
87480 203
86436 8
86400 1247
86016 159
85750 5
85050 65
84672 277
84000 316
83349 2
82944 497
82320 68
81920 60
81648 259
81000 235
80640 985
80000 69
79380 154
78750 21
78732 27
78400 138
77760 881
77175 6
76832 4
76800 514
76545 8
75600 666
75264 119
75000 24
74088 53
73728 170
73500 34
72900 122
72576 589
72030 4
72000 557
71680 130
71442 26
70875 9
70560 401
70000 30
69984 199
69120 1021
68600 16
68040 402
67500 41
67228 1
67200 554
66150 50
65856 57
65610 14
65536 16
64800 779
64512 327
64000 118
63504 193
63000 215
62720 97
62500 1
62208 454
61740 47
61440 288
61250 5
61236 58
60750 30
60480 980
60025 1
60000 122
59535 7
58800 186
58320 387
57624 6
57600 817
57344 28
56700 201
56448 202
56250 1
56000 145
55566 16
55296 359
55125 2
54880 28
54675 5
54432 359
54000 296
53760 431
52920 218
52500 24
52488 57
51840 987
51450 13
51200 126
51030 43
50625 5
50400 639
50176 27
50000 6
49392 40
49152 59
49000 26
48600 253
48384 452
48020 2
48000 299
47628 64
47250 40
47040 203
46656 280
46305 3
46080 568
45927 4
45360 560
45000 59
44800 188
44100 70
43904 15
43750 2
43740 69
43218 1
43200 760
43008 145
42875 1
42525 7
42336 188
42000 163
41472 399
41160 35
40960 63
40824 129
40500 81
40320 756
40000 47
39690 62
39375 1
39366 2
39200 64
38880 519
38416 1
38400 398
37800 284
37632 106
37500 9
37044 26
36864 164
36750 13
36450 23
36288 398
36015 2
36000 309
35840 97
35721 3
35280 210
35000 13
34992 104
34560 780
34300 5
34020 119
33750 11
33600 380
33075 9
32928 29
32805 3
32768 17
32400 402
32256 295
32000 104
31752 84
31500 86
31360 72
31104 292
30870 15
30720 251
30625 1
30618 18
30375 1
30240 551
30000 57
29400 75
29160 163
28812 4
28800 541
28672 23
28350 43
28224 156
28125 1
28000 63
27783 2
27648 251
27440 12
27216 224
27000 140
26880 302
26460 87
26250 4
26244 25
25920 597
25725 2
25600 98
25515 8
25200 290
25088 24
25000 6
24696 16
24576 50
24500 9
24300 107
24192 323
24010 2
24000 197
23814 26
23625 3
23520 140
23328 151
23040 480
22680 249
22500 24
22400 129
22050 29
21952 12
21870 21
21609 4
21600 419
21504 105
21168 115
21000 67
20736 309
20580 17
20480 59
20412 39
20250 24
20160 396
20000 23
19845 4
19683 1
19600 23
19440 289
19208 1
19200 309
18900 107
18816 66
18750 1
18522 6
18432 133
18375 2
18225 7
18144 208
18000 150
17920 82
17640 84
17500 10
17496 59
17280 556
17010 35
16875 1
16800 205
16464 12
16384 11
16200 140
16128 187
16000 56
15876 35
15750 12
15680 40
15552 224
15360 197
15309 3
15120 305
15000 28
14700 31
14580 51
14406 1
14400 348
14336 20
14175 6
14112 87
14000 34
13824 198
13720 9
13608 65
13500 38
13440 231
13230 19
13125 1
13122 6
12960 338
12800 74
12600 117
12544 27
12500 2
12348 7
12288 65
12250 1
12150 19
12096 192
12000 98
11907 2
11760 71
11664 95
11520 322
11340 79
11250 4
11200 65
11025 4
10976 8
10935 1
10800 221
10752 83
10584 37
10500 24
10368 188
10290 2
10240 48
10206 19
10125 2
10080 228
10000 14
9800 15
9720 108
9600 164
9450 18
9408 42
9261 1
9216 126
9072 103
9000 62
8960 75
8820 31
8750 2
8748 25
8640 310
8505 4
8400 99
8232 5
8192 8
8100 48
8064 137
8000 43
7938 13
7875 1
7840 27
7776 114
7680 132
7560 121
7500 3
7350 4
7290 13
7200 193
7168 23
7056 40
7000 13
6912 139
6860 4
6804 30
6720 124
6615 2
6561 1
6480 156
6400 53
6300 32
6272 8
6174 3
6144 50
6075 1
6048 115
6000 44
5880 29
5832 34
5760 189
5670 11
5600 27
5400 81
5376 60
5292 13
5250 6
5184 113
5120 35
5103 5
5040 137
5000 5
4900 3
4860 44
4800 96
4725 4
4704 25
4608 82
4536 48
4500 14
4480 36
4410 11
4374 6
4320 150
4200 32
4116 2
4096 10
4050 8
4032 69
4000 11
3969 1
3920 13
3888 42
3840 84
3780 25
3750 3
3645 2
3600 87
3584 9
3528 15
3500 3
3456 92
3402 7
3375 1
3360 69
3240 59
3200 26
3150 11
3136 9
3072 31
3024 44
3000 14
2940 8
2916 8
2880 98
2835 6
2800 9
2744 3
2700 26
2688 36
2646 4
2592 60
2560 23
2520 48
2500 1
2430 4
2400 43
2352 10
2304 49
2268 16
2250 3
2240 21
2205 3
2187 1
2160 74
2100 16
2058 1
2048 3
2025 1
2016 43
2000 4
1960 6
1944 10
1920 69
1890 10
1800 28
1792 4
1764 2
1728 51
1701 1
1680 20
1620 17
1600 15
1568 3
1536 21
1512 19
1500 1
1470 2
1458 2
1440 56
1400 5
1350 5
1344 28
1296 18
1280 14
1260 9
1200 21
1176 6
1152 32
1134 6
1120 5
1080 27
1050 1
1024 4
1008 18
1000 4
980 1
972 3
960 30
945 3
900 9
896 8
882 3
864 28
840 8
810 5
800 7
784 2
768 9
756 5
750 1
729 1
720 29
700 1
672 10
648 10
640 4
630 3
600 6
576 9
540 5
512 1
504 6
480 14
450 2
448 3
432 11
420 2
400 4
384 8
360 9
336 5
324 3
320 4
300 2
288 4
280 2
270 1
256 3
252 2
240 5
224 1
216 5
210 1
192 3
180 4
168 6
162 1
160 3
150 1
144 2
128 1
120 1
112 3
108 1
100 1
96 1
84 2
80 1
72 1
60 1
54 1
48 1
20 1
