3074 1
3043 1
3037 1
3034 1
3032 1
3031 1
3030 1
3026 2
3024 1
3022 1
3020 2
3019 1
3018 1
3015 3
3014 1
3013 3
3012 1
3010 1
3009 2
3008 2
3007 4
3006 3
3005 6
3004 2
3003 2
3002 6
3001 1
3000 3
2999 3
2997 4
2996 4
2995 4
2994 6
2993 2
2992 5
2991 9
2990 3
2989 2
2988 8
2987 7
2986 5
2985 7
2984 9
2983 8
2982 4
2981 7
2980 12
2979 12
2978 14
2977 12
2976 14
2975 15
2974 10
2973 10
2972 19
2971 14
2970 16
2969 17
2968 24
2967 17
2966 24
2965 17
2964 21
2963 26
2962 22
2961 27
2960 30
2959 36
2958 26
2957 37
2956 30
2955 36
2954 46
2953 50
2952 26
2951 46
2950 57
2949 48
2948 55
2947 66
2946 47
2945 73
2944 86
2943 70
2942 63
2941 77
2940 87
2939 78
2938 83
2937 105
2936 89
2935 104
2934 93
2933 112
2932 101
2931 103
2930 116
2929 139
2928 111
2927 145
2926 153
2925 179
2924 164
2923 169
2922 169
2921 174
2920 158
2919 183
2918 200
2917 218
2916 190
2915 232
2914 221
2913 240
2912 240
2911 261
2910 290
2909 311
2908 295
2907 324
2906 335
2905 323
2904 377
2903 354
2902 387
2901 386
2900 419
2899 433
2898 413
2897 447
2896 472
2895 510
2894 526
2893 513
2892 569
2891 571
2890 573
2889 615
2888 624
2887 658
2886 632
2885 681
2884 717
2883 720
2882 792
2881 720
2880 840
2879 827
2878 868
2877 909
2876 943
2875 917
2874 957
2873 989
2872 1029
2871 1108
2870 1067
2869 1178
2868 1195
2867 1140
2866 1149
2865 1296
2864 1242
2863 1391
2862 1408
2861 1408
2860 1487
2859 1397
2858 1475
2857 1634
2856 1633
2855 1598
2854 1662
2853 1709
2852 1762
2851 1805
2850 1778
2849 1929
2848 1958
2847 1982
2846 2063
2845 2136
2844 2129
2843 2156
2842 2276
2841 2309
2840 2318
2839 2334
2838 2348
2837 2478
2836 2510
2835 2481
2834 2644
2833 2680
2832 2820
2831 2726
2830 2804
2829 2961
2828 2899
2827 3089
2826 3137
2825 3202
2824 3200
2823 3236
2822 3352
2821 3381
2820 3466
2819 3354
2818 3585
2817 3620
2816 3606
2815 3700
2814 3765
2813 3826
2812 3881
2811 4104
2810 4005
2809 4055
2808 4064
2807 4192
2806 4262
2805 4162
2804 4348
2803 4436
2802 4614
2801 4537
2800 4566
2799 4627
2798 4775
2797 4663
2796 4862
2795 4843
2794 4967
2793 5020
2792 5218
2791 5083
2790 5122
2789 5151
2788 5215
2787 5254
2786 5263
2785 5393
2784 5404
2783 5440
2782 5563
2781 5474
2780 5454
2779 5619
2778 5625
2777 5591
2776 5801
2775 5740
2774 5832
2773 5719
2772 5778
2771 5894
2770 5979
2769 6030
2768 6132
2767 5899
2766 6002
2765 5928
2764 5884
2763 5989
2762 6120
2761 6109
2760 6070
2759 6013
2758 6186
2757 6209
2756 6151
2755 6284
2754 6135
2753 6196
2752 6167
2751 6203
2750 6175
2749 6366
2748 6167
2747 6043
2746 6177
2745 6116
2744 6143
2743 6123
2742 6196
2741 6187
2740 6144
2739 6201
2738 5984
2737 5932
2736 6073
2735 6125
2734 5934
2733 6040
2732 5932
2731 5871
2730 5784
2729 5865
2728 5914
2727 5762
2726 5695
2725 5700
2724 5722
2723 5744
2722 5688
2721 5553
2720 5628
2719 5458
2718 5458
2717 5555
2716 5418
2715 5368
2714 5321
2713 5346
2712 5381
2711 5112
2710 5167
2709 5011
2708 5053
2707 5006
2706 4973
2705 4778
2704 4820
2703 4744
2702 4748
2701 4604
2700 4626
2699 4463
2698 4468
2697 4407
2696 4415
2695 4407
2694 4387
2693 4259
2692 4035
2691 4065
2690 4050
2689 3906
2688 3833
2687 3891
2686 3759
2685 3723
2684 3690
2683 3630
2682 3573
2681 3436
2680 3434
2679 3379
2678 3361
2677 3260
2676 3227
2675 3177
2674 3126
2673 2960
2672 2995
2671 2831
2670 2829
2669 2820
2668 2701
2667 2680
2666 2736
2665 2662
2664 2532
2663 2433
2662 2451
2661 2402
2660 2306
2659 2283
2658 2220
2657 2167
2656 2263
2655 2041
2654 2052
2653 1942
2652 1897
2651 1884
2650 1881
2649 1756
2648 1804
2647 1703
2646 1629
2645 1641
2644 1561
2643 1618
2642 1568
2641 1457
2640 1453
2639 1375
2638 1370
2637 1336
2636 1260
2635 1248
2634 1222
2633 1163
2632 1171
2631 1105
2630 1087
2629 1105
2628 1060
2627 1013
2626 1008
2625 968
2624 931
2623 884
2622 862
2621 868
2620 802
2619 799
2618 773
2617 723
2616 704
2615 695
2614 653
2613 671
2612 595
2611 620
2610 573
2609 568
2608 520
2607 570
2606 510
2605 493
2604 446
2603 464
2602 463
2601 413
2600 353
2599 404
2598 340
2597 330
2596 354
2595 310
2594 312
2593 312
2592 300
2591 308
2590 277
2589 255
2588 270
2587 245
2586 237
2585 224
2584 218
2583 210
2582 222
2581 195
2580 172
2579 186
2578 182
2577 160
2576 163
2575 171
2574 149
2573 151
2572 117
2571 127
2570 109
2569 106
2568 93
2567 109
2566 108
2565 123
2564 110
2563 81
2562 89
2561 71
2560 78
2559 62
2558 70
2557 74
2556 59
2555 76
2554 57
2553 58
2552 45
2551 64
2550 53
2549 49
2548 58
2547 41
2546 40
2545 41
2544 28
2543 32
2542 27
2541 33
2540 33
2539 23
2538 15
2537 17
2536 23
2535 22
2534 21
2533 22
2532 15
2531 23
2530 21
2529 13
2528 12
2527 8
2526 11
2525 16
2524 12
2523 7
2522 14
2521 13
2520 7
2519 9
2518 14
2517 9
2516 6
2515 1
2514 2
2513 6
2512 5
2511 9
2510 6
2509 7
2508 5
2507 2
2506 3
2505 2
2504 3
2503 1
2502 7
2501 2
2500 2
2499 3
2498 4
2497 2
2496 3
2495 1
2494 3
2493 1
2492 3
2491 4
2489 1
2488 1
2487 1
2486 2
2485 1
2484 1
2481 1
2480 2
2479 1
2475 1
2474 2
2469 1
2468 1
2467 1
2460 1
2456 1
2453 1
2422 1
