3059 1
3057 1
3048 1
3035 1
3034 2
3033 1
3032 1
3029 2
3027 2
3026 1
3020 1
3019 1
3018 3
3017 1
3016 1
3015 2
3014 3
3012 3
3011 2
3010 2
3008 3
3007 1
3006 1
3005 1
3003 5
3002 4
3001 4
3000 2
2999 6
2998 7
2997 1
2996 5
2995 3
2994 1
2993 7
2992 3
2991 13
2990 5
2989 3
2988 4
2987 2
2986 4
2985 12
2984 3
2983 8
2982 12
2981 10
2980 10
2979 10
2978 10
2977 17
2976 20
2975 20
2974 15
2973 7
2972 11
2971 21
2970 17
2969 23
2968 19
2967 17
2966 21
2965 17
2964 23
2963 28
2962 22
2961 24
2960 39
2959 31
2958 35
2957 31
2956 32
2955 31
2954 27
2953 51
2952 38
2951 43
2950 63
2949 46
2948 61
2947 60
2946 51
2945 77
2944 58
2943 63
2942 89
2941 62
2940 74
2939 95
2938 83
2937 95
2936 79
2935 104
2934 132
2933 138
2932 101
2931 117
2930 121
2929 136
2928 146
2927 145
2926 146
2925 152
2924 152
2923 179
2922 169
2921 157
2920 207
2919 196
2918 206
2917 206
2916 205
2915 225
2914 245
2913 259
2912 264
2911 257
2910 282
2909 301
2908 282
2907 311
2906 310
2905 328
2904 340
2903 360
2902 388
2901 388
2900 416
2899 399
2898 420
2897 443
2896 506
2895 506
2894 457
2893 532
2892 589
2891 540
2890 623
2889 618
2888 593
2887 642
2886 692
2885 687
2884 679
2883 747
2882 686
2881 752
2880 828
2879 854
2878 769
2877 875
2876 905
2875 921
2874 929
2873 1022
2872 1036
2871 1101
2870 1106
2869 1117
2868 1160
2867 1151
2866 1167
2865 1280
2864 1292
2863 1306
2862 1352
2861 1411
2860 1432
2859 1468
2858 1504
2857 1547
2856 1631
2855 1588
2854 1591
2853 1731
2852 1759
2851 1786
2850 1762
2849 1900
2848 1975
2847 1917
2846 2132
2845 2031
2844 2070
2843 2148
2842 2257
2841 2253
2840 2321
2839 2400
2838 2408
2837 2406
2836 2468
2835 2629
2834 2681
2833 2726
2832 2749
2831 2830
2830 2925
2829 2853
2828 2971
2827 3017
2826 3121
2825 3156
2824 3314
2823 3215
2822 3320
2821 3433
2820 3365
2819 3444
2818 3562
2817 3585
2816 3691
2815 3660
2814 3780
2813 3915
2812 3906
2811 3903
2810 4101
2809 4148
2808 4130
2807 4092
2806 4209
2805 4316
2804 4313
2803 4463
2802 4399
2801 4496
2800 4574
2799 4586
2798 4733
2797 4840
2796 4797
2795 4880
2794 4929
2793 5038
2792 4942
2791 5027
2790 4995
2789 5168
2788 5257
2787 5283
2786 5238
2785 5311
2784 5322
2783 5468
2782 5346
2781 5437
2780 5520
2779 5595
2778 5720
2777 5781
2776 5671
2775 5824
2774 5804
2773 5900
2772 5801
2771 5910
2770 5858
2769 6003
2768 5976
2767 5926
2766 6141
2765 5842
2764 6235
2763 6049
2762 6062
2761 6108
2760 5957
2759 6042
2758 6059
2757 6199
2756 6024
2755 6266
2754 6199
2753 6195
2752 6270
2751 6233
2750 6139
2749 6078
2748 6229
2747 6186
2746 6215
2745 6264
2744 6237
2743 6257
2742 6054
2741 6129
2740 6176
2739 6083
2738 6156
2737 6029
2736 6181
2735 6037
2734 6049
2733 5972
2732 5935
2731 5861
2730 5789
2729 5752
2728 5959
2727 5845
2726 5831
2725 5682
2724 5689
2723 5677
2722 5701
2721 5683
2720 5558
2719 5568
2718 5496
2717 5512
2716 5525
2715 5357
2714 5384
2713 5192
2712 5286
2711 5275
2710 5121
2709 5149
2708 5085
2707 4907
2706 4896
2705 4787
2704 4784
2703 4792
2702 4694
2701 4778
2700 4599
2699 4472
2698 4423
2697 4454
2696 4461
2695 4344
2694 4212
2693 4278
2692 4120
2691 4026
2690 3957
2689 3927
2688 3902
2687 3865
2686 3885
2685 3772
2684 3623
2683 3545
2682 3625
2681 3488
2680 3414
2679 3457
2678 3313
2677 3253
2676 3127
2675 3258
2674 3161
2673 3053
2672 2833
2671 2906
2670 2877
2669 2788
2668 2773
2667 2770
2666 2662
2665 2612
2664 2567
2663 2473
2662 2406
2661 2375
2660 2368
2659 2354
2658 2203
2657 2220
2656 2094
2655 2053
2654 2058
2653 2099
2652 1936
2651 1893
2650 1851
2649 1782
2648 1784
2647 1762
2646 1652
2645 1600
2644 1630
2643 1562
2642 1537
2641 1479
2640 1407
2639 1485
2638 1336
2637 1308
2636 1298
2635 1225
2634 1236
2633 1157
2632 1108
2631 1095
2630 1108
2629 1078
2628 999
2627 1006
2626 996
2625 945
2624 906
2623 872
2622 872
2621 833
2620 771
2619 783
2618 734
2617 772
2616 675
2615 697
2614 646
2613 653
2612 625
2611 549
2610 577
2609 550
2608 559
2607 491
2606 524
2605 508
2604 440
2603 423
2602 432
2601 423
2600 425
2599 374
2598 409
2597 358
2596 326
2595 390
2594 366
2593 287
2592 313
2591 294
2590 270
2589 269
2588 261
2587 264
2586 223
2585 222
2584 192
2583 223
2582 204
2581 194
2580 208
2579 167
2578 191
2577 165
2576 145
2575 145
2574 149
2573 138
2572 114
2571 118
2570 118
2569 118
2568 110
2567 87
2566 86
2565 114
2564 104
2563 98
2562 82
2561 88
2560 68
2559 85
2558 72
2557 65
2556 69
2555 53
2554 53
2553 48
2552 58
2551 56
2550 46
2549 40
2548 48
2547 40
2546 39
2545 20
2544 32
2543 41
2542 43
2541 31
2540 34
2539 36
2538 15
2537 25
2536 21
2535 24
2534 23
2533 18
2532 26
2531 17
2530 18
2529 15
2528 16
2527 18
2526 9
2525 11
2524 9
2523 18
2522 13
2521 12
2520 10
2519 13
2518 10
2517 2
2516 9
2515 6
2514 5
2513 4
2512 8
2511 7
2510 5
2509 3
2508 4
2507 2
2506 4
2505 5
2504 4
2503 3
2502 5
2501 7
2500 3
2499 4
2498 3
2497 2
2496 5
2495 4
2494 4
2493 4
2492 4
2491 2
2487 2
2486 1
2485 2
2483 1
2481 4
2480 2
2478 1
2477 2
2468 2
2464 1
2463 1
2456 1
2455 1
2448 2
