5184000000 1
3732480000 1
3528000000 2
3360000000 1
3359232000 1
3265920000 2
3225600000 1
3188646000 1
3149280000 2
3110400000 1
3061800000 1
2976069600 1
2916000000 3
2903040000 1
2822400000 3
2800000000 1
2721600000 1
2687385600 1
2646000000 1
2624400000 1
2612736000 5
2592000000 2
2580480000 2
2571912000 2
2519424000 1
2488320000 3
2419200000 1
2418647040 1
2361960000 1
2351462400 2
2332800000 1
2322432000 2
2314720800 4
2304000000 2
2286144000 4
2268000000 1
2267481600 2
2257920000 1
2240000000 1
2239488000 2
2232052200 1
2222640000 2
2211840000 2
2204496000 4
2195200000 1
2187000000 1
2177280000 5
2160000000 3
2143260000 3
2116800000 2
2099520000 2
2090188800 1
2083248720 1
2073600000 2
2057529600 4
2041200000 6
2032128000 1
2025000000 1
2016000000 2
2015539200 1
2000376000 3
1990656000 3
1984046400 1
1959552000 7
1944000000 4
1935360000 2
1928934000 3
1920000000 2
1905120000 2
1889568000 1
1881600000 1
1881169920 1
1866240000 5
1857945600 1
1852200000 1
1843200000 1
1837080000 2
1828915200 6
1814400000 3
1813985280 1
1806336000 3
1800338400 2
1800000000 1
1791590400 1
1786050000 2
1785641760 1
1778112000 5
1771470000 1
1764000000 2
1763596800 3
1749600000 6
1741824000 5
1728000000 1
1720320000 1
1714608000 7
1701000000 1
1700611200 1
1693440000 6
1680000000 1
1679616000 8
1666980000 1
1658880000 5
1653372000 4
1646023680 7
1632960000 15
1625702400 4
1620304560 2
1620000000 1
1612800000 3
1607445000 2
1592524800 2
1587600000 5
1580544000 2
1575296100 1
1575000000 1
1574640000 5
1567641600 5
1555848000 4
1555200000 8
1548288000 4
1543500000 1
1543147200 3
1536640000 1
1530900000 2
1530550080 1
1524096000 9
1512000000 3
1511654400 5
1505280000 2
1500282000 1
1492992000 3
1481760000 5
1474560000 1
1469664000 11
1463132160 1
1458274104 1
1458000000 4
1451520000 12
1440270720 1
1440000000 2
1433272320 1
1428840000 9
1422489600 2
1417500000 1
1417176000 5
1411200000 4
1410877440 2
1404928000 1
1400263200 5
1399680000 10
1393459200 6
1382400000 7
1377810000 3
1371686400 8
1360800000 8
1354752000 6
1350253800 1
1344000000 2
1343692800 6
1339231320 1
1333584000 8
1327104000 8
1323000000 3
1322697600 7
1317120000 4
1316818944 1
1312200000 5
1306368000 17
1302030450 1
1296540000 1
1296000000 7
1290240000 4
1289945088 1
1285956000 6
1280240640 1
1270080000 20
1264435200 1
1260236880 1
1260000000 1
1259712000 8
1254113280 4
1250235000 4
1244678400 2
1244160000 11
1240029000 3
1238630400 1
1234800000 3
1234517760 1
1228800000 2
1225000000 1
1224720000 8
1219276800 8
1215228420 1
1215000000 2
1209600000 12
1209323520 2
1204224000 1
1200500000 1
1200225600 3
1200000000 1
1194393600 6
1190700000 10
1190427840 2
1185408000 9
1180980000 1
1179648000 2
1175731200 16
1166886000 1
1166400000 15
1161216000 16
1157360400 9
1152000000 1
1146880000 2
1143072000 20
1134213192 1
1134000000 6
1133740800 5
1128960000 6
1128701952 2
1120210560 2
1120000000 2
1119744000 10
1114767360 5
1111320000 7
1111065984 2
1106380800 3
1105920000 5
1102248000 14
1101004800 1
1097600000 1
1097349120 5
1093500000 1
1089093600 1
1088640000 31
1083801600 2
1080450000 1
1080203040 1
1080000000 3
1075200000 4
1074954240 1
1071630000 6
1066867200 7
1062882000 2
1061683200 2
1058400000 8
1058158080 3
1053696000 1
1050197400 1
1050000000 1
1049760000 6
1048576000 1
1045094400 13
1041624360 1
1040449536 1
1037232000 1
1036800000 16
1032192000 5
1028764800 15
1020600000 16
1020366720 2
1016064000 23
1012690350 1
1012500000 2
1008189504 1
1008000000 17
1007769600 9
1003520000 1
1000188000 14
995742720 1
995328000 13
992250000 4
992023200 4
990904320 1
987840000 11
984150000 3
983040000 1
980000000 2
979776000 36
975421440 5
972405000 1
972182736 1
972000000 9
968083200 1
967680000 23
967458816 1
964467000 6
960180480 7
960000000 2
956593800 1
955514880 3
952560000 19
948326400 9
945177660 1
945000000 2
944784000 6
940800000 7
940584960 7
933508800 1
933120000 25
930021750 1
928972800 11
926100000 1
925888320 6
921600000 9
918540000 27
914457600 26
907578000 1
907200000 27
906992640 4
903168000 8
900169200 4
900000000 3
896168448 1
896000000 2
895795200 11
893025000 4
892820880 2
889056000 17
885735000 1
884736000 3
882000000 12
881798400 23
877879296 1
874800000 22
871274880 1
870912000 39
868020300 3
867041280 2
864360000 5
864000000 13
860160000 4
857304000 21
853493760 2
850500000 4
850305600 6
849346560 1
846720000 25
846526464 1
842956800 1
840000000 1
839808000 31
836075520 9
833490000 6
829785600 2
829440000 22
826686000 9
825753600 3
823200000 4
823011840 9
820125000 1
819200000 1
816480000 56
812851200 24
810152280 4
810000000 5
806400000 26
806215680 6
803722500 1
802816000 3
800150400 19
800000000 1
796594176 1
796262400 7
793800000 19
793618560 8
790272000 19
787648050 2
787500000 1
787320000 17
786432000 2
784147392 1
784000000 3
783820800 34
781218270 1
777924000 4
777600000 37
774144000 30
771750000 1
771573600 16
768320000 1
768144384 1
768000000 7
765450000 6
765275040 1
762048000 55
758661120 1
756000000 17
755827200 17
752640000 16
750141000 14
746807040 7
746496000 37
744017400 2
743178240 3
740880000 15
740710656 1
737280000 10
735000000 1
734832000 49
734003200 2
731566080 12
729000000 13
725760000 72
725594112 3
723350250 1
722534400 8
720135360 9
720000000 6
716800000 9
716636160 5
714420000 33
714256704 1
711244800 21
708750000 2
708588000 8
707788800 2
705600000 37
705438720 16
703096443 1
702464000 3
700131600 6
699840000 36
696729600 35
694575000 4
694416240 3
693633024 1
691488000 3
691200000 25
688905000 4
688128000 4
686000000 1
685843200 45
682795008 1
680683500 1
680400000 34
680244480 3
677376000 35
675126900 8
675000000 1
672126336 1
672000000 8
671846400 22
669615660 1
666792000 21
663828480 1
663552000 18
661500000 9
661348800 32
660602880 3
658560000 12
658409472 10
656100000 5
655360000 2
653456160 1
653184000 95
650280960 7
648270000 1
648000000 21
645388800 1
645120000 37
644972544 1
642978000 21
642252800 2
640120320 16
640000000 3
637875000 1
637729200 1
637009920 1
635304600 1
635040000 49
634894848 3
632217600 8
630118440 3
630000000 7
629856000 37
627200000 5
627056640 24
625117500 6
625000000 1
622339200 11
622080000 52
620014500 3
619315200 12
617400000 11
617258880 20
614656000 1
614400000 6
612360000 46
612220032 1
609638400 52
607614210 1
607500000 3
606928896 1
605052000 1
604800000 42
604661760 13
602112000 5
600112800 24
600000000 4
597196800 13
595350000 15
595213920 8
594542592 1
592704000 31
590490000 4
589824000 9
588000000 7
587865600 60
583443000 4
583200000 38
580849920 1
580608000 90
578680200 10
578027520 3
576240000 7
576108288 4
576000000 17
574087500 2
573956280 1
573440000 5
571536000 67
568995840 11
567000000 16
566870400 23
566231040 1
564715200 1
564480000 35
564350976 8
562605750 4
561971200 1
560105280 8
560000000 8
559872000 58
557383680 13
555660000 15
555532992 2
553190400 12
552960000 34
551250000 1
551124000 38
550502400 2
548800000 7
548674560 39
546750000 5
544546800 5
544320000 96
544195584 2
542126592 1
541900800 30
540101520 13
540000000 10
537824000 1
537600000 23
537477120 9
535815000 12
535692528 1
533433600 37
531441000 5
530841600 7
529200000 37
529079040 30
527067520 1
526848000 10
525098700 4
524880000 36
524288000 1
522547200 85
520812180 2
520224768 2
518616000 11
518400000 41
516311040 1
516096000 38
514382400 62
512096256 5
512000000 4
510300000 35
510183360 5
508032000 91
505774080 4
504210000 1
504094752 2
504000000 28
503884800 27
501760000 11
501645312 3
500094000 29
497871360 8
497664000 55
496125000 3
496011600 16
495452160 5
493920000 30
493807104 12
492075000 2
491520000 3
490092120 4
490000000 5
489888000 117
487710720 23
486202500 2
486000000 24
484041600 3
483840000 84
483729408 2
482233500 11
481689600 6
480200000 3
480090240 30
480000000 8
478296900 1
477757440 7
476280000 63
476171136 6
474163200 35
472500000 4
472392000 35
471859200 2
470400000 24
470292480 43
468730962 2
466754400 13
466560000 62
464486400 48
463050000 7
462944160 16
460992000 5
460800000 15
459270000 26
459165024 2
458752000 1
457228800 96
455196672 4
453789000 3
453600000 78
453496320 20
451772160 1
451584000 55
450084600 27
450000000 1
448084224 3
448000000 4
447897600 57
446512500 1
446410440 1
445906944 2
444528000 53
442867500 1
442552320 9
442368000 23
441000000 17
440899200 77
439040000 7
438939648 13
437582250 1
437400000 31
435637440 4
435456000 163
434010150 4
433520640 13
432180000 7
432081216 8
432000000 24
430259200 1
430080000 25
429981696 1
428652000 72
426746880 38
425250000 12
425152800 17
423536400 1
423360000 93
423263232 5
421478400 5
420175000 1
420078960 10
420000000 6
419904000 94
418037760 43
416745000 13
416649744 6
414892800 19
414720000 76
413343000 20
412876800 15
411600000 7
411505920 50
409600000 4
408410100 3
408240000 132
408146688 1
406594944 2
406425600 106
405076140 5
405000000 6
403368000 2
403200000 77
403107840 29
401861250 1
401769396 1
401408000 6
400075200 60
400000000 1
398131200 36
396900000 32
396809280 14
396361728 4
395136000 39
393750000 2
393660000 22
393379840 1
393216000 5
392000000 12
391910400 137
390168576 4
388962000 19
388800000 61
387233280 5
387072000 92
385875000 1
385786800 45
385351680 4
384160000 6
384072192 4
384000000 10
382725000 7
382637520 6
382205952 4
381024000 163
379330560 18
378157500 1
378071064 1
378000000 29
377913600 58
376320000 40
376233984 21
375070500 14
373403520 21
373248000 142
372008700 4
371589120 21
370440000 43
370355328 13
368793600 11
368640000 28
367569090 2
367500000 4
367416000 95
367001600 1
365783040 85
364500000 15
363031200 5
362880000 208
362797056 4
361267200 35
360150000 1
360067680 25
360000000 11
358400000 20
358318080 21
357210000 40
357128352 6
355622400 77
354294000 9
354041856 1
353894400 9
352800000 54
352719360 54
351232000 10
350065800 10
350000000 2
349920000 97
348509952 3
348364800 141
347287500 2
347208120 16
346816512 4
345744000 26
345600000 51
344452500 7
344064000 25
343064484 1
343000000 5
342921600 137
341397504 3
340341750 2
340200000 82
340122240 15
339738624 1
338688000 136
337563450 7
337500000 1
337182720 4
336063168 5
336000000 23
335923200 86
334430208 10
333396000 57
331914240 11
331776000 84
330750000 7
330674400 64
330301440 2
329280000 33
329204736 20
328050000 13
327680000 4
326728080 7
326592000 253
325140480 49
324135000 4
324060912 7
324000000 39
322694400 4
322560000 114
322486272 5
321489000 35
321126400 3
320060160 59
320000000 4
318937500 1
318864600 6
318504960 12
317652300 1
317520000 148
317447424 15
316108800 32
315059220 6
315000000 7
314928000 80
314572800 3
313600000 25
313528320 80
312558750 2
312487308 1
311169600 30
311040000 149
310007250 2
309786624 1
309657600 59
308700000 15
308629440 51
307328000 11
307200000 17
306180000 94
306110016 2
304946208 1
304819200 193
303750000 2
303464448 6
302526000 3
302400000 128
302330880 31
301056000 44
300056400 49
300000000 1
298722816 3
298598400 94
297675000 18
297606960 21
297271296 8
296352000 88
295245000 9
295034880 2
294912000 23
294055272 2
294000000 9
293932800 207
293601280 1
292626432 20
291721500 6
291600000 72
290424960 9
290304000 242
289340100 13
289013760 11
288120000 9
288054144 10
288000000 40
286978140 1
286720000 20
286654464 4
285887070 1
285768000 178
284497920 49
283553298 1
283500000 25
283435200 36
283115520 4
282357600 2
282240000 129
282175488 21
281250000 1
280985600 6
280052640 22
280000000 4
279936000 190
278691840 66
277830000 43
277766496 8
276595200 32
276480000 94
275625000 1
275562000 67
275251200 9
274400000 17
274337280 113
273375000 3
272273400 7
272160000 265
272097792 8
270950400 125
270112500 1
270050760 11
270000000 19
268912000 3
268800000 82
268738560 64
267907500 11
267846264 1
266716800 147
265720500 1
265531392 5
265420800 59
264600000 80
264539520 80
264241152 3
263424000 40
262549350 8
262500000 1
262440000 74
262144000 2
261382464 4
261273600 293
260406090 3
260112384 10
259308000 27
259200000 128
258155520 3
258048000 103
257250000 2
257191200 104
256048128 25
256000000 5
255150000 41
255091680 15
254803968 2
254016000 295
252887040 21
252047376 8
252000000 70
251942400 105
250880000 39
250822656 15
250047000 43
248935680 38
248832000 196
248062500 1
248005800 22
247726080 19
246960000 64
246903552 26
246037500 1
245862400 6
245760000 23
245046060 2
245000000 4
244944000 272
243855360 99
243101250 1
243045684 3
243000000 30
242020800 11
241920000 239
241864704 6
241116750 6
240844800 29
240100000 3
240045120 70
240000000 12
239148450 1
238878720 41
238140000 115
238085568 9
237081600 103
236250000 5
236196000 45
235929600 12
235298000 1
235200000 45
235146240 151
234365481 1
233377200 31
233280000 185
232339968 2
232243200 195
231525000 18
231472080 33
231211008 5
230496000 20
230400000 81
229635000 27
229582512 2
229376000 10
228709656 1
228614400 288
227598336 9
226894500 5
226800000 170
226748160 33
226492416 1
225886080 1
225792000 158
225042300 21
225000000 3
224788480 2
224042112 12
224000000 23
223948800 159
223256250 3
223205220 4
222953472 15
222264000 150
221276160 15
221184000 82
220541454 1
220500000 27
220449600 181
220200960 3
219520000 29
219469824 42
218700000 39
217818720 9
217728000 422
217005075 2
216760320 42
216090000 9
216040608 17
216000000 62
215129600 1
215040000 78
214990848 10
214326000 113
213373440 87
212625000 8
212576400 22
212336640 16
211768200 1
211680000 233
211631616 28
210739200 37
210087500 1
210039480 13
210000000 6
209952000 180
209715200 1
209018880 121
208372500 12
208324872 5
207446400 62
207360000 237
206671500 12
206524416 3
206438400 47
205800000 25
205752960 122
205520896 1
204800000 9
204205050 4
204120000 251
204073344 4
203297472 1
203212800 280
202538070 5
202500000 9
201684000 9
201600000 152
201553920 71
200704000 14
200037600 119
200000000 2
199148544 8
199065600 109
198450000 52
198404640 48
198180864 2
197568000 129
196830000 39
196689920 5
196608000 17
196036848 3
196000000 11
195955200 373
195084288 35
194481000 24
194400000 146
193616640 7
193536000 294
192937500 4
192893400 53
192675840 11
192080000 12
192036096 32
192000000 25
191362500 5
191318760 6
191102976 4
190512000 370
189665280 50
189035532 7
189000000 51
188956800 87
188743680 1
188238400 1
188160000 102
188116992 32
187535250 8
186701760 46
186624000 306
186004350 4
185794560 68
185220000 57
185177664 24
184396800 12
184320000 88
183750000 2
183708000 195
183500800 7
182891520 160
182284263 1
182250000 15
181515600 10
181440000 439
181398528 8
180708864 2
180633600 119
180075000 1
180033840 48
180000000 29
179830784 1
179200000 29
179159040 95
178605000 57
178564176 4
177811200 216
177147000 20
177020928 7
176947200 52
176473500 2
176400000 114
176359680 158
175616000 25
175032900 21
175000000 2
174960000 188
174254976 10
174182400 401
173643750 1
173604060 12
173408256 12
172872000 41
172800000 173
172226250 1
172103680 1
172032000 58
171500000 3
171460800 299
170698752 30
170170875 1
170100000 116
170061120 28
169869312 1
169414560 1
169344000 334
168781725 1
168750000 1
168591360 8
168070000 2
168031584 12
168000000 39
167961600 217
167215104 37
166698000 96
165957120 39
165888000 227
165375000 14
165337200 101
165150720 16
164640000 58
164602368 47
164025000 23
163840000 9
163364040 18
163296000 523
162570240 168
162067500 3
162030456 10
162000000 50
161347200 13
161280000 240
161243136 23
160744500 39
160563200 12
160030080 145
160000000 6
159432300 5
159252480 37
158826150 1
158760000 251
158723712 37
158054400 116
157529610 5
157500000 11
157464000 149
157351936 1
157286400 8
156800000 42
156764160 257
155584800 76
155520000 336
154893312 3
154828800 181
154350000 20
154314720 120
154140672 1
153664000 19
153600000 53
153090000 133
153055008 1
152473104 1
152409600 480
151875000 2
151732224 11
151263000 10
151200000 265
151165440 87
150528000 113
150028200 70
150000000 5
149361408 18
149299200 283
148837500 10
148803480 24
148635648 10
148176000 184
147622500 5
147517440 9
147456000 67
147000000 20
146966400 397
146800640 4
146313216 63
145860750 5
145800000 101
145212480 13
145152000 620
144670050 16
144506880 39
144060000 17
144027072 26
144000000 61
143521875 1
143489070 1
143360000 42
143327232 16
142943535 1
142884000 274
142248960 132
141776649 1
141750000 40
141717600 60
141557760 19
141178800 5
141120000 263
141087744 57
140492800 20
140026320 35
140000000 12
139968000 369
139345920 193
138915000 38
138883248 21
138297600 59
138240000 271
137781000 62
137625600 45
137200000 12
137168640 272
136687500 1
136136700 6
136080000 457
136048896 13
135531648 2
135475200 327
135025380 27
135000000 21
134873088 1
134456000 7
134400000 103
134369280 151
133953750 7
133923132 1
133358400 248
132860250 1
132765696 10
132710400 159
132300000 89
132269760 120
132120576 2
131712000 96
131274675 1
131250000 1
131220000 113
131072000 4
130691232 4
130636800 693
130203045 1
130056192 39
129654000 45
129600000 207
129077760 7
129024000 262
128625000 8
128595600 178
128450560 12
128024064 56
128000000 17
127575000 35
127545840 8
127401984 7
127060920 1
127008000 589
126443520 57
126023688 9
126000000 83
125971200 216
125829120 1
125440000 69
125411328 57
125023500 36
125000000 1
124467840 66
124416000 435
124002900 20
123863040 76
123480000 117
123451776 60
123018750 1
122931200 14
122880000 56
122523030 3
122500000 4
122472000 469
121927680 270
121522842 4
121500000 39
121010400 12
120960000 548
120932352 17
120558375 1
120422400 73
120050000 5
120022560 122
120000000 27
119574225 1
119439360 122
119070000 158
119042784 14
118540800 230
118125000 2
118098000 65
118013952 1
117964800 26
117649000 1
117600000 101
117573120 280
116688600 31
116640000 376
116169984 7
116121600 476
115762500 3
115736040 52
115605504 13
115248000 31
115200000 163
114817500 26
114791256 1
114688000 24
114307200 533
113799168 32
113447250 2
113400000 235
113374080 79
112943040 1
112896000 343
112521150 16
112500000 3
112394240 8
112021056 24
112000000 37
111974400 397
111602610 6
111476736 44
111132000 206
110638080 38
110592000 238
110270727 1
110250000 21
110224800 255
110100480 11
109760000 39
109734912 91
109350000 43
108909360 16
108864000 904
108380160 155
108045000 9
108020304 20
108000000 101
107564800 2
107520000 152
107495424 36
107163000 131
106686720 214
106312500 5
106288200 14
106168320 47
105884100 1
105840000 354
105815808 55
105369600 99
105043750 1
105019740 23
105000000 15
104976000 326
104857600 4
104509440 359
104186250 2
104162436 6
103723200 115
103680000 466
103335750 6
103262208 1
103219200 175
102900000 25
102876480 224
102400000 26
102060000 334
102036672 6
101648736 1
101606400 628
101269035 1
101250000 9
101154816 7
100842000 12
100800000 292
100776960 148
100352000 56
100018800 178
99574272 25
99532800 343
99225000 45
99202320 73
99090432 11
98825160 1
98784000 245
98437500 1
98415000 35
98344960 5
98304000 34
98018424 5
98000000 20
97977600 734
97542144 75
97240500 20
97200000 229
96808320 23
96768000 695
96446700 47
96337920 23
96040000 15
96018048 54
96000000 63
95659380 4
95551488 18
95295690 2
95256000 577
94832640 168
94517766 4
94500000 67
94478400 196
94371840 13
94119200 1
94080000 187
94058496 103
93350880 84
93312000 628
93002175 4
92897280 207
92610000 82
92588832 51
92198400 45
92160000 198
91854000 241
91750400 11
91445760 418
91125000 14
90757800 19
90720000 687
90699264 33
90354432 1
90316800 283
90037500 6
90016920 60
90000000 32
89600000 70
89579520 210
89302500 39
89282088 10
88942644 1
88905600 383
88573500 12
88510464 10
88473600 145
88200000 157
88179840 292
87808000 65
87516450 16
87500000 1
87480000 284
87127488 14
87091200 923
86802030 7
86704128 28
86436000 59
86400000 295
86113125 1
86051840 4
86016000 145
85750000 4
85730400 400
85349376 91
85050000 128
85030560 37
84934656 10
84707280 3
84672000 717
84375000 1
84295680 31
84035000 1
84015792 20
84000000 86
83980800 415
83607552 84
83349000 103
82978560 94
82944000 526
82687500 4
82668600 86
82575360 52
82320000 86
82301184 103
82012500 7
81920000 24
81682020 10
81648000 905
81285120 358
81033750 1
81015228 12
81000000 89
80673600 15
80640000 489
80621568 52
80372250 20
80281600 30
80015040 236
80000000 10
79716150 3
79626240 126
79413075 1
79380000 333
79361856 45
79027200 260
78750000 12
78732000 179
78643200 20
78400000 53
78382080 543
78121827 1
77792400 73
77760000 570
77446656 5
77414400 493
77175000 29
77157360 153
77070336 1
76832000 26
76800000 92
76562500 1
76545000 111
76527504 4
76236552 1
76204800 895
75866112 38
75631500 3
75600000 326
75582720 160
75497472 1
75295360 3
75264000 207
75014100 64
75000000 9
74680704 40
74649600 585
74418750 4
74401740 16
74317824 53
74088000 296
73811250 4
73758720 24
73728000 166
73513818 1
73500000 25
73483200 525
73400320 3
73156608 127
72930375 1
72900000 123
72606240 16
72576000 1169
72335025 2
72253440 128
72030000 20
72013536 62
72000000 110
71680000 71
71663616 41
71442000 317
71124480 322
70875000 21
70858800 56
70778880 43
70589400 1
70560000 416
70543872 109
70246400 37
70013160 40
70000000 17
69984000 683
69672960 493
69457500 39
69441624 25
69148800 119
69120000 474
68906250 1
68890500 45
68841472 2
68812800 80
68600000 21
68584320 488
68343750 1
68068350 5
68040000 626
68024448 23
67765824 3
67737600 706
67512690 19
67500000 26
67436544 7
67228000 12
67200000 208
67184640 297
66976875 1
66961566 2
66679200 351
66430125 1
66382848 25
66355200 384
66150000 100
66134880 162
66060288 3
65883440 1
65856000 160
65610000 100
65536000 11
65345616 8
65318400 1233
65028096 78
64827000 47
64800000 309
64538880 12
64512000 533
64312500 4
64297800 186
64225280 10
64012032 95
64000000 24
63787500 19
63772920 14
63700992 14
63530460 3
63504000 878
63221760 125
63026250 1
63011844 8
63000000 100
62985600 331
62914560 6
62720000 87
62705664 147
62511750 20
62500000 1
62233920 130
62208000 831
62001450 10
61931520 159
61740000 125
61725888 102
61465600 22
61440000 123
61261515 3
61250000 2
61236000 542
60963840 596
60750000 34
60505200 23
60480000 841
60466176 52
60211200 159
60025000 3
60011280 157
60000000 19
59719680 284
59535000 141
59521392 17
59270400 443
59062500 3
59049000 45
59006976 4
58982400 107
58824500 1
58800000 132
58786560 572
58720256 1
58344300 31
58320000 505
58084992 8
58060800 1031
57881250 3
57868020 58
57802752 17
57624000 53
57600000 251
57408750 6
57395628 2
57344000 67
57153600 827
56899584 63
56700000 273
56687040 103
56623104 4
56471520 3
56448000 688
56260575 2
56250000 4
56197120 13
56010528 28
56000000 59
55987200 703
55801305 1
55738368 83
55566000 226
55319040 77
55296000 524
55125000 12
55112400 271
55050240 24
54880000 57
54867456 150
54675000 45
54454680 13
54432000 1420
54190080 347
54022500 8
54010152 31
54000000 136
53782400 7
53760000 319
53747712 66
53581500 84
53343360 360
53156250 4
53144100 11
53084160 153
52942050 2
52920000 480
52907904 108
52684800 167
52509870 16
52500000 18
52488000 408
52428800 6
52254720 779
52081218 1
51861600 115
51840000 781
51667875 2
51631104 2
51609600 365
51450000 22
51438240 315
51380224 1
51200000 48
51030000 340
51018336 6
50824368 1
50803200 1141
50625000 3
50577408 30
50421000 8
50400000 408
50388480 288
50176000 108
50009400 185
50000000 5
49787136 44
49766400 704
49612500 33
49601160 57
49545216 37
49392000 328
49207500 9
49172480 17
49152000 103
49009212 5
49000000 34
48988800 1069
48771072 156
48620250 14
48600000 268
48404160 30
48384000 1193
48234375 1
48223350 28
48168960 73
48020000 17
48009024 95
48000000 70
47829690 2
47775744 65
47628000 695
47416320 270
47258883 2
47250000 55
47239200 183
47185920 26
47059600 2
47040000 327
47029248 185
46675440 92
46656000 1030
46448640 455
46305000 74
46294416 49
46099200 66
46080000 360
45937500 1
45927000 221
45875200 20
45722880 718
45562500 4
45378900 15
45360000 1021
45349632 56
45177216 2
45158400 523
45008460 69
45000000 31
44957696 1
44800000 90
44789760 414
44651250 17
44641044 4
44452800 557
44286750 5
44255232 19
44236800 307
44100000 163
44089920 442
44040192 4
43904000 86
43758225 1
43750000 2
43740000 267
43563744 14
43545600 1642
43401015 3
43352064 54
43218000 84
43200000 434
43025920 5
43008000 323
42875000 4
42865200 455
42674688 117
42525000 81
42515280 44
42467328 21
42353640 6
42336000 1069
42147840 87
42017500 5
42007896 21
42000000 104
41990400 667
41943040 1
41803776 212
41674500 81
41489280 135
41472000 937
41343750 1
41334300 75
41287680 101
41160000 129
41150592 180
41006250 3
40960000 41
40841010 6
40824000 1161
40642560 696
40507614 7
40500000 66
40336800 19
40320000 787
40310784 91
40186125 4
40140800 62
40007520 313
40000000 16
39813120 302
39690000 282
39680928 56
39513600 384
39375000 15
39366000 158
39321600 39
39200000 74
39191040 932
38896200 95
38880000 754
38723328 10
38707200 948
38587500 11
38578680 123
38535168 13
38416000 29
38400000 156
38272500 75
38263752 7
38118276 2
38102400 1299
37933056 82
37815750 3
37800000 392
37791360 265
37748736 4
37647680 4
37632000 403
37507050 29
37500000 3
37340352 70
37324800 1039
37209375 1
37200870 18
37158912 107
37044000 350
36879360 56
36864000 340
36750000 18
36741600 659
36700160 13
36578304 274
36450000 103
36303120 28
36288000 1814
36126720 246
36015000 20
36006768 73
36000000 163
35840000 126
35831808 100
35721000 273
35562240 447
35437500 18
35429400 63
35389440 100
35294700 1
35280000 580
35271936 170
35123200 61
35006580 38
35000000 14
34992000 853
34836480 895
34728750 17
34720812 15
34574400 126
34560000 789
34445250 26
34420736 1
34406400 188
34300000 24
34292160 680
34034175 1
34020000 689
34012224 33
33882912 3
33868800 1165
33756345 5
33750000 16
33718272 15
33614000 5
33600000 311
33592320 540
33480783 2
33339600 353
33191424 54
33177600 723
33075000 84
33067440 195
33030144 15
32928000 251
32805000 84
32768000 32
32672808 7
32659200 1840
32514048 171
32413500 40
32400000 417
32269440 27
32256000 1037
32148900 116
32112640 19
32006016 160
32000000 35
31893750 8
31886460 9
31850496 53
31765230 1
31752000 1073
31610880 246
31505922 8
31500000 83
31492800 408
31457280 9
31360000 160
31352832 283
31255875 6
31116960 137
31104000 1329
31000725 2
30965760 381
30870000 139
30862944 124
30732800 30
30720000 229
30625000 5
30618000 592
30481920 1040
30375000 23
30252600 18
30240000 1173
30233088 71
30118144 2
30105600 304
30012500 1
30005640 152
30000000 39
29859840 548
29767500 80
29760696 19
29635200 588
29531250 1
29524500 36
29503488 16
29491200 186
29412250 1
29400000 138
29393280 830
29360128 3
29172150 21
29160000 570
29042496 18
29030400 1824
28934010 19
28901376 61
28812000 68
28800000 423
28704375 3
28672000 117
28576800 940
28449792 157
28350000 218
28343520 105
28311552 15
28235760 4
28224000 999
28125000 2
28098560 31
28005264 44
28000000 55
27993600 1147
27869184 216
27783000 179
27659520 115
27648000 868
27562500 8
27556200 236
27525120 68
27440000 68
27433728 315
27337500 17
27227340 17
27216000 1812
27095040 649
27011250 8
27005076 21
27000000 144
26891200 11
26880000 479
26873856 146
26790750 47
26671680 461
26572050 7
26542080 255
26460000 515
26453952 116
26342400 294
26254935 4
26250000 19
26244000 468
26214400 16
26127360 1274
25930800 138
25920000 1086
25815552 6
25804800 705
25725000 27
25719120 347
25690112 6
25600000 83
25515000 265
25509168 10
25412184 3
25401600 1611
25312500 3
25288704 59
25210500 7
25200000 429
25194240 473
25165824 3
25088000 166
25004700 102
25000000 4
24893568 77
24883200 1232
24806250 8
24800580 58
24772608 85
24696000 423
24603750 11
24586240 18
24576000 180
24504606 1
24500000 22
24494400 1329
24385536 273
24310125 1
24300000 230
24202080 34
24192000 1843
24111675 8
24084480 134
24010000 16
24004512 110
24000000 101
23887872 108
23814000 686
23708160 461
23625000 41
23619600 169
23592960 83
23529800 2
23520000 399
23514624 333
23337720 83
23328000 1343
23224320 933
23152500 51
23147208 45
23049600 119
23040000 599
22968750 1
22963500 131
22937600 60
22861440 1047
22781250 2
22689450 9
22680000 1073
22674816 55
22588608 4
22579200 933
22504230 34
22500000 18
22478848 8
22400000 140
22394880 733
22320522 3
22226400 575
22143375 1
22127616 41
22118400 573
22050000 128
22044960 479
22020096 5
21952000 123
21870000 233
21781872 17
21772800 2411
21676032 121
21609000 69
21600000 496
21512960 10
21504000 548
21437500 1
21432600 380
21337344 229
21262500 61
21257640 38
21233664 47
21176820 2
21168000 1351
21073920 154
21008750 1
21003948 21
21000000 93
20995200 904
20971520 5
20901888 352
20837250 36
20744640 168
20736000 1502
20667150 42
20643840 281
20580000 120
20575296 204
20480000 84
20420505 3
20412000 1218
20321280 1174
20253807 2
20250000 62
20168400 22
20160000 1169
20155392 153
20070400 116
20003760 302
20000000 18
19906560 612
19845000 252
19840464 51
19765032 1
19756800 548
19687500 4
19683000 145
19668992 3
19660800 99
19600000 86
19595520 1278
19448100 62
19440000 1002
19361664 12
19353600 1625
19293750 3
19289340 100
19267584 18
19208000 25
19200000 231
19136250 23
19131876 1
19051200 1530
18966528 145
18907875 1
18900000 355
18895680 302
18874368 10
18823840 2
18816000 563
18753525 3
18750000 1
18670176 70
18662400 1605
18600435 3
18579456 181
18522000 321
18439680 68
18432000 603
18375000 17
18370800 603
18350080 13
18289152 432
18225000 64
18151560 34
18144000 2461
18063360 436
18007500 15
18003384 55
18000000 158
17920000 187
17915904 180
17860500 159
17781120 593
17718750 2
17714700 37
17694720 227
17640000 589
17635968 260
17561600 97
17503290 20
17500000 11
17496000 939
17418240 1546
17364375 2
17360406 5
17287200 161
17280000 1053
17222625 2
17210368 7
17203200 365
17150000 15
17146080 727
17010000 574
17006112 31
16941456 1
16934400 1645
16875000 15
16859136 24
16807000 5
16800000 331
16796160 759
16777216 1
16669800 304
16595712 72
16588800 1197
16537500 41
16533720 139
16515072 45
16464000 268
16406250 1
16402500 36
16384000 67
16336404 6
16329600 2261
16257024 302
16206750 16
16200000 404
16134720 16
16128000 1513
16074450 47
16056320 53
16003008 202
16000000 48
15946875 1
15943230 2
15925248 96
15882615 1
15876000 1098
15805440 361
15752961 2
15750000 57
15746400 468
15728640 31
15680000 194
15676416 468
15558480 145
15552000 1884
15482880 769
15435000 108
15431472 119
15366400 45
15360000 301
15312500 2
15309000 438
15240960 1400
15187500 10
15126300 18
15120000 1329
15116544 148
15052800 516
15006250 1
15002820 95
15000000 29
14929920 907
14883750 32
14880348 20
14817600 719
14762250 9
14751744 17
14745600 354
14700000 132
14696640 904
14680064 3
14586075 3
14580000 553
14521248 18
14515200 2800
14467005 4
14450688 91
14406000 62
14400000 475
14336000 188
14288400 817
14224896 245
14175000 132
14171760 118
14155776 38
14117880 5
14112000 1161
14049280 47
14002632 36
14000000 59
13996800 1536
13934592 403
13891500 113
13829760 151
13824000 1307
13781250 1
13778100 139
13762560 138
13720000 79
13716864 358
13668750 8
13613670 8
13608000 2042
13547520 985
13505625 3
13502538 13
13500000 98
13445600 7
13440000 665
13436928 240
13395375 4
13335840 534
13271040 508
13230000 431
13226976 154
13171200 352
13125000 5
13122000 348
13107200 31
13063680 1912
12965400 108
12960000 1181
12907776 3
12902400 1135
12862500 7
12859560 285
12845056 6
12800000 102
12757500 130
12754584 9
12706092 2
12700800 1963
12644352 85
12605250 5
12600000 401
12597120 523
12582912 4
12544000 246
12502350 65
12500000 2
12446784 91
12441600 1855
12403125 2
12400290 29
12386304 132
12353145 2
12348000 376
12301875 2
12293120 44
12288000 314
12252303 2
12250000 11
12247200 1328
12192768 419
12150000 183
12101040 39
12096000 2606
12042240 245
12005000 16
12002256 112
12000000 127
11943936 216
11907000 465
11854080 639
11812500 16
11809800 118
11796480 144
11760000 422
11757312 431
11668860 57
11664000 1512
11612160 1516
11576250 12
11573604 33
11524800 119
11520000 829
11481750 31
11468800 102
11430720 1203
11344725 2
11340000 994
11337408 69
11294304 1
11289600 1299
11252115 7
11250000 21
11239424 12
11200000 149
11197440 1082
11113200 486
11063808 65
11059200 969
11025000 80
11022480 407
11010048 23
10976000 156
10935000 165
10890936 7
10886400 3016
10838016 217
10804500 38
10800000 583
10756480 13
10752000 833
10716300 221
10668672 272
10631250 8
10628820 21
10616832 102
10584000 1362
10536960 212
10501974 10
10500000 72
10497600 859
10485760 8
10450944 558
10418625 6
10372320 184
10368000 2037
10333575 4
10321920 499
10290000 103
10287648 246
10240000 108
10206000 1016
10160640 1568
10125000 40
10084200 17
10080000 1212
10077696 226
10035200 149
10001880 253
10000000 24
9953280 964
9922500 112
9920232 58
9882516 1
9878400 638
9841500 61
9834496 8
9830400 158
9800000 79
9797760 1565
9724050 33
9720000 979
9680832 11
9676800 2372
9646875 1
9644670 45
9633792 42
9604000 37
9600000 268
9568125 5
9525600 1453
9483264 214
9450000 281
9447840 280
9437184 12
9411920 3
9408000 724
9335088 67
9331200 2100
9289728 352
9261000 226
9219840 100
9216000 931
9187500 5
9185400 447
9175040 35
9144576 561
9112500 23
9075780 21
9072000 2723
9031680 695
9001692 37
9000000 123
8960000 241
8957952 293
8930250 71
8890560 668
8859375 2
8857350 16
8847360 394
8820000 519
8817984 298
8780800 127
8751645 4
8750000 8
8748000 841
8709120 2155
8680203 3
8643600 133
8640000 1310
8605184 3
8601600 528
8575000 14
8573040 626
8505000 342
8503056 28
8467200 2016
8429568 43
8403500 2
8400000 347
8398080 909
8388608 3
8334900 162
8297856 83
8294400 1787
8268750 16
8266860 93
8257536 78
8232000 294
8201250 19
8192000 88
8168202 5
8164800 2313
8128512 438
8103375 2
8100000 336
8067360 23
8064000 1981
8037225 10
8028160 82
8001504 201
8000000 45
7971615 1
7962624 209
7938000 898
7902720 493
7875000 49
7873200 355
7864320 47
7840000 219
7838208 589
7779240 118
7776000 2059
7741440 1197
7717500 42
7715736 88
7683200 53
7680000 459
7654500 206
7620480 1632
7593750 1
7563150 3
7560000 1264
7558272 145
7526400 717
7501410 50
7500000 18
7464960 1346
7441875 3
7440174 7
7408800 690
7381125 1
7375872 32
7372800 598
7350000 91
7348320 874
7340032 3
7290000 386
7260624 13
7257600 3405
7225344 136
7203000 28
7200000 519
7168000 291
7144200 616
7112448 296
7087500 64
7085880 85
7077888 75
7058940 2
7056000 1312
7024640 66
7001316 21
7000000 55
6998400 1621
6967296 582
6945750 49
6914880 159
6912000 1778
6890625 1
6889050 43
6881280 222
6860000 68
6858432 443
6806835 3
6804000 1692
6773760 1411
6751269 4
6750000 63
6722800 12
6720000 805
6718464 344
6667920 466
6635520 833
6615000 257
6613488 149
6585600 419
6562500 3
6561000 243
6553600 45
6531840 2273
6482700 64
6480000 1290
6453888 8
6451200 1657
6431250 4
6429780 161
6422528 13
6400000 93
6378750 32
6377292 7
6353046 1
6350400 2063
6322176 119
6300000 373
6298560 568
6291456 13
6272000 253
6251175 5
6250000 1
6223392 83
6220800 2556
6200145 4
6193152 265
6174000 316
6146560 28
6144000 450
6125000 10
6123600 1054
6096384 662
6075000 116
6050520 24
6048000 2736
6021120 344
6002500 12
6001128 78
6000000 108
5971968 341
5953500 243
5927040 723
5906250 6
5904900 72
5898240 228
5882450 1
5880000 405
5878656 515
5834430 25
5832000 1469
5806080 2121
5788125 8
5786802 16
5762400 110
5760000 966
5740875 7
5734400 164
5715360 1130
5670000 730
5668704 69
5647152 2
5644800 1572
5625000 7
5619712 15
5600000 125
5598720 1345
5556600 373
5531904 70
5529600 1449
5512500 38
5511240 281
5505024 37
5488000 135
5467500 75
5445468 9
5443200 3284
5419008 350
5402250 13
5400000 438
5378240 13
5376000 1028
5358150 83
5334336 284
5315625 5
5314410 5
5308416 169
5294205 1
5292000 1151
5268480 268
5250987 2
5250000 51
5248800 804
5242880 12
5225472 786
5186160 162
5184000 2422
5160960 788
5145000 68
5143824 205
5120000 118
5103000 602
5080320 1843
5062500 16
5042100 7
5040000 1195
5038848 278
5017600 237
5000940 150
5000000 17
4976640 1468
4961250 30
4960116 23
4939200 648
4920750 24
4917248 13
4915200 264
4900000 66
4898880 1629
4862025 6
4860000 726
4840416 17
4838400 3069
4822335 7
4816896 64
4802000 24
4800000 330
4762800 1109
4741632 262
4725000 137
4723920 206
4718592 38
4705960 2
4704000 791
4667544 55
4665600 2286
4644864 548
4630500 134
4609920 112
4608000 1284
4593750 1
4592700 243
4587520 65
4572288 633
4556250 13
4537890 4
4536000 2411
4515840 951
4501875 1
4500846 18
4500000 98
4480000 267
4478976 412
4465125 6
4445280 630
4428675 4
4423680 673
4410000 389
4408992 295
4390400 153
4375000 4
4374000 583
4354560 2682
4321800 81
4320000 1293
4302592 3
4300800 843
4287500 3
4286520 414
4252500 164
4251528 26
4233600 2002
4218750 2
4214784 68
4201750 4
4200000 279
4199040 986
4194304 2
4167450 77
4148928 85
4147200 2490
4134375 1
4133430 34
4128768 133
4116000 234
4096000 120
4084101 1
4082400 1972
4064256 593
4050000 249
4033680 21
4032000 2226
4014080 108
4000752 159
4000000 48
3981312 326
3969000 571
3951360 558
3937500 22
3936600 202
3932160 91
3920000 165
3919104 725
3889620 70
3888000 1986
3870720 1734
3858750 19
3857868 51
3841600 41
3840000 560
3828125 1
3827250 72
3810240 1605
3796875 1
3781575 1
3780000 1019
3779136 151
3764768 1
3763200 853
3750705 18
3750000 15
3732480 1676
3704400 495
3687936 34
3686400 926
3675000 57
3674160 647
3670016 7
3645000 221
3630312 11
3628800 3715
3612672 245
3601500 16
3600000 390
3584000 345
3572100 276
3556224 343
3543750 21
3542940 47
3538944 113
3528000 1130
3512320 83
3500658 8
3500000 32
3499200 1434
3483648 826
3472875 8
3457440 150
3456000 2174
3444525 16
3440640 315
3430000 45
3429216 403
3402000 1185
3386880 1721
3375000 46
3361400 4
3360000 812
3359232 398
3333960 300
3317760 1310
3307500 120
3306744 93
3292800 396
3281250 1
3280500 119
3276800 83
3265920 2367
3241350 29
3240000 1118
3226944 14
3225600 2090
3215625 1
3214890 66
3211264 19
3200000 129
3189375 6
3188646 3
3176523 1
3175200 1636
3161088 200
3150000 217
3149280 466
3145728 8
3136000 302
3111696 75
3110400 2753
3096576 382
3087000 184
3073280 38
3072000 616
3062500 6
3061800 683
3048192 697
3037500 37
3025260 14
3024000 2711
3010560 498
3001250 1
3000564 43
3000000 86
2985984 492
2976750 86
2963520 722
2953125 1
2952450 28
2949120 337
2940000 310
2939328 456
2917215 7
2916000 1096
2903040 2620
2893401 5
2881200 70
2880000 1028
2867200 224
2857680 878
2835000 398
2834352 62
2823576 1
2822400 1642
2812500 5
2809856 26
2800000 124
2799360 1495
2778300 197
2765952 67
2764800 1902
2756250 9
2755620 146
2752512 69
2744000 111
2733750 20
2721600 2909
2709504 498
2701125 2
2700000 320
2689120 5
2688000 1194
2679075 14
2667168 280
2657205 1
2654208 282
2646000 808
2634240 326
2625000 20
2624400 538
2621440 20
2612736 930
2593080 100
2592000 2369
2580480 1062
2572500 28
2571912 147
2560000 193
2551500 285
2540160 1889
2531250 6
2521050 2
2520000 1037
2519424 265
2508800 252
2500470 61
2500000 8
2488320 1845
2480625 6
2480058 16
2469600 557
2460375 1
2458624 10
2457600 398
2450000 40
2449440 1317
2430000 492
2420208 11
2419200 3470
2408448 107
2401000 15
2400000 270
2381400 724
2370816 264
2362500 78
2361960 127
2359296 63
2352980 1
2352000 767
2333772 29
2332800 2230
2322432 684
2315250 40
2304960 100
2304000 1458
2296875 1
2296350 78
2293760 77
2286144 537
2278125 2
2268945 1
2268000 1879
2257920 1140
2250423 4
2250000 56
2240000 269
2239488 500
2222640 494
2211840 883
2205000 183
2204496 223
2195200 161
2187500 2
2187000 337
2177280 2897
2160900 43
2160000 1202
2151296 2
2150400 963
2143750 4
2143260 231
2126250 43
2125764 15
2117682 1
2116800 1845
2107392 87
2100000 202
2099520 918
2097152 2
2083725 19
2074464 95
2073600 2774
2066715 10
2064384 233
2058000 192
2048000 177
2041200 1352
2032128 707
2025000 127
2016840 13
2016000 2131
2007040 129
2000376 132
2000000 38
1990656 414
1984500 233
1975680 567
1968750 3
1968300 98
1966080 130
1960000 132
1959552 738
1944810 22
1944000 1756
1935360 2036
1929375 5
1928934 30
1920800 44
1920000 551
1913625 3
1905120 1317
1890000 670
1889568 134
1882384 2
1881600 960
1875000 6
1866240 1849
1852200 309
1843968 43
1843200 1151
1837500 16
1837080 424
1835008 22
1822500 90
1815156 8
1814400 3507
1806336 270
1800750 14
1800000 354
1792000 373
1786050 123
1778112 303
1771875 6
1771470 12
1769472 161
1764000 851
1756160 86
1750329 6
1750000 18
1749600 1096
1741824 988
1728720 134
1728000 2306
1720320 426
1715000 15
1714608 304
1701000 675
1693440 1720
1687500 19
1680700 6
1680000 670
1679616 405
1666980 155
1658880 1543
1653750 38
1653372 48
1646400 337
1640250 35
1638400 91
1632960 2132
1620675 1
1620000 810
1613472 6
1612800 2389
1607445 18
1605632 29
1600000 105
1587600 1177
1580544 209
1575000 142
1574640 323
1572864 20
1568000 303
1555848 49
1555200 2701
1548288 513
1543500 100
1536640 44
1536000 680
1530900 294
1524096 679
1518750 9
1512630 9
1512000 2241
1505280 544
1500282 23
1500000 61
1492992 584
1488375 14
1481760 558
1476225 3
1474560 483
1470000 196
1469664 397
1458000 734
1451520 2868
1440600 45
1440000 981
1433600 311
1428840 518
1417500 147
1417176 34
1411200 1522
1404928 20
1400000 92
1399680 1327
1389150 49
1382976 63
1382400 2170
1378125 3
1377810 64
1376256 67
1372000 82
1366875 2
1360800 2228
1354752 585
1350000 180
1344560 8
1344000 1201
1333584 192
1327104 349
1323000 465
1317120 293
1312500 9
1312200 324
1310720 28
1306368 952
1296540 60
1296000 2205
1290240 1334
1286250 7
1285956 76
1280000 183
1275750 87
1270080 1701
1265625 2
1260525 2
1260000 695
1259712 255
1254400 262
1250235 11
1250000 6
1244160 2043
1240029 3
1234800 361
1229312 11
1228800 531
1225000 20
1224720 915
1215000 236
1210104 11
1209600 3330
1204224 123
1200500 5
1200000 241
1190700 332
1185408 280
1181250 15
1180980 79
1179648 91
1176000 625
1166886 12
1166400 1873
1161216 916
1157625 2
1152480 80
1152000 1498
1148175 12
1146880 104
1143072 455
1134000 1214
1128960 1191
1125000 35
1120000 273
1119744 594
1111320 299
1105920 1140
1102500 89
1102248 137
1097600 135
1093500 150
1088640 2649
1080450 19
1080000 921
1075648 4
1075200 1078
1071630 95
1063125 6
1062882 3
1058400 1393
1053696 95
1050000 119
1049760 683
1048576 1
1037232 57
1036800 2861
1032192 274
1029000 99
1024000 198
1020600 854
1016064 719
1012500 48
1008420 4
1008000 1877
1003520 149
1000188 64
1000000 21
995328 533
992250 81
987840 469
984150 29
983040 192
980000 115
979776 614
972405 14
972000 1243
967680 2353
964467 4
960400 14
960000 552
952560 974
945000 357
944784 93
940800 898
937500 3
933120 1866
926100 165
921984 31
921600 1296
918750 6
918540 191
917504 23
911250 20
907578 5
907200 2774
903168 338
900375 4
900000 236
896000 343
893025 23
889056 265
885735 2
884736 242
882000 524
878080 98
875000 8
874800 742
870912 982
864360 85
864000 2043
860160 507
857500 8
857304 173
850500 300
846720 1601
843750 4
840000 510
839808 412
833490 66
829440 1769
826875 6
826686 17
823200 276
820125 5
819200 121
816480 1541
810000 476
806736 8
806400 2358
802816 28
800000 98
793800 634
790272 183
787500 35
787320 178
786432 26
784000 233
777924 24
777600 2422
774144 612
771750 27
768320 30
768000 724
765450 100
762048 597
759375 2
756000 1555
752640 575
750141 7
750000 22
746496 665
740880 342
737280 602
735000 106
734832 307
729000 383
725760 2690
720300 13
720000 807
716800 294
714420 282
708750 54
708588 18
705894 2
705600 1211
702464 27
700000 75
699840 1101
694575 10
691488 52
691200 2299
688905 11
688128 123
686000 39
680400 1418
677376 608
675000 90
672280 5
672000 1082
666792 112
663552 476
661500 207
658560 254
656250 4
656100 138
655360 38
653184 794
648270 16
648000 1581
645120 1384
642978 23
640000 152
637875 18
635040 1241
630000 418
629856 158
627200 274
625000 3
622080 2025
617400 191
614656 11
614400 601
612500 6
612360 505
607500 71
605052 6
604800 2754
602112 131
600250 2
600000 169
595350 104
592704 260
590490 22
589824 127
588000 392
583443 1
583200 1271
580608 913
576240 52
576000 1459
573440 130
571536 319
567000 640
564480 1115
562500 10
560000 205
559872 548
555660 140
552960 1340
551250 30
551124 53
548800 108
546750 34
544320 2066
540000 565
537824 4
537600 1108
535815 14
531441 1
529200 897
526848 104
525000 68
524880 412
524288 4
518616 45
518400 2457
516096 341
514500 30
512000 204
510300 341
508032 640
506250 14
504210 3
504000 1397
501760 157
500094 25
500000 17
497664 604
496125 5
493920 369
492075 5
491520 218
490000 42
489888 478
486000 716
483840 2247
480200 7
480000 447
476280 498
472500 109
472392 39
470400 758
468750 2
466560 1510
463050 51
460992 33
460800 1392
459375 1
459270 75
458752 16
455625 2
453600 1928
451584 345
450000 119
448000 333
444528 163
442368 315
441000 265
439040 76
437500 4
437400 360
435456 922
432180 30
432000 1524
430080 564
428750 1
428652 75
425250 72
423360 1264
420000 324
419904 301
416745 14
414720 1850
413343 2
411600 164
409600 144
408240 955
405000 202
403368 5
403200 1915
401408 34
400000 73
396900 255
395136 155
393750 9
393660 75
393216 44
392000 173
388962 14
388800 1838
387072 692
385875 1
384160 22
384000 669
382725 12
381024 437
378000 876
376320 517
375000 9
373248 630
370440 198
368640 666
367500 42
367416 147
364500 127
362880 2258
360150 4
360000 525
358400 278
357210 82
354375 8
354294 5
352800 843
351232 22
350000 33
349920 773
345744 26
345600 2149
344064 130
343000 17
340200 712
338688 583
337500 27
336140 3
336000 785
333396 62
331776 474
330750 46
329280 182
328050 43
327680 43
326592 663
324135 5
324000 1078
322560 1425
321489 4
320000 155
317520 796
315000 185
314928 87
313600 251
311040 1772
308700 76
307328 11
307200 632
306250 2
306180 210
303750 22
302526 1
302400 2000
301056 160
300000 105
297675 22
296352 170
295245 5
294912 143
294000 229
291600 682
290304 873
288120 22
288000 1233
286720 127
285768 206
283500 256
282240 901
281250 3
280000 131
279936 452
277830 39
276480 1362
275625 5
275562 20
274400 58
273375 9
272160 1438
270000 322
268912 1
268800 983
264600 461
263424 85
262500 17
262440 215
262144 6
259308 24
259200 1989
258048 363
257250 10
256000 211
255150 105
254016 467
252000 884
250880 141
250047 7
250000 10
248832 624
246960 222
245760 272
245000 31
244944 305
243000 326
241920 1922
240100 6
240000 322
238140 221
236250 33
236196 24
235200 527
233280 1171
231525 8
230496 19
230400 1313
229635 13
229376 27
226800 1093
225792 346
225000 51
224000 266
222264 107
221184 306
220500 110
219520 81
218750 3
218700 127
217728 800
216090 14
216000 1115
215040 596
214375 1
214326 22
212625 7
211680 795
210000 157
209952 211
207360 1714
205800 87
204800 125
204120 474
202500 87
201600 1502
200704 37
200000 40
198450 88
197568 145
196875 1
196830 26
196608 50
196000 90
194481 4
194400 1067
193536 642
192080 16
192000 579
190512 259
189000 425
188160 450
187500 2
186624 553
185220 103
184320 811
183750 12
183708 60
182250 40
181440 1713
180000 332
179200 262
178605 16
177147 1
176400 465
175616 26
175000 14
174960 449
172872 17
172800 1699
172032 116
171500 14
170100 255
169344 427
168750 17
168070 4
168000 519
166698 21
165888 497
165375 6
164640 125
164025 6
163840 52
163296 460
162000 532
161280 1268
160000 108
158760 380
157500 80
157464 49
156800 178
155520 1362
154350 24
153664 5
153600 541
153090 71
151875 2
151200 1302
150528 151
150000 39
148176 102
147456 204
147000 111
145800 352
145152 721
144060 8
144000 870
143360 143
142884 78
141750 51
141120 628
140625 1
140000 83
139968 319
138915 9
138240 1249
137781 3
137200 41
136080 816
135000 141
134456 2
134400 810
132300 174
131712 59
131250 7
131220 92
131072 8
129654 10
129600 1358
129024 343
128625 2
128000 189
127575 10
127008 359
126000 469
125440 123
125000 5
124416 563
123480 99
122880 292
122500 12
122472 175
121500 98
120960 1504
120050 4
120000 197
119070 64
118125 5
118098 3
117600 334
116640 733
115248 8
115200 1170
114688 31
113400 553
112896 253
112500 12
112000 176
111132 36
110592 358
110250 27
109760 63
109350 35
108864 556
108045 1
108000 670
107520 536
107163 4
105840 476
105000 76
104976 116
103680 1319
102900 26
102400 124
102060 196
101250 18
100800 1060
100352 30
100000 25
99225 8
98784 87
98304 50
98000 50
97200 602
96768 587
96040 4
96000 462
95256 136
94500 120
94080 344
93750 2
93312 416
92610 29
92160 729
91875 2
91854 14
91125 3
90720 998
90000 153
89600 217
88200 232
87808 27
87500 2
87480 206
86436 5
86400 1219
86016 116
85750 2
85050 68
84672 314
84375 1
84000 297
83349 3
82944 492
82320 75
81920 66
81648 254
81000 222
80640 939
80000 85
79380 163
78750 15
78732 11
78400 117
77760 978
77175 5
76832 2
76800 515
76545 8
75600 670
75264 119
75000 19
74088 62
73728 157
73500 32
72900 109
72576 547
72030 4
72000 583
71680 137
71442 19
70875 14
70560 396
70000 33
69984 228
69120 1042
68600 27
68040 386
67500 35
67200 586
66150 46
65856 52
65610 32
65536 4
64800 772
64512 321
64000 130
63504 198
63000 208
62720 92
62208 449
61740 42
61440 290
61250 3
61236 64
60750 27
60480 977
60000 147
59535 9
58800 142
58320 361
57624 8
57600 793
57344 35
56700 193
56448 216
56250 4
56000 103
55566 8
55296 317
55125 7
54880 31
54675 3
54432 363
54000 317
53760 489
52920 201
52500 25
52488 70
51840 969
51450 13
51200 109
51030 42
50625 3
50400 595
50176 35
50000 13
49392 50
49152 58
49000 23
48600 280
48384 460
48020 2
48000 326
47628 53
47250 35
47040 222
46656 298
46305 4
46080 597
45927 4
45360 530
45000 76
44800 165
44100 87
43904 17
43750 2
43740 70
43218 2
43200 791
43008 142
42875 1
42525 10
42336 165
42000 145
41472 393
41160 37
40960 52
40824 122
40500 79
40320 657
40000 52
39690 44
39375 3
39366 4
39200 64
38880 549
38416 5
38400 373
37800 303
37632 96
37500 5
37044 22
36864 181
36750 8
36450 35
36288 403
36015 3
36000 290
35840 103
35721 5
35280 209
35000 11
34992 91
34560 767
34300 14
34020 137
33750 7
33600 326
33075 7
32928 20
32805 3
32768 9
32400 364
32256 263
32000 72
31752 94
31500 70
31360 68
31104 290
30870 5
30720 258
30625 1
30618 8
30375 5
30240 604
30000 53
29400 81
29160 161
28812 2
28800 603
28672 29
28350 57
28224 128
28000 72
27648 272
27440 12
27216 184
27000 130
26880 340
26460 86
26250 5
26244 22
25920 611
25725 1
25600 101
25515 9
25200 307
25088 25
25000 3
24696 27
24576 63
24500 9
24300 96
24192 360
24010 1
24000 192
23814 10
23625 3
23520 125
23328 146
23040 441
22680 242
22500 11
22400 95
22050 14
21952 9
21870 14
21600 449
21504 98
21168 96
21000 66
20736 294
20580 11
20480 49
20412 57
20250 16
20160 434
20000 29
19845 8
19600 31
19440 266
19200 267
18900 95
18816 73
18522 8
18432 112
18225 5
18144 195
18000 137
17920 73
17640 87
17500 4
17496 45
17280 487
17010 29
16800 179
16464 15
16384 9
16200 158
16128 179
16000 59
15876 31
15750 17
15680 42
15552 211
15435 2
15360 195
15120 285
15000 18
14700 22
14580 61
14400 332
14336 22
14175 3
14112 75
14000 33
13824 191
13720 9
13608 83
13500 35
13440 215
13230 23
13122 8
12960 304
12800 67
12600 138
12544 19
12348 10
12288 55
12250 3
12150 14
12096 221
12000 100
11907 1
11760 67
11664 78
11520 313
11340 87
11250 1
11200 71
11025 3
10976 4
10935 3
10800 206
10752 90
10584 43
10500 17
10368 209
10290 5
10240 46
10206 10
10125 4
10080 240
10000 5
9800 13
9720 111
9600 155
9450 27
9408 40
9261 2
9216 114
9072 128
9000 43
8960 55
8820 33
8750 3
8748 17
8640 319
8575 2
8505 7
8400 101
8232 2
8192 14
8100 57
8064 120
8000 31
7938 9
7875 3
7840 21
7776 99
7680 151
7560 117
7500 4
7350 8
7290 6
7203 1
7200 156
7168 5
7056 49
7000 10
6912 163
6860 2
6804 25
6750 11
6720 126
6615 1
6561 1
6480 164
6400 49
6300 36
6272 5
6174 3
6144 40
6075 1
6048 99
6000 38
5880 26
5832 33
5760 214
5670 15
5625 1
5600 45
5488 1
5400 79
5376 66
5292 13
5250 4
5184 111
5145 2
5120 33
5040 123
5000 11
4900 4
4860 31
4800 97
4725 1
4704 19
4608 82
4536 57
4500 16
4480 34
4410 7
4374 1
4320 163
4200 36
4116 3
4096 9
4050 14
4032 82
4000 17
3920 10
3888 44
3840 89
3780 35
3750 3
3675 1
3645 3
3600 66
3584 10
3528 20
3500 2
3456 82
3430 1
3402 3
3360 58
3240 65
3200 28
3150 7
3136 6
3072 28
3024 56
3000 16
2940 12
2916 6
2880 118
2835 2
2800 13
2744 2
2700 31
2688 26
2646 7
2592 53
2560 16
2520 39
2430 6
2400 46
2352 9
2304 51
2268 22
2250 4
2240 22
2205 1
2160 68
2100 12
2058 2
2048 8
2025 2
2016 39
2000 13
1960 3
1944 23
1920 45
1890 5
1800 29
1792 11
1764 6
1728 48
1680 30
1620 17
1600 17
1568 3
1536 23
1512 23
1500 9
1470 4
1440 59
1400 4
1350 4
1344 17
1323 1
1296 29
1280 11
1260 18
1200 13
1176 2
1152 35
1134 1
1120 13
1080 29
1050 2
1024 1
1008 17
1000 1
972 8
960 30
900 7
896 10
882 3
875 1
864 28
840 15
810 4
800 5
784 1
768 11
756 5
750 3
729 2
720 20
700 1
672 4
648 13
640 6
630 2
600 6
576 15
540 13
512 4
504 11
500 1
480 14
450 1
448 3
432 15
420 5
405 1
400 3
384 7
378 2
375 1
360 4
324 2
320 2
300 1
288 4
280 1
270 1
256 1
252 2
240 4
216 3
200 1
196 1
192 3
180 3
168 3
160 1
150 1
144 3
140 1
128 2
120 2
112 2
108 1
96 2
72 1
40 2
36 1
28 1
24 1
