5832000000 1
4536000000 1
4480000000 1
4320000000 1
3779136000 1
3732480000 1
3402000000 1
3359232000 1
3240000000 1
3225600000 1
3188646000 1
3149280000 1
3136000000 1
2985984000 1
2939328000 1
2857680000 3
2835000000 1
2764800000 2
2721600000 1
2687385600 1
2654208000 1
2646000000 1
2645395200 1
2592000000 1
2571912000 1
2540160000 3
2519424000 3
2508800000 1
2469600000 1
2449440000 3
2419200000 2
2388787200 1
2381400000 1
2380855680 1
2351462400 1
2332800000 1
2322432000 1
2314720800 1
2296350000 1
2286144000 5
2268000000 2
2257920000 1
2250423000 1
2239488000 1
2222640000 2
2211840000 1
2204496000 2
2187000000 1
2177280000 1
2143260000 1
2125764000 1
2099520000 5
2097152000 1
2090188800 2
2083248720 1
2073600000 3
2064384000 1
2057529600 2
2041200000 2
2032128000 1
2015539200 2
2007040000 1
2000376000 2
1984500000 1
1984046400 1
1968300000 2
1959552000 2
1944000000 1
1935360000 4
1928934000 1
1920000000 1
1913187600 2
1905120000 5
1889568000 4
1866240000 2
1860043500 2
1857945600 1
1851776640 1
1843200000 1
1837080000 8
1828915200 2
1814400000 6
1806336000 4
1800000000 1
1791590400 2
1786050000 2
1785641760 1
1778112000 3
1769472000 1
1764000000 1
1763596800 2
1749600000 6
1741824000 11
1736040600 1
1728720000 1
1728000000 3
1714608000 6
1701000000 2
1693440000 2
1680000000 2
1679616000 7
1666980000 2
1658880000 8
1653372000 6
1638400000 1
1632960000 9
1620304560 1
1620000000 1
1612800000 1
1607445000 1
1600000000 1
1592524800 2
1587600000 8
1587237120 2
1580544000 6
1574640000 1
1568000000 1
1567641600 4
1555848000 5
1555200000 9
1543147200 2
1536000000 2
1530900000 3
1530550080 1
1524096000 10
1512000000 6
1511654400 1
1504935936 1
1500282000 1
1492992000 4
1481760000 3
1481421312 1
1469664000 11
1463132160 2
1458000000 2
1451520000 13
1446700500 3
1440270720 3
1440000000 1
1433272320 1
1428840000 7
1422489600 5
1411200000 3
1410877440 1
1404928000 2
1400263200 1
1399680000 10
1393459200 2
1389150000 3
1388832480 1
1382976000 1
1382400000 6
1377810000 5
1372000000 2
1371686400 5
1360800000 15
1354752000 5
1350253800 2
1343692800 5
1333584000 5
1327104000 4
1322697600 10
1317120000 1
1312200000 3
1306368000 19
1296000000 10
1290240000 5
1285956000 5
1280240640 1
1275750000 2
1275458400 1
1270080000 15
1269789696 1
1264435200 2
1260236880 2
1260000000 1
1259712000 13
1254113280 1
1250235000 1
1244678400 2
1244160000 11
1240029000 1
1238630400 3
1234800000 4
1234517760 5
1229312000 1
1228800000 3
1224720000 21
1219276800 2
1209600000 11
1209323520 2
1204224000 2
1200225600 4
1200000000 1
1194393600 5
1190700000 3
1190427840 2
1185408000 3
1180980000 3
1179648000 2
1176000000 2
1175731200 12
1166886000 1
1166400000 9
1161216000 9
1157360400 2
1152000000 5
1146880000 1
1143072000 17
1137991680 1
1134000000 8
1133740800 5
1128960000 8
1128701952 1
1120210560 2
1119744000 21
1114767360 1
1111320000 12
1106380800 2
1105920000 8
1102500000 2
1102248000 17
1097600000 3
1097349120 4
1093500000 2
1088640000 21
1083801600 4
1080450000 3
1080203040 5
1080000000 2
1075200000 6
1074954240 2
1071630000 11
1071385056 1
1066867200 8
1062882000 1
1061683200 1
1058400000 13
1058158080 7
1053696000 2
1050197400 2
1049760000 11
1045094400 15
1041624360 3
1037232000 2
1036800000 11
1032192000 7
1028764800 11
1024192512 1
1024000000 1
1020600000 9
1020366720 2
1016064000 30
1011548160 2
1008420000 1
1008000000 13
1007769600 16
1003520000 4
1003290624 1
1000188000 7
995328000 12
992250000 1
992023200 7
987840000 12
983040000 1
980000000 1
979776000 35
975421440 3
972182736 1
972000000 7
968083200 2
967680000 24
967458816 2
964467000 6
960400000 1
960180480 6
960000000 2
952560000 18
952342272 2
948326400 6
945000000 1
944784000 9
940800000 6
940584960 12
933508800 7
933120000 27
928972800 10
926100000 7
925888320 3
921984000 1
921600000 5
918540000 16
917504000 2
914457600 27
910393344 1
907200000 22
906992640 3
903168000 11
900169200 6
900000000 2
896000000 3
895795200 9
892820880 2
889056000 21
884736000 2
882000000 8
881798400 24
878080000 2
875164500 2
874800000 18
870912000 36
868020300 2
867041280 2
864360000 6
864000000 7
860160000 3
857304000 26
853493760 1
850500000 10
850305600 9
849346560 1
846720000 29
846526464 1
840157920 4
840000000 2
839808000 42
836075520 6
833490000 8
829785600 4
829440000 22
826686000 12
825753600 3
823200000 7
823011840 13
819200000 1
816820200 1
816480000 51
816293376 1
812851200 20
810152280 6
810000000 4
806400000 13
806215680 6
803722500 3
802816000 3
800150400 13
797161500 3
796262400 7
793800000 21
793618560 5
790272000 11
787320000 16
786432000 1
784000000 2
783820800 32
780337152 1
777924000 7
777600000 19
774144000 18
771750000 2
771573600 16
770703360 1
768000000 4
765450000 10
762048000 46
758661120 1
756000000 8
755827200 10
752640000 9
752467968 3
750141000 3
746807040 5
746496000 35
744017400 1
743178240 4
740880000 11
740710656 4
737587200 3
737280000 9
734832000 42
731566080 16
729000000 8
725760000 54
723350250 2
722534400 5
720135360 8
720000000 2
716800000 4
716636160 7
714420000 31
711244800 16
708883245 1
708588000 10
707788800 6
705600000 24
705438720 19
702464000 2
700131600 7
700000000 1
699840000 46
696729600 28
694575000 2
694416240 7
691488000 5
691200000 17
688905000 4
688128000 4
686000000 4
685843200 41
682795008 2
680683500 2
680400000 45
680244480 2
677658240 1
677376000 41
675126900 5
675000000 2
672280000 2
672000000 8
671846400 22
669615660 2
666792000 29
664301250 1
663828480 4
663552000 23
661500000 8
661348800 19
660602880 1
658560000 11
658409472 4
656100000 10
655360000 1
653456160 1
653184000 85
650280960 14
648270000 4
648121824 2
648000000 25
645120000 31
642978000 20
640120320 15
640000000 2
637875000 2
637729200 2
637009920 3
635040000 62
634894848 4
632217600 15
630118440 5
630000000 8
629856000 41
627200000 7
627056640 18
625117500 1
622339200 18
622080000 56
620014500 2
619315200 15
617400000 7
617258880 24
614656000 4
614400000 4
612615150 1
612360000 45
612220032 1
609638400 63
607614210 1
607500000 3
606928896 1
605052000 1
604800000 37
604661760 16
602112000 16
600112800 21
597196800 23
595350000 5
595213920 8
594542592 1
592704000 32
590490000 8
590069760 1
589824000 6
588110544 2
588000000 10
587865600 65
585252864 3
583443000 4
583200000 33
580849920 1
580608000 70
578680200 8
576240000 6
576108288 5
576000000 9
574087500 1
573440000 8
571774140 1
571536000 95
568995840 11
567000000 20
566870400 18
566231040 2
564480000 42
564350976 7
562605750 2
560105280 3
560000000 1
559872000 62
557383680 15
555660000 20
555532992 9
553190400 7
552960000 30
551124000 41
550502400 3
548800000 6
548674560 43
546852789 1
546750000 4
544546800 4
544320000 94
541900800 35
540225000 3
540101520 13
540000000 7
537824000 2
537600000 25
537477120 21
535815000 10
533433600 50
531441000 2
531062784 1
530841600 15
529200000 34
529079040 31
526848000 5
525098700 3
525000000 1
524880000 37
522764928 1
522547200 85
520812180 2
520224768 1
518616000 17
518400000 42
516678750 1
516096000 34
514382400 57
512096256 5
512000000 2
510300000 19
510183360 6
509607936 1
508032000 93
505774080 3
504094752 1
504000000 28
503884800 42
501760000 9
501645312 8
500094000 23
497871360 9
497664000 52
496125000 4
496011600 16
495452160 3
493920000 37
493807104 9
492075000 1
491724800 2
491520000 8
490092120 1
490000000 2
489888000 115
487710720 26
486000000 13
484041600 4
483840000 106
483729408 2
482233500 6
481890304 1
481689600 8
480200000 2
480090240 24
480000000 3
477757440 13
476280000 72
476171136 8
474163200 31
472588830 1
472500000 2
472392000 22
471859200 5
470400000 21
470292480 35
468730962 1
466754400 26
466560000 86
464486400 50
463050000 8
462944160 10
460992000 7
460800000 21
459270000 20
458752000 6
457228800 105
455625000 1
455196672 4
453600000 80
453496320 12
451584000 51
450084600 16
450000000 2
449576960 1
448084224 4
448000000 7
447897600 49
446512500 4
446410440 3
445906944 2
444528000 71
442867500 1
442552320 4
442368000 22
441000000 19
440899200 64
440401920 1
439040000 6
438939648 11
437400000 28
435637440 6
435456000 140
434010150 2
433520640 16
432180000 7
432081216 8
432000000 31
430259200 2
430080000 24
429981696 1
428652000 71
426746880 26
425250000 12
425152800 12
424673280 4
423360000 105
423263232 6
421478400 12
420078960 12
420000000 6
419904000 82
418037760 47
416745000 6
416649744 7
414892800 19
414720000 76
413343000 17
412876800 11
411600000 9
411505920 54
410062500 1
409600000 8
408410100 1
408240000 121
408146688 1
406425600 75
405076140 2
405000000 12
404619264 1
403368000 3
403200000 65
403107840 22
401861250 2
401408000 8
400075200 48
400000000 1
398297088 2
398131200 41
396900000 41
396809280 25
396361728 1
395136000 47
393660000 22
393216000 7
392000000 17
391910400 144
390168576 7
388962000 12
388800000 73
387233280 4
387072000 109
385875000 2
385786800 43
385351680 1
384160000 9
384072192 9
384000000 13
382725000 8
382637520 2
382205952 3
381182760 1
381024000 181
379330560 21
378157500 2
378000000 40
377913600 50
376476800 1
376320000 38
376233984 8
375070500 8
373403520 11
373248000 125
372008700 7
371589120 16
370440000 46
370355328 7
368793600 5
368640000 23
367569090 1
367500000 4
367416000 125
367001600 1
365783040 66
364568526 1
364500000 13
363031200 4
362880000 187
362797056 6
361267200 50
360150000 1
360067680 24
360000000 12
358400000 19
358318080 26
357210000 39
357128352 2
355622400 79
354294000 14
354041856 1
353894400 13
352947000 1
352800000 55
352719360 60
351232000 6
350065800 14
350000000 3
349920000 98
348509952 2
348364800 143
347287500 2
347208120 13
346816512 1
345744000 26
345600000 74
344452500 5
344064000 20
343064484 1
343000000 3
342921600 152
341397504 10
340200000 64
340122240 11
338829120 1
338688000 152
337563450 4
337182720 5
336140000 1
336063168 6
336000000 23
335923200 88
334807830 2
334430208 5
333396000 55
332150625 1
331914240 18
331776000 82
330750000 8
330674400 56
330301440 6
329417200 1
329280000 29
329204736 21
328050000 11
327680000 6
326728080 9
326592000 239
325140480 33
324135000 10
324060912 7
324000000 54
322694400 3
322560000 111
322486272 8
321489000 41
321126400 4
320060160 50
320000000 3
318937500 1
318864600 5
318504960 12
317652300 1
317520000 158
317447424 10
316108800 35
315059220 2
315000000 8
314928000 77
314572800 2
313600000 29
313528320 88
312558750 1
312487308 1
311169600 30
311040000 135
310007250 2
309786624 1
309657600 54
308700000 17
308629440 51
307328000 7
307200000 19
306250000 1
306180000 73
306110016 1
304819200 187
303750000 3
303464448 7
302526000 5
302400000 119
302330880 43
301181440 1
301056000 36
300056400 35
300000000 2
298722816 7
298598400 92
297675000 14
297606960 12
297271296 3
296475480 1
296352000 103
295245000 7
295034880 4
294912000 20
294000000 18
293932800 193
292626432 15
291721500 14
291600000 58
290424960 8
290304000 253
289340100 23
289013760 13
288120000 5
288054144 13
288000000 37
287043750 1
286720000 18
286654464 6
285768000 177
284497920 49
283553298 2
283500000 27
283435200 28
283115520 7
282357600 3
282240000 135
282175488 18
280985600 7
280052640 26
280000000 9
279936000 183
278691840 54
277830000 30
277766496 15
276595200 31
276480000 106
275625000 1
275562000 62
275365888 1
275251200 5
274400000 14
274337280 113
273375000 6
272273400 12
272160000 251
272097792 12
270950400 115
270050760 11
270000000 18
269746176 1
268912000 3
268800000 54
268738560 51
267907500 11
267846264 1
266716800 136
265720500 2
265531392 2
265420800 57
264710250 2
264600000 66
264539520 67
263424000 29
262549350 3
262440000 76
261382464 3
261273600 241
260406090 3
260112384 5
259308000 32
259200000 150
258155520 3
258048000 115
257250000 4
257191200 119
256048128 26
256000000 9
255150000 47
255091680 11
254803968 1
254121840 1
254016000 260
252887040 18
252105000 2
252047376 4
252000000 60
251942400 113
250880000 26
250822656 24
250047000 41
248935680 41
248832000 163
248062500 1
248005800 26
247726080 17
246960000 67
246903552 24
246037500 3
245862400 5
245760000 26
245046060 7
245000000 2
244944000 276
243855360 100
243101250 1
243045684 1
243000000 27
242020800 10
241920000 243
241864704 12
241116750 4
240844800 24
240100000 2
240045120 70
240000000 9
238878720 42
238140000 125
238085568 11
237081600 118
236250000 2
236196000 43
235929600 9
235298000 1
235200000 51
235146240 165
233377200 30
233280000 179
232339968 3
232243200 167
231525000 9
231472080 37
231211008 3
230496000 27
230400000 86
229635000 32
229376000 11
228709656 1
228614400 290
227598336 13
226894500 3
226800000 169
226748160 36
225886080 2
225792000 144
225042300 19
225000000 1
224788480 2
224042112 9
224000000 15
223948800 157
223256250 2
223205220 7
222953472 10
222264000 139
221276160 18
221184000 92
220541454 1
220500000 18
220449600 172
220200960 3
219520000 30
219469824 25
218791125 1
218700000 39
217818720 14
217728000 417
216760320 58
216090000 13
216040608 9
216000000 57
215129600 4
215040000 78
214990848 14
214375000 1
214326000 111
213373440 108
212625000 9
212576400 13
212336640 16
211768200 1
211680000 174
211631616 27
210739200 35
210039480 18
210000000 16
209952000 205
209018880 144
208372500 11
208324872 4
207446400 55
207360000 219
206671500 9
206524416 1
206438400 61
205800000 26
205752960 136
204800000 11
204205050 3
204120000 241
204073344 4
203297472 1
203212800 282
202538070 2
202500000 3
202309632 5
201684000 4
201600000 148
201553920 75
200704000 27
200037600 122
200000000 2
199148544 4
199065600 151
198450000 52
198404640 49
198180864 3
197568000 108
196830000 32
196689920 3
196608000 15
196036848 3
196000000 15
195955200 370
195084288 27
194481000 27
194400000 130
193616640 7
193536000 271
192937500 1
192893400 48
192675840 10
192080000 13
192036096 25
192000000 30
191362500 6
191318760 5
191102976 11
190591380 1
190512000 337
189665280 62
189078750 1
189035532 1
189000000 57
188956800 86
188743680 3
188160000 81
188116992 44
187535250 6
187500000 1
186701760 36
186624000 279
186004350 2
185794560 81
185220000 81
185177664 13
184396800 26
184320000 79
183750000 2
183708000 196
183500800 4
182891520 200
182250000 11
181515600 7
181440000 452
181398528 12
180633600 103
180075000 1
180033840 50
180000000 18
179200000 41
179159040 87
178605000 53
178564176 7
177811200 193
177147000 24
177020928 3
176947200 38
176400000 117
176359680 160
175616000 26
175032900 15
175000000 1
174960000 182
174254976 5
174182400 397
173643750 2
173604060 15
173408256 8
172872000 44
172800000 151
172226250 2
172103680 1
172032000 67
171500000 2
171460800 275
170698752 29
170100000 94
170061120 17
169869312 2
169344000 352
168781725 1
168591360 15
168070000 2
168031584 8
168000000 56
167961600 208
167403915 1
167215104 29
166698000 93
165957120 32
165888000 222
165375000 5
165337200 99
165150720 19
164640000 73
164602368 57
164025000 13
163840000 17
163364040 10
163296000 552
162570240 138
162067500 4
162030456 6
162000000 61
161347200 20
161280000 274
161243136 21
160744500 35
160563200 13
160030080 133
160000000 12
159432300 2
159252480 41
158826150 2
158760000 233
158723712 22
158054400 116
157529610 5
157500000 15
157464000 147
157286400 6
156800000 37
156764160 234
156243654 1
155584800 62
155520000 337
155003625 2
154893312 3
154828800 220
154350000 25
154314720 109
154140672 2
153664000 15
153600000 64
153090000 109
153055008 2
152473104 2
152409600 461
151875000 1
151732224 13
151263000 6
151200000 231
151165440 85
150994944 1
150590720 3
150528000 106
150062500 1
150028200 51
150000000 3
149361408 12
149299200 238
148837500 11
148803480 16
148635648 16
148176000 221
147622500 5
147517440 12
147456000 68
147027636 2
147000000 27
146966400 374
146800640 1
146313216 54
145860750 8
145800000 116
145212480 15
145152000 642
144670050 6
144506880 57
144060000 17
144027072 35
144000000 63
143521875 1
143360000 39
143327232 14
142943535 1
142884000 287
142248960 141
141750000 35
141717600 61
141557760 19
141178800 2
141120000 264
141087744 67
140492800 17
140026320 44
140000000 12
139968000 376
139345920 188
138915000 43
138883248 21
138297600 63
138240000 235
137781000 88
137682944 1
137625600 38
137200000 12
137168640 262
136687500 1
136136700 6
136080000 473
136048896 15
135531648 2
135475200 353
135025380 11
135000000 16
134873088 1
134456000 5
134400000 122
134369280 134
133953750 1
133923132 3
133358400 229
132860250 1
132765696 13
132710400 139
132300000 100
132269760 110
132120576 2
131712000 110
131274675 1
131250000 3
131220000 101
131072000 6
130691232 6
130636800 605
130203045 1
130056192 38
129654000 40
129600000 217
129077760 10
129024000 237
128625000 6
128595600 177
128450560 4
128024064 49
128000000 19
127575000 33
127545840 15
127401984 8
127060920 2
127008000 545
126443520 71
126023688 4
126000000 90
125971200 198
125829120 1
125440000 69
125411328 63
125023500 50
125000000 3
124467840 73
124416000 435
124031250 1
124002900 20
123863040 92
123480000 107
123451776 66
123018750 2
122931200 10
122880000 58
122523030 4
122500000 7
122472000 482
121927680 305
121522842 2
121500000 49
121010400 19
120960000 522
120932352 22
120558375 3
120422400 71
120050000 7
120022560 117
120000000 16
119439360 104
119070000 152
119042784 20
118540800 234
118125000 3
118098000 48
118013952 3
117964800 39
117649000 1
117600000 77
117573120 299
116688600 45
116640000 363
116169984 3
116121600 502
115762500 11
115736040 51
115605504 9
115248000 45
115200000 166
114817500 25
114688000 27
114354828 1
114307200 516
113799168 44
113447250 1
113400000 226
113374080 79
113246208 1
112943040 1
112896000 353
112521150 13
112500000 4
112394240 9
112021056 18
112000000 30
111974400 386
111602610 4
111476736 34
111132000 193
110638080 34
110592000 222
110270727 1
110250000 20
110224800 263
110100480 7
109760000 43
109734912 102
109350000 47
108909360 16
108864000 891
108380160 133
108045000 17
108020304 25
108000000 92
107564800 7
107520000 192
107495424 28
107163000 125
106686720 217
106312500 6
106288200 16
106168320 48
105884100 1
105840000 388
105815808 54
105369600 84
105019740 16
105000000 14
104976000 285
104857600 2
104509440 374
104186250 8
104162436 2
103723200 90
103680000 443
103335750 6
103262208 4
103219200 163
102900000 35
102876480 256
102760448 1
102400000 27
102060000 337
102036672 12
101648736 1
101606400 619
101269035 1
101250000 2
101154816 10
100842000 5
100800000 273
100776960 153
100352000 51
100018800 186
100000000 5
99574272 28
99532800 304
99225000 55
99202320 67
99090432 11
98784000 229
98437500 1
98415000 26
98344960 9
98304000 40
98018424 4
98000000 17
97977600 701
97542144 57
97240500 21
97200000 224
96808320 23
96768000 626
96446700 56
96337920 20
96040000 17
96018048 69
96000000 57
95681250 2
95659380 3
95551488 20
95295690 1
95256000 563
94832640 163
94539375 1
94517766 4
94500000 57
94478400 141
94371840 12
94119200 4
94080000 210
94058496 92
93767625 2
93350880 87
93312000 611
93002175 1
92897280 216
92610000 83
92588832 35
92198400 43
92160000 201
91875000 1
91854000 240
91750400 12
91445760 471
91125000 14
90757800 13
90720000 709
90699264 27
90354432 1
90316800 237
90037500 1
90016920 63
90000000 34
89915392 1
89600000 62
89579520 207
89302500 47
89282088 7
88905600 377
88573500 13
88510464 8
88473600 130
88200000 152
88179840 302
87808000 62
87516450 11
87500000 2
87480000 277
87127488 8
87091200 860
86802030 11
86704128 16
86436000 67
86400000 250
86051840 4
86016000 182
85750000 5
85730400 407
85349376 66
85050000 107
85030560 41
84934656 5
84707280 6
84672000 692
84375000 2
84295680 34
84035000 1
84015792 17
84000000 82
83980800 456
83607552 91
83349000 89
82978560 75
82944000 474
82687500 7
82668600 77
82575360 61
82320000 107
82301184 103
82012500 6
81920000 16
81682020 9
81648000 898
81285120 325
81033750 2
81015228 8
81000000 89
80673600 13
80640000 452
80621568 35
80372250 17
80281600 29
80015040 215
80000000 9
79626240 130
79380000 323
79361856 49
79027200 233
78750000 15
78732000 170
78675968 1
78643200 25
78400000 70
78382080 505
77792400 82
77760000 552
77446656 4
77414400 477
77175000 17
77157360 146
77070336 3
76832000 35
76800000 93
76545000 105
76527504 1
76236552 2
76204800 871
75866112 33
75631500 10
75600000 328
75582720 151
75295360 1
75264000 232
75014100 72
75000000 4
74680704 32
74649600 537
74418750 2
74401740 13
74317824 37
74088000 313
73811250 3
73758720 24
73728000 152
73513818 1
73500000 27
73483200 555
73400320 3
73156608 121
72900000 134
72606240 22
72576000 1181
72335025 3
72253440 128
72030000 23
72013536 53
72000000 120
71744535 1
71680000 72
71663616 46
71442000 325
71124480 292
70875000 22
70858800 66
70778880 45
70589400 2
70560000 400
70543872 109
70246400 35
70013160 53
70000000 16
69984000 650
69672960 523
69457500 27
69441624 26
69148800 111
69120000 446
68890500 56
68812800 105
68600000 23
68584320 478
68343750 1
68068350 6
68040000 597
68024448 32
67765824 5
67737600 693
67512690 24
67500000 6
67436544 6
67228000 6
67200000 210
67184640 305
66976875 3
66679200 359
66382848 28
66355200 342
66150000 101
66134880 165
66060288 8
65856000 156
65625000 1
65610000 104
65536000 15
65345616 11
65318400 1180
65028096 82
64827000 55
64800000 328
64538880 21
64512000 564
64312500 3
64297800 190
64225280 12
64012032 107
64000000 35
63787500 26
63772920 11
63700992 26
63530460 6
63504000 878
63221760 146
63026250 2
63011844 9
63000000 107
62985600 362
62914560 5
62720000 98
62705664 135
62511750 22
62500000 1
62233920 100
62208000 820
62001450 15
61931520 185
61765725 1
61740000 157
61725888 82
61465600 30
61440000 123
61250000 4
61236000 594
60963840 613
60750000 35
60505200 16
60480000 900
60466176 59
60236288 1
60211200 147
60025000 3
60011280 146
60000000 30
59719680 264
59535000 156
59521392 29
59295096 1
59270400 413
59062500 1
59049000 52
59006976 5
58982400 105
58824500 2
58800000 137
58786560 561
58344300 42
58320000 518
58084992 13
58060800 1060
57881250 4
57868020 29
57802752 19
57624000 57
57600000 288
57408750 8
57344000 61
57153600 785
56899584 96
56700000 242
56687040 104
56623104 6
56448000 615
56260575 4
56250000 1
56197120 16
56010528 35
56000000 66
55987200 743
55801305 1
55738368 110
55566000 214
55319040 75
55296000 480
55125000 25
55112400 282
55050240 33
54880000 60
54867456 182
54675000 36
54454680 16
54432000 1423
54190080 342
54022500 9
54010152 26
54000000 137
53782400 10
53760000 339
53747712 76
53581500 105
53343360 353
53156250 3
53144100 23
53084160 119
52942050 2
52920000 513
52907904 109
52706752 1
52684800 148
52509870 9
52500000 17
52488000 407
52428800 6
52254720 758
52093125 1
52081218 3
51861600 154
51840000 747
51667875 2
51631104 1
51609600 362
51450000 27
51438240 335
51200000 47
51030000 325
51018336 13
50824368 3
50803200 1123
50625000 8
50577408 22
50421000 7
50400000 379
50388480 316
50331648 1
50176000 120
50009400 165
50000000 3
49787136 44
49766400 712
49612500 33
49601160 76
49545216 30
49412580 1
49392000 315
49207500 18
49172480 14
49152000 92
49009212 5
49000000 24
48988800 1119
48771072 135
48620250 17
48600000 255
48404160 25
48384000 1193
48223350 27
48168960 68
48020000 29
48009024 93
48000000 71
47829690 4
47775744 46
47647845 2
47628000 715
47416320 328
47250000 74
47239200 217
47185920 27
47059600 3
47040000 319
47029248 182
46675440 97
46656000 987
46448640 493
46305000 83
46294416 61
46099200 71
46080000 391
45937500 1
45927000 225
45875200 38
45722880 729
45562500 4
45378900 12
45360000 991
45349632 57
45177216 2
45158400 541
45008460 55
45000000 22
44800000 98
44789760 413
44651250 19
44641044 5
44452800 533
44286750 4
44255232 22
44236800 303
44100000 159
44089920 422
44040192 3
43904000 93
43750000 1
43740000 272
43563744 8
43545600 1658
43401015 5
43352064 74
43218000 70
43200000 391
43046721 1
43025920 8
43008000 310
42875000 3
42865200 433
42674688 155
42525000 70
42515280 44
42467328 22
42353640 3
42336000 1065
42147840 74
42017500 2
42007896 19
42000000 94
41990400 680
41943040 1
41803776 179
41674500 78
41489280 134
41472000 951
41343750 2
41334300 67
41287680 126
41160000 129
41150592 199
40960000 35
40841010 1
40824000 1156
40642560 725
40516875 1
40507614 5
40500000 76
40336800 20
40320000 864
40310784 100
40186125 1
40140800 65
40007520 303
40000000 9
39813120 290
39690000 291
39680928 67
39513600 405
39375000 6
39366000 154
39337984 6
39321600 45
39200000 83
39191040 981
38896200 97
38880000 835
38723328 11
38707200 950
38587500 18
38578680 140
38535168 13
38416000 37
38400000 160
38272500 54
38263752 3
38118276 4
38102400 1297
37933056 72
37815750 5
37800000 352
37791360 214
37748736 2
37632000 363
37515625 1
37507050 23
37340352 47
37324800 1033
37200870 11
37158912 90
37044000 315
36879360 43
36864000 353
36750000 25
36741600 720
36700160 12
36578304 269
36450000 98
36303120 32
36288000 1885
36126720 240
36015000 13
36006768 71
36000000 152
35840000 126
35831808 106
35721000 273
35562240 478
35437500 16
35429400 47
35389440 93
35294700 3
35280000 579
35271936 192
35123200 72
35006580 41
35000000 10
34992000 806
34836480 974
34728750 17
34720812 14
34574400 138
34560000 814
34445250 22
34420736 3
34406400 193
34300000 29
34292160 642
34034175 4
34020000 652
34012224 23
33882912 3
33868800 1147
33756345 2
33750000 18
33718272 16
33614000 6
33600000 306
33592320 532
33480783 1
33339600 358
33191424 32
33177600 694
33075000 68
33067440 226
33030144 19
32928000 260
32805000 89
32768000 33
32672808 8
32659200 1815
32514048 170
32413500 30
32400000 403
32269440 19
32256000 1068
32156250 1
32148900 136
32112640 24
32006016 121
32000000 36
31893750 6
31886460 11
31850496 57
31765230 4
31752000 1132
31610880 231
31505922 9
31500000 95
31492800 417
31457280 12
31360000 147
31352832 249
31255875 1
31116960 138
31104000 1349
31000725 2
30965760 388
30870000 119
30862944 97
30732800 36
30720000 223
30625000 1
30618000 537
30481920 1025
30375000 19
30252600 27
30240000 1207
30233088 88
30118144 1
30105600 341
30012500 5
30005640 169
30000000 21
29859840 547
29767500 83
29760696 17
29635200 637
29524500 34
29503488 25
29491200 219
29400000 164
29393280 808
29172150 20
29160000 572
29042496 10
29030400 1836
28940625 1
28934010 20
28901376 61
28812000 66
28800000 410
28704375 1
28672000 121
28576800 884
28449792 165
28350000 213
28343520 95
28311552 17
28235760 4
28224000 1004
28125000 1
28098560 30
28005264 30
28000000 64
27993600 1122
27869184 215
27783000 187
27659520 112
27648000 895
27562500 7
27556200 236
27525120 50
27440000 76
27433728 282
27337500 14
27227340 17
27216000 1754
27095040 649
27011250 4
27005076 24
27000000 107
26891200 10
26880000 557
26873856 138
26790750 46
26671680 484
26572050 7
26542080 296
26471025 1
26460000 528
26453952 148
26342400 260
26254935 5
26250000 16
26244000 439
26214400 13
26127360 1317
26040609 2
25930800 142
25920000 1103
25815552 7
25804800 701
25725000 20
25719120 368
25690112 4
25600000 72
25515000 236
25509168 11
25412184 3
25401600 1611
25312500 1
25288704 63
25210500 3
25200000 473
25194240 448
25088000 156
25004700 118
24893568 65
24883200 1233
24806250 11
24800580 53
24772608 88
24696000 380
24603750 6
24586240 21
24576000 171
24504606 5
24500000 17
24494400 1421
24385536 307
24310125 4
24300000 229
24202080 29
24192000 1855
24111675 7
24084480 125
24010000 20
24004512 111
24000000 99
23887872 115
23814000 625
23708160 471
23625000 44
23619600 167
23592960 81
23529800 2
23520000 405
23514624 301
23337720 117
23328000 1342
23224320 926
23152500 51
23147208 39
23049600 115
23040000 608
22963500 114
22937600 50
22861440 1025
22689450 8
22680000 1095
22674816 64
22579200 900
22504230 27
22500000 24
22478848 5
22400000 130
22394880 776
22325625 2
22320522 4
22226400 562
22127616 29
22118400 576
22050000 123
22044960 427
22020096 11
21952000 139
21870000 237
21781872 11
21772800 2493
21676032 164
21609000 74
21600000 504
21512960 7
21504000 535
21432600 359
21337344 205
21262500 53
21257640 37
21233664 40
21176820 7
21168000 1332
21093750 1
21073920 130
21008750 1
21003948 19
21000000 89
20995200 811
20971520 4
20901888 381
20837250 35
20744640 176
20736000 1527
20667150 25
20643840 275
20580000 112
20575296 240
20480000 69
20420505 2
20412000 1149
20321280 1177
20253807 2
20250000 59
20168400 22
20160000 1072
20155392 176
20070400 96
20003760 290
20000000 17
19906560 592
19845000 265
19840464 55
19756800 595
19687500 7
19683000 119
19668992 7
19660800 107
19600000 78
19595520 1369
19448100 70
19440000 1020
19361664 16
19353600 1681
19293750 8
19289340 98
19267584 27
19208000 31
19200000 256
19136250 27
19131876 3
19051200 1542
18966528 121
18900000 400
18895680 274
18874368 7
18816000 577
18753525 7
18750000 2
18670176 62
18662400 1635
18579456 201
18522000 337
18439680 76
18432000 640
18375000 22
18370800 652
18350080 16
18289152 389
18225000 85
18151560 16
18144000 2416
18063360 463
18007500 10
18003384 53
18000000 150
17920000 219
17915904 167
17860500 142
17781120 660
17718750 7
17714700 33
17694720 203
17647350 2
17640000 606
17635968 277
17561600 92
17503290 27
17500000 14
17496000 867
17418240 1548
17364375 3
17360406 4
17287200 141
17280000 1079
17222625 7
17210368 2
17203200 362
17150000 23
17146080 738
17010000 557
17006112 29
16941456 1
16934400 1724
16875000 3
16859136 35
16807000 7
16800000 344
16796160 786
16669800 293
16595712 79
16588800 1198
16537500 38
16533720 163
16515072 51
16464000 300
16402500 32
16384000 59
16336404 9
16329600 2287
16257024 299
16206750 15
16200000 385
16134720 18
16128000 1406
16074450 69
16056320 41
16003008 201
16000000 52
15946875 2
15943230 4
15925248 110
15882615 2
15876000 1142
15805440 367
15752961 3
15750000 89
15746400 435
15728640 24
15680000 175
15676416 458
15558480 128
15552000 1892
15482880 716
15435000 102
15431472 130
15366400 45
15360000 298
15312500 1
15309000 423
15240960 1470
15187500 6
15126300 9
15120000 1354
15116544 113
15052800 518
15006250 1
15002820 118
15000000 25
14929920 973
14883750 37
14880348 17
14817600 671
14762250 12
14751744 19
14745600 399
14700000 118
14696640 932
14680064 6
14586075 6
14580000 525
14521248 20
14515200 2756
14467005 6
14450688 95
14406000 61
14400000 462
14336000 198
14288400 807
14224896 224
14175000 147
14171760 103
14155776 33
14117880 1
14112000 1237
14049280 49
14002632 41
14000000 52
13996800 1505
13934592 375
13891500 111
13829760 171
13824000 1389
13781250 2
13778100 146
13762560 109
13720000 73
13716864 374
13668750 2
13613670 10
13608000 1990
13547520 1084
13502538 6
13500000 92
13445600 9
13440000 670
13436928 234
13395375 7
13335840 560
13286025 1
13271040 511
13230000 399
13226976 141
13171200 389
13125000 6
13122000 349
13107200 37
13063680 1845
12965400 101
12960000 1290
12907776 4
12902400 1133
12862500 14
12859560 276
12845056 4
12800000 95
12757500 125
12754584 12
12706092 2
12700800 1863
12656250 2
12644352 98
12605250 5
12600000 481
12597120 564
12582912 3
12544000 224
12502350 58
12500000 2
12446784 77
12441600 1915
12400290 32
12386304 141
12348000 404
12301875 3
12293120 35
12288000 309
12252303 1
12250000 20
12247200 1338
12192768 500
12150000 170
12101040 35
12096000 2474
12042240 216
12005000 13
12002256 137
12000000 105
11943936 211
11907000 458
11854080 593
11812500 11
11809800 122
11796480 121
11760000 465
11757312 415
11668860 52
11664000 1591
11612160 1597
11576250 13
11573604 43
11524800 122
11520000 853
11481750 44
11468800 125
11430720 1237
11344725 2
11340000 1007
11337408 77
11294304 1
11289600 1267
11252115 6
11250000 19
11239424 4
11200000 145
11197440 1073
11113200 513
11063808 57
11059200 1026
11025000 80
11022480 412
11010048 19
10976000 124
10935000 139
10890936 7
10886400 3078
10838016 199
10804500 46
10800000 544
10756480 16
10752000 870
10716300 220
10668672 260
10631250 10
10628820 25
10616832 122
10584000 1353
10536960 203
10501974 9
10500000 77
10497600 914
10485760 9
10450944 547
10418625 9
10372320 197
10368000 2049
10333575 6
10321920 466
10290000 86
10287648 241
10240000 112
10206000 937
10160640 1603
10125000 35
10084200 19
10080000 1252
10077696 205
10035200 171
10001880 265
10000000 24
9953280 981
9922500 133
9920232 50
9878400 627
9843750 2
9841500 73
9834496 8
9830400 178
9800000 85
9797760 1678
9724050 34
9720000 891
9680832 18
9676800 2457
9646875 1
9644670 35
9633792 37
9604000 37
9600000 272
9568125 5
9529569 1
9525600 1476
9483264 204
9450000 259
9447840 281
9437184 18
9411920 2
9408000 762
9335088 54
9331200 2095
9289728 350
9261000 215
9219840 95
9216000 927
9187500 5
9185400 452
9175040 43
9144576 560
9112500 24
9075780 18
9072000 2618
9031680 710
9003750 7
9001692 41
9000000 136
8960000 251
8957952 282
8930250 61
8890560 711
8857350 12
8847360 408
8820000 511
8817984 295
8780800 144
8751645 4
8750000 10
8748000 789
8709120 2190
8680203 1
8643600 151
8640000 1212
8605184 2
8601600 564
8575000 14
8573040 647
8505000 343
8503056 36
8470728 2
8467200 2071
8437500 3
8429568 49
8403500 3
8400000 323
8398080 952
8388608 1
8334900 155
8297856 75
8294400 1848
8268750 16
8266860 98
8257536 77
8232000 307
8201250 14
8192000 87
8168202 2
8164800 2374
8128512 492
8103375 2
8100000 349
8067360 25
8064000 1898
8037225 11
8028160 74
8001504 212
8000000 44
7962624 215
7938000 838
7902720 460
7875000 36
7873200 384
7864320 45
7840000 206
7838208 613
7779240 114
7776000 2108
7741440 1192
7717500 43
7715736 82
7683200 50
7680000 450
7654500 193
7620480 1654
7593750 3
7563150 5
7560000 1284
7558272 175
7529536 1
7526400 728
7501410 49
7500000 23
7464960 1336
7441875 2
7440174 13
7408800 678
7381125 1
7375872 31
7372800 598
7350000 92
7348320 868
7340032 4
7290000 399
7260624 25
7257600 3401
7225344 158
7203000 37
7200000 468
7168000 223
7144200 589
7112448 312
7087500 48
7085880 78
7077888 73
7056000 1355
7024640 76
7001316 33
7000000 50
6998400 1613
6967296 559
6945750 40
6914880 170
6912000 1854
6890625 1
6889050 48
6881280 226
6860000 67
6858432 419
6834375 1
6804000 1761
6773760 1414
6751269 5
6750000 69
6722800 8
6720000 793
6718464 304
6667920 466
6635520 804
6615000 263
6613488 126
6585600 397
6562500 4
6561000 250
6553600 40
6531840 2226
6482700 73
6480000 1236
6453888 13
6451200 1612
6431250 4
6429780 185
6422528 14
6400000 105
6378750 47
6377292 4
6353046 3
6350400 1944
6322176 128
6300000 337
6298560 591
6291456 6
6272000 274
6251175 5
6250000 1
6223392 80
6220800 2520
6200145 6
6193152 273
6174000 311
6146560 35
6144000 495
6125000 11
6123600 1089
6096384 627
6075000 128
6050520 27
6048000 2746
6021120 348
6002500 7
6001128 95
6000000 90
5971968 354
5953500 255
5927040 740
5906250 4
5904900 61
5898240 212
5882450 1
5880000 447
5878656 568
5834430 22
5832000 1419
5806080 2141
5788125 1
5786802 20
5762400 109
5760000 1047
5740875 9
5734400 172
5715360 1157
5670000 655
5668704 86
5647152 3
5644800 1575
5625000 5
5619712 17
5600000 159
5598720 1354
5556600 363
5531904 67
5529600 1388
5512500 32
5511240 321
5505024 33
5488000 168
5467500 83
5445468 11
5443200 3293
5419008 336
5402250 12
5400000 422
5378240 9
5376000 1064
5358150 82
5334336 312
5315625 1
5314410 9
5308416 173
5292000 1205
5268480 247
5250000 39
5248800 787
5242880 12
5225472 773
5186160 145
5184000 2368
5160960 807
5145000 47
5143824 204
5120000 149
5103000 612
5080320 1932
5062500 9
5042100 12
5040000 1202
5038848 213
5017600 227
5000940 142
5000000 15
4976640 1426
4961250 45
4960116 19
4939200 578
4920750 22
4917248 10
4915200 307
4900000 50
4898880 1612
4862025 11
4860000 673
4840416 14
4838400 3092
4822335 8
4816896 75
4802000 26
4800000 288
4762800 1126
4741632 271
4725000 140
4723920 196
4718592 28
4705960 4
4704000 823
4667544 58
4665600 2313
4644864 518
4630500 124
4609920 101
4608000 1240
4593750 2
4592700 245
4587520 62
4572288 616
4556250 7
4537890 11
4536000 2443
4515840 930
4501875 1
4500846 22
4500000 90
4480000 296
4478976 419
4465125 16
4445280 620
4428675 2
4423680 631
4410000 362
4408992 265
4390400 151
4375000 4
4374000 538
4354560 2688
4321800 105
4320000 1372
4302592 9
4300800 810
4287500 2
4286520 422
4252500 154
4251528 23
4235364 1
4233600 2123
4218750 2
4214784 73
4201750 1
4200000 263
4199040 969
4194304 2
4167450 73
4148928 98
4147200 2410
4133430 39
4128768 137
4116000 245
4100625 2
4096000 125
4084101 3
4082400 2058
4064256 617
4050000 233
4033680 21
4032000 2168
4014080 106
4000752 171
4000000 54
3981312 317
3969000 528
3951360 525
3937500 11
3936600 216
3932160 94
3920000 188
3919104 732
3889620 63
3888000 2058
3870720 1672
3858750 15
3857868 51
3841600 52
3840000 589
3827250 56
3810240 1545
3781575 4
3780000 1047
3779136 172
3764768 1
3763200 857
3750705 11
3750000 9
3732480 1826
3720087 3
3704400 532
3687936 43
3686400 876
3675000 55
3674160 717
3670016 7
3645000 227
3630312 15
3628800 3732
3612672 205
3601500 22
3600000 472
3584000 318
3572100 317
3556224 311
3543750 20
3542940 42
3538944 116
3529470 1
3528000 1176
3515625 1
3512320 76
3500658 16
3500000 27
3499200 1517
3483648 805
3472875 5
3457440 165
3456000 2149
3444525 7
3440640 315
3430000 49
3429216 372
3402000 1229
3386880 1663
3375000 42
3361400 8
3360000 773
3359232 433
3333960 294
3317760 1228
3307500 113
3306744 84
3292800 411
3280500 100
3276800 70
3265920 2260
3241350 23
3240000 1085
3226944 15
3225600 2034
3214890 63
3211264 22
3200000 111
3189375 5
3188646 1
3176523 1
3175200 1691
3161088 175
3150000 208
3149280 492
3145728 10
3136000 335
3111696 81
3110400 2820
3096576 363
3087000 213
3073280 45
3072000 630
3062500 3
3061800 646
3048192 742
3037500 55
3025260 17
3024000 2592
3010560 462
3000564 55
3000000 86
2985984 462
2976750 71
2963520 699
2952450 26
2949120 367
2940000 319
2939328 453
2917215 3
2916000 1138
2903040 2674
2893401 2
2881200 84
2880000 1082
2867200 237
2857680 873
2835000 413
2834352 58
2823576 5
2822400 1681
2812500 2
2809856 20
2800000 136
2799360 1510
2778300 193
2765952 65
2764800 1888
2756250 12
2755620 163
2752512 65
2744000 115
2733750 13
2722734 3
2721600 2907
2709504 515
2701125 5
2700000 318
2689120 8
2688000 1243
2679075 19
2667168 264
2657205 3
2654208 269
2646000 811
2634240 298
2625000 23
2624400 584
2621440 17
2612736 896
2593080 104
2592000 2420
2580480 1008
2572500 29
2571912 134
2560000 185
2551500 253
2540160 1842
2531250 4
2521050 3
2520000 1033
2519424 268
2508800 267
2500470 57
2500000 7
2488320 1854
2480625 7
2480058 6
2469600 559
2460375 4
2458624 7
2457600 408
2450000 36
2449440 1314
2430000 487
2420208 11
2419200 3272
2408448 108
2401000 10
2400000 280
2381400 710
2370816 297
2362500 56
2361960 134
2359296 48
2352980 2
2352000 735
2333772 29
2332800 2214
2322432 731
2315250 50
2304960 98
2304000 1522
2296350 99
2293760 74
2286144 574
2278125 1
2268945 3
2268000 1951
2257920 1107
2250423 5
2250000 72
2240000 289
2239488 522
2222640 493
2211840 872
2205000 209
2204496 203
2195200 145
2187500 3
2187000 313
2177280 2867
2160900 47
2160000 1269
2151296 5
2150400 936
2143750 2
2143260 215
2126250 50
2125764 6
2117682 2
2116800 1881
2107392 79
2100000 216
2099520 871
2097152 2
2083725 9
2074464 81
2073600 2743
2066715 6
2064384 216
2058000 177
2048000 158
2041200 1435
2032128 704
2025000 128
2016840 10
2016000 2088
2007040 145
2000376 105
2000000 44
1990656 460
1984500 283
1975680 570
1968750 1
1968300 101
1966080 146
1960000 138
1959552 760
1944810 24
1944000 1767
1935360 2189
1929375 5
1928934 21
1920800 38
1920000 576
1913625 16
1905120 1307
1890000 675
1889568 122
1882384 1
1881600 920
1875000 7
1866240 1875
1852200 333
1843968 35
1843200 1203
1837500 23
1837080 439
1835008 14
1822500 80
1815156 13
1814400 3472
1806336 264
1800750 6
1800000 357
1792000 342
1786050 105
1778112 284
1771875 4
1771470 22
1769472 176
1764000 871
1756160 72
1750329 5
1750000 22
1749600 1119
1741824 973
1728720 124
1728000 2186
1720320 468
1715000 25
1714608 285
1701000 698
1693440 1745
1687500 13
1680700 1
1680000 607
1679616 404
1666980 155
1658880 1557
1653750 36
1653372 46
1646400 322
1640250 30
1638400 75
1632960 2094
1620675 5
1620000 805
1613472 8
1612800 2319
1607445 18
1605632 23
1600000 103
1587600 1132
1580544 198
1575000 136
1574640 298
1572864 24
1568000 302
1555848 53
1555200 2826
1548288 478
1543500 102
1536640 31
1536000 703
1530900 279
1524096 708
1518750 9
1512630 10
1512000 2172
1505280 529
1500282 14
1500000 58
1492992 583
1488375 10
1481760 565
1474560 493
1470000 193
1469664 435
1458000 704
1451520 2856
1440600 47
1440000 1066
1433600 240
1428840 525
1417500 187
1417176 26
1411200 1494
1404928 16
1400000 112
1399680 1351
1389150 70
1382976 56
1382400 2209
1378125 5
1377810 74
1376256 67
1372000 88
1366875 1
1361367 1
1360800 2222
1354752 548
1350000 201
1344560 3
1344000 1209
1333584 183
1327104 352
1323000 450
1317120 315
1312500 7
1312200 351
1310720 27
1306368 968
1296540 44
1296000 2152
1290240 1273
1286250 7
1285956 79
1280000 174
1275750 86
1270080 1642
1260000 732
1259712 242
1254400 290
1250235 11
1250000 6
1244160 2015
1240029 5
1234800 352
1229312 6
1228800 514
1225000 14
1224720 907
1215000 256
1210104 6
1209600 3220
1204224 124
1200500 9
1200000 255
1190700 353
1185408 291
1181250 13
1180980 60
1179648 84
1176000 593
1166886 13
1166400 1748
1161216 814
1157625 2
1152480 94
1152000 1458
1148175 21
1146880 116
1143072 484
1134000 1179
1128960 1267
1125000 23
1120000 238
1119744 579
1111320 301
1105920 1099
1102500 66
1102248 145
1097600 126
1093500 145
1088640 2652
1080450 20
1080000 966
1075648 2
1075200 1100
1071875 1
1071630 85
1063125 3
1062882 1
1058400 1380
1053696 103
1050000 101
1049760 654
1048576 5
1037232 60
1036800 2888
1032192 330
1029000 97
1024000 184
1020600 804
1016064 703
1012500 52
1008420 11
1008000 1756
1003520 145
1000188 55
1000000 27
995328 563
992250 89
987840 466
984150 28
983040 189
980000 102
979776 630
972405 6
972000 1199
967680 2262
964467 3
960400 28
960000 551
952560 920
945000 348
944784 80
941192 1
940800 848
937500 1
933120 1893
926100 167
921984 34
921600 1344
918750 7
918540 228
917504 15
911250 23
907578 6
907200 2802
903168 339
900375 1
900000 217
896000 374
893025 14
889056 236
885735 1
884736 245
882000 536
878080 96
875000 15
874800 699
870912 986
864360 70
864000 1987
860160 542
857500 7
857304 178
850500 294
846720 1612
843750 4
840350 1
840000 465
839808 384
833490 62
829440 1774
826875 5
826686 18
823200 252
820125 5
819200 126
816480 1527
810000 475
806736 4
806400 2331
802816 24
800000 94
793800 632
790272 215
787500 43
787320 178
786432 32
784000 221
777924 29
777600 2433
774144 611
771750 30
768320 22
768000 698
765450 90
762048 618
756315 3
756000 1460
752640 558
750141 1
750000 30
746496 630
740880 378
737280 601
735000 99
734832 279
729000 372
725760 2696
720300 15
720000 789
716800 298
714420 250
708750 40
708588 15
705600 1214
702464 28
700000 73
699840 1125
694575 10
691488 44
691200 2235
688905 7
688128 98
686000 53
680400 1351
677376 620
675000 82
672280 6
672000 1097
666792 105
663552 452
661500 221
658560 295
656250 2
656100 135
655360 40
653184 876
648270 25
648000 1619
645120 1483
643125 1
642978 23
640000 151
637875 9
635040 1269
630000 423
629856 183
627200 296
625000 3
622080 2031
617400 191
614656 13
614400 614
612500 3
612360 478
607500 87
605052 5
604800 2637
602112 148
600250 2
600000 178
595350 103
592704 255
590625 4
590490 16
589824 102
588000 407
583443 6
583200 1255
580608 901
576240 62
576000 1440
573440 135
571536 331
567000 596
564480 1057
562500 10
560000 208
559872 522
555660 137
552960 1250
551250 28
551124 56
548800 101
546750 47
544320 2178
540225 2
540000 568
537600 1081
535815 11
531441 1
529200 903
526848 114
525000 47
524880 396
524288 2
518616 31
518400 2472
516096 358
514500 49
512000 181
510300 332
508032 675
506250 6
504210 4
504000 1406
501760 161
500094 29
500000 19
497664 632
496125 8
493920 325
492075 5
491520 237
490000 54
489888 466
486000 685
483840 2281
480200 18
480000 489
476280 506
472500 132
472392 44
470596 2
470400 722
466560 1529
463050 40
460992 26
460800 1452
459270 74
458752 18
455625 2
453789 1
453600 2005
451584 381
450000 119
448000 348
444528 152
442368 291
441000 285
439040 79
437500 1
437400 379
435456 985
432180 31
432000 1612
430080 585
428750 6
428652 85
425250 77
423360 1209
421875 2
420000 322
419904 303
416745 8
414720 1838
413343 2
411600 166
409600 139
408240 955
405000 224
403368 4
403200 1998
401408 37
400000 65
396900 262
395136 169
393750 10
393660 71
393216 37
392000 186
388962 9
388800 1746
387072 665
385875 6
384160 18
384000 700
382725 8
381024 489
378000 884
376320 557
375000 13
373248 624
370440 208
368640 680
367500 33
367416 172
364500 152
362880 2259
360150 6
360000 555
358400 258
357210 87
354375 7
354294 10
352800 783
351232 24
350000 43
349920 780
345744 30
345600 2149
344064 131
343000 20
340200 770
338688 572
337500 25
336000 839
333396 49
331776 484
330750 50
329280 212
328050 36
327680 60
326592 693
324135 6
324000 1054
322560 1401
321489 5
320000 146
317520 756
315000 195
314928 131
313600 212
312500 2
311040 1728
308700 90
307328 10
307200 575
306250 3
306180 225
303750 24
302526 2
302400 2021
301056 139
300000 107
297675 17
296352 170
295245 3
294912 160
294000 259
291600 757
290304 911
288120 29
288000 1196
286720 136
285768 145
283500 277
282240 905
281250 3
280000 154
279936 436
277830 49
276480 1332
275625 4
275562 18
274400 69
273375 6
272160 1433
270000 298
268912 5
268800 983
264600 443
263424 93
262500 19
262440 210
262144 5
259308 18
259200 1941
258048 342
257250 8
256000 182
255150 100
254016 459
253125 1
252105 1
252000 862
250880 156
250047 3
250000 8
248832 626
246960 229
245760 252
245000 23
244944 289
243000 319
241920 1976
240100 5
240000 325
238140 196
236250 33
236196 22
235200 540
233280 1157
231525 5
230496 18
230400 1302
229635 7
229376 17
226800 1151
225792 290
225000 53
224000 255
222264 62
221184 321
220500 119
219520 69
218750 1
218700 157
217728 848
216090 9
216000 1128
215040 603
214375 1
214326 28
212625 12
211680 807
210000 180
209952 204
207360 1638
205800 80
204800 154
204120 497
202500 82
201684 2
201600 1514
200704 38
200000 53
198450 90
197568 119
196875 1
196830 24
196608 51
196000 107
194400 1175
193536 663
192080 10
192000 591
190512 262
189000 393
188160 443
187500 6
186624 564
185220 78
184320 741
183750 10
183708 65
182250 30
181440 1649
180075 3
180000 379
179200 298
178605 10
176400 456
175616 21
175000 16
174960 424
172872 20
172800 1723
172032 136
171500 15
170100 273
169344 412
168750 8
168000 572
166698 16
165888 516
165375 10
164640 125
164025 6
163840 50
163296 457
162000 544
161280 1222
160000 104
158760 357
157500 52
157464 57
156800 181
155520 1368
154350 30
153664 9
153600 607
153090 66
151875 4
151200 1295
150528 150
150000 50
148176 89
147456 175
147000 106
145800 311
145152 728
144060 15
144000 840
143360 130
142884 81
141750 63
141120 595
140000 86
139968 294
138915 13
138240 1219
137781 1
137200 45
136080 848
135000 133
134400 797
132300 189
131712 74
131250 1
131220 88
131072 15
129654 5
129600 1362
129024 386
128625 1
128000 155
127575 8
127008 368
126000 470
125440 116
125000 3
124416 583
123480 95
122880 299
122500 14
122472 141
121500 125
120960 1480
120050 3
120000 239
119070 60
118125 5
118098 11
117600 319
116640 696
115248 6
115200 1078
114688 27
113400 520
112896 273
112500 15
112000 163
111132 36
110592 330
110250 30
109760 47
109350 37
108864 554
108000 651
107520 503
107163 2
105840 462
105000 74
104976 124
103680 1369
102900 39
102400 112
102060 192
101250 18
100842 1
100800 1007
100352 33
100000 26
99225 11
98784 73
98415 2
98304 63
98000 67
97200 595
96768 598
96040 7
96000 467
95256 129
94500 156
94080 326
93750 2
93312 434
92610 30
92160 690
91875 1
91854 15
91125 2
90720 1070
90000 171
89600 193
88200 204
87808 22
87500 5
87480 203
86436 9
86400 1271
86016 139
85750 3
85050 79
84672 331
84375 2
84000 304
83349 4
82944 471
82320 61
81920 53
81648 288
81000 226
80640 1003
80000 66
79380 138
78750 17
78732 21
78400 110
77760 932
77175 1
76832 2
76800 541
76545 7
75600 696
75264 138
75000 21
74088 55
73728 185
73500 49
72900 149
72576 596
72030 4
72000 561
71680 142
71442 28
70875 8
70560 422
70000 39
69984 217
69120 1087
68600 20
68040 372
67500 42
67200 542
66150 48
65856 41
65610 28
65536 5
64827 1
64800 776
64512 331
64000 128
63504 203
63000 213
62720 105
62500 1
62208 482
61740 43
61440 283
61250 4
61236 65
60750 29
60480 1014
60025 1
60000 115
59535 8
59049 1
58800 152
58320 386
57624 3
57600 879
57344 30
56700 204
56448 215
56250 5
56000 104
55566 8
55296 331
55125 5
54880 28
54675 3
54432 380
54000 326
53760 402
52920 239
52500 27
52488 43
51840 1023
51450 11
51200 130
51030 47
50625 3
50400 665
50176 32
50000 14
49392 35
49152 65
49000 25
48600 268
48384 444
48020 4
48000 315
47628 47
47250 43
47040 198
46656 307
46305 3
46080 616
45927 2
45360 553
45000 71
44800 151
44100 86
43904 12
43740 85
43218 1
43200 788
43008 121
42525 4
42336 204
42000 160
41472 390
41160 33
40960 47
40824 117
40500 79
40320 751
40000 32
39690 50
39375 5
39366 3
39200 75
38880 512
38416 2
38400 375
37800 304
37632 93
37500 10
37044 29
36864 163
36750 6
36450 30
36288 397
36015 1
36000 308
35840 104
35721 4
35280 220
35000 15
34992 126
34560 808
34300 4
34020 148
33750 6
33614 1
33600 365
33075 7
32928 20
32805 3
32768 10
32400 409
32256 274
32000 105
31752 101
31500 71
31360 63
31104 300
30870 10
30720 227
30625 1
30618 11
30375 4
30240 589
30000 40
29400 76
29160 198
28812 2
28800 584
28672 29
28350 53
28224 140
28000 57
27783 2
27648 278
27440 16
27216 182
27000 131
26880 321
26460 69
26250 5
26244 30
25920 634
25725 1
25600 104
25515 14
25200 273
25088 29
25000 3
24696 25
24576 64
24500 4
24300 111
24192 311
24000 185
23814 18
23625 5
23520 106
23328 171
23040 463
22680 247
22500 17
22400 99
22050 18
21952 3
21870 22
21609 1
21600 423
21504 112
21168 98
21000 60
20736 271
20580 21
20480 59
20412 41
20250 21
20160 431
20000 25
19845 4
19683 1
19600 25
19440 307
19200 248
18900 101
18816 74
18750 2
18522 5
18432 160
18225 2
18144 244
18000 133
17920 61
17640 96
17500 6
17496 44
17280 531
17150 3
17010 32
16800 172
16464 16
16384 10
16200 163
16128 206
16000 52
15876 20
15750 17
15680 38
15552 182
15435 1
15360 207
15309 5
15120 288
15000 29
14700 32
14580 52
14400 340
14336 21
14175 5
14112 98
14000 17
13824 224
13720 3
13608 73
13500 51
13440 191
13230 20
13125 1
13122 4
12960 364
12800 73
12600 131
12544 13
12500 1
12348 8
12288 49
12250 1
12150 24
12096 217
12000 91
11907 4
11760 57
11664 85
11520 329
11340 73
11250 6
11200 67
11025 1
10976 5
10935 1
10800 192
10752 97
10584 58
10500 21
10368 189
10290 3
10240 42
10206 16
10080 246
10000 10
9800 13
9720 103
9604 1
9600 184
9450 18
9408 41
9216 117
9072 105
9000 58
8960 57
8820 24
8750 2
8748 16
8640 313
8505 4
8400 89
8232 13
8192 7
8100 54
8064 127
8000 29
7938 10
7875 2
7840 22
7776 124
7680 147
7560 105
7500 13
7350 9
7290 12
7200 181
7168 14
7056 51
7000 9
6912 133
6860 4
6804 28
6750 10
6720 112
6615 2
6480 149
6400 52
6300 39
6272 13
6174 1
6144 40
6075 1
6048 102
6000 41
5880 14
5832 32
5760 209
5670 20
5625 1
5600 27
5488 6
5400 74
5376 55
5292 18
5250 5
5184 123
5145 1
5120 33
5103 1
5040 108
5000 1
4900 3
4860 35
4800 102
4725 4
4704 20
4608 90
4536 36
4500 18
4480 26
4410 7
4374 3
4320 175
4200 33
4116 4
4096 10
4050 10
4032 61
4000 14
3920 12
3888 56
3840 82
3780 43
3645 3
3600 92
3584 13
3528 22
3500 3
3456 85
3402 7
3360 72
3240 55
3200 26
3150 9
3136 8
3072 38
3024 47
3000 15
2940 8
2916 8
2880 121
2835 1
2800 10
2744 1
2700 22
2688 38
2646 7
2592 51
2560 22
2520 43
2500 2
2430 8
2400 54
2352 5
2304 56
2268 13
2250 2
2240 21
2205 3
2160 80
2100 9
2058 1
2048 9
2025 1
2016 35
2000 6
1960 3
1944 15
1920 40
1890 8
1800 25
1792 6
1764 3
1728 51
1680 21
1620 15
1600 24
1575 3
1568 3
1536 22
1512 17
1500 7
1470 1
1458 1
1440 65
1400 6
1350 5
1344 19
1323 1
1296 29
1280 15
1260 13
1215 1
1200 18
1176 2
1152 35
1134 3
1125 2
1120 11
1080 31
1050 6
1024 7
1008 23
1000 4
980 1
972 4
960 26
900 12
896 5
864 29
840 9
810 2
800 2
784 1
768 10
756 6
750 1
735 1
729 2
720 22
700 3
686 1
672 17
648 3
640 14
630 2
600 6
576 21
560 1
540 7
504 7
490 2
480 11
450 1
432 10
420 3
405 1
400 4
384 4
378 4
375 1
360 6
336 8
324 3
320 7
300 1
294 1
288 5
280 4
270 1
256 3
252 1
250 1
240 5
216 2
200 2
192 4
180 4
168 3
160 1
144 5
126 1
120 1
112 1
108 1
80 2
64 1
32 1
