5184000000 1
4608000000 1
4592700000 1
4251528000 1
4199040000 1
4050000000 1
3920000000 1
3732480000 2
3674160000 2
3645000000 1
3628800000 2
3572100000 1
3499200000 1
3456000000 1
3306744000 2
3265920000 1
3214890000 2
3149280000 1
2903040000 2
2880000000 1
2834352000 1
2822400000 2
2721600000 1
2700000000 1
2645395200 1
2624400000 2
2612736000 2
2571912000 2
2540160000 1
2520000000 2
2519424000 1
2500470000 1
2480058000 1
2449440000 1
2381400000 3
2380855680 1
2361960000 2
2351462400 1
2296350000 1
2286144000 2
2268000000 1
2267481600 2
2257920000 1
2240000000 1
2239488000 1
2222640000 1
2211840000 1
2204496000 3
2177280000 3
2160000000 1
2150400000 1
2116316160 1
2100000000 1
2099520000 4
2090188800 1
2073600000 3
2057529600 3
2041200000 4
2040733440 1
2032128000 5
2016000000 3
2015539200 3
2007040000 1
2000376000 2
1990656000 2
1984046400 3
1975680000 3
1959552000 2
1944000000 1
1935360000 4
1928934000 2
1920000000 1
1905120000 3
1889568000 1
1866240000 5
1843200000 1
1837080000 7
1828915200 2
1814400000 7
1806336000 2
1800338400 1
1791590400 1
1778112000 2
1771470000 1
1763596800 4
1756160000 1
1749600000 4
1741824000 5
1728720000 1
1728000000 3
1714608000 4
1701000000 1
1700611200 1
1693440000 2
1679616000 3
1674039150 1
1672151040 1
1658880000 4
1653372000 6
1651507200 1
1646400000 1
1646023680 1
1632960000 7
1625702400 4
1620304560 1
1620000000 3
1612800000 5
1612431360 3
1607445000 1
1605632000 1
1600300800 1
1600000000 1
1592524800 1
1587600000 2
1587237120 2
1580544000 2
1574640000 4
1568000000 2
1567641600 4
1555848000 1
1555200000 5
1548288000 2
1543147200 3
1536000000 1
1530900000 4
1524096000 5
1512000000 3
1511654400 6
1505280000 1
1500282000 2
1492992000 8
1488034800 2
1486356480 1
1481760000 6
1481421312 1
1474560000 3
1470000000 2
1469664000 6
1463132160 2
1458000000 1
1451520000 19
1446700500 1
1440270720 1
1440000000 1
1433600000 4
1428840000 8
1422489600 3
1417500000 1
1417176000 3
1415577600 1
1411200000 8
1410877440 2
1404928000 2
1399680000 9
1393459200 8
1389150000 1
1382400000 9
1377810000 2
1372000000 1
1371686400 8
1360800000 9
1360488960 3
1354752000 7
1350253800 1
1344000000 1
1343692800 5
1333584000 4
1327104000 2
1323000000 1
1322697600 4
1317120000 1
1312200000 4
1306368000 15
1296243648 1
1296000000 7
1290240000 2
1285956000 4
1280000000 1
1275750000 2
1270080000 20
1269789696 1
1264435200 1
1260000000 1
1259712000 10
1254400000 1
1254113280 5
1250235000 3
1249949232 1
1244678400 2
1244160000 5
1240029000 2
1238630400 5
1234800000 1
1234517760 5
1224720000 19
1219276800 18
1215000000 1
1209600000 13
1209323520 3
1200225600 3
1200000000 2
1194393600 3
1190700000 6
1190427840 5
1185408000 3
1180980000 3
1175731200 12
1166886000 1
1166400000 12
1161216000 14
1157360400 6
1152480000 2
1152000000 3
1146880000 2
1143072000 19
1137991680 1
1134213192 1
1134000000 4
1133740800 3
1128960000 10
1125211500 3
1120210560 4
1120000000 1
1119744000 14
1116026100 1
1111320000 9
1106380800 1
1105920000 8
1102500000 1
1102248000 11
1097600000 3
1097349120 5
1093500000 1
1089093600 1
1088640000 28
1083801600 4
1080450000 1
1080000000 2
1075200000 5
1074954240 2
1071630000 6
1066867200 8
1062882000 2
1061683200 1
1058400000 8
1058158080 8
1053696000 4
1049760000 9
1045094400 15
1041624360 1
1037232000 4
1036800000 15
1033357500 1
1032192000 13
1028764800 13
1024192512 1
1024000000 2
1020600000 13
1016064000 20
1012690350 1
1008000000 9
1007769600 9
1003520000 4
1000188000 14
995328000 11
992250000 3
992023200 4
987840000 4
987614208 4
984150000 2
983040000 4
980184240 2
980000000 2
979776000 33
975421440 3
972405000 3
972000000 8
968083200 2
967680000 26
964467000 1
963379200 3
960180480 4
960000000 1
955514880 3
952560000 20
952342272 2
948326400 3
945000000 1
944784000 10
943718400 1
940800000 4
940584960 11
933508800 2
933120000 28
928972800 3
926100000 2
925888320 7
921984000 1
921600000 9
918540000 17
914457600 22
910393344 1
907578000 1
907200000 35
906992640 4
903168000 17
900169200 4
896000000 4
895795200 12
893025000 3
889056000 25
885735000 2
884736000 11
882000000 4
881798400 19
878080000 2
875164500 3
874800000 14
870912000 44
868020300 1
867041280 1
864360000 2
864162432 2
864000000 10
860518400 2
860160000 1
859963392 1
857500000 1
857304000 33
853493760 8
850500000 2
850305600 4
847072800 1
846720000 27
846526464 1
840157920 2
840000000 3
839808000 18
836075520 5
833490000 6
833299488 1
829785600 2
829440000 32
826686000 18
825753600 3
823200000 4
823011840 14
819200000 1
816820200 1
816480000 41
812851200 25
810152280 1
810000000 4
806400000 25
806215680 3
803722500 2
800150400 26
796594176 1
796262400 6
793800000 23
793618560 10
790272000 17
787648050 1
787320000 13
786432000 1
784147392 1
784000000 3
783820800 33
777924000 7
777600000 30
774466560 2
774144000 17
771750000 2
771573600 23
768000000 4
765450000 5
765275040 1
762048000 40
758661120 1
756315000 1
756000000 13
755827200 11
754974720 1
752953600 1
752640000 11
750141000 5
746807040 3
746496000 33
744017400 3
743178240 3
740880000 14
740710656 5
737587200 2
737280000 3
735138180 1
734832000 41
731566080 16
729000000 5
726062400 2
725760000 55
725594112 1
722534400 4
720300000 1
720135360 8
720000000 9
716800000 3
716636160 6
714420000 24
714256704 1
711244800 18
708588000 7
707788800 2
705600000 22
705438720 21
702464000 3
700131600 9
700000000 1
699840000 32
697019904 1
696729600 30
694575000 1
694416240 4
693633024 2
691488000 9
691200000 26
688905000 5
688128000 2
686000000 2
685843200 43
682795008 1
680683500 1
680400000 40
680244480 6
677376000 37
675126900 4
675000000 1
672126336 2
672000000 8
671846400 21
668860416 1
666792000 25
663828480 6
663552000 18
661500000 10
661348800 23
660602880 2
658560000 9
658409472 2
656100000 8
655360000 3
653456160 1
653184000 79
651015225 1
650280960 6
648270000 2
648121824 1
648000000 16
645388800 2
645120000 35
644972544 1
642978000 20
642252800 1
640120320 11
640000000 5
637729200 2
637009920 3
635040000 45
634894848 1
632217600 12
630000000 11
629856000 36
627200000 7
627056640 15
625117500 2
622339200 16
622080000 54
619315200 12
617400000 10
617258880 20
614400000 5
612360000 48
612220032 2
609638400 69
607614210 1
607500000 3
606928896 1
605052000 2
604800000 42
604661760 14
603979776 1
602112000 10
600112800 24
597445632 2
597196800 21
595350000 18
595213920 10
592704000 35
590490000 9
590069760 1
589824000 6
588110544 2
588000000 5
587865600 66
585252864 2
583443000 6
583200000 38
580608000 84
578680200 11
578027520 2
576240000 2
576108288 3
576000000 12
574087500 2
573440000 7
573308928 1
571536000 73
568995840 13
567106596 1
567000000 18
566870400 16
566231040 1
564480000 51
564350976 3
562605750 3
561971200 1
560105280 13
560000000 4
559872000 57
557383680 11
555660000 26
555532992 3
553190400 6
552960000 33
551250000 1
551124000 31
550502400 3
548800000 8
548674560 37
546750000 1
544546800 4
544320000 106
544195584 4
541900800 30
540225000 1
540101520 6
540000000 5
537824000 1
537600000 19
537477120 13
535815000 7
535692528 1
533433600 48
531441000 3
530841600 9
529200000 39
529079040 36
526848000 9
525098700 1
525000000 1
524880000 35
524288000 2
522764928 1
522547200 65
520812180 2
518616000 14
518400000 40
516678750 1
516096000 30
514500000 2
514382400 68
513802240 1
512096256 5
512000000 4
510300000 35
510183360 4
508243680 1
508032000 114
506250000 1
505774080 2
504094752 1
504000000 34
503884800 45
501760000 13
501645312 4
500094000 27
497871360 7
497664000 59
496125000 4
496011600 16
495452160 4
493920000 33
493807104 11
492075000 4
491724800 2
491520000 5
490092120 1
490000000 1
489888000 117
487710720 26
486202500 5
486000000 24
484041600 3
483840000 86
483729408 1
482233500 11
481689600 6
480200000 3
480090240 25
480000000 5
478296900 1
477757440 16
476280000 55
476171136 5
474163200 24
472588830 1
472500000 4
472392000 29
471859200 1
470400000 25
470292480 40
468730962 1
466754400 18
466560000 77
465010875 1
464486400 50
463050000 4
462944160 21
460992000 7
460800000 35
459270000 30
459165024 1
458752000 2
457228800 110
455196672 2
453600000 81
453496320 13
451584000 49
450084600 14
450000000 2
448084224 1
448000000 7
447897600 56
446512500 3
446410440 4
445906944 3
444528000 55
442552320 4
442368000 25
441000000 13
440899200 67
440401920 2
439040000 6
438939648 8
437582250 1
437400000 23
435637440 7
435456000 152
434010150 3
433520640 10
432180000 6
432081216 8
432000000 31
430080000 26
428652000 66
426746880 27
425250000 8
425152800 14
424673280 6
423360000 94
423263232 9
421478400 7
420078960 9
420000000 12
419904000 75
418037760 35
416745000 19
416649744 6
414892800 15
414720000 78
413343000 19
412876800 14
411600000 14
411505920 44
411041792 1
410062500 1
409600000 7
408410100 2
408240000 127
408146688 1
406425600 103
405076140 6
405000000 3
404619264 2
403368000 5
403200000 62
403107840 24
401861250 1
401408000 7
400075200 52
398580750 1
398297088 4
398131200 33
396900000 36
396809280 25
396361728 1
395136000 52
393660000 26
393379840 2
393216000 4
392073696 1
392000000 9
391910400 150
390609135 1
390168576 5
388962000 18
388800000 81
387233280 5
387072000 94
385875000 4
385786800 37
385351680 2
384160000 4
384072192 10
384000000 13
382725000 7
382637520 2
382205952 1
381182760 1
381024000 187
379330560 12
378157500 1
378000000 40
377913600 45
377487360 2
376320000 41
376233984 10
375070500 9
375000000 1
373403520 13
373248000 128
372008700 6
371589120 25
370440000 48
370355328 10
368793600 5
368640000 25
367500000 3
367416000 116
365783040 74
364568526 1
364500000 10
363031200 7
362880000 188
362797056 6
361267200 38
360067680 25
360000000 18
358400000 14
358318080 16
357210000 48
357128352 2
355622400 84
354375000 1
354294000 16
354041856 2
353894400 18
352800000 62
352719360 52
351232000 8
350065800 6
350000000 1
349920000 109
348509952 1
348364800 137
347287500 3
347208120 15
346816512 2
345744000 16
345600000 74
344452500 5
344207360 2
344064000 21
343000000 2
342921600 134
341397504 8
340341750 1
340200000 98
340122240 17
338688000 136
337563450 3
337500000 1
337182720 4
336140000 2
336063168 7
336000000 26
335923200 101
334807830 2
334430208 7
333396000 67
331914240 17
331776000 77
330750000 7
330674400 59
330301440 7
329280000 26
329204736 14
328050000 12
327680000 2
326728080 5
326592000 244
325140480 48
324135000 3
324060912 4
324000000 36
322694400 6
322560000 104
322486272 8
321489000 42
321126400 8
320060160 51
320000000 4
318864600 1
318504960 13
317520000 165
317447424 19
316108800 40
315059220 4
315000000 9
314928000 83
314572800 3
313600000 15
313528320 78
312558750 2
312487308 1
311169600 42
311040000 159
309786624 1
309657600 76
308700000 16
308629440 54
307328000 7
307200000 21
306180000 100
306110016 1
304819200 224
303750000 4
303464448 6
302526000 7
302400000 138
302330880 38
301989888 2
301181440 1
301056000 34
300056400 55
300000000 2
298722816 11
298598400 76
297675000 6
297606960 9
297271296 1
296352000 93
295245000 6
295034880 3
294912000 31
294122500 1
294055272 1
294000000 20
293932800 184
292626432 27
291721500 15
291600000 90
290424960 2
290304000 244
289340100 8
289013760 13
288120000 11
288054144 13
288000000 31
286978140 2
286720000 16
286654464 4
285887070 1
285768000 192
284497920 46
283553298 2
283500000 27
283435200 36
283115520 2
282357600 1
282240000 143
282175488 20
280985600 5
280052640 18
280000000 8
279936000 164
278691840 60
277830000 42
277766496 10
276595200 24
276480000 93
275625000 4
275562000 63
275251200 11
274400000 9
274337280 113
273375000 4
272273400 11
272160000 256
272097792 5
270950400 122
270112500 2
270050760 26
270000000 14
268912000 5
268800000 42
268738560 45
267907500 17
267846264 3
266716800 133
265720500 7
265531392 1
265420800 39
264600000 75
264539520 85
264241152 1
263424000 48
262500000 2
262440000 78
262144000 1
261382464 3
261273600 285
260406090 3
260112384 10
259308000 33
259200000 130
258155520 1
258048000 102
257250000 4
257191200 142
256901120 2
256048128 23
256000000 12
255150000 50
255091680 8
254803968 1
254121840 2
254016000 267
252887040 25
252047376 4
252000000 62
251942400 106
251658240 1
250880000 34
250822656 20
250047000 34
250000000 1
248935680 30
248832000 200
248005800 25
247726080 19
246960000 66
246903552 21
245862400 8
245760000 28
245046060 8
245000000 4
244944000 265
243855360 110
243101250 1
243045684 4
243000000 31
242020800 7
241920000 256
241864704 8
241116750 7
240844800 32
240100000 3
240045120 70
240000000 6
238878720 39
238140000 114
238085568 10
237081600 105
236250000 3
236196000 40
236027904 1
235929600 12
235298000 1
235200000 44
235146240 140
233377200 28
233280000 192
232243200 176
231525000 8
231472080 35
231211008 1
230496000 27
230400000 74
229635000 45
229376000 12
228614400 264
227598336 10
226894500 1
226800000 143
226748160 46
225792000 173
225042300 11
225000000 5
224788480 2
224042112 11
224000000 23
223948800 145
223256250 4
223205220 9
222953472 9
222264000 152
221433750 1
221276160 16
221184000 85
220500000 20
220449600 162
220200960 2
219520000 28
219469824 42
218791125 1
218700000 49
217818720 9
217728000 409
216760320 52
216090000 11
216040608 14
216000000 70
215040000 85
214990848 9
214375000 1
214326000 96
213373440 125
212625000 7
212576400 16
212336640 17
211768200 3
211680000 201
211631616 18
210739200 29
210039480 11
210000000 13
209952000 204
209018880 136
208372500 13
208324872 5
207446400 53
207360000 220
206671500 14
206438400 62
205885750 1
205800000 28
205752960 136
205520896 1
205031250 1
204800000 8
204205050 2
204120000 247
204073344 3
203297472 1
203212800 251
202538070 7
202500000 12
202309632 2
201684000 7
201600000 179
201553920 79
200930625 1
200704000 22
200037600 123
200000000 1
199148544 8
199065600 146
198450000 44
198404640 43
198180864 3
197568000 111
196830000 42
196689920 3
196608000 16
196036848 1
196000000 11
195955200 368
195084288 16
194481000 16
194400000 145
193616640 6
193536000 292
192937500 1
192893400 48
192675840 13
192080000 5
192036096 32
192000000 26
191362500 6
191318760 6
191102976 11
190591380 1
190512000 316
189665280 51
189000000 56
188956800 77
188743680 3
188238400 3
188160000 103
188116992 41
187535250 4
186701760 44
186624000 307
186004350 3
185794560 59
185220000 77
185177664 25
184396800 21
184320000 109
183784545 1
183750000 2
183708000 185
183500800 4
182891520 174
182284263 2
182250000 10
181515600 10
181440000 425
181398528 13
180708864 1
180633600 117
180075000 1
180033840 49
180000000 22
179830784 1
179200000 37
179159040 74
178605000 48
178564176 5
177811200 210
177187500 1
177147000 13
177020928 7
176947200 60
176400000 97
176359680 148
176160768 1
175616000 33
175032900 23
175000000 1
174960000 203
174254976 6
174182400 392
173643750 1
173604060 10
173408256 7
172872000 50
172800000 179
172226250 1
172032000 64
171532242 1
171500000 3
171460800 275
170698752 29
170170875 1
170100000 108
170061120 30
169869312 2
169414560 1
169344000 344
168781725 1
168591360 14
168070000 3
168031584 8
168000000 43
167961600 226
167403915 2
167215104 22
166698000 111
165957120 47
165888000 233
165375000 12
165337200 72
165150720 22
164708600 1
164640000 68
164602368 58
164025000 7
163840000 7
163364040 8
163296000 558
162570240 147
162067500 6
162030456 9
162000000 76
161347200 7
161280000 275
161243136 20
160744500 29
160563200 17
160030080 133
160000000 8
159468750 1
159432300 4
159252480 54
158826150 1
158760000 265
158723712 30
158054400 131
157529610 6
157500000 20
157464000 137
157351936 1
157286400 7
156800000 37
156764160 279
155584800 61
155520000 366
155003625 1
154893312 3
154828800 161
154350000 26
154314720 109
153664000 12
153600000 44
153125000 1
153090000 108
153055008 3
152409600 431
151875000 2
151732224 11
151263000 9
151200000 238
151165440 84
150590720 1
150528000 95
150028200 68
150000000 2
149361408 17
149299200 275
148837500 13
148803480 21
148635648 16
148176000 212
147622500 2
147517440 13
147456000 75
147061250 1
147027636 2
147000000 22
146966400 394
146800640 3
146313216 59
145860750 3
145800000 98
145212480 22
145152000 599
144670050 8
144506880 39
144060000 17
144027072 37
144000000 70
143489070 1
143360000 32
143327232 18
142884000 297
142248960 145
141776649 2
141750000 21
141717600 55
141557760 13
141178800 1
141120000 270
141087744 51
140492800 20
140026320 33
140000000 13
139968000 353
139345920 207
138915000 46
138883248 20
138297600 56
138240000 239
137781000 74
137625600 38
137200000 21
137168640 264
136136700 8
136080000 488
136048896 17
135531648 1
135475200 350
135025380 16
135000000 12
134873088 2
134456000 7
134400000 129
134369280 132
133953750 5
133358400 232
132860250 2
132765696 15
132710400 150
132300000 118
132269760 124
132120576 5
131712000 106
131274675 1
131250000 4
131220000 92
131072000 10
130691232 8
130636800 645
130203045 2
130056192 49
129654000 35
129600000 225
129077760 4
129024000 273
128625000 4
128595600 164
128450560 2
128024064 51
128000000 9
127575000 37
127545840 11
127401984 5
127008000 535
126443520 51
126023688 4
126000000 81
125971200 215
125829120 2
125440000 68
125411328 62
125023500 42
125000000 1
124467840 68
124416000 442
124002900 19
123863040 74
123531450 1
123480000 120
123451776 51
123018750 1
122931200 15
122880000 56
122523030 3
122500000 2
122472000 434
121927680 313
121522842 1
121500000 43
121010400 12
120960000 515
120932352 27
120558375 3
120422400 70
120050000 2
120022560 123
120000000 12
119439360 118
119070000 162
119042784 21
118540800 236
118125000 3
118098000 56
118013952 1
117964800 45
117649000 2
117600000 97
117573120 339
116688600 36
116640000 360
116169984 6
116121600 490
115762500 7
115736040 51
115605504 4
115248000 41
115200000 166
114817500 27
114791256 1
114688000 41
114307200 542
113799168 45
113447250 1
113400000 246
113374080 62
113246208 1
112943040 6
112896000 365
112521150 19
112500000 7
112394240 5
112021056 18
112000000 36
111974400 368
111602610 3
111476736 39
111132000 217
110638080 47
110592000 240
110250000 27
110224800 239
110100480 10
109760000 43
109734912 102
109350000 50
108909360 10
108864000 879
108380160 158
108045000 17
108020304 18
108000000 91
107564800 3
107520000 161
107495424 26
107163000 107
106686720 193
106312500 10
106288200 24
106168320 48
105884100 1
105840000 376
105815808 47
105369600 70
105043750 1
105019740 17
105000000 19
104976000 320
104857600 1
104509440 366
104186250 7
104162436 6
103723200 105
103680000 455
103335750 9
103262208 3
103219200 173
102900000 33
102876480 220
102400000 25
102060000 281
102036672 7
101648736 1
101606400 628
101269035 2
101250000 6
101154816 10
100842000 10
100800000 271
100776960 167
100352000 59
100018800 156
100000000 4
99574272 28
99532800 336
99225000 56
99202320 54
99090432 11
98825160 2
98784000 215
98415000 25
98344960 3
98304000 38
98018424 3
98000000 19
97977600 746
97542144 79
97240500 27
97200000 231
96808320 22
96768000 644
96446700 48
96337920 26
96040000 18
96018048 62
96000000 52
95681250 3
95659380 4
95551488 22
95256000 598
94832640 141
94517766 1
94500000 77
94478400 170
94371840 7
94119200 2
94080000 201
94058496 88
93767625 1
93350880 79
93312000 644
93002175 2
92897280 237
92610000 68
92588832 45
92198400 45
92160000 209
91875000 1
91854000 233
91750400 12
91445760 441
91125000 12
90757800 15
90720000 706
90699264 24
90316800 274
90037500 1
90016920 64
90000000 28
89915392 1
89600000 75
89579520 246
89302500 52
89282088 5
88905600 396
88573500 14
88510464 12
88473600 118
88236750 2
88200000 147
88179840 300
88080384 2
87808000 61
87516450 17
87500000 1
87480000 249
87127488 7
87091200 935
86802030 6
86704128 32
86436000 61
86400000 266
86051840 5
86016000 150
85750000 3
85730400 428
85349376 69
85050000 123
85030560 43
84934656 11
84707280 2
84672000 690
84295680 28
84035000 2
84015792 16
84000000 63
83980800 444
83886080 1
83607552 81
83349000 106
82978560 87
82944000 490
82687500 3
82668600 80
82575360 55
82354300 1
82320000 88
82301184 91
82012500 11
81920000 20
81682020 6
81648000 986
81285120 346
81033750 5
81015228 8
81000000 87
80673600 16
80640000 480
80621568 59
80372250 15
80281600 34
80015040 229
80000000 12
79716150 1
79626240 119
79380000 304
79361856 35
79027200 231
78764805 3
78750000 6
78732000 162
78675968 2
78643200 14
78400000 69
78382080 604
77792400 83
77760000 653
77446656 9
77414400 464
77175000 28
77157360 144
77070336 6
76832000 28
76800000 105
76545000 120
76527504 4
76236552 1
76204800 897
75937500 1
75866112 29
75631500 8
75600000 352
75582720 171
75497472 1
75264000 211
75014100 55
75000000 4
74680704 44
74649600 577
74418750 4
74401740 18
74317824 30
74088000 297
73811250 4
73758720 31
73728000 170
73513818 2
73500000 21
73483200 568
73400320 7
73156608 142
72930375 2
72900000 138
72606240 24
72576000 1229
72335025 8
72253440 100
72030000 22
72013536 48
72000000 107
71680000 82
71663616 44
71442000 327
71124480 296
70875000 29
70858800 52
70778880 49
70589400 1
70560000 416
70543872 118
70246400 31
70013160 35
70000000 11
69984000 588
69672960 463
69457500 28
69441624 10
69148800 135
69120000 526
68890500 46
68841472 1
68812800 72
68600000 24
68584320 486
68343750 1
68068350 9
68040000 644
68024448 20
67765824 1
67737600 627
67512690 15
67500000 18
67436544 10
67228000 9
67200000 193
67184640 281
66976875 2
66961566 2
66706983 1
66679200 300
66430125 1
66382848 26
66355200 323
66150000 104
66134880 174
66060288 7
65856000 188
65625000 2
65610000 105
65536000 16
65345616 7
65318400 1217
65028096 83
64827000 45
64800000 321
64538880 13
64512000 583
64297800 180
64225280 11
64012032 106
64000000 37
63787500 22
63772920 19
63700992 26
63530460 2
63504000 869
63221760 136
63011844 4
63000000 107
62985600 363
62914560 4
62720000 107
62705664 157
62511750 18
62233920 123
62208000 790
62001450 8
61931520 178
61740000 125
61725888 93
61465600 19
61440000 114
61261515 1
61250000 7
61236000 560
60963840 594
60750000 36
60505200 17
60480000 871
60466176 53
60236288 2
60211200 172
60025000 2
60011280 166
60000000 29
59719680 272
59535000 147
59521392 21
59270400 461
59062500 2
59049000 42
59006976 11
58982400 94
58800000 123
58786560 564
58720256 2
58344300 33
58320000 504
58084992 9
58060800 1095
57881250 2
57868020 45
57802752 28
57624000 58
57600000 244
57408750 13
57395628 2
57344000 71
57177414 1
57153600 803
56899584 88
56700000 261
56687040 109
56623104 2
56471520 4
56448000 670
56260575 1
56250000 3
56197120 19
56010528 42
56000000 53
55987200 754
55738368 93
55566000 220
55319040 82
55296000 504
55125000 14
55112400 274
55050240 29
54880000 58
54867456 195
54675000 25
54454680 17
54432000 1417
54190080 328
54022500 9
54010152 27
54000000 114
53782400 13
53760000 330
53747712 86
53581500 92
53343360 359
53156250 6
53144100 19
53084160 124
52920000 475
52907904 100
52684800 165
52509870 16
52500000 9
52488000 385
52428800 9
52254720 741
52081218 3
51861600 132
51840000 853
51667875 1
51631104 3
51609600 400
51450000 28
51438240 345
51380224 1
51200000 45
51030000 312
51018336 16
50824368 3
50803200 1103
50625000 8
50577408 32
50421000 4
50400000 411
50388480 291
50331648 1
50176000 113
50009400 159
50000000 3
49787136 35
49766400 686
49612500 26
49601160 72
49545216 35
49392000 303
49218750 1
49207500 22
49172480 13
49152000 108
49009212 8
49000000 26
48988800 1096
48771072 148
48620250 12
48600000 283
48404160 28
48384000 1242
48223350 28
48168960 64
48020000 22
48009024 92
48000000 85
47829690 2
47775744 56
47628000 682
47416320 315
47250000 73
47239200 188
47185920 29
47059600 2
47040000 335
47029248 181
46675440 97
46656000 1008
46448640 486
46305000 72
46294416 55
46099200 91
46080000 365
45927000 207
45875200 23
45722880 715
45562500 5
45378900 18
45360000 957
45349632 48
45158400 569
45018750 1
45008460 52
45000000 36
44957696 2
44800000 102
44789760 426
44651250 15
44641044 6
44452800 530
44286750 9
44255232 32
44236800 314
44100000 151
44089920 374
44040192 4
43904000 73
43758225 2
43740000 279
43563744 14
43545600 1634
43401015 3
43352064 78
43218000 83
43200000 429
43025920 7
43008000 321
42875000 3
42865200 466
42674688 142
42525000 77
42515280 40
42467328 16
42353640 7
42336000 1125
42147840 63
42017500 1
42007896 20
42000000 72
41990400 744
41943040 1
41803776 177
41674500 86
41489280 151
41472000 970
41334300 72
41287680 120
41160000 131
41150592 168
41006250 4
40960000 47
40841010 4
40824000 1198
40642560 670
40507614 6
40500000 73
40336800 16
40320000 878
40310784 84
40186125 2
40140800 62
40007520 329
40000000 12
39813120 315
39690000 332
39680928 54
39513600 391
39375000 9
39366000 158
39337984 7
39321600 55
39200000 83
39191040 971
38896200 75
38880000 802
38723328 6
38707200 1020
38587500 9
38578680 147
38535168 16
38416000 41
38400000 172
38272500 61
38263752 4
38118276 1
38102400 1256
37933056 88
37815750 4
37800000 397
37791360 217
37748736 5
37647680 1
37632000 407
37507050 25
37500000 3
37340352 48
37324800 1013
37200870 9
37158912 102
37044000 335
36905625 1
36879360 57
36864000 343
36756909 2
36750000 21
36741600 689
36700160 15
36578304 216
36450000 113
36303120 24
36288000 1832
36126720 241
36015000 16
36006768 60
36000000 132
35840000 142
35831808 92
35721000 298
35562240 491
35437500 22
35429400 60
35389440 105
35294700 1
35280000 556
35271936 184
35123200 66
35006580 25
35000000 13
34992000 801
34836480 923
34728750 14
34720812 10
34574400 132
34560000 756
34445250 24
34420736 1
34406400 214
34300000 27
34292160 640
34034175 1
34020000 696
34012224 35
33882912 4
33868800 1157
33756345 2
33750000 20
33718272 19
33614000 3
33600000 283
33592320 516
33339600 367
33191424 68
33177600 773
33075000 91
33067440 170
33030144 19
32941720 1
32928000 233
32805000 94
32768000 28
32672808 9
32659200 1792
32514048 167
32413500 37
32400000 423
32269440 25
32256000 1017
32148900 115
32112640 29
32006016 151
32000000 39
31893750 2
31886460 13
31850496 63
31765230 1
31752000 1130
31610880 272
31505922 11
31500000 88
31492800 447
31457280 15
31360000 147
31352832 274
31255875 5
31250000 1
31116960 149
31104000 1386
31000725 1
30965760 424
30870000 141
30862944 115
30732800 42
30720000 223
30625000 2
30618000 549
30481920 1019
30375000 29
30252600 17
30240000 1233
30233088 93
30118144 1
30105600 334
30012500 4
30005640 142
30000000 22
29859840 518
29767500 89
29760696 28
29647548 1
29635200 669
29531250 2
29524500 39
29503488 11
29491200 195
29400000 147
29393280 753
29360128 2
29172150 23
29160000 565
29042496 15
29030400 1770
28940625 1
28934010 21
28901376 48
28812000 72
28800000 338
28704375 1
28672000 103
28576800 882
28449792 145
28350000 222
28343520 135
28311552 11
28235760 3
28224000 989
28125000 3
28098560 29
28005264 43
28000000 62
27993600 1122
27869184 230
27783000 201
27659520 108
27648000 856
27562500 7
27556200 225
27525120 63
27440000 63
27433728 297
27337500 11
27227340 16
27216000 1842
27095040 652
27011250 5
27005076 22
27000000 126
26891200 8
26880000 486
26873856 120
26790750 42
26671680 504
26578125 1
26572050 6
26542080 305
26471025 1
26460000 557
26453952 119
26342400 250
26254935 4
26250000 10
26244000 413
26214400 13
26127360 1259
25930800 139
25920000 1072
25815552 6
25804800 733
25725000 24
25719120 351
25690112 3
25600000 78
25515000 254
25509168 10
25412184 3
25401600 1629
25312500 5
25288704 55
25210500 5
25200000 476
25194240 451
25165824 3
25088000 164
25004700 135
25000000 6
24893568 90
24883200 1208
24806250 7
24800580 40
24772608 78
24696000 380
24603750 5
24586240 23
24576000 174
24500000 26
24494400 1420
24385536 287
24300000 260
24202080 39
24192000 1929
24111675 2
24084480 146
24010000 19
24004512 105
24000000 128
23887872 133
23814000 645
23708160 489
23625000 42
23619600 175
23592960 63
23520000 395
23514624 309
23337720 80
23328000 1278
23224320 875
23152500 43
23147208 52
23049600 104
23040000 637
22963500 105
22937600 45
22861440 1103
22781250 1
22689450 8
22680000 1063
22674816 67
22588608 1
22579200 936
22504230 25
22500000 23
22478848 6
22400000 137
22394880 734
22325625 2
22320522 4
22226400 597
22127616 25
22118400 554
22050000 137
22044960 491
22020096 6
21952000 128
21875000 2
21870000 209
21781872 16
21772800 2450
21676032 125
21609000 59
21600000 473
21512960 7
21504000 591
21437500 3
21432600 385
21337344 202
21262500 65
21257640 37
21233664 46
21176820 2
21168000 1361
21073920 126
21008750 2
21003948 13
21000000 81
20995200 903
20971520 6
20901888 365
20837250 34
20744640 202
20736000 1491
20667150 30
20643840 268
20580000 133
20575296 203
20480000 75
20412000 1146
20321280 1226
20253807 1
20250000 72
20168400 20
20160000 1122
20155392 161
20070400 111
20003760 310
20000000 13
19906560 583
19845000 226
19840464 56
19756800 550
19687500 2
19683000 112
19668992 10
19660800 84
19600000 105
19595520 1333
19448100 56
19440000 949
19361664 15
19353600 1648
19293750 4
19289340 91
19267584 20
19208000 44
19200000 234
19136250 24
19131876 2
19059138 1
19051200 1511
18966528 132
18907875 2
18900000 366
18895680 275
18874368 9
18823840 3
18816000 664
18753525 9
18750000 4
18670176 78
18662400 1599
18600435 1
18579456 189
18522000 305
18439680 78
18432000 624
18375000 13
18370800 597
18350080 18
18289152 351
18225000 77
18151560 23
18144000 2424
18063360 474
18007500 11
18003384 63
18000000 150
17920000 186
17915904 213
17860500 163
17781120 648
17718750 7
17714700 38
17694720 230
17647350 2
17640000 574
17635968 261
17561600 92
17503290 22
17500000 11
17496000 909
17418240 1526
17364375 2
17360406 7
17287200 152
17280000 1037
17222625 4
17210368 1
17203200 342
17150000 25
17146080 698
17010000 539
17006112 38
16941456 1
16934400 1586
16875000 12
16859136 33
16807000 7
16800000 307
16796160 725
16777216 1
16669800 299
16595712 58
16588800 1252
16537500 46
16533720 155
16515072 53
16464000 275
16402500 33
16384000 73
16336404 7
16329600 2253
16257024 274
16206750 8
16200000 421
16134720 20
16128000 1510
16074450 57
16056320 32
16003008 207
16000000 47
15946875 1
15943230 7
15925248 105
15882615 1
15876000 1132
15805440 378
15752961 2
15750000 75
15746400 449
15728640 22
15680000 203
15676416 460
15558480 151
15552000 1763
15482880 753
15435000 94
15431472 111
15366400 54
15360000 331
15309000 394
15240960 1477
15187500 14
15126300 19
15120000 1353
15116544 132
15052800 496
15002820 101
15000000 21
14929920 892
14883750 40
14880348 19
14817600 714
14762250 13
14751744 20
14745600 363
14706125 1
14700000 119
14696640 946
14680064 3
14586075 4
14580000 588
14521248 20
14515200 2658
14467005 4
14450688 92
14406000 68
14400000 437
14336000 179
14288400 899
14224896 216
14175000 155
14171760 105
14155776 33
14117880 2
14112000 1286
14062500 1
14049280 47
14002632 32
14000000 50
13996800 1528
13934592 392
13891500 127
13829760 172
13824000 1403
13781250 3
13778100 141
13762560 130
13720000 61
13716864 362
13668750 5
13613670 7
13608000 1954
13547520 969
13502538 12
13500000 107
13445600 13
13440000 691
13436928 247
13395375 6
13335840 560
13286025 1
13271040 530
13230000 385
13226976 144
13171200 360
13125000 11
13122000 359
13107200 33
13063680 1866
12965400 97
12960000 1156
12907776 8
12902400 1182
12862500 10
12859560 293
12845056 8
12800000 101
12757500 133
12754584 12
12700800 2038
12656250 1
12644352 90
12605250 1
12600000 406
12597120 536
12582912 2
12544000 231
12502350 59
12500000 1
12446784 93
12441600 1868
12403125 1
12400290 18
12386304 126
12348000 362
12301875 1
12293120 25
12288000 292
12252303 1
12250000 13
12247200 1369
12192768 445
12150000 185
12101040 32
12096000 2474
12042240 249
12005000 9
12002256 121
12000000 118
11943936 201
11907000 492
11854080 641
11812500 19
11809800 113
11796480 114
11764900 2
11760000 417
11757312 435
11668860 61
11664000 1532
11612160 1537
11576250 16
11573604 28
11524800 115
11520000 883
11481750 48
11468800 100
11430720 1217
11340000 941
11337408 62
11294304 3
11289600 1264
11252115 8
11250000 18
11239424 9
11200000 162
11197440 1052
11160261 3
11113200 505
11063808 58
11059200 991
11025000 89
11022480 397
11010048 23
10976000 154
10935000 133
10890936 15
10886400 3168
10838016 255
10804500 35
10800000 536
10756480 12
10752000 788
10716300 234
10668672 279
10631250 15
10628820 21
10616832 108
10588410 1
10584000 1417
10536960 189
10501974 11
10500000 97
10497600 911
10485760 7
10450944 562
10418625 3
10372320 186
10368000 2009
10333575 3
10321920 471
10290000 107
10287648 202
10240000 100
10206000 990
10160640 1509
10125000 29
10084200 14
10080000 1242
10077696 228
10035200 149
10001880 229
10000000 16
9953280 999
9922500 151
9920232 37
9878400 679
9843750 1
9841500 74
9834496 3
9830400 168
9800000 71
9797760 1571
9724050 27
9720000 946
9680832 25
9676800 2359
9644670 53
9633792 40
9604000 32
9600000 331
9568125 3
9565938 1
9525600 1449
9483264 225
9450000 251
9447840 259
9437184 17
9411920 1
9408000 772
9335088 67
9331200 2145
9289728 336
9261000 221
9219840 92
9216000 985
9187500 6
9185400 433
9175040 38
9144576 557
9112500 28
9075780 17
9072000 2572
9031680 681
9003750 4
9001692 33
9000000 114
8960000 239
8957952 346
8930250 66
8890560 689
8857350 12
8847360 392
8820000 522
8817984 274
8780800 125
8751645 6
8750000 8
8748000 760
8709120 2235
8680203 3
8643600 134
8640000 1292
8605184 4
8601600 578
8575000 12
8573040 590
8505000 348
8503056 32
8467200 2139
8437500 3
8429568 42
8403500 2
8400000 352
8398080 908
8388608 1
8334900 177
8297856 103
8294400 1836
8268750 10
8266860 86
8257536 101
8235430 1
8232000 300
8201250 17
8192000 92
8168202 3
8164800 2349
8128512 433
8103375 4
8100000 331
8067360 16
8064000 1896
8037225 9
8028160 51
8001504 195
8000000 46
7971615 1
7962624 201
7938000 843
7902720 507
7875000 40
7873200 364
7864320 51
7840000 202
7838208 630
7779240 107
7776000 2166
7741440 1192
7717500 53
7715736 92
7683200 55
7680000 458
7654500 234
7620480 1601
7593750 2
7563150 8
7560000 1325
7558272 157
7526400 678
7501410 49
7500000 10
7464960 1362
7441875 6
7440174 7
7408800 654
7375872 25
7372800 601
7350000 81
7348320 888
7340032 7
7290000 394
7260624 24
7257600 3417
7225344 152
7203000 48
7200000 520
7168000 261
7144200 589
7112448 299
7087500 67
7085880 83
7077888 77
7058940 1
7056000 1351
7024640 72
7001316 18
7000000 43
6998400 1586
6967296 573
6945750 51
6914880 148
6912000 1827
6890625 1
6889050 55
6881280 228
6860000 59
6858432 407
6834375 1
6806835 1
6804000 1836
6773760 1382
6751269 5
6750000 73
6722800 8
6720000 795
6718464 312
6667920 446
6635520 892
6615000 295
6613488 113
6585600 385
6562500 4
6561000 221
6553600 49
6531840 2280
6482700 78
6480000 1221
6453888 16
6451200 1683
6431250 2
6429780 162
6422528 8
6400000 97
6378750 46
6377292 8
6353046 2
6350400 1984
6322176 139
6302625 1
6300000 345
6298560 540
6291456 5
6272000 297
6251175 15
6250000 2
6223392 85
6220800 2459
6200145 4
6193152 252
6174000 312
6146560 37
6144000 456
6125000 10
6123600 1017
6096384 652
6075000 115
6050520 17
6048000 2736
6021120 340
6002500 4
6001128 86
6000000 98
5971968 362
5953500 248
5927040 717
5906250 2
5904900 72
5898240 239
5882450 2
5880000 422
5878656 493
5834430 19
5832000 1397
5806080 2166
5788125 3
5786802 17
5762400 115
5760000 1034
5740875 4
5734400 171
5715360 1125
5670000 727
5668704 72
5647152 2
5644800 1647
5625000 11
5619712 11
5600000 160
5598720 1395
5556600 378
5531904 62
5529600 1525
5512500 45
5511240 309
5505024 34
5488000 152
5467500 77
5445468 12
5443200 3097
5419008 395
5402250 15
5400000 481
5378240 8
5376000 1033
5358150 99
5334336 306
5315625 1
5314410 11
5308416 159
5292000 1208
5268480 230
5250987 4
5250000 53
5248800 805
5242880 18
5225472 798
5186160 158
5184000 2424
5160960 711
5145000 66
5143824 199
5120000 151
5103000 578
5080320 1919
5062500 11
5042100 9
5040000 1189
5038848 263
5017600 220
5000940 171
5000000 9
4976640 1401
4961250 53
4960116 24
4939200 642
4920750 12
4917248 10
4915200 266
4900000 70
4898880 1570
4862025 10
4860000 768
4840416 18
4838400 3077
4822335 15
4816896 72
4802000 18
4800000 293
4762800 1128
4741632 278
4725000 150
4723920 223
4718592 31
4705960 3
4704000 848
4667544 41
4665600 2305
4644864 538
4630500 127
4609920 121
4608000 1204
4593750 4
4592700 234
4587520 49
4572288 586
4556250 9
4537890 6
4536000 2390
4515840 935
4500846 16
4500000 112
4480000 285
4478976 433
4465125 11
4445280 628
4428675 4
4423680 639
4410000 357
4408992 277
4390400 140
4375000 4
4374000 593
4354560 2639
4321800 97
4320000 1340
4302592 1
4300800 754
4287500 4
4286520 452
4252500 192
4251528 19
4235364 4
4233600 2158
4218750 1
4214784 58
4201750 2
4200000 296
4199040 960
4194304 2
4167450 90
4148928 85
4147200 2437
4134375 2
4133430 33
4128768 130
4116000 269
4100625 2
4096000 130
4084101 6
4082400 1999
4064256 643
4050000 225
4033680 19
4032000 2091
4014080 101
4000752 181
4000000 48
3981312 313
3969000 498
3951360 584
3937500 12
3936600 246
3932160 89
3920000 171
3919104 768
3889620 55
3888000 2042
3870720 1629
3858750 13
3857868 47
3841600 42
3840000 596
3827250 51
3810240 1672
3781575 1
3780000 1012
3779136 155
3763200 896
3750705 5
3750000 9
3732480 1758
3704400 493
3687936 40
3686400 845
3675000 54
3674160 702
3670016 9
3645000 218
3630312 12
3628800 3630
3612672 235
3601500 26
3600000 456
3584000 356
3572100 290
3556224 331
3543750 16
3542940 45
3538944 127
3529470 2
3528000 1181
3512320 68
3500658 16
3500000 36
3499200 1532
3483648 771
3472875 6
3457440 143
3456000 2096
3444525 6
3440640 333
3430000 31
3429216 386
3402000 1228
3386880 1615
3375000 40
3361400 5
3360000 816
3359232 392
3333960 311
3317760 1206
3307500 121
3306744 87
3292800 413
3281250 1
3280500 107
3276800 79
3265920 2370
3241350 20
3240000 1078
3226944 10
3225600 2059
3214890 59
3211264 19
3200000 110
3189375 11
3188646 4
3176523 1
3175200 1706
3161088 177
3150000 248
3149280 473
3145728 14
3136000 295
3125000 1
3111696 69
3110400 2723
3096576 368
3087000 200
3073280 40
3072000 552
3062500 4
3061800 639
3048192 728
3037500 37
3025260 10
3024000 2624
3010560 427
3001250 2
3000564 41
3000000 76
2985984 522
2976750 95
2963520 705
2953125 2
2952450 25
2949120 363
2940000 338
2939328 478
2917215 6
2916000 1173
2903040 2659
2893401 4
2881200 79
2880000 1129
2867200 200
2857680 879
2835000 397
2834352 42
2823576 2
2822400 1696
2812500 2
2809856 20
2800000 124
2799360 1470
2778300 180
2765952 76
2764800 1946
2756250 18
2755620 168
2752512 49
2744000 104
2733750 23
2722734 2
2721600 2997
2709504 531
2701125 2
2700000 333
2689120 9
2688000 1150
2679075 19
2667168 265
2657205 1
2654208 269
2646000 909
2634240 259
2625000 32
2624400 523
2621440 19
2612736 898
2593080 94
2592000 2418
2580480 1131
2572500 30
2571912 144
2560000 184
2551500 281
2540160 1822
2531250 2
2521050 4
2520000 1004
2519424 258
2508800 256
2500470 72
2500000 4
2488320 1872
2480625 7
2480058 9
2469600 484
2460375 3
2458624 19
2457600 415
2450000 42
2449440 1331
2430000 470
2420208 17
2419200 3354
2408448 103
2401000 14
2400000 315
2381400 707
2370816 314
2362500 70
2361960 136
2359296 45
2352000 705
2333772 23
2332800 2289
2322432 698
2315250 42
2304960 94
2304000 1478
2296875 1
2296350 89
2293760 77
2286144 616
2278125 3
2268000 1888
2257920 1116
2250423 4
2250000 59
2240000 282
2239488 557
2222640 463
2211840 895
2205000 203
2204496 221
2195200 156
2187500 1
2187000 298
2177280 2868
2160900 52
2160000 1205
2151296 3
2150400 943
2143750 1
2143260 199
2126250 63
2125764 11
2117682 1
2116800 1930
2107392 97
2100000 201
2099520 962
2097152 4
2083725 10
2074464 81
2073600 2757
2066715 11
2064384 225
2058000 173
2048000 153
2041200 1375
2032128 728
2025000 109
2016840 9
2016000 2197
2007040 128
2000376 121
2000000 40
1990656 454
1984500 260
1975680 542
1968750 2
1968300 106
1966080 125
1960000 147
1959552 749
1944810 35
1944000 1748
1935360 2122
1929375 2
1928934 26
1920800 35
1920000 564
1913625 11
1905120 1360
1890000 612
1889568 114
1881600 904
1875000 5
1866240 1901
1852200 324
1843968 43
1843200 1199
1837500 21
1837080 417
1835008 12
1822500 91
1815156 9
1814400 3534
1806336 306
1800750 8
1800000 317
1792000 372
1786050 110
1778112 316
1771875 1
1771470 15
1769472 159
1764000 911
1756160 101
1750329 2
1750000 26
1749600 1163
1741824 957
1728720 125
1728000 2234
1720320 432
1715000 27
1714608 260
1701000 705
1693440 1693
1687500 6
1680000 684
1679616 454
1666980 177
1658880 1604
1653750 46
1653372 48
1647086 1
1646400 339
1640250 36
1638400 94
1632960 2114
1620675 5
1620000 764
1613472 15
1612800 2360
1607445 16
1605632 22
1600000 122
1587600 1110
1580544 195
1575000 114
1574640 363
1572864 23
1568000 277
1555848 44
1555200 2759
1548288 484
1543500 77
1536640 42
1536000 698
1531250 2
1530900 288
1524096 664
1518750 12
1512630 11
1512000 2138
1505280 527
1500625 1
1500282 17
1500000 65
1492992 597
1488375 6
1481760 538
1476225 2
1474560 507
1470000 185
1469664 410
1458000 698
1451520 2855
1440600 56
1440000 958
1433600 244
1428840 511
1417500 173
1417176 32
1411788 1
1411200 1540
1406250 2
1404928 32
1400000 114
1399680 1406
1389150 70
1382976 64
1382400 2260
1378125 2
1377810 53
1376256 90
1372000 100
1366875 5
1361367 2
1360800 2293
1354752 563
1350000 206
1344560 8
1344000 1213
1333584 182
1327104 370
1323000 453
1317120 278
1312500 7
1312200 320
1310720 36
1306368 960
1296540 63
1296000 2087
1290240 1332
1286250 8
1285956 79
1280000 197
1275750 86
1270080 1642
1260525 2
1260000 703
1259712 247
1254400 274
1250235 8
1250000 5
1244160 1974
1240029 1
1234800 367
1229312 8
1228800 472
1225000 18
1224720 961
1215000 233
1210104 11
1209600 3285
1204224 126
1200500 8
1200000 258
1190700 292
1185408 270
1181250 18
1180980 68
1179648 93
1176000 590
1166886 12
1166400 1818
1161216 857
1157625 7
1152480 87
1152000 1504
1148175 12
1146880 101
1143072 480
1134000 1219
1128960 1203
1125000 23
1120000 261
1119744 594
1111320 290
1105920 1184
1102500 97
1102248 114
1097600 123
1093500 120
1088640 2694
1080450 13
1080000 874
1075648 3
1075200 1190
1071630 91
1063125 6
1062882 5
1058400 1442
1053696 111
1050000 111
1049760 696
1048576 6
1037232 58
1036800 2819
1032192 272
1029000 112
1024000 185
1020600 763
1016064 704
1012500 53
1008420 9
1008000 1847
1003520 132
1000188 66
1000000 28
995328 542
992250 88
987840 456
984150 39
983040 191
980000 106
979776 678
972405 2
972000 1211
967680 2338
964467 4
960400 29
960000 541
952560 901
945000 342
944784 90
940800 868
937500 2
933120 1868
926100 157
921984 33
921600 1325
918750 5
918540 194
917504 17
911250 19
907578 1
907200 2870
903168 291
900375 3
900000 240
896000 362
893025 16
889056 250
885735 5
884736 246
882000 574
878080 90
875000 15
874800 726
870912 1077
864360 71
864000 2023
860160 544
857500 3
857304 168
850500 284
846720 1584
843750 4
840350 2
840000 502
839808 388
833490 52
829440 1835
826875 9
826686 15
823543 1
823200 251
820125 2
819200 122
816480 1563
810000 414
806736 11
806400 2339
802816 37
800000 99
793800 621
790272 167
787500 47
787320 188
786432 36
784000 242
777924 14
777600 2387
774144 642
771750 33
768320 24
768000 761
765450 103
762048 595
759375 3
756315 2
756000 1483
752640 550
750141 3
750000 29
746496 669
740880 405
737280 612
735000 112
734832 287
729000 346
725760 2759
720300 26
720000 787
716800 309
714420 239
708750 39
708588 20
705600 1219
702464 22
700000 60
699840 1128
694575 14
691488 51
691200 2327
688905 7
688128 112
686000 59
680400 1451
677376 590
675000 96
672280 2
672000 1013
666792 103
663552 464
661500 195
658560 266
656250 4
656100 140
655360 40
653184 855
648270 21
648000 1542
645120 1364
642978 21
640000 177
637875 15
635040 1203
630000 390
629856 190
627200 259
625000 5
622080 2042
617400 199
614656 7
614400 554
612500 5
612360 558
607500 75
605052 5
604800 2811
602112 140
600250 5
600000 149
595350 108
592704 230
590625 2
590490 23
589824 117
588000 438
583443 2
583200 1249
580608 977
576240 39
576000 1376
573440 151
571536 274
567000 607
564480 1054
562500 10
560000 211
559872 558
555660 137
552960 1342
551250 33
551124 58
548800 121
546750 51
544320 2087
540225 3
540000 632
537824 3
537600 1137
535815 17
531441 1
529200 884
526848 91
525000 56
524880 435
524288 5
518616 35
518400 2450
516096 384
514500 47
512000 174
510300 350
508032 626
506250 6
504210 3
504000 1323
501760 159
500094 18
500000 12
497664 619
496125 8
493920 333
492075 7
491520 226
490000 59
489888 477
486000 704
483840 2283
480200 11
480000 399
476280 527
472500 133
472392 64
470400 736
468750 1
466560 1562
463050 61
460992 38
460800 1457
459375 2
459270 57
458752 32
455625 3
453600 1937
451584 324
450000 135
448000 309
444528 124
442368 292
441000 306
439040 70
437500 2
437400 363
435456 915
432180 35
432000 1634
430080 622
428750 2
428652 88
425250 88
423360 1227
421875 2
420175 1
420000 305
419904 319
416745 8
414720 1891
413343 3
411600 161
409600 130
408240 914
405000 197
403368 5
403200 1970
401408 26
400000 76
396900 285
395136 165
393750 12
393660 78
393216 47
392000 193
388962 11
388800 1789
387072 703
385875 6
384160 19
384000 730
382725 9
381024 460
378000 879
376320 525
375000 14
373248 659
370440 191
368640 688
367500 26
367416 144
364500 154
362880 2286
360150 7
360000 586
358400 289
357210 93
354375 6
354294 4
352800 808
351232 18
350000 33
349920 771
345744 33
345600 2091
344064 144
343000 31
340200 726
338688 510
337500 26
336140 1
336000 774
333396 48
331776 512
330750 43
329280 188
328050 43
327680 46
326592 696
324135 5
324000 995
322560 1390
321489 4
320000 163
317520 789
315000 194
314928 114
313600 239
312500 1
311040 1759
308700 97
307328 9
307200 559
306250 6
306180 205
303750 22
302526 5
302400 1980
301056 160
300000 103
297675 21
296352 165
295245 1
294912 147
294000 236
291600 715
290304 896
288120 33
288000 1138
286720 139
285768 183
283500 229
282240 918
281250 2
280000 143
279936 487
277830 41
276480 1299
275625 1
275562 25
274400 79
273375 6
272160 1418
270000 341
268912 1
268800 1035
264600 407
263424 71
262500 22
262440 219
262144 5
259308 16
259200 1983
258048 376
257250 13
256000 194
255150 81
254016 481
253125 1
252000 860
250880 128
250047 4
250000 12
248832 589
246960 180
245760 249
245000 27
244944 302
243000 323
241920 1951
240100 6
240000 326
238140 208
236250 34
236196 16
235200 490
233280 1152
231525 5
230496 19
230400 1276
229635 15
229376 25
226800 1134
225792 376
225000 41
224000 250
222264 99
221184 320
220500 121
219520 56
218750 1
218700 128
217728 805
216090 10
216000 1086
215040 586
214375 1
214326 30
212625 12
211680 797
210000 149
209952 201
207360 1644
205800 74
204800 114
204120 460
202500 63
201684 2
201600 1525
200704 36
200000 46
198450 93
197568 166
196875 3
196830 19
196608 61
196000 80
194481 1
194400 1114
193536 662
192080 15
192000 638
190512 265
189000 394
188160 435
187500 4
186624 514
185220 78
184320 745
183750 10
183708 58
182250 33
181440 1702
180075 1
180000 321
179200 277
178605 16
177147 2
176400 469
175616 28
175000 11
174960 438
172872 18
172800 1663
172032 147
171500 10
170100 253
169344 412
168750 7
168000 559
166698 19
165888 500
165375 11
164640 117
164025 12
163840 61
163296 452
162000 543
161280 1217
160000 130
158760 361
157500 74
157464 45
156800 186
155520 1354
154350 29
153664 8
153600 536
153090 58
151200 1256
150528 159
150000 45
148176 96
147456 161
147000 115
145800 358
145152 801
144060 19
144000 795
143360 137
142884 80
141750 55
141120 645
140625 1
140000 84
139968 341
138915 5
138240 1237
137200 45
136080 871
135000 137
134456 2
134400 771
132300 184
131712 75
131250 4
131220 81
131072 14
129654 7
129600 1313
129024 359
128625 4
128000 156
127575 19
127008 319
126000 473
125440 129
125000 1
124416 622
123480 104
122880 276
122500 12
122472 154
121500 101
120960 1518
120050 1
120000 234
119070 56
118125 8
118098 4
117600 327
116640 756
115248 15
115200 1090
114688 40
113400 544
112896 274
112500 10
112000 194
111132 33
110592 336
110250 21
109760 53
109350 40
108864 562
108045 4
108000 657
107520 563
107163 3
105840 459
105000 86
104976 125
103680 1381
102900 33
102400 124
102060 201
101250 12
100842 2
100800 1021
100352 36
100000 23
99225 10
98784 82
98415 1
98304 57
98000 46
97200 621
96768 585
96040 7
96000 447
95256 125
94500 155
94080 360
93312 432
92610 28
92160 681
91875 3
91854 19
91125 8
90720 1124
90000 201
89600 224
88200 234
87808 21
87500 5
87480 201
86436 7
86400 1242
86016 161
85750 5
85050 62
84672 312
84375 1
84035 1
84000 319
83349 2
82944 517
82320 75
81920 70
81648 237
81000 246
80640 922
80000 75
79380 133
78750 14
78732 20
78400 106
77760 914
77175 6
76832 5
76800 499
76545 14
75600 661
75264 135
75000 22
74088 51
73728 166
73500 34
72900 112
72576 595
72030 1
72000 565
71680 114
71442 19
70875 5
70560 386
70000 46
69984 187
69120 1043
68600 14
68040 399
67500 47
67200 562
66150 52
65856 42
65610 18
65536 9
64827 1
64800 806
64512 329
64000 122
63504 178
63000 203
62720 82
62208 446
61740 39
61440 269
61250 1
61236 57
60750 23
60480 946
60000 118
59535 7
59049 3
58800 174
58320 347
57624 6
57600 788
57344 32
56700 178
56448 217
56250 2
56000 109
55566 11
55296 292
55125 9
54880 26
54675 6
54432 352
54000 342
53760 455
52920 210
52500 19
52488 62
51840 1005
51450 8
51200 129
51030 62
50625 4
50400 625
50176 23
50000 15
49392 43
49152 66
49000 23
48600 268
48384 473
48020 2
48000 312
47628 68
47250 34
47040 234
46656 248
46305 3
46080 632
45927 5
45360 560
45000 56
44800 154
44100 84
43904 12
43740 63
43218 2
43200 788
43008 119
42525 12
42336 174
42000 161
41472 397
41160 42
40960 53
40824 123
40500 82
40320 687
40000 38
39690 43
39375 2
39366 5
39200 66
38880 558
38416 3
38400 387
37800 272
37632 107
37500 3
37044 15
36864 183
36750 15
36450 30
36288 388
36015 2
36000 303
35840 108
35721 8
35280 215
35000 16
34992 105
34560 798
34300 5
34020 132
33750 11
33600 334
33075 15
32928 17
32805 4
32768 14
32400 381
32256 269
32000 79
31752 83
31500 58
31360 58
31104 337
30870 10
30720 262
30618 21
30375 4
30240 594
30000 56
29400 69
29160 153
28812 3
28800 588
28672 28
28350 58
28224 126
28125 1
28000 55
27783 3
27648 276
27440 10
27216 184
27000 117
26880 305
26460 59
26250 8
26244 15
25920 612
25725 2
25600 90
25515 4
25200 313
25088 18
25000 2
24696 23
24576 62
24500 9
24300 88
24192 325
24010 2
24000 200
23814 18
23625 4
23520 114
23328 148
23040 430
22680 257
22500 24
22400 118
22050 19
21952 11
21870 24
21609 1
21600 422
21504 106
21168 109
21000 50
20736 297
20580 13
20480 49
20412 44
20250 17
20160 434
20000 33
19845 6
19683 2
19600 19
19440 262
19200 288
18900 93
18816 77
18522 10
18432 138
18375 1
18225 3
18144 255
18000 153
17920 95
17640 102
17500 7
17496 55
17280 515
17150 3
17010 35
16875 5
16800 166
16464 21
16384 9
16200 145
16128 212
16000 50
15876 35
15750 19
15680 38
15552 193
15435 2
15360 179
15309 4
15120 272
15000 18
14700 33
14580 44
14400 321
14336 31
14175 4
14112 80
14000 34
13824 211
13720 11
13608 75
13500 33
13440 230
13230 25
13122 7
12960 320
12800 69
12600 117
12544 14
12500 2
12348 7
12288 44
12250 1
12150 20
12096 192
12000 90
11907 3
11760 57
11664 86
11520 307
11340 76
11250 11
11200 66
11025 1
10976 9
10935 2
10800 195
10752 73
10584 39
10500 17
10368 195
10290 5
10240 33
10206 8
10125 1
10080 220
10000 9
9800 13
9720 114
9604 2
9600 167
9450 20
9408 37
9261 1
9216 107
9072 130
9000 53
8960 68
8820 28
8750 2
8748 17
8640 303
8505 3
8400 86
8232 4
8192 12
8100 53
8064 129
8000 28
7938 6
7875 5
7840 21
7776 121
7680 134
7560 114
7500 11
7350 7
7290 12
7200 168
7168 18
7056 32
7000 18
6912 156
6860 2
6804 35
6750 4
6720 121
6615 1
6480 149
6400 37
6300 39
6272 11
6174 2
6144 39
6075 2
6048 126
6000 49
5880 29
5832 23
5760 207
5670 17
5600 23
5488 1
5400 92
5376 58
5292 17
5250 9
5184 113
5120 39
5103 1
5040 97
5000 2
4900 3
4860 35
4800 92
4725 3
4704 24
4608 76
4536 47
4500 13
4480 34
4410 8
4374 7
4320 157
4200 44
4116 4
4096 7
4050 11
4032 70
4000 17
3920 11
3888 49
3840 87
3780 34
3750 2
3675 1
3645 1
3600 79
3584 15
3528 18
3500 2
3456 92
3430 1
3402 8
3375 1
3360 48
3240 62
3200 25
3150 12
3136 5
3072 28
3024 50
3000 13
2940 7
2916 11
2880 130
2835 3
2800 14
2744 2
2700 17
2688 33
2646 4
2592 62
2560 22
2520 36
2500 2
2430 5
2400 48
2352 7
2304 62
2268 16
2250 2
2240 18
2160 53
2100 9
2048 7
2016 37
2000 5
1944 22
1920 48
1890 8
1800 30
1792 9
1764 6
1728 55
1680 21
1620 18
1600 11
1568 2
1536 19
1512 22
1500 2
1470 2
1458 1
1440 63
1400 5
1350 6
1344 16
1296 23
1280 15
1260 16
1215 1
1200 20
1176 1
1152 37
1134 1
1125 1
1120 6
1080 33
1050 4
1024 4
1008 22
980 1
972 6
960 29
900 10
896 7
882 1
864 25
840 15
810 5
800 4
784 3
768 17
756 6
720 25
672 7
648 13
640 8
630 3
600 5
588 2
576 15
567 1
560 7
540 9
512 2
504 4
480 9
448 2
432 20
420 1
400 5
384 8
378 1
360 7
350 1
336 2
324 5
320 8
300 2
288 9
280 2
270 1
256 1
252 3
240 7
216 4
210 1
200 2
192 4
189 1
180 3
168 1
160 2
128 1
120 1
108 1
98 1
96 1
90 1
80 1
72 1
48 1
40 1
