3043 1
3033 1
3032 2
3027 2
3025 1
3021 3
3020 2
3019 2
3018 1
3017 1
3014 1
3013 2
3010 1
3009 1
3008 2
3007 2
3006 2
3005 2
3004 5
3003 2
3002 4
3001 3
3000 4
2999 6
2998 5
2997 4
2996 3
2995 7
2994 5
2993 4
2992 5
2991 7
2990 5
2989 9
2988 3
2987 5
2986 9
2985 10
2984 10
2983 9
2982 9
2981 13
2980 10
2979 10
2978 10
2977 10
2976 8
2975 7
2974 14
2973 14
2972 16
2971 14
2970 19
2969 18
2968 19
2967 29
2966 20
2965 29
2964 29
2963 27
2962 35
2961 26
2960 28
2959 40
2958 38
2957 35
2956 29
2955 47
2954 36
2953 45
2952 48
2951 44
2950 33
2949 54
2948 45
2947 55
2946 67
2945 59
2944 66
2943 49
2942 93
2941 69
2940 86
2939 97
2938 76
2937 108
2936 92
2935 86
2934 104
2933 118
2932 111
2931 96
2930 119
2929 121
2928 160
2927 128
2926 145
2925 142
2924 165
2923 166
2922 166
2921 175
2920 190
2919 205
2918 224
2917 216
2916 231
2915 243
2914 236
2913 237
2912 257
2911 299
2910 276
2909 279
2908 280
2907 327
2906 315
2905 333
2904 351
2903 341
2902 363
2901 424
2900 398
2899 434
2898 434
2897 479
2896 484
2895 451
2894 519
2893 586
2892 557
2891 546
2890 576
2889 599
2888 620
2887 678
2886 653
2885 676
2884 691
2883 744
2882 746
2881 806
2880 820
2879 865
2878 881
2877 874
2876 902
2875 933
2874 1021
2873 1008
2872 1036
2871 997
2870 1090
2869 1134
2868 1190
2867 1161
2866 1263
2865 1288
2864 1238
2863 1344
2862 1337
2861 1389
2860 1467
2859 1428
2858 1442
2857 1540
2856 1594
2855 1611
2854 1670
2853 1683
2852 1727
2851 1827
2850 1747
2849 1933
2848 2021
2847 2100
2846 2017
2845 2141
2844 2147
2843 2155
2842 2206
2841 2279
2840 2352
2839 2382
2838 2428
2837 2485
2836 2563
2835 2587
2834 2637
2833 2672
2832 2834
2831 2749
2830 2826
2829 2981
2828 2978
2827 3050
2826 3137
2825 3171
2824 3169
2823 3154
2822 3376
2821 3281
2820 3478
2819 3515
2818 3511
2817 3523
2816 3631
2815 3750
2814 3823
2813 3900
2812 3977
2811 3979
2810 4052
2809 3957
2808 4172
2807 4227
2806 4255
2805 4188
2804 4260
2803 4491
2802 4475
2801 4653
2800 4535
2799 4727
2798 4590
2797 4781
2796 4808
2795 4826
2794 5003
2793 4942
2792 4983
2791 5065
2790 5096
2789 5101
2788 5288
2787 5207
2786 5299
2785 5315
2784 5441
2783 5477
2782 5468
2781 5503
2780 5562
2779 5548
2778 5605
2777 5543
2776 5807
2775 5797
2774 5883
2773 5817
2772 5964
2771 5759
2770 5776
2769 5975
2768 5915
2767 5929
2766 5951
2765 6068
2764 6122
2763 6181
2762 6087
2761 6204
2760 6034
2759 6109
2758 6154
2757 6158
2756 6332
2755 6046
2754 6202
2753 6193
2752 6125
2751 6274
2750 6153
2749 6297
2748 6315
2747 6189
2746 6278
2745 6190
2744 6147
2743 6115
2742 6095
2741 6170
2740 5944
2739 6156
2738 6126
2737 6003
2736 6060
2735 6038
2734 6103
2733 5929
2732 6053
2731 5894
2730 5876
2729 5792
2728 5841
2727 5927
2726 5768
2725 5889
2724 5738
2723 5677
2722 5561
2721 5514
2720 5614
2719 5584
2718 5405
2717 5461
2716 5480
2715 5241
2714 5355
2713 5095
2712 5244
2711 5300
2710 5132
2709 5042
2708 5004
2707 4905
2706 4865
2705 4894
2704 4840
2703 4710
2702 4766
2701 4651
2700 4749
2699 4591
2698 4467
2697 4333
2696 4283
2695 4216
2694 4228
2693 4301
2692 4141
2691 4080
2690 4005
2689 3891
2688 3882
2687 3873
2686 3646
2685 3693
2684 3780
2683 3493
2682 3528
2681 3570
2680 3318
2679 3371
2678 3283
2677 3260
2676 3145
2675 3235
2674 3181
2673 2991
2672 2988
2671 2814
2670 2910
2669 2819
2668 2707
2667 2741
2666 2588
2665 2647
2664 2564
2663 2489
2662 2526
2661 2332
2660 2389
2659 2248
2658 2211
2657 2163
2656 2134
2655 2077
2654 1965
2653 1998
2652 1911
2651 1921
2650 1891
2649 1834
2648 1730
2647 1755
2646 1651
2645 1697
2644 1549
2643 1584
2642 1508
2641 1448
2640 1464
2639 1409
2638 1332
2637 1374
2636 1320
2635 1263
2634 1204
2633 1164
2632 1133
2631 1108
2630 1025
2629 1077
2628 1013
2627 961
2626 912
2625 929
2624 912
2623 839
2622 866
2621 827
2620 805
2619 788
2618 779
2617 731
2616 738
2615 641
2614 668
2613 658
2612 602
2611 638
2610 594
2609 556
2608 551
2607 484
2606 541
2605 499
2604 501
2603 441
2602 443
2601 445
2600 420
2599 398
2598 360
2597 372
2596 369
2595 330
2594 330
2593 316
2592 313
2591 297
2590 276
2589 257
2588 270
2587 253
2586 248
2585 206
2584 212
2583 235
2582 200
2581 198
2580 167
2579 213
2578 176
2577 159
2576 146
2575 161
2574 158
2573 156
2572 160
2571 135
2570 132
2569 127
2568 134
2567 107
2566 103
2565 87
2564 92
2563 91
2562 70
2561 74
2560 75
2559 70
2558 76
2557 66
2556 58
2555 46
2554 59
2553 70
2552 40
2551 37
2550 53
2549 39
2548 41
2547 37
2546 36
2545 36
2544 35
2543 37
2542 32
2541 28
2540 41
2539 38
2538 26
2537 24
2536 19
2535 23
2534 21
2533 18
2532 9
2531 18
2530 18
2529 12
2528 17
2527 17
2526 11
2525 11
2524 16
2523 13
2522 9
2521 9
2520 15
2519 7
2518 9
2517 3
2516 6
2515 9
2514 8
2513 7
2512 13
2511 1
2510 5
2509 1
2508 5
2507 8
2506 3
2505 4
2504 2
2503 2
2502 4
2501 5
2500 1
2499 4
2498 1
2497 7
2496 3
2495 1
2494 4
2493 2
2492 4
2491 3
2490 1
2487 1
2486 2
2485 1
2483 2
2482 1
2481 1
2478 2
2477 1
2476 1
2472 2
2470 1
2467 2
2466 1
2465 2
2464 1
2458 1
2451 1
2446 1
2443 1
