4723920000 1
4199040000 1
3674160000 1
3628800000 1
3456000000 1
3359232000 1
3306744000 3
3240000000 1
3225600000 1
3061800000 1
3024000000 1
3013270470 1
2985984000 1
2939328000 1
2916000000 1
2903040000 1
2834352000 1
2822400000 1
2799360000 4
2645395200 1
2624400000 1
2612736000 4
2592000000 1
2580480000 2
2560000000 1
2540160000 1
2508800000 2
2500470000 1
2488320000 2
2480058000 1
2449440000 2
2351462400 1
2332800000 7
2304000000 1
2296350000 2
2286144000 2
2268000000 3
2267481600 1
2257920000 2
2250423000 1
2239488000 1
2232052200 1
2211840000 1
2204496000 2
2187000000 2
2177280000 4
2160000000 1
2143260000 1
2125764000 1
2116800000 1
2099520000 2
2073600000 2
2066715000 1
2057529600 1
2048000000 1
2041200000 3
2040733440 1
2032128000 2
2016000000 2
2015539200 1
2000376000 2
1990656000 1
1984500000 2
1984046400 4
1975680000 1
1968300000 1
1959552000 6
1944810000 1
1944000000 2
1935360000 3
1928934000 2
1905120000 4
1889568000 3
1887436800 1
1881600000 1
1866240000 4
1857945600 2
1852200000 2
1851776640 1
1843200000 1
1837080000 4
1814400000 8
1806336000 2
1800338400 2
1792000000 3
1791590400 3
1786050000 1
1785641760 2
1769472000 1
1764000000 1
1763596800 3
1750329000 1
1749600000 3
1741824000 9
1736040600 1
1728000000 2
1720320000 1
1714608000 7
1701000000 3
1700611200 1
1693440000 4
1680000000 1
1679616000 8
1672151040 1
1666980000 1
1658880000 5
1653372000 1
1640250000 1
1638400000 2
1632960000 9
1625702400 3
1620304560 1
1620000000 2
1612800000 6
1607445000 1
1600300800 1
1594323000 1
1587600000 1
1587237120 1
1580544000 3
1574640000 6
1568000000 2
1567641600 5
1562436540 1
1555200000 5
1548288000 2
1543500000 1
1543147200 2
1536000000 1
1530900000 3
1530550080 1
1524096000 4
1512000000 7
1511654400 2
1505280000 2
1500282000 1
1492992000 4
1488034800 1
1486356480 2
1481760000 3
1474560000 1
1469664000 10
1458000000 2
1451520000 13
1440270720 2
1440000000 2
1433600000 1
1428840000 7
1417176000 2
1411200000 7
1410877440 3
1400263200 1
1400000000 1
1399680000 9
1393459200 5
1388832480 1
1382976000 1
1382400000 1
1377810000 3
1371686400 14
1361367000 1
1360800000 9
1360488960 1
1354752000 5
1350253800 2
1344000000 3
1343692800 5
1333584000 6
1323000000 2
1322697600 11
1317120000 1
1312200000 2
1306368000 17
1302030450 1
1296540000 2
1296000000 2
1290240000 3
1285956000 8
1275750000 1
1270080000 15
1264435200 1
1260236880 1
1260000000 5
1259712000 9
1254400000 3
1254113280 6
1250235000 2
1244678400 4
1244160000 9
1240029000 4
1238630400 4
1234800000 2
1234517760 4
1229312000 1
1228800000 3
1225230300 1
1224720000 19
1219276800 10
1215228420 1
1215000000 1
1210104000 1
1209600000 13
1209323520 1
1200225600 6
1200000000 1
1194393600 2
1190700000 6
1190427840 1
1185408000 5
1180980000 2
1176000000 4
1175731200 18
1166886000 4
1166400000 9
1161216000 8
1157360400 1
1152216576 2
1152000000 5
1148175000 1
1147912560 1
1146880000 1
1143072000 13
1137991680 2
1134213192 1
1134000000 10
1133740800 5
1128960000 11
1120210560 2
1120000000 2
1119744000 13
1116026100 1
1114767360 1
1111320000 7
1106380800 2
1105920000 3
1102248000 13
1101004800 1
1097600000 1
1097349120 5
1093500000 2
1089093600 3
1088640000 43
1083801600 5
1080450000 1
1080203040 1
1080000000 2
1075200000 3
1074954240 4
1071630000 5
1066867200 6
1062882000 1
1061683200 1
1058400000 12
1058158080 7
1053696000 1
1049760000 16
1045094400 24
1041624360 2
1040449536 1
1037232000 2
1036800000 22
1032192000 9
1028764800 12
1024192512 2
1020600000 17
1020366720 3
1016064000 19
1008000000 13
1007769600 14
1003520000 2
1000188000 5
995742720 1
995328000 12
992250000 5
992023200 4
990904320 1
987840000 10
987614208 1
984150000 2
980184240 1
980000000 1
979776000 38
975421440 5
972000000 15
967680000 22
967458816 2
964467000 4
963379200 1
960180480 5
955514880 2
952560000 26
952342272 1
948326400 13
945000000 2
944784000 12
943718400 1
940800000 3
940584960 7
937461924 1
933508800 4
933120000 30
928972800 9
926100000 4
925888320 6
921600000 10
918540000 13
914457600 17
911250000 2
907200000 27
906992640 3
903168000 13
900169200 9
900000000 3
896168448 1
896000000 3
895795200 9
892820880 2
889056000 22
885104640 1
884736000 7
882000000 7
881798400 24
878080000 3
877879296 1
875164500 1
874800000 22
871274880 1
870912000 35
868020300 1
867041280 2
864360000 3
864000000 17
860518400 1
860160000 7
857304000 43
853493760 2
850500000 6
850305600 4
846720000 35
846526464 1
842956800 4
840157920 3
840000000 2
839808000 28
836075520 7
833490000 9
829785600 7
829440000 31
826686000 15
825753600 3
823200000 3
823011840 12
820125000 1
819200000 1
816820200 1
816480000 46
812851200 15
810152280 2
810000000 9
806400000 19
806215680 6
802816000 1
800150400 18
796262400 6
793800000 13
793618560 11
790272000 10
787320000 13
784000000 4
783820800 43
777924000 3
777600000 32
774466560 1
774144000 21
771750000 1
771573600 18
768320000 2
768144384 1
768000000 5
765450000 7
765275040 1
762048000 48
758661120 2
756315000 1
756142128 1
756000000 23
755827200 24
752640000 11
750141000 7
746807040 11
746496000 44
744017400 5
743178240 5
740880000 17
740710656 3
737280000 4
735138180 1
734832000 45
731566080 8
729137052 2
729000000 5
726062400 2
725760000 59
722534400 6
720300000 2
720135360 7
720000000 4
716800000 6
716636160 3
714420000 22
714256704 3
711244800 21
708750000 3
708588000 9
707788800 1
705600000 20
705438720 15
702464000 3
700131600 9
699840000 40
697019904 1
696729600 33
694575000 4
694416240 3
691488000 10
691200000 15
688905000 4
688128000 3
686000000 2
685843200 42
682795008 1
680400000 33
680244480 9
677658240 1
677376000 39
675126900 4
674365440 1
672280000 1
672126336 1
672000000 9
671846400 23
668860416 1
666792000 18
663828480 5
663552000 24
661500000 3
661348800 32
660602880 2
658560000 9
658409472 3
656100000 10
655360000 2
653456160 3
653184000 76
650280960 7
648270000 2
648121824 3
648000000 10
645388800 1
645120000 37
644972544 1
642978000 25
640120320 13
640000000 1
637875000 2
637729200 5
637009920 3
635304600 1
635040000 49
634894848 2
632217600 11
630118440 3
630000000 7
629856000 20
627200000 11
627056640 25
625117500 2
622339200 12
622080000 63
620014500 3
619315200 11
617400000 8
617258880 26
614656000 1
614400000 4
612360000 48
612220032 2
609638400 57
607500000 3
605052000 1
604800000 50
604661760 12
602112000 8
600112800 25
600000000 1
597445632 1
597196800 30
595350000 20
595213920 8
592704000 32
590490000 6
590069760 1
589824000 4
588000000 6
587865600 73
585252864 6
583443000 2
583200000 34
580849920 2
580608000 66
578680200 12
578027520 3
576240000 7
576108288 1
576000000 13
574087500 2
573956280 1
573440000 10
571536000 82
568995840 11
567106596 1
567000000 21
566870400 17
566231040 1
564480000 50
564350976 7
561971200 1
560105280 6
560000000 5
559872000 51
558013050 2
557383680 14
555660000 19
553190400 8
552960000 33
551124000 31
550502400 6
548800000 5
548674560 38
546750000 6
544546800 5
544320000 113
544195584 2
541900800 26
540225000 3
540101520 6
540000000 13
537824000 1
537600000 22
537477120 17
535815000 7
533433600 42
531441000 2
531062784 1
530841600 14
529420500 1
529200000 41
529079040 25
526848000 18
525098700 1
524880000 55
522547200 94
520812180 3
518616000 11
518400000 59
516096000 33
514500000 3
514382400 51
513802240 1
512096256 3
512000000 5
510300000 31
510183360 6
509607936 1
508032000 99
505774080 6
504000000 24
503884800 54
503316480 1
501760000 7
501645312 1
500094000 23
500000000 2
497871360 8
497664000 59
496125000 2
496011600 16
495452160 2
493920000 36
493807104 6
492075000 6
491724800 2
491520000 7
490092120 2
489888000 105
487710720 27
486202500 1
486091368 1
486000000 17
484041600 5
483840000 88
483729408 1
482233500 6
481689600 6
480200000 7
480090240 31
480000000 7
478296900 1
477757440 10
476478450 1
476280000 71
476171136 1
474163200 34
472588830 2
472500000 4
472392000 28
471859200 7
470400000 17
470292480 38
468730962 1
466754400 12
466560000 78
464486400 53
463050000 6
462944160 17
460992000 4
460800000 17
459270000 39
457228800 118
455625000 1
455196672 2
453789000 2
453600000 86
453496320 15
451584000 51
450084600 15
450000000 4
449576960 1
448084224 5
448000000 12
447897600 55
446512500 2
446410440 1
445906944 2
444528000 58
442552320 8
442368000 25
441000000 16
440899200 84
440401920 1
439040000 5
438939648 11
437582250 1
437400000 33
435637440 6
435456000 182
434010150 1
433520640 18
432180000 15
432081216 7
432000000 27
430467210 1
430080000 23
429981696 5
428652000 66
426746880 42
425250000 11
425152800 16
424673280 6
423536400 1
423360000 112
423263232 7
421478400 11
420078960 4
420000000 5
419904000 89
419430400 2
418037760 37
416745000 11
416649744 3
414892800 16
414720000 86
413343000 20
412876800 18
411600000 11
411505920 53
409600000 3
408410100 4
408240000 138
408146688 2
406425600 87
405076140 7
405000000 5
403368000 2
403200000 62
403107840 22
401861250 1
401408000 8
400075200 51
400000000 1
398580750 1
398297088 2
398131200 34
396900000 43
396809280 26
396361728 1
395136000 55
393750000 1
393660000 23
393379840 2
393216000 5
392073696 1
392000000 9
391910400 144
390609135 1
390168576 6
388962000 19
388800000 71
387233280 2
387072000 94
385875000 3
385786800 43
385351680 2
384160000 4
384072192 10
384000000 13
382725000 9
382637520 1
381024000 179
379330560 16
378157500 1
378071064 1
378000000 39
377913600 46
377487360 1
376476800 1
376320000 33
376233984 14
375070500 12
373403520 16
373248000 106
372008700 4
371589120 32
370440000 34
370355328 11
369056250 1
368793600 7
368640000 32
367500000 3
367416000 125
367001600 4
365783040 70
364568526 2
364500000 13
363031200 5
362880000 201
362797056 5
361267200 42
360150000 2
360067680 22
360000000 10
358400000 13
358318080 24
357210000 50
357128352 1
355622400 78
354375000 1
354294000 13
354041856 2
353894400 11
352800000 54
352719360 62
351232000 13
350065800 15
350000000 2
349920000 100
348509952 1
348364800 130
347287500 4
347208120 11
346816512 2
345744000 20
345600000 63
344452500 5
344207360 2
344064000 23
343064484 1
343000000 4
342921600 133
341397504 11
340341750 1
340200000 90
340122240 11
338829120 2
338688000 138
337563450 13
337500000 1
337182720 8
336140000 1
336063168 4
336000000 20
335923200 80
334807830 1
334430208 10
333396000 65
331914240 17
331776000 91
330750000 8
330674400 55
330301440 8
329280000 33
329204736 21
328050000 10
327680000 4
326728080 2
326592000 287
325140480 34
324135000 9
324060912 5
324000000 41
322694400 1
322560000 93
322486272 8
321489000 34
321126400 3
320060160 40
320000000 4
318937500 1
318864600 8
318504960 17
317520000 160
317447424 12
316108800 31
315059220 6
315000000 9
314928000 74
314572800 1
313600000 19
313528320 87
312558750 3
312487308 2
311169600 40
311040000 152
310007250 2
309657600 68
308700000 17
308629440 52
307328000 8
307200000 21
306180000 104
304819200 186
303807105 1
303750000 2
303464448 9
302526000 2
302400000 118
302330880 41
301056000 37
300056400 37
300000000 4
298722816 3
298598400 81
297675000 17
297606960 18
297271296 2
296352000 101
295245000 12
295034880 3
294912000 32
294000000 14
293932800 172
292626432 20
291721500 11
291600000 72
290424960 3
290304000 261
289340100 16
289013760 12
288120000 9
288054144 7
288000000 44
287043750 1
286978140 1
286720000 23
286654464 6
285768000 207
284497920 50
283553298 1
283500000 29
283435200 31
283115520 4
282357600 1
282240000 128
282175488 15
280985600 15
280052640 23
280000000 7
279936000 176
278691840 59
277830000 28
277766496 6
276595200 37
276480000 101
275625000 1
275562000 51
275365888 1
275251200 7
274400000 11
274337280 115
273375000 3
272273400 9
272160000 248
272097792 4
271063296 1
270950400 121
270112500 1
270050760 22
270000000 10
268912000 5
268800000 62
268738560 44
267907500 11
267846264 3
266716800 113
265720500 4
265531392 1
265420800 38
264600000 67
264539520 61
263424000 34
262549350 3
262500000 1
262440000 72
262144000 1
261382464 5
261273600 278
260406090 3
260112384 12
259308000 36
259200000 106
258155520 1
258048000 101
257250000 2
257191200 106
256048128 10
256000000 7
255150000 39
255091680 13
254803968 3
254121840 4
254016000 261
252887040 14
252105000 1
252047376 5
252000000 48
251942400 101
251658240 1
250880000 18
250822656 14
250047000 31
248935680 27
248832000 187
248062500 3
248005800 30
247726080 16
246960000 68
246903552 19
246037500 2
245862400 9
245760000 18
245046060 4
245000000 2
244944000 293
243855360 108
243101250 1
243000000 33
242020800 12
241920000 262
241864704 10
241116750 4
240844800 13
240100000 2
240045120 66
240000000 7
239148450 5
238878720 37
238239225 1
238140000 119
238085568 10
237081600 102
236294415 1
236250000 7
236196000 51
236027904 1
235929600 10
235200000 45
235146240 124
233377200 35
233280000 216
232339968 1
232243200 185
231525000 4
231472080 45
231211008 3
230496000 15
230400000 73
229635000 39
229376000 9
228614400 263
227812500 1
227598336 14
226894500 1
226800000 142
226748160 38
225886080 3
225792000 156
225042300 23
224788480 2
224042112 18
224000000 14
223948800 169
223205220 1
222953472 9
222264000 143
221276160 28
221184000 90
220500000 17
220449600 141
220200960 5
219520000 23
219469824 47
218700000 42
217818720 11
217728000 460
217005075 1
216760320 58
216090000 17
216040608 8
216000000 64
215129600 3
215040000 86
214990848 6
214326000 112
213373440 100
212625000 8
212576400 16
212336640 14
211680000 223
211631616 24
210739200 33
210039480 12
210000000 11
209952000 155
209715200 1
209018880 132
208372500 13
208324872 3
207446400 54
207360000 196
206671500 16
206438400 50
205800000 19
205752960 103
204800000 16
204120000 254
204073344 5
203212800 316
202538070 5
202500000 7
202309632 4
201684000 4
201600000 170
201553920 77
200884698 1
200704000 19
200037600 110
200000000 2
199148544 15
199065600 124
198450000 48
198404640 43
198180864 1
197568000 110
196875000 2
196830000 36
196689920 3
196608000 13
196036848 2
196000000 10
195955200 374
195084288 19
194481000 19
194400000 151
193616640 8
193536000 303
192937500 3
192893400 60
192675840 6
192080000 7
192036096 27
192000000 30
191362500 4
191318760 5
191102976 4
190591380 1
190512000 346
189665280 60
189078750 3
189035532 3
189000000 39
188956800 99
188743680 2
188238400 1
188160000 106
188116992 46
187535250 6
186701760 38
186624000 304
186004350 5
185794560 72
185220000 66
185177664 27
184396800 23
184320000 81
183750000 2
183708000 192
183500800 5
182891520 238
182250000 12
181515600 10
181440000 396
181398528 15
180708864 2
180633600 142
180075000 5
180033840 58
180000000 16
179200000 48
179159040 67
178605000 69
178564176 7
177811200 204
177187500 3
177147000 11
177020928 1
176947200 46
176400000 97
176359680 149
176160768 1
175616000 30
175032900 20
175000000 2
174960000 189
174254976 5
174182400 411
173604060 13
173408256 12
172872000 48
172800000 165
172226250 1
172103680 3
172032000 73
171500000 2
171460800 303
170698752 30
170100000 110
170061120 29
169869312 1
169414560 3
169344000 356
168781725 2
168750000 4
168591360 13
168031584 7
168000000 57
167961600 208
167215104 33
166698000 99
165957120 41
165888000 224
165375000 8
165337200 81
165150720 22
164708600 1
164640000 60
164602368 54
164025000 10
163840000 9
163364040 15
163296000 511
162570240 132
162067500 2
162030456 9
162000000 65
161347200 13
161280000 225
161243136 21
160744500 42
160563200 12
160030080 132
160000000 5
159468750 1
159432300 1
159252480 60
158826150 1
158760000 252
158723712 27
158054400 122
157529610 5
157500000 14
157464000 113
157286400 7
156800000 38
156764160 281
156279375 1
155584800 63
155520000 342
155003625 1
154828800 191
154350000 19
154314720 98
153664000 20
153600000 43
153125000 1
153090000 111
153055008 3
152409600 457
151875000 4
151732224 14
151263000 6
151200000 251
151165440 64
150590720 1
150528000 105
150028200 63
150000000 5
149361408 16
149299200 252
148837500 9
148803480 32
148635648 19
148176000 213
147622500 9
147517440 11
147456000 60
147061250 1
147027636 1
147000000 27
146966400 371
146313216 58
145860750 8
145800000 106
145212480 16
145152000 667
144670050 13
144506880 53
144060000 19
144027072 34
144000000 67
143521875 1
143360000 43
143327232 18
142884000 287
142248960 147
141750000 36
141717600 57
141557760 21
141120000 254
141087744 62
140492800 15
140026320 35
140000000 9
139968000 345
139345920 187
138915000 45
138883248 9
138355224 1
138297600 68
138240000 261
137812500 1
137781000 87
137625600 44
137200000 21
137168640 278
136136700 9
136080000 450
136048896 15
135531648 2
135475200 296
135056250 1
135025380 22
135000000 22
134873088 1
134456000 8
134400000 134
134369280 147
133953750 11
133923132 3
133358400 243
132860250 4
132765696 16
132710400 151
132300000 89
132269760 127
132120576 1
131712000 92
131220000 117
131072000 4
130691232 7
130636800 634
130056192 22
129654000 46
129600000 222
129077760 10
129024000 240
128625000 1
128595600 147
128450560 4
128024064 45
128000000 25
127575000 35
127545840 12
127401984 11
127060920 2
127008000 577
126443520 59
126052500 1
126023688 12
126000000 88
125971200 201
125440000 63
125411328 62
125023500 35
124467840 79
124416000 430
124002900 27
123863040 84
123480000 89
123451776 57
122931200 18
122880000 56
122523030 1
122500000 6
122472000 454
121927680 295
121522842 3
121500000 43
121010400 18
120960000 495
120932352 28
120422400 75
120050000 4
120022560 111
120000000 19
119439360 96
119070000 163
119042784 14
118540800 241
118125000 3
118098000 62
118013952 3
117964800 23
117600000 87
117573120 283
116688600 38
116640000 368
116169984 5
116121600 517
115762500 6
115736040 42
115605504 8
115248000 48
115200000 135
114817500 27
114688000 35
114307200 547
113799168 36
113447250 2
113400000 227
113374080 63
113246208 2
112943040 1
112896000 353
112521150 18
112500000 6
112394240 5
112021056 23
112000000 35
111974400 399
111602610 4
111476736 38
111132000 213
110638080 41
110592000 245
110250000 23
110224800 234
110100480 6
109760000 42
109734912 111
109350000 39
108909360 14
108864000 927
108380160 143
108045000 7
108020304 14
108000000 116
107564800 7
107520000 197
107495424 29
107163000 107
106686720 217
106312500 2
106288200 21
106168320 47
105840000 373
105815808 54
105369600 69
105019740 24
105000000 16
104976000 289
104857600 7
104509440 392
104186250 4
104162436 6
103766418 1
103723200 92
103680000 440
103335750 9
103262208 3
103219200 155
102900000 30
102876480 234
102760448 2
102400000 25
102060000 318
102036672 11
101648736 2
101606400 610
101269035 3
101250000 13
101154816 11
100842000 9
100800000 285
100776960 171
100663296 2
100352000 52
100018800 147
100000000 2
99574272 23
99532800 340
99225000 44
99202320 77
99090432 13
98784000 242
98437500 2
98415000 33
98344960 5
98304000 40
98018424 6
98000000 23
97977600 763
97542144 76
97240500 23
97200000 223
96808320 25
96768000 675
96446700 44
96337920 26
96040000 14
96018048 59
96000000 66
95681250 4
95659380 2
95551488 9
95295690 3
95256000 573
94832640 146
94517766 1
94500000 81
94478400 170
94371840 13
94119200 3
94080000 196
94058496 93
93767625 2
93350880 84
93312000 675
92897280 236
92610000 98
92588832 46
92198400 49
92160000 192
91875000 5
91854000 213
91750400 15
91445760 450
91125000 7
90757800 9
90720000 694
90699264 38
90354432 1
90316800 276
90037500 1
90016920 63
90000000 29
89600000 62
89579520 182
89302500 39
89282088 14
88905600 392
88573500 7
88510464 9
88473600 142
88200000 148
88179840 284
88080384 2
87808000 59
87516450 7
87500000 5
87480000 252
87127488 5
87091200 869
86802030 15
86704128 33
86436000 69
86400000 247
86113125 1
86051840 4
86016000 175
85766121 1
85750000 4
85730400 405
85349376 76
85050000 126
85030560 36
84934656 7
84707280 6
84672000 634
84375000 1
84295680 32
84035000 2
84015792 20
84000000 77
83980800 459
83886080 3
83607552 84
83349000 119
82978560 80
82944000 552
82687500 5
82668600 99
82575360 45
82320000 104
82301184 107
82012500 3
81920000 28
81682020 9
81648000 851
81285120 335
81015228 7
81000000 89
80673600 17
80640000 514
80621568 53
80372250 17
80281600 35
80015040 238
80000000 14
79626240 133
79380000 293
79361856 61
79027200 248
78764805 3
78750000 10
78732000 175
78675968 2
78643200 20
78400000 66
78382080 544
77792400 93
77760000 584
77446656 3
77414400 472
77175000 18
77157360 139
77070336 3
76832000 21
76800000 99
76545000 88
76527504 1
76236552 1
76204800 836
75937500 1
75866112 29
75631500 6
75600000 333
75582720 152
75497472 2
75295360 2
75264000 267
75014100 45
75000000 4
74680704 34
74649600 554
74418750 7
74401740 21
74317824 43
74088000 298
73811250 4
73758720 24
73728000 174
73513818 1
73500000 24
73483200 565
73400320 7
73156608 131
72930375 1
72900000 118
72606240 27
72576000 1175
72253440 119
72030000 12
72013536 43
72000000 106
71680000 80
71663616 47
71442000 320
71124480 273
70875000 36
70858800 61
70778880 53
70560000 429
70543872 89
70246400 33
70013160 43
70000000 11
69984000 626
69672960 451
69457500 33
69441624 29
69148800 112
69120000 479
68890500 40
68812800 93
68600000 22
68584320 465
68343750 2
68068350 8
68040000 659
68024448 20
67765824 4
67737600 671
67512690 14
67500000 21
67436544 3
67228000 8
67200000 203
67184640 277
66976875 3
66706983 1
66679200 306
66382848 23
66355200 332
66150000 101
66134880 169
66060288 6
65856000 172
65625000 1
65610000 112
65536000 6
65345616 9
65318400 1218
65028096 75
64827000 40
64800000 346
64538880 11
64512000 600
64312500 4
64297800 177
64225280 10
64012032 125
64000000 28
63787500 21
63772920 17
63700992 15
63530460 3
63504000 879
63221760 115
63011844 9
63000000 105
62985600 374
62914560 3
62720000 111
62705664 151
62511750 16
62500000 1
62233920 115
62208000 822
62001450 22
61931520 190
61740000 136
61725888 80
61465600 24
61440000 105
61261515 2
61250000 1
61236000 535
60963840 592
60761421 1
60750000 38
60505200 21
60480000 853
60466176 45
60211200 162
60025000 2
60011280 154
60000000 24
59719680 250
59535000 155
59521392 30
59295096 1
59270400 432
59062500 2
59049000 62
59006976 6
58982400 84
58800000 135
58786560 585
58720256 2
58344300 22
58320000 454
58084992 13
58060800 1037
57881250 6
57868020 27
57802752 20
57624000 69
57600000 270
57408750 17
57395628 1
57344000 70
57177414 1
57153600 808
56899584 92
56700000 255
56687040 95
56623104 3
56471520 2
56448000 643
56260575 5
56250000 3
56197120 19
56010528 30
56000000 57
55987200 696
55801305 2
55738368 104
55566000 219
55319040 81
55296000 477
55125000 21
55112400 302
55050240 31
54880000 70
54867456 171
54675000 32
54454680 19
54432000 1489
54190080 324
54022500 8
54010152 25
54000000 114
53782400 11
53760000 347
53747712 67
53581500 90
53343360 378
53156250 6
53144100 11
53084160 138
52942050 1
52920000 531
52907904 93
52684800 163
52509870 13
52500000 9
52488000 398
52428800 6
52254720 762
52093125 1
52081218 4
51861600 136
51840000 747
51667875 2
51631104 6
51609600 393
51450000 37
51438240 353
51380224 2
51200000 36
51030000 282
51018336 14
50824368 1
50803200 1148
50625000 5
50577408 16
50421000 5
50400000 372
50388480 316
50331648 2
50176000 100
50009400 143
50000000 5
49787136 44
49766400 704
49612500 33
49601160 76
49545216 27
49392000 346
49207500 20
49172480 7
49152000 90
49009212 4
49000000 16
48988800 1171
48771072 130
48620250 9
48600000 259
48404160 22
48384000 1266
48223350 27
48168960 59
48020000 18
48009024 110
48000000 62
47775744 51
47628000 682
47416320 262
47258883 2
47250000 60
47239200 182
47185920 33
47040000 300
47029248 196
46675440 88
46656000 951
46448640 471
46305000 81
46294416 40
46099200 83
46080000 366
45937500 2
45927000 212
45875200 32
45722880 700
45562500 6
45378900 15
45360000 979
45349632 49
45158400 536
45018750 1
45008460 49
45000000 27
44957696 5
44800000 113
44789760 413
44651250 16
44641044 11
44452800 536
44286750 3
44255232 23
44236800 290
44100000 158
44089920 404
44040192 4
43904000 89
43758225 3
43750000 2
43740000 298
43563744 17
43545600 1685
43401015 4
43352064 60
43218000 72
43200000 401
43025920 7
43008000 345
42875000 3
42865200 474
42674688 128
42525000 94
42515280 34
42467328 19
42353640 6
42336000 1144
42147840 75
42007896 22
42000000 91
41990400 683
41943040 3
41803776 179
41674500 71
41489280 133
41472000 982
41343750 1
41334300 67
41287680 131
41160000 112
41150592 171
41006250 3
40960000 51
40841010 3
40824000 1107
40642560 701
40516875 1
40507614 6
40500000 95
40336800 18
40320000 803
40310784 111
40186125 6
40140800 66
40007520 305
40000000 16
39858075 1
39813120 325
39690000 342
39680928 61
39530064 1
39513600 424
39375000 12
39366000 159
39337984 5
39321600 50
39200000 93
39191040 913
38896200 78
38880000 827
38723328 13
38707200 1007
38587500 14
38578680 120
38535168 13
38416000 32
38400000 142
38272500 77
38263752 3
38118276 1
38102400 1224
37933056 59
37800000 391
37791360 209
37748736 5
37647680 3
37632000 436
37507050 19
37500000 1
37340352 48
37324800 1057
37200870 7
37158912 93
37044000 332
36879360 53
36864000 360
36750000 23
36741600 703
36700160 4
36578304 289
36450000 102
36303120 28
36288000 1854
36126720 246
36015000 14
36006768 67
36000000 143
35840000 122
35831808 88
35721000 285
35562240 470
35437500 13
35429400 52
35389440 97
35294700 2
35280000 512
35271936 190
35123200 65
35006580 34
35000000 12
34992000 764
34836480 895
34728750 16
34720812 13
34574400 130
34560000 804
34445250 26
34420736 2
34406400 208
34300000 18
34292160 651
34020000 741
34012224 28
33882912 4
33868800 1105
33756345 3
33750000 11
33718272 12
33614000 8
33600000 286
33592320 514
33480783 1
33339600 361
33191424 54
33177600 724
33075000 72
33067440 206
33030144 26
32941720 1
32928000 212
32805000 96
32768000 39
32672808 9
32659200 1830
32514048 158
32413500 17
32400000 427
32269440 20
32256000 992
32156250 1
32148900 124
32112640 19
32006016 185
32000000 30
31893750 4
31886460 4
31850496 44
31765230 4
31752000 1079
31610880 243
31505922 6
31500000 76
31492800 469
31457280 17
31360000 154
31352832 284
31255875 6
31116960 155
31104000 1302
31000725 4
30965760 372
30870000 130
30862944 110
30732800 37
30720000 215
30625000 4
30618000 545
30481920 1064
30375000 23
30252600 15
30240000 1177
30233088 86
30118144 1
30105600 326
30012500 2
30005640 150
30000000 31
29859840 568
29767500 86
29760696 19
29635200 598
29531250 1
29524500 29
29503488 6
29491200 180
29412250 1
29400000 134
29393280 817
29172150 18
29160000 588
29042496 13
29030400 1804
28940625 1
28934010 21
28901376 50
28812000 50
28800000 402
28704375 1
28697814 1
28672000 124
28576800 947
28449792 141
28350000 218
28343520 108
28311552 17
28235760 1
28224000 984
28125000 1
28098560 26
28005264 43
28000000 57
27993600 1125
27869184 186
27783000 179
27659520 118
27648000 913
27562500 11
27556200 259
27525120 58
27440000 70
27433728 279
27337500 20
27227340 12
27216000 1787
27095040 634
27005076 19
27000000 127
26891200 12
26880000 522
26873856 139
26790750 36
26671680 480
26572050 3
26542080 292
26460000 557
26453952 133
26342400 262
26254935 6
26250000 11
26244000 407
26214400 17
26127360 1315
26040609 3
25930800 135
25920000 1103
25815552 6
25804800 750
25725000 22
25719120 356
25690112 1
25600000 57
25515000 233
25509168 12
25412184 1
25401600 1625
25312500 4
25288704 47
25210500 9
25200000 473
25194240 428
25165824 3
25088000 159
25004700 143
25000000 3
24893568 68
24883200 1311
24806250 12
24800580 58
24772608 68
24696000 409
24603750 6
24586240 22
24576000 191
24504606 5
24500000 29
24494400 1326
24385536 310
24310125 3
24300000 258
24202080 31
24192000 1915
24111675 8
24084480 128
24010000 13
24004512 124
24000000 103
23914845 1
23887872 133
23814000 637
23708160 481
23625000 36
23619600 169
23592960 62
23520000 380
23514624 350
23337720 88
23328000 1328
23224320 955
23152500 35
23147208 48
23049600 103
23040000 611
22963500 114
22937600 49
22861440 1079
22689450 9
22680000 1197
22674816 69
22588608 4
22579200 935
22509375 1
22504230 35
22500000 28
22478848 9
22400000 139
22394880 766
22325625 4
22320522 2
22226400 533
22143375 2
22127616 44
22118400 617
22050000 132
22044960 474
22020096 16
21952000 96
21875000 1
21870000 256
21781872 10
21772800 2524
21676032 145
21609000 56
21600000 542
21512960 10
21504000 579
21437500 2
21432600 383
21337344 176
21262500 52
21257640 43
21233664 49
21176820 2
21168000 1353
21073920 138
21008750 1
21003948 15
21000000 107
20995200 907
20971520 5
20901888 353
20837250 38
20744640 152
20736000 1504
20671875 1
20667150 29
20643840 317
20580000 122
20575296 229
20480000 73
20420505 3
20412000 1220
20321280 1086
20253807 1
20250000 54
20168400 15
20160000 1092
20155392 162
20070400 107
20003760 327
20000000 14
19906560 606
19845000 259
19840464 55
19756800 591
19687500 8
19683000 127
19668992 7
19660800 101
19600000 94
19595520 1356
19448100 61
19440000 980
19361664 16
19353600 1682
19293750 3
19289340 86
19267584 23
19208000 31
19200000 242
19136250 22
19131876 4
19051200 1476
18984375 1
18966528 158
18907875 2
18900000 389
18895680 284
18874368 14
18823840 1
18816000 623
18753525 6
18750000 2
18670176 73
18662400 1517
18600435 3
18579456 184
18522000 307
18439680 85
18432000 538
18375000 24
18370800 639
18350080 28
18289152 400
18225000 75
18151560 30
18144000 2379
18063360 469
18007500 15
18003384 49
18000000 154
17920000 182
17915904 205
17860500 187
17781120 621
17718750 3
17714700 40
17694720 217
17640000 549
17635968 263
17561600 92
17503290 27
17500000 10
17496000 866
17418240 1586
17364375 6
17360406 8
17287200 145
17280000 1092
17222625 5
17210368 4
17203200 318
17150000 19
17146080 716
17010000 573
17006112 33
16941456 2
16934400 1688
16875000 4
16859136 26
16807000 7
16800000 313
16796160 757
16777216 1
16669800 265
16595712 64
16588800 1159
16537500 39
16533720 142
16515072 51
16464000 303
16402500 41
16384000 63
16336404 9
16329600 2216
16257024 295
16206750 11
16200000 409
16134720 22
16128000 1520
16074450 59
16056320 48
16003008 203
16000000 52
15946875 2
15943230 3
15925248 118
15882615 1
15876000 1041
15805440 378
15752961 2
15750000 74
15746400 438
15728640 25
15680000 164
15676416 453
15558480 154
15552000 1873
15482880 734
15435000 91
15431472 122
15366400 49
15360000 345
15312500 1
15309000 390
15240960 1382
15187500 10
15126300 12
15120000 1381
15116544 125
15059072 1
15052800 507
15006250 1
15002820 112
15000000 29
14929920 920
14883750 33
14880348 16
14823774 1
14817600 733
14762250 9
14751744 25
14745600 392
14700000 153
14696640 898
14680064 1
14586075 4
14580000 510
14521248 17
14515200 2832
14467005 6
14450688 83
14406000 53
14400000 459
14336000 196
14288400 827
14224896 240
14175000 144
14171760 81
14155776 36
14117880 3
14112000 1223
14049280 35
14002632 42
14000000 40
13996800 1470
13934592 330
13891500 117
13829760 164
13824000 1375
13778100 135
13762560 143
13720000 86
13716864 380
13668750 5
13613670 8
13608000 2044
13547520 1019
13505625 2
13502538 12
13500000 106
13445600 13
13440000 668
13436928 207
13395375 10
13335840 506
13286025 1
13271040 527
13230000 386
13226976 128
13171200 374
13125000 1
13122000 353
13107200 23
13063680 1887
12965400 89
12960000 1259
12907776 2
12902400 1168
12862500 14
12859560 301
12845056 9
12800000 89
12757500 138
12754584 13
12700800 2053
12656250 3
12644352 100
12605250 4
12600000 481
12597120 592
12582912 2
12544000 241
12502350 66
12500000 3
12446784 84
12441600 1924
12403125 1
12400290 22
12386304 129
12348000 370
12293120 24
12288000 314
12252303 3
12250000 11
12247200 1391
12192768 458
12150000 196
12101040 21
12096000 2502
12042240 235
12005000 10
12002256 110
12000000 118
11943936 214
11907000 472
11854080 673
11812500 13
11809800 121
11796480 150
11760000 454
11757312 420
11668860 62
11664000 1502
11612160 1545
11576250 22
11573604 29
11524800 135
11520000 802
11481750 49
11468800 98
11430720 1178
11390625 2
11344725 1
11340000 950
11337408 75
11294304 1
11289600 1317
11252115 4
11250000 12
11239424 11
11200000 166
11197440 1115
11160261 1
11113200 512
11063808 60
11059200 969
11025000 87
11022480 416
11010048 21
10976000 118
10935000 144
10890936 15
10886400 2999
10838016 234
10804500 37
10800000 515
10756480 13
10752000 761
10718750 1
10716300 220
10668672 264
10631250 15
10628820 25
10616832 95
10584000 1404
10536960 188
10501974 11
10500000 74
10497600 910
10485760 4
10450944 617
10418625 7
10372320 176
10368000 2062
10333575 9
10321920 485
10290000 108
10287648 245
10240000 125
10206000 951
10160640 1593
10125000 39
10084200 18
10080000 1263
10077696 252
10035200 171
10001880 258
10000000 18
9953280 965
9922500 123
9920232 47
9878400 696
9843750 2
9841500 69
9834496 8
9830400 170
9800000 90
9797760 1642
9724050 32
9720000 929
9680832 22
9676800 2343
9644670 26
9633792 39
9604000 33
9600000 265
9568125 4
9525600 1424
9483264 224
9450000 268
9447840 258
9437184 19
9411920 6
9408000 774
9375000 1
9335088 57
9331200 2126
9289728 363
9261000 220
9219840 90
9216000 915
9187500 5
9185400 438
9175040 44
9144576 549
9112500 31
9075780 21
9072000 2635
9031680 679
9003750 2
9001692 33
9000000 118
8960000 245
8957952 309
8930250 70
8890560 722
8857350 16
8847360 419
8823675 1
8820000 496
8817984 283
8780800 137
8751645 5
8750000 12
8748000 771
8709120 2238
8643600 138
8640000 1251
8605184 3
8601600 558
8575000 13
8573040 629
8505000 369
8503056 32
8470728 2
8467200 2068
8437500 2
8429568 44
8403500 5
8400000 353
8398080 933
8388608 1
8334900 175
8297856 84
8294400 1905
8268750 12
8266860 99
8257536 94
8235430 1
8232000 300
8201250 14
8192000 84
8168202 4
8164800 2268
8128512 466
8103375 1
8100000 319
8067360 21
8064000 1946
8037225 12
8028160 72
8001504 208
8000000 45
7971615 1
7962624 213
7938000 838
7902720 495
7875000 31
7873200 356
7864320 49
7840000 213
7838208 627
7779240 121
7776000 2076
7741440 1270
7717500 53
7715736 96
7683200 55
7680000 475
7654500 222
7620480 1632
7593750 2
7563150 9
7560000 1288
7558272 150
7529536 1
7526400 663
7501410 48
7500000 25
7464960 1378
7441875 4
7440174 6
7408800 676
7381125 2
7375872 38
7372800 646
7350000 100
7348320 891
7340032 3
7290000 388
7260624 23
7257600 3495
7225344 139
7203000 46
7200000 497
7168000 247
7144200 568
7112448 292
7087500 65
7085880 79
7077888 61
7058940 5
7056000 1307
7024640 61
7001316 22
7000000 48
6998400 1572
6967296 573
6945750 41
6914880 168
6912000 1763
6890625 1
6889050 50
6881280 237
6860000 49
6858432 408
6834375 1
6806835 3
6804000 1728
6773760 1394
6751269 6
6750000 76
6722800 14
6720000 753
6718464 341
6667920 448
6635520 881
6615000 239
6613488 127
6588344 2
6585600 404
6562500 2
6561000 213
6553600 40
6531840 2245
6482700 56
6480000 1221
6453888 12
6451200 1591
6431250 4
6429780 146
6422528 12
6400000 108
6378750 39
6377292 7
6353046 2
6350400 1967
6322176 139
6302625 1
6300000 340
6298560 544
6291456 13
6272000 256
6251175 18
6223392 94
6220800 2413
6200145 4
6193152 248
6174000 299
6146560 40
6144000 474
6125000 12
6123600 1049
6096384 666
6075000 116
6050520 12
6048000 2733
6021120 305
6002500 3
6001128 102
6000000 120
5971968 333
5953500 227
5927040 681
5906250 5
5904900 66
5898240 220
5880000 399
5878656 476
5834430 33
5832000 1437
5806080 2169
5788125 2
5786802 18
5762400 118
5760000 999
5740875 8
5734400 165
5715360 1156
5670000 753
5668704 85
5647152 1
5644800 1624
5625000 4
5619712 14
5600000 161
5598720 1392
5556600 369
5531904 76
5529600 1488
5512500 43
5511240 298
5505024 44
5488000 122
5467500 95
5445468 10
5443200 3285
5419008 404
5402250 18
5400000 404
5378240 8
5376000 990
5358150 85
5334336 266
5315625 2
5314410 7
5308416 156
5292000 1226
5268480 278
5250000 47
5248800 781
5242880 13
5225472 772
5186160 145
5184000 2344
5160960 711
5145000 66
5143824 206
5120000 143
5103000 583
5080320 1800
5062500 14
5042100 4
5040000 1187
5038848 269
5017600 231
5000940 151
5000000 6
4976640 1397
4961250 49
4960116 34
4939200 665
4920750 21
4917248 7
4915200 256
4900000 62
4898880 1494
4862025 3
4860000 751
4840416 14
4838400 3011
4822335 12
4816896 59
4802000 20
4800000 314
4762800 1092
4741632 283
4725000 141
4723920 221
4718592 40
4705960 1
4704000 804
4667544 41
4665600 2407
4644864 573
4630500 121
4609920 93
4608000 1288
4593750 2
4592700 235
4587520 63
4572288 588
4556250 9
4537890 10
4536000 2421
4515840 977
4500846 24
4500000 105
4480000 282
4478976 424
4465125 10
4445280 612
4428675 3
4423680 642
4410000 381
4408992 278
4390400 152
4374000 541
4354560 2648
4321800 88
4320000 1343
4302592 4
4300800 774
4287500 5
4286520 465
4252500 166
4251528 16
4235364 1
4233600 2123
4214784 46
4201750 2
4200000 273
4199040 1003
4194304 2
4167450 42
4148928 93
4147200 2449
4134375 2
4133430 37
4128768 156
4116000 237
4100625 2
4096000 131
4082400 1947
4064256 643
4050000 237
4033680 18
4032000 2158
4014080 98
4000752 177
4000000 51
3981312 338
3969000 543
3951360 576
3937500 22
3936600 234
3932160 74
3920000 182
3919104 730
3889620 69
3888000 2135
3870720 1659
3858750 17
3857868 49
3841600 46
3840000 512
3827250 79
3810240 1672
3781575 1
3780000 1036
3779136 154
3763200 849
3750705 10
3750000 5
3732480 1721
3720087 1
3704400 544
3687936 37
3686400 926
3675000 48
3674160 612
3670016 11
3645000 226
3630312 14
3628800 3761
3612672 237
3601500 27
3600000 470
3584000 330
3572100 342
3556224 332
3543750 18
3542940 44
3538944 118
3529470 2
3528000 1157
3512320 85
3500658 10
3500000 33
3499200 1504
3483648 804
3472875 10
3457440 156
3456000 2142
3444525 11
3440640 307
3430000 43
3429216 393
3402000 1254
3386880 1642
3375000 38
3361400 9
3360000 761
3359232 395
3333960 302
3317760 1362
3307500 132
3306744 70
3292800 393
3281250 1
3280500 123
3276800 69
3265920 2332
3241350 33
3240000 1064
3226944 8
3225600 2022
3214890 60
3211264 15
3200000 130
3189375 3
3175200 1708
3161088 158
3150000 217
3149280 470
3145728 14
3136000 318
3111696 80
3110400 2815
3096576 398
3087000 198
3073280 45
3072000 559
3062500 3
3061800 666
3048192 737
3037500 43
3025260 11
3024000 2669
3010560 475
3001250 3
3000564 50
3000000 94
2985984 480
2976750 93
2963520 699
2952450 22
2949120 324
2941225 1
2940000 316
2939328 491
2917215 10
2916000 1158
2903040 2633
2893401 3
2881200 97
2880000 1091
2867200 224
2857680 832
2835000 389
2834352 65
2823576 3
2822400 1736
2812500 4
2809856 15
2800000 136
2799360 1516
2778300 209
2765952 64
2764800 1983
2756250 8
2755620 149
2752512 67
2744000 108
2733750 18
2722734 7
2721600 3060
2709504 487
2701125 3
2700000 343
2689120 13
2688000 1143
2679075 17
2667168 256
2657205 1
2654208 256
2646000 796
2634240 307
2625000 29
2624400 589
2621440 21
2612736 914
2593080 117
2592000 2407
2580480 1087
2572500 33
2571912 143
2560000 194
2551500 276
2540160 1902
2531250 5
2521050 1
2520000 995
2519424 259
2508800 276
2500470 66
2500000 12
2488320 1738
2480625 4
2480058 9
2469600 501
2460375 4
2458624 10
2457600 391
2450000 45
2449440 1238
2430000 509
2420208 8
2419200 3387
2408448 116
2401000 10
2400000 276
2381400 689
2370816 291
2362500 56
2361960 130
2359296 59
2352980 1
2352000 717
2333772 32
2332800 2157
2322432 753
2315250 38
2304960 87
2304000 1397
2296350 76
2293760 78
2286144 564
2268945 2
2268000 1894
2257920 1124
2250423 7
2250000 74
2240000 293
2239488 501
2222640 510
2211840 855
2205000 248
2204496 191
2195200 146
2187000 354
2177280 2845
2160900 33
2160000 1197
2151296 7
2150400 1005
2143750 1
2143260 221
2126250 43
2125764 16
2117682 1
2116800 1915
2107392 76
2100875 1
2100000 202
2099520 934
2097152 2
2083725 15
2074464 79
2073600 2744
2066715 3
2064384 200
2058000 134
2048000 147
2041200 1424
2032128 714
2025000 98
2016840 13
2016000 2061
2007040 124
2000376 104
2000000 31
1990656 420
1984500 244
1975680 591
1968750 7
1968300 118
1966080 148
1960000 145
1959552 756
1944810 32
1944000 1766
1935360 2173
1929375 3
1928934 25
1920800 37
1920000 552
1913625 9
1905120 1209
1890000 640
1889568 129
1882384 2
1881600 969
1875000 6
1866240 1950
1852200 374
1843968 45
1843200 1186
1837500 20
1837080 422
1835008 9
1822500 94
1815156 5
1814400 3434
1806336 278
1800750 7
1800000 356
1792000 339
1786050 98
1778112 282
1771875 1
1771470 11
1769472 184
1764000 874
1756160 107
1750000 17
1749600 1148
1741824 977
1728720 100
1728000 2214
1720320 441
1715000 17
1714608 274
1701000 695
1693440 1757
1687500 6
1680700 3
1680000 699
1679616 404
1666980 158
1658880 1584
1653750 39
1653372 44
1646400 326
1640250 31
1638400 95
1632960 2038
1620675 5
1620000 824
1613472 11
1612800 2301
1607445 18
1605632 23
1600000 105
1587600 1194
1580544 203
1575000 113
1574640 342
1572864 18
1568000 333
1555848 54
1555200 2805
1548288 512
1543500 96
1536640 40
1536000 697
1530900 300
1524096 718
1518750 15
1512630 8
1512000 2222
1505280 551
1500282 19
1500000 70
1492992 602
1488375 14
1481760 579
1476225 8
1474560 478
1470000 192
1469664 420
1458000 697
1451520 2905
1440600 43
1440000 998
1433600 293
1428840 532
1417500 167
1417176 43
1411788 2
1411200 1510
1406250 1
1404928 40
1400000 110
1399680 1448
1389150 77
1382976 70
1382400 2215
1378125 1
1377810 77
1376256 81
1372000 92
1366875 3
1361367 2
1360800 2232
1354752 546
1350000 188
1344560 11
1344000 1136
1333584 186
1327104 370
1323000 427
1317120 297
1312500 9
1312200 298
1310720 20
1306368 988
1296540 54
1296000 2085
1290240 1233
1286250 7
1285956 71
1280000 170
1275750 71
1270080 1665
1260525 1
1260000 738
1259712 241
1254400 308
1250235 9
1250000 3
1244160 2078
1240029 2
1234800 347
1229312 10
1228800 501
1225000 30
1224720 958
1215000 270
1210104 10
1209600 3242
1204224 132
1200500 4
1200000 231
1190700 322
1185408 287
1181250 15
1180980 50
1179648 89
1176490 1
1176000 610
1166886 15
1166400 1803
1161216 864
1157625 5
1152480 71
1152000 1576
1148175 16
1146880 121
1143072 489
1134000 1113
1128960 1218
1125000 31
1120000 253
1119744 559
1111320 261
1105920 1131
1102500 81
1102248 123
1097600 119
1093500 130
1088640 2656
1080450 13
1080000 932
1075648 3
1075200 1116
1071630 74
1063125 10
1062882 7
1058400 1368
1053696 105
1050000 111
1049760 715
1048576 1
1037232 49
1036800 2726
1032192 284
1029000 95
1024000 186
1020600 764
1016064 720
1012500 39
1008420 6
1008000 1894
1003520 143
1000188 58
1000000 17
995328 553
992250 76
987840 434
984150 37
983040 189
980000 108
979776 664
972405 4
972000 1258
967680 2318
964467 7
960400 23
960000 549
952560 854
945000 331
944784 80
940800 901
937500 3
933120 1877
926100 160
921984 29
921600 1290
918750 4
918540 199
917504 16
911250 27
907578 3
907200 2822
903168 338
900375 1
900000 236
896000 350
893025 13
889056 227
885735 6
884736 236
882000 584
878080 89
875000 6
874800 694
870912 1016
864360 57
864000 2035
860160 524
857500 8
857304 149
850500 315
846720 1613
843750 3
840350 1
840000 486
839808 378
833490 55
829440 1838
826875 5
826686 15
823200 255
820125 7
819200 132
816480 1485
810000 420
806736 6
806400 2380
802816 30
800000 81
793800 634
790272 180
787500 48
787320 202
786432 44
784000 214
777924 34
777600 2318
774144 645
771750 28
768320 29
768000 741
765450 99
762048 615
759375 1
756315 1
756000 1556
752640 576
750141 5
750000 32
746496 636
740880 393
737280 614
735000 84
734832 295
729000 359
725760 2668
720300 25
720000 815
716800 291
714420 252
708750 36
708588 15
705600 1263
702464 29
700000 70
699840 1164
694575 11
691488 54
691200 2288
688905 6
688128 114
686000 61
680400 1379
677376 603
675000 67
672280 5
672000 1058
666792 113
663552 434
661500 175
658560 273
656250 1
656100 132
655360 35
653184 858
648270 20
648000 1605
645120 1455
642978 31
640000 173
637875 7
635040 1240
630000 408
629856 174
627200 272
622080 2082
617400 205
614656 10
614400 577
612500 8
612360 510
607500 93
605052 4
604800 2715
602112 151
600250 1
600000 148
595350 115
592704 249
590625 1
590490 20
589824 116
588000 417
583443 2
583200 1266
580608 943
576240 45
576000 1450
573440 123
571536 342
567000 636
564480 1137
562500 6
560000 182
559872 545
555660 139
552960 1322
551250 21
551124 54
548800 99
546750 45
544320 2108
540225 2
540000 608
537824 2
537600 1082
535815 14
529200 875
526848 95
525000 70
524880 448
524288 8
518616 31
518400 2540
516096 338
514500 40
512000 174
510300 319
508032 686
506250 7
504210 3
504000 1339
501760 142
500094 23
500000 27
497664 648
496125 8
493920 345
492075 6
491520 241
490000 52
489888 499
486000 720
483840 2255
480200 16
480000 475
476280 495
472500 106
472392 51
470400 678
466560 1573
463050 49
460992 27
460800 1449
459270 71
458752 30
455625 8
453789 1
453600 1947
451584 316
450000 122
448000 312
444528 169
442368 272
441000 293
439040 62
437500 1
437400 337
435456 963
432180 29
432000 1647
430080 607
428750 7
428652 88
425250 71
423360 1239
420000 305
419904 314
416745 9
414720 1770
413343 3
411600 144
409600 161
408240 925
405000 223
403368 3
403200 1928
401408 25
400000 74
396900 274
395136 162
393750 13
393660 74
393216 34
392000 164
388962 9
388800 1823
387072 690
385875 4
384160 29
384000 737
382725 3
381024 465
378000 856
376320 504
375000 13
373248 618
370440 208
368640 722
367500 34
367416 169
364500 158
362880 2258
360150 4
360000 572
358400 287
357210 71
354375 12
354294 7
352800 836
351232 33
350000 35
349920 793
345744 28
345600 2100
344064 127
343000 25
340200 718
338688 538
337500 30
336000 810
333396 50
331776 512
330750 59
329280 184
328050 37
327680 37
326592 681
324135 4
324000 1037
322560 1413
321489 5
320000 142
317520 738
315000 222
314928 115
313600 218
311040 1732
308700 102
307328 8
307200 598
306250 1
306180 179
303750 15
302526 3
302400 2009
301056 169
300125 2
300000 85
297675 8
296352 192
295245 2
294912 151
294000 255
291600 753
290304 884
288120 26
288000 1188
286720 154
285768 145
283500 239
282240 869
281250 1
280000 136
279936 460
277830 34
276480 1279
275562 20
274400 70
273375 6
272160 1429
270000 347
268912 3
268800 977
264600 442
263424 87
262500 19
262440 200
262144 5
259308 19
259200 1981
258048 366
257250 10
256000 185
255150 92
254016 497
253125 1
252105 1
252000 862
250880 163
250047 3
250000 12
248832 606
246960 236
245760 251
245000 32
244944 310
243000 375
241920 1886
240100 4
240000 337
238140 186
236250 17
236196 25
235298 1
235200 547
233280 1167
231525 10
230496 17
230400 1318
229635 12
229376 33
226800 1178
225792 360
225000 62
224000 248
222264 83
221184 319
220500 118
219520 66
218750 1
218700 139
217728 840
216090 15
216000 1066
215040 594
214326 23
212625 15
211680 797
210000 173
209952 183
207360 1679
205800 68
204800 166
204120 496
202500 69
201600 1531
200704 46
200000 39
198450 74
197568 149
196830 19
196608 51
196000 104
194481 4
194400 1104
193536 644
192080 11
192000 581
190512 280
189000 403
188160 472
187500 5
186624 559
185220 75
184320 739
183750 9
183708 70
182250 30
181440 1622
180000 306
179200 322
178605 22
177147 1
176400 474
175616 20
175000 8
174960 448
172872 16
172800 1682
172032 126
171500 6
170100 276
169344 452
168750 6
168070 1
168000 568
166698 23
165888 527
165375 8
164640 136
164025 4
163840 52
163296 496
162000 547
161280 1126
160000 111
158760 381
157500 75
157464 65
156800 179
155520 1364
154350 29
153664 13
153600 574
153090 63
151875 3
151263 1
151200 1266
150528 133
150000 53
148176 101
147456 166
147000 117
145800 377
145152 775
144060 10
144000 894
143360 133
142884 77
141750 60
141120 671
140000 82
139968 347
138915 4
138240 1259
137781 3
137200 37
136080 752
135000 143
134456 2
134400 794
132300 181
131712 76
131250 5
131220 85
131072 15
129654 5
129600 1359
129024 346
128625 1
128000 173
127575 10
127008 352
126000 448
125440 107
125000 1
124416 574
123480 104
122880 274
122500 12
122472 165
121500 113
120960 1442
120000 215
119070 63
118125 3
118098 4
117600 327
116640 713
115248 20
115200 1116
114688 29
113400 562
112896 251
112500 18
112000 198
111132 37
110592 332
110250 25
109760 46
109350 35
108864 577
108045 1
108000 627
107520 573
107163 6
105840 462
105000 76
104976 121
103680 1337
102900 36
102400 126
102060 196
101250 9
100800 1059
100352 23
100000 15
99225 18
98784 79
98415 1
98304 55
98000 55
97200 579
96768 549
96040 4
96000 448
95256 141
94500 133
94080 355
93750 2
93312 442
92610 28
92160 718
91875 2
91854 15
91125 1
90720 1072
90000 162
89600 234
88200 210
87808 29
87500 2
87480 221
86436 10
86400 1267
86016 141
85750 4
85050 61
84672 288
84375 1
84000 345
83349 1
82944 490
82320 88
81920 66
81648 245
81000 207
80640 1029
80000 59
79380 154
78750 16
78732 29
78400 119
77760 877
77175 4
76832 4
76800 537
76545 15
75600 662
75264 131
75000 25
74088 66
73728 176
73500 32
72900 114
72576 574
72030 7
72000 574
71680 132
71442 16
70875 7
70560 374
70000 32
69984 192
69120 1031
68600 12
68040 382
67500 48
67200 546
66150 52
65856 41
65625 1
65610 22
65536 12
64800 822
64512 341
64000 119
63504 174
63000 185
62720 85
62500 2
62208 463
61740 46
61440 260
61250 2
61236 53
60750 33
60480 1023
60000 144
59535 11
58800 167
58320 385
57624 2
57600 808
57344 29
56700 178
56448 213
56250 6
56000 112
55566 16
55296 317
55125 6
54880 42
54675 11
54432 367
54000 331
53760 437
52920 196
52500 39
52488 49
51840 1041
51450 7
51200 135
51030 42
50625 1
50400 629
50176 27
50000 12
49392 38
49152 65
49000 19
48600 272
48384 442
48020 1
48000 280
47628 54
47250 33
47040 221
46656 277
46305 6
46080 591
45927 1
45360 566
45000 56
44800 171
44100 89
43904 12
43750 3
43740 76
43218 8
43200 772
43008 137
42525 21
42336 203
42000 188
41472 397
41160 39
40960 61
40824 136
40500 80
40320 675
40000 44
39690 47
39375 2
39366 4
39200 70
38880 544
38416 3
38400 386
37800 284
37632 88
37500 3
37044 20
36864 177
36750 12
36450 38
36288 391
36000 301
35840 127
35721 4
35280 227
35000 16
34992 105
34560 857
34300 7
34020 112
33750 8
33600 362
33075 3
32928 29
32805 5
32768 11
32400 395
32256 290
32000 92
31752 82
31500 57
31360 68
31250 1
31104 299
30870 9
30720 267
30618 18
30375 5
30240 579
30000 54
29400 83
29160 149
28812 6
28800 546
28672 13
28350 65
28224 144
28000 54
27783 4
27648 258
27440 12
27216 200
27000 121
26880 376
26460 75
26250 6
26244 25
25920 641
25725 2
25600 107
25515 7
25200 287
25088 29
25000 4
24696 20
24576 64
24500 10
24300 88
24192 336
24000 162
23814 8
23625 1
23520 137
23328 139
23040 496
22680 228
22500 16
22400 101
22050 27
21952 8
21870 20
21600 449
21504 103
21168 95
21000 58
20736 313
20580 17
20480 55
20412 53
20250 13
20160 416
20000 31
19845 6
19683 1
19600 20
19440 291
19208 1
19200 252
18900 101
18816 66
18522 11
18432 150
18375 1
18225 5
18144 248
18000 149
17920 88
17640 89
17500 11
17496 42
17280 532
17150 2
17010 34
16875 1
16800 192
16464 17
16384 14
16200 167
16128 163
16000 57
15876 24
15750 16
15680 38
15552 234
15435 1
15360 218
15309 1
15120 285
15000 26
14700 33
14580 61
14400 351
14336 34
14175 3
14112 64
14000 23
13824 217
13720 3
13608 72
13500 38
13440 213
13230 25
13125 1
13122 5
12960 338
12800 53
12600 110
12544 21
12348 4
12288 43
12250 2
12150 19
12096 196
12005 1
12000 81
11907 2
11760 58
11664 84
11520 336
11340 89
11250 4
11200 65
11025 1
10976 3
10935 3
10800 191
10752 69
10584 45
10500 23
10368 211
10240 37
10206 14
10125 1
10080 240
10000 11
9800 14
9720 104
9604 1
9600 199
9450 14
9408 35
9261 2
9216 113
9072 106
9000 52
8960 55
8820 33
8750 3
8748 14
8640 319
8575 1
8505 7
8400 86
8232 6
8192 7
8100 68
8064 136
8000 34
7938 6
7875 4
7840 18
7776 122
7680 149
7560 112
7350 9
7290 11
7200 187
7168 23
7056 32
7000 10
6912 133
6860 4
6804 20
6750 7
6720 155
6615 6
6480 149
6400 44
6300 50
6272 7
6250 1
6174 1
6144 44
6075 3
6048 107
6000 34
5880 23
5832 45
5760 202
5670 20
5625 2
5600 30
5488 3
5400 70
5376 57
5292 14
5250 5
5184 118
5145 2
5120 30
5040 103
5000 3
4900 3
4860 35
4800 84
4725 4
4704 25
4608 84
4536 66
4500 17
4480 31
4410 9
4374 7
4320 166
4200 45
4116 2
4096 6
4050 12
4032 65
4000 19
3969 2
3920 10
3888 45
3840 75
3780 45
3645 1
3600 88
3584 8
3528 20
3500 5
3456 82
3430 1
3402 7
3375 1
3360 70
3240 53
3200 22
3150 8
3136 8
3072 25
3024 51
3000 21
2940 9
2916 14
2880 114
2835 2
2800 21
2744 1
2700 23
2688 36
2646 4
2592 80
2560 24
2520 39
2500 3
2450 1
2430 5
2400 42
2352 11
2304 52
2268 24
2250 4
2240 25
2160 68
2100 18
2058 1
2048 4
2025 1
2016 48
2000 9
1960 1
1944 17
1920 41
1890 12
1875 1
1800 26
1792 3
1764 4
1728 55
1701 2
1680 38
1620 25
1600 10
1575 1
1568 4
1536 15
1512 23
1500 3
1458 3
1440 69
1400 6
1344 18
1296 24
1280 12
1260 12
1215 1
1200 22
1176 5
1152 45
1134 1
1120 13
1080 32
1050 3
1024 6
1008 25
1000 4
980 2
972 6
960 26
900 11
896 6
882 1
864 31
840 12
810 1
800 6
784 2
768 15
756 9
750 1
729 1
720 18
672 9
648 10
640 8
630 4
600 4
588 1
576 23
560 4
540 6
512 2
504 5
486 2
480 11
450 2
448 1
441 1
432 9
420 6
400 2
392 1
384 13
360 8
336 3
324 4
320 1
300 2
294 1
288 6
280 1
270 1
256 2
252 3
240 7
216 4
210 1
200 1
192 4
180 7
168 2
144 4
128 1
120 5
112 1
108 1
100 1
84 2
63 1
48 1
40 1
24 1
