3061 1
3051 1
3050 1
3049 1
3045 1
3042 1
3035 1
3033 1
3032 1
3031 1
3028 2
3025 1
3023 1
3022 1
3021 1
3019 4
3018 1
3016 2
3015 1
3013 4
3011 1
3010 1
3009 2
3008 2
3007 2
3006 1
3005 1
3004 3
3003 2
3002 3
3001 4
3000 2
2999 3
2998 4
2997 5
2996 4
2995 3
2994 1
2993 4
2992 4
2991 8
2990 5
2989 8
2988 5
2987 5
2986 10
2985 3
2984 6
2983 9
2982 10
2981 11
2980 10
2979 14
2978 12
2977 7
2976 11
2975 15
2974 9
2973 12
2972 14
2971 18
2970 16
2969 24
2968 10
2967 24
2966 26
2965 20
2964 30
2963 30
2962 21
2961 33
2960 22
2959 35
2958 36
2957 44
2956 28
2955 29
2954 36
2953 35
2952 46
2951 47
2950 46
2949 51
2948 67
2947 47
2946 53
2945 58
2944 66
2943 78
2942 57
2941 68
2940 70
2939 97
2938 77
2937 87
2936 89
2935 97
2934 111
2933 103
2932 115
2931 116
2930 132
2929 138
2928 134
2927 125
2926 144
2925 152
2924 186
2923 171
2922 149
2921 160
2920 206
2919 218
2918 221
2917 226
2916 238
2915 229
2914 247
2913 238
2912 265
2911 261
2910 289
2909 295
2908 284
2907 272
2906 335
2905 339
2904 351
2903 384
2902 373
2901 420
2900 359
2899 401
2898 442
2897 474
2896 462
2895 523
2894 508
2893 499
2892 511
2891 552
2890 554
2889 633
2888 609
2887 601
2886 660
2885 672
2884 706
2883 728
2882 770
2881 776
2880 814
2879 847
2878 852
2877 869
2876 931
2875 929
2874 1000
2873 956
2872 1090
2871 1109
2870 1067
2869 1155
2868 1167
2867 1191
2866 1194
2865 1221
2864 1252
2863 1291
2862 1386
2861 1444
2860 1384
2859 1487
2858 1570
2857 1465
2856 1587
2855 1625
2854 1661
2853 1735
2852 1782
2851 1779
2850 1845
2849 1859
2848 1892
2847 1985
2846 2063
2845 2098
2844 2034
2843 2222
2842 2224
2841 2227
2840 2322
2839 2373
2838 2430
2837 2438
2836 2498
2835 2611
2834 2528
2833 2761
2832 2714
2831 2851
2830 2877
2829 2965
2828 2964
2827 3022
2826 3159
2825 3088
2824 3207
2823 3208
2822 3271
2821 3284
2820 3449
2819 3447
2818 3576
2817 3679
2816 3648
2815 3811
2814 3849
2813 3812
2812 3926
2811 3989
2810 4007
2809 4157
2808 4161
2807 4173
2806 4210
2805 4382
2804 4392
2803 4432
2802 4417
2801 4594
2800 4425
2799 4561
2798 4622
2797 4842
2796 4774
2795 4823
2794 4917
2793 5027
2792 4944
2791 5019
2790 5187
2789 5169
2788 5127
2787 5303
2786 5437
2785 5395
2784 5334
2783 5428
2782 5457
2781 5416
2780 5571
2779 5600
2778 5609
2777 5493
2776 5714
2775 5825
2774 5786
2773 5771
2772 5918
2771 5796
2770 5928
2769 6026
2768 6059
2767 5811
2766 6084
2765 6054
2764 6102
2763 6102
2762 6045
2761 6214
2760 6127
2759 6085
2758 6103
2757 6338
2756 6117
2755 6246
2754 6105
2753 6183
2752 6095
2751 6200
2750 6356
2749 6400
2748 6302
2747 6026
2746 6039
2745 6227
2744 6130
2743 6145
2742 6201
2741 6083
2740 6239
2739 6216
2738 6081
2737 6119
2736 6003
2735 6025
2734 6002
2733 6050
2732 6041
2731 5829
2730 5903
2729 5861
2728 5757
2727 5635
2726 5762
2725 5820
2724 5778
2723 5645
2722 5657
2721 5690
2720 5634
2719 5635
2718 5584
2717 5418
2716 5393
2715 5275
2714 5336
2713 5322
2712 5250
2711 5208
2710 5033
2709 4993
2708 5181
2707 4921
2706 4898
2705 4882
2704 4881
2703 4733
2702 4671
2701 4677
2700 4581
2699 4554
2698 4503
2697 4440
2696 4351
2695 4302
2694 4225
2693 4189
2692 4099
2691 4034
2690 4077
2689 3901
2688 3865
2687 3770
2686 3721
2685 3793
2684 3587
2683 3530
2682 3588
2681 3563
2680 3410
2679 3324
2678 3307
2677 3238
2676 3236
2675 3279
2674 3068
2673 2943
2672 3030
2671 2958
2670 2783
2669 2815
2668 2803
2667 2724
2666 2746
2665 2636
2664 2557
2663 2398
2662 2412
2661 2411
2660 2278
2659 2282
2658 2234
2657 2173
2656 2194
2655 2112
2654 2036
2653 1976
2652 1919
2651 1917
2650 1858
2649 1845
2648 1830
2647 1703
2646 1688
2645 1686
2644 1564
2643 1587
2642 1471
2641 1462
2640 1419
2639 1418
2638 1278
2637 1274
2636 1279
2635 1192
2634 1246
2633 1148
2632 1115
2631 1037
2630 1122
2629 1044
2628 1054
2627 1007
2626 949
2625 940
2624 953
2623 913
2622 911
2621 839
2620 817
2619 779
2618 707
2617 665
2616 683
2615 735
2614 648
2613 616
2612 605
2611 592
2610 530
2609 561
2608 552
2607 545
2606 493
2605 517
2604 484
2603 472
2602 476
2601 448
2600 387
2599 381
2598 382
2597 380
2596 358
2595 365
2594 340
2593 335
2592 313
2591 298
2590 257
2589 230
2588 287
2587 256
2586 265
2585 239
2584 231
2583 236
2582 196
2581 208
2580 173
2579 165
2578 155
2577 151
2576 179
2575 139
2574 147
2573 145
2572 139
2571 150
2570 96
2569 102
2568 109
2567 113
2566 119
2565 95
2564 108
2563 98
2562 92
2561 94
2560 71
2559 72
2558 67
2557 76
2556 69
2555 65
2554 64
2553 66
2552 65
2551 48
2550 50
2549 39
2548 52
2547 42
2546 40
2545 44
2544 27
2543 27
2542 31
2541 33
2540 31
2539 34
2538 22
2537 31
2536 16
2535 19
2534 18
2533 24
2532 15
2531 26
2530 16
2529 20
2528 17
2527 12
2526 12
2525 13
2524 12
2523 14
2522 13
2521 6
2520 3
2519 8
2518 7
2517 12
2516 5
2515 5
2514 10
2513 4
2512 5
2511 9
2510 8
2509 7
2508 4
2507 8
2506 6
2505 1
2504 3
2503 2
2502 1
2501 2
2500 5
2499 6
2498 1
2497 3
2496 1
2494 2
2493 1
2492 2
2491 1
2490 2
2489 1
2488 1
2487 3
2486 1
2483 1
2480 2
2479 2
2477 1
2476 1
2474 1
2473 1
2470 1
2468 1
2465 1
2463 1
2461 1
2458 1
2456 1
2450 1
2447 1
