4536000000 1
4082400000 1
3686400000 1
3628800000 1
3572100000 1
3265920000 2
3175200000 3
3072000000 1
3061800000 1
3023308800 1
2939328000 1
2916000000 1
2903040000 1
2857680000 1
2764800000 1
2624400000 3
2592000000 2
2571912000 1
2550916800 1
2520000000 1
2519424000 2
2488320000 3
2469600000 1
2457600000 1
2449440000 2
2419200000 1
2418647040 1
2352000000 1
2332800000 1
2322432000 3
2314720800 1
2286144000 2
2268000000 1
2239488000 3
2222640000 1
2187000000 1
2177280000 2
2160000000 1
2143260000 2
2125764000 1
2116800000 2
2116316160 2
2099520000 3
2090188800 1
2073600000 3
2064384000 1
2048000000 1
2041200000 4
2040733440 2
2032128000 4
2016000000 1
2015539200 1
2000376000 2
1975680000 1
1959552000 6
1935360000 5
1928934000 1
1920000000 1
1905120000 2
1889568000 5
1881600000 1
1866240000 9
1857945600 2
1852200000 2
1837080000 6
1828915200 2
1822842630 1
1814400000 8
1806336000 2
1792000000 1
1791590400 2
1786050000 1
1785641760 2
1778112000 4
1769472000 1
1764000000 6
1763596800 5
1756160000 2
1749600000 1
1741824000 5
1736040600 1
1728720000 1
1728000000 2
1720320000 2
1714608000 8
1701000000 2
1693440000 6
1679616000 4
1666980000 3
1666598976 1
1658880000 3
1653372000 5
1651507200 1
1632960000 4
1625702400 2
1620000000 1
1612800000 7
1600300800 3
1592524800 1
1587600000 4
1587237120 1
1580544000 2
1575000000 1
1574640000 5
1568000000 3
1567641600 4
1555848000 3
1555200000 4
1548288000 4
1543500000 1
1543147200 3
1524096000 3
1512000000 7
1511654400 3
1505280000 1
1500282000 3
1492992000 3
1486356480 2
1481760000 2
1481421312 1
1474560000 1
1469664000 13
1463132160 3
1458000000 3
1451520000 18
1446700500 1
1445068800 1
1440270720 1
1440000000 1
1433600000 4
1433272320 1
1428840000 5
1422489600 2
1417176000 3
1411200000 9
1410877440 1
1404928000 1
1400263200 2
1399680000 11
1393459200 3
1389150000 1
1388832480 2
1377810000 6
1371686400 10
1361367000 2
1360800000 10
1360488960 1
1354752000 6
1350253800 2
1343692800 6
1339231320 1
1333584000 3
1327104000 3
1323000000 3
1322697600 9
1312200000 5
1306368000 17
1296540000 1
1296000000 12
1290240000 4
1285956000 2
1275750000 1
1270080000 12
1269789696 1
1264435200 2
1260000000 1
1259712000 7
1258291200 1
1254113280 3
1250235000 2
1244678400 2
1244160000 6
1238630400 1
1234800000 3
1234517760 4
1229312000 1
1228800000 2
1224720000 12
1219276800 9
1210104000 1
1209600000 15
1209323520 1
1204224000 1
1200225600 8
1200000000 1
1194393600 1
1190700000 7
1190427840 2
1185408000 10
1180980000 2
1176000000 2
1175731200 15
1166886000 2
1166400000 8
1161216000 15
1157360400 4
1152000000 5
1148175000 1
1143072000 20
1134000000 8
1133740800 3
1128960000 10
1120210560 1
1120000000 2
1119744000 17
1116026100 1
1114767360 3
1111320000 8
1111065984 2
1106380800 1
1105920000 6
1102500000 2
1102248000 17
1097600000 2
1097349120 6
1093500000 1
1089093600 1
1088640000 22
1083801600 7
1080450000 1
1080203040 6
1080000000 2
1075200000 7
1074954240 2
1071630000 5
1066867200 8
1062882000 1
1061683200 1
1058400000 13
1058158080 4
1053696000 5
1050197400 3
1049760000 12
1045094400 9
1037232000 2
1036800000 11
1033357500 1
1032192000 7
1028764800 14
1024192512 1
1024000000 1
1020600000 10
1020366720 3
1016064000 22
1012690350 1
1012500000 1
1011548160 1
1008189504 1
1008000000 7
1007769600 11
1003520000 2
1000188000 5
995742720 2
995328000 16
992250000 3
992023200 4
987840000 9
987614208 1
984150000 2
983040000 1
980184240 1
980000000 1
979776000 35
975421440 6
972182736 2
972000000 9
967680000 24
964467000 3
960400000 1
960180480 9
960000000 3
956593800 1
955514880 1
952560000 34
952342272 2
948326400 3
945000000 5
944784000 8
940800000 2
940584960 9
933508800 3
933120000 28
928972800 8
926100000 5
925888320 9
921984000 1
921600000 6
918540000 12
914457600 27
907200000 24
906992640 9
903168000 15
900169200 12
896000000 5
895795200 13
893025000 4
891813888 1
889056000 14
885735000 2
884736000 6
882165816 2
882000000 6
881798400 19
878080000 5
875164500 1
874800000 20
871274880 3
870912000 50
868020300 2
864360000 1
864162432 1
864000000 12
860160000 7
857304000 33
853493760 4
850500000 4
850305600 3
846720000 32
846526464 2
842956800 4
840000000 3
839808000 24
836075520 5
833490000 2
833299488 2
829785600 3
829440000 21
826686000 6
825753600 5
823200000 2
823011840 10
819200000 2
816820200 1
816480000 54
812851200 10
810000000 2
806736000 2
806400000 24
806215680 4
803722500 2
802816000 3
800150400 22
796594176 1
796262400 12
793800000 19
793618560 8
790272000 15
787320000 17
784147392 1
784000000 2
783820800 40
777924000 7
777600000 27
774466560 1
774144000 18
771573600 15
768320000 4
768144384 3
768000000 6
765450000 5
762365520 1
762048000 46
758661120 1
756000000 20
755827200 16
752640000 6
752467968 1
750141000 7
746807040 4
746496000 30
744017400 5
743178240 10
740880000 21
740710656 2
737587200 3
737280000 14
735138180 2
734832000 66
731566080 16
729137052 2
729000000 7
726062400 1
725760000 56
725594112 1
723350250 3
722534400 7
720300000 1
720135360 5
720000000 3
717445350 1
716800000 9
716636160 9
714420000 19
714256704 1
711244800 20
708750000 1
708588000 11
708083712 1
707788800 2
705600000 26
705438720 13
702464000 1
700131600 6
700000000 1
699840000 39
696729600 35
694416240 8
693633024 1
691488000 8
691200000 28
688905000 3
688128000 2
686000000 7
685843200 33
682795008 1
680400000 25
680244480 2
677376000 40
675126900 6
672126336 3
672000000 6
671846400 26
669615660 1
666792000 29
663828480 2
663552000 23
661500000 7
661348800 22
660602880 1
658560000 9
658409472 1
656100000 11
653456160 3
653184000 78
650280960 9
648270000 2
648121824 1
648000000 25
645120000 33
642978000 13
642252800 1
640120320 12
640000000 1
637875000 4
637729200 2
637009920 1
635040000 56
634894848 7
632217600 9
630000000 5
629856000 41
627200000 3
627056640 23
625117500 1
622339200 9
622080000 54
620014500 6
619315200 10
617400000 7
617258880 20
614656000 3
614400000 6
612615150 1
612360000 36
609638400 59
607614210 1
607500000 1
605052000 4
604800000 54
604661760 9
602112000 12
600250000 2
600112800 24
600000000 2
597196800 22
595350000 9
595213920 12
592704000 37
590490000 8
589824000 4
588110544 1
588000000 4
587865600 63
585252864 6
583443000 6
583200000 31
580608000 54
578680200 12
578027520 3
576240000 6
576108288 7
576000000 14
574087500 1
573440000 10
571536000 93
568995840 14
567000000 21
566870400 15
564480000 46
564350976 9
562605750 1
560105280 12
560000000 3
559872000 66
557383680 14
555660000 27
555532992 1
553190400 3
552960000 30
551250000 1
551124000 30
550502400 3
548800000 4
548674560 25
546750000 2
544546800 4
544320000 87
544195584 7
541900800 30
540225000 1
540101520 12
540000000 7
537824000 2
537600000 19
537477120 9
535815000 11
535692528 1
533433600 42
531441000 3
531062784 1
530841600 9
529420500 1
529200000 35
529079040 19
526848000 10
525098700 3
525000000 1
524880000 38
524288000 4
522547200 81
520812180 5
520224768 1
518616000 7
518400000 48
516096000 27
514500000 2
514382400 50
513802240 1
512096256 4
512000000 2
510300000 32
510183360 6
508032000 95
506345175 1
506250000 1
505774080 4
504094752 2
504000000 41
503884800 40
501760000 13
501645312 5
500094000 31
497871360 7
497664000 58
496011600 15
495452160 7
493920000 37
493807104 10
492075000 7
491724800 1
491520000 6
490092120 2
490000000 2
489888000 128
487710720 40
486202500 1
486091368 4
486000000 12
484041600 7
483840000 82
483729408 5
482233500 12
481689600 4
480200000 2
480090240 30
480000000 4
477757440 11
476280000 71
476171136 3
474163200 38
472588830 1
472500000 8
472392000 31
471859200 7
470400000 27
470292480 43
466754400 16
466560000 71
465010875 1
464679936 1
464486400 53
463050000 7
462944160 20
462422016 1
460992000 5
460800000 30
459270000 26
459165024 1
458752000 1
457228800 118
455196672 5
453789000 2
453600000 83
453496320 19
451584000 35
450084600 12
450000000 2
448084224 5
448000000 16
447897600 53
446512500 6
446410440 6
445906944 4
444528000 47
442552320 6
442368000 28
441082908 2
441000000 20
440899200 73
439040000 7
438939648 7
437400000 28
435637440 5
435456000 163
434010150 2
433520640 13
432180000 9
432081216 7
432000000 20
430080000 24
429981696 1
428652000 65
426746880 33
425250000 7
425152800 11
424673280 3
423360000 91
423263232 10
421478400 5
420078960 7
420000000 13
419904000 95
418037760 34
416745000 14
416649744 3
414892800 19
414720000 81
413343000 10
412876800 12
411771500 1
411600000 15
411505920 52
409600000 1
408410100 1
408240000 134
406594944 2
406425600 85
405076140 5
405000000 5
404619264 2
403368000 1
403200000 58
403107840 24
401861250 2
401408000 7
400075200 56
400000000 1
398131200 35
396900000 37
396809280 28
396361728 1
395136000 43
393750000 1
393660000 21
393216000 2
392073696 2
392000000 9
391910400 149
390609135 1
390168576 3
388962000 21
388800000 87
387233280 2
387072000 110
385875000 2
385786800 33
385351680 2
384160000 4
384072192 8
384000000 12
382725000 10
382637520 1
382205952 2
381024000 165
379330560 17
378157500 5
378000000 39
377913600 44
376476800 1
376320000 27
376233984 5
375070500 12
373403520 15
373248000 112
372008700 5
371589120 16
370440000 48
370355328 16
368793600 4
368640000 24
367569090 1
367500000 1
367416000 87
365783040 52
364500000 5
363031200 7
362880000 184
362797056 6
361267200 41
360150000 1
360067680 25
360000000 10
358400000 15
358318080 16
357210000 52
357128352 5
355622400 90
354375000 2
354294000 12
353894400 12
352800000 42
352719360 68
351232000 7
350065800 5
350000000 2
349920000 89
348509952 2
348364800 138
347287500 3
347208120 13
345744000 27
345600000 56
344452500 5
344207360 1
344064000 23
343000000 3
342921600 143
341397504 7
340341750 1
340200000 82
340122240 12
338829120 1
338688000 137
337563450 3
337500000 1
337182720 4
336140000 1
336063168 3
336000000 27
335923200 84
334430208 11
333396000 62
331914240 4
331776000 83
330750000 10
330674400 72
330301440 7
329280000 24
329204736 16
328050000 13
327680000 6
326728080 7
326592000 256
325140480 46
324135000 5
324060912 4
324000000 42
322694400 5
322560000 85
322486272 4
321489000 31
321126400 5
320060160 56
320000000 6
318937500 1
318864600 3
318504960 15
317652300 2
317520000 151
317447424 9
316108800 42
315059220 1
315000000 11
314928000 68
313600000 22
313528320 78
312558750 2
312487308 1
311169600 27
311040000 180
310007250 1
309657600 61
308700000 19
308629440 65
307328000 8
307200000 20
306180000 98
306110016 2
304819200 193
303807105 1
303750000 4
303464448 3
302526000 2
302400000 131
302330880 30
301056000 33
300056400 50
300000000 3
298722816 5
298598400 81
297675000 14
297606960 15
297271296 3
296352000 92
295245000 8
295034880 6
294912000 28
294000000 18
293932800 165
293601280 1
292626432 16
291721500 8
291600000 81
290424960 6
290304000 262
289340100 20
289013760 17
288120000 5
288054144 5
288000000 27
287043750 1
286978140 3
286720000 13
286654464 6
285887070 1
285768000 190
284497920 48
283553298 1
283500000 27
283435200 37
283115520 4
282357600 2
282240000 148
282175488 22
280985600 7
280052640 22
280000000 4
279936000 187
278691840 46
277830000 39
277766496 18
276595200 28
276480000 101
275562000 63
275251200 5
274400000 8
274337280 115
273375000 2
272273400 7
272160000 252
272097792 9
270950400 111
270112500 1
270050760 15
270000000 7
268912000 2
268800000 57
268738560 45
267907500 14
267846264 2
266716800 104
265720500 4
265531392 1
265420800 57
264600000 79
264539520 75
263424000 47
262549350 4
262500000 1
262440000 50
262144000 3
261382464 2
261273600 285
260406090 3
260112384 10
259308000 37
259200000 109
258048000 108
257298363 2
257191200 116
256901120 1
256048128 19
256000000 7
255150000 37
255091680 10
254803968 1
254016000 258
252887040 21
252047376 3
252000000 58
251942400 96
250880000 34
250822656 15
250047000 34
250000000 1
248935680 23
248832000 173
248062500 1
248005800 20
247726080 28
246960000 78
246903552 20
246037500 1
245862400 8
245760000 35
245046060 2
245000000 4
244944000 277
243855360 124
243101250 2
243045684 1
243000000 24
242020800 4
241920000 251
241864704 10
241116750 5
240844800 28
240100000 6
240045120 75
240000000 6
238878720 36
238140000 130
238085568 11
237081600 112
236250000 5
236196000 56
236027904 2
235929600 11
235200000 47
235146240 136
233377200 26
233280000 213
232243200 179
231525000 11
231472080 31
231211008 1
230592040 1
230496000 16
230400000 70
229635000 35
229376000 14
228709656 1
228614400 269
227598336 12
226894500 1
226800000 126
226748160 36
226492416 1
225792000 166
225042300 16
225000000 1
224788480 2
224042112 9
224000000 22
223948800 146
223256250 1
223205220 6
222953472 17
222264000 135
221276160 15
221184000 72
220541454 1
220500000 20
220449600 158
220200960 7
219520000 22
219469824 43
218791125 2
218750000 1
218700000 37
217818720 9
217728000 429
216760320 44
216090000 12
216040608 12
216000000 63
215233605 1
215129600 3
215040000 79
214990848 6
214326000 107
213373440 95
212625000 7
212576400 26
212336640 19
211768200 1
211680000 220
211631616 22
210739200 41
210087500 1
210039480 6
210000000 15
209952000 177
209715200 1
209018880 141
208372500 15
208324872 2
207446400 39
207360000 194
206671500 12
206524416 2
206438400 59
205800000 22
205752960 136
205520896 1
204800000 19
204205050 1
204120000 226
204073344 5
203212800 266
202538070 3
202500000 8
202309632 1
201684000 5
201600000 157
201553920 68
200884698 1
200704000 19
200037600 118
200000000 4
199148544 9
199065600 121
198450000 65
198404640 48
197568000 148
196830000 35
196689920 2
196608000 13
196036848 1
196000000 14
195955200 410
195084288 29
194481000 20
194400000 128
193616640 8
193536000 281
192937500 1
192893400 56
192675840 5
192080000 16
192036096 33
192000000 41
191362500 6
191318760 3
191102976 3
190512000 382
189665280 57
189078750 1
189000000 57
188956800 97
188743680 3
188238400 1
188160000 103
188116992 41
187535250 11
186701760 47
186624000 277
186004350 7
185794560 75
185220000 73
185177664 25
184396800 33
184320000 93
183708000 202
183500800 8
182891520 194
182284263 2
182250000 13
181515600 14
181440000 433
181398528 7
180633600 118
180075000 4
180033840 59
180000000 27
179830784 1
179200000 31
179159040 81
178605000 66
178564176 7
177811200 213
177187500 1
177147000 11
177020928 4
176947200 57
176473500 1
176400000 125
176359680 172
175616000 32
175032900 13
175000000 3
174960000 203
174254976 3
174182400 389
173643750 3
173604060 12
173408256 7
172872000 55
172800000 196
172226250 1
172186884 1
172103680 1
172032000 65
171532242 1
171500000 4
171460800 279
170698752 31
170100000 121
170061120 28
169869312 1
169414560 3
169344000 365
168781725 1
168591360 7
168070000 2
168031584 12
168000000 53
167961600 236
167403915 1
167215104 19
166698000 102
165957120 41
165888000 215
165375000 7
165337200 89
165150720 21
164640000 68
164602368 40
164025000 10
163840000 11
163364040 11
163296000 564
162570240 137
162067500 8
162030456 11
162000000 54
161347200 7
161280000 267
161243136 19
160744500 39
160563200 13
160030080 124
160000000 9
159468750 2
159432300 2
159252480 51
158826150 1
158760000 253
158723712 18
158120256 1
158054400 113
157529610 3
157500000 15
157464000 133
157286400 8
156800000 26
156764160 248
156279375 2
156243654 3
155584800 69
155520000 333
155003625 2
154893312 7
154828800 199
154350000 22
154314720 96
154140672 1
153664000 15
153600000 67
153090000 115
153055008 2
152473104 2
152409600 489
151875000 2
151732224 11
151263000 3
151200000 225
151165440 94
150994944 2
150528000 90
150028200 62
150000000 3
149361408 17
149299200 258
148837500 9
148803480 21
148635648 13
148176000 196
147622500 6
147517440 10
147456000 80
147027636 1
147000000 20
146966400 401
146800640 2
146313216 52
145860750 4
145800000 116
145212480 17
145152000 595
144670050 12
144506880 50
144060000 18
144027072 36
144000000 77
143360000 38
143327232 10
142884000 289
142248960 145
141776649 2
141750000 30
141717600 48
141557760 17
141120000 266
141087744 47
140625000 1
140492800 14
140026320 34
140000000 10
139968000 371
139345920 189
138915000 47
138883248 10
138297600 76
138240000 230
137812500 1
137781000 74
137682944 1
137625600 26
137200000 19
137168640 247
136687500 4
136136700 11
136080000 469
136048896 9
135475200 320
135025380 23
135000000 15
134873088 3
134456000 6
134400000 109
134369280 125
133953750 3
133923132 4
133358400 236
132765696 15
132710400 143
132300000 117
132269760 129
132120576 1
131766880 1
131712000 104
131220000 89
131072000 7
130691232 4
130636800 646
130203045 1
130056192 24
129654000 46
129600000 249
129077760 2
129024000 269
128625000 3
128595600 164
128450560 5
128024064 48
128000000 16
127575000 39
127545840 19
127401984 9
127060920 6
127008000 562
126443520 35
126052500 2
126023688 10
126000000 73
125971200 224
125440000 69
125411328 58
125023500 39
125000000 2
124467840 71
124416000 485
124031250 1
124002900 19
123863040 68
123480000 126
123451776 55
123018750 2
122931200 21
122880000 51
122523030 4
122500000 4
122472000 431
121927680 285
121522842 3
121500000 47
121010400 19
120960000 497
120932352 19
120422400 78
120050000 2
120022560 103
120000000 17
119439360 128
119070000 136
119042784 20
118540800 241
118125000 4
118098000 51
118013952 4
117964800 31
117600000 96
117573120 366
116688600 38
116640000 365
116169984 6
116121600 507
115762500 8
115736040 58
115605504 5
115248000 42
115200000 132
114817500 18
114791256 1
114688000 33
114354828 1
114307200 515
113799168 42
113447250 2
113400000 225
113374080 69
112943040 2
112896000 376
112521150 15
112394240 4
112021056 19
112000000 37
111974400 411
111602610 4
111476736 41
111178305 1
111132000 216
110638080 38
110592000 235
110250000 22
110224800 264
110100480 6
109760000 40
109734912 78
109350000 44
108909360 15
108864000 856
108380160 165
108045000 20
108020304 28
108000000 94
107564800 5
107520000 170
107495424 27
107163000 130
106686720 222
106312500 6
106288200 20
106168320 46
105840000 353
105815808 58
105369600 74
105019740 18
105000000 11
104976000 317
104857600 4
104509440 372
104186250 4
104162436 9
103723200 105
103680000 414
103335750 6
103262208 2
103219200 159
102900000 34
102876480 252
102760448 1
102400000 32
102102525 1
102060000 325
102036672 10
101606400 628
101250000 9
101154816 13
100842000 8
100800000 291
100776960 162
100663296 1
100352000 53
100018800 153
100000000 3
99574272 26
99532800 305
99225000 46
99202320 57
99090432 15
98784000 242
98415000 27
98344960 5
98304000 26
98018424 4
98000000 20
97977600 735
97542144 79
97240500 15
97200000 231
96808320 12
96768000 673
96446700 51
96337920 26
96040000 15
96018048 56
96000000 46
95681250 4
95659380 3
95551488 15
95295690 2
95256000 606
94832640 153
94517766 2
94500000 66
94478400 167
94371840 6
94119200 1
94080000 204
94058496 99
93767625 1
93350880 65
93312000 564
93002175 2
92897280 195
92610000 99
92588832 52
92198400 42
92160000 233
91875000 5
91854000 252
91750400 20
91445760 465
91125000 7
90757800 17
90720000 740
90699264 25
90316800 297
90037500 1
90016920 68
90000000 39
89915392 2
89600000 55
89579520 210
89302500 39
89282088 12
88905600 375
88573500 13
88510464 12
88473600 142
88200000 141
88179840 309
88080384 1
87808000 48
87516450 14
87500000 5
87480000 270
87127488 8
87091200 950
86802030 9
86704128 33
86436000 54
86400000 295
86051840 6
86016000 177
85766121 1
85750000 4
85730400 423
85349376 74
85050000 115
85030560 36
84934656 7
84707280 4
84672000 695
84375000 1
84295680 31
84035000 4
84015792 26
84000000 74
83980800 463
83886080 1
83607552 91
83349000 111
82978560 86
82944000 530
82687500 9
82668600 109
82575360 59
82320000 81
82301184 97
82012500 11
81920000 24
81682020 8
81648000 896
81285120 352
81033750 4
81015228 4
81000000 92
80673600 14
80640000 495
80621568 49
80372250 18
80281600 34
80015040 227
80000000 12
79716150 3
79626240 137
79380000 318
79361856 53
79027200 232
78764805 1
78750000 12
78732000 163
78643200 24
78400000 67
78382080 520
78121827 1
77792400 82
77760000 583
77446656 8
77414400 512
77175000 23
77157360 145
77070336 6
76832000 29
76800000 91
76562500 1
76545000 101
76527504 3
76204800 838
75937500 1
75866112 33
75631500 8
75600000 340
75582720 163
75497472 1
75295360 3
75264000 229
75014100 73
75000000 4
74680704 55
74649600 571
74418750 4
74401740 18
74317824 44
74088000 343
73811250 3
73758720 31
73728000 174
73513818 1
73500000 26
73483200 588
73400320 2
73156608 146
72930375 1
72900000 131
72606240 19
72576000 1214
72253440 129
72030000 13
72013536 47
72000000 102
71680000 81
71663616 46
71442000 331
71124480 284
70875000 17
70858800 54
70778880 45
70589400 2
70560000 460
70543872 116
70246400 34
70013160 44
70000000 9
69984000 599
69672960 475
69457500 28
69441624 28
69148800 98
69120000 456
68890500 58
68812800 101
68600000 18
68584320 491
68343750 1
68068350 7
68040000 612
68024448 31
67765824 2
67737600 697
67528125 1
67512690 13
67500000 25
67436544 15
67228000 9
67200000 207
67184640 308
66976875 3
66679200 341
66382848 25
66355200 351
66150000 93
66134880 171
66060288 6
65856000 180
65625000 1
65610000 99
65536000 20
65345616 11
65318400 1246
65028096 86
64827000 53
64800000 346
64538880 16
64512000 535
64312500 1
64297800 156
64225280 11
64012032 92
64000000 34
63787500 22
63772920 9
63700992 18
63530460 1
63504000 913
63221760 117
63011844 6
63000000 104
62985600 352
62914560 3
62720000 100
62705664 140
62511750 21
62233920 120
62208000 851
62001450 7
61931520 217
61740000 134
61725888 95
61465600 30
61440000 115
61261515 1
61250000 7
61236000 553
60963840 528
60761421 2
60750000 46
60505200 17
60480000 890
60466176 55
60236288 1
60211200 170
60025000 1
60011280 156
60000000 28
59719680 288
59535000 129
59521392 26
59295096 1
59270400 405
59062500 3
59049000 47
59006976 4
58982400 89
58824500 1
58800000 132
58786560 563
58344300 37
58320000 465
58084992 7
58060800 1049
57881250 3
57868020 45
57802752 16
57624000 49
57600000 255
57408750 5
57395628 3
57344000 56
57153600 820
56899584 91
56700000 238
56687040 115
56623104 3
56471520 3
56448000 607
56260575 1
56250000 5
56197120 20
56010528 40
56000000 49
55987200 766
55801305 1
55738368 109
55566000 241
55319040 79
55296000 481
55125000 14
55112400 261
55050240 31
54880000 54
54867456 180
54675000 40
54454680 17
54432000 1406
54190080 367
54022500 17
54010152 25
54000000 106
53782400 6
53760000 346
53747712 78
53581500 96
53343360 382
53156250 6
53144100 15
53084160 132
52942050 1
52920000 519
52907904 111
52684800 169
52509870 16
52500000 14
52488000 375
52428800 6
52254720 779
52093125 1
52081218 4
51861600 121
51840000 722
51667875 2
51631104 7
51609600 373
51450000 22
51438240 325
51380224 2
51200000 42
51030000 334
51018336 12
50824368 5
50803200 1172
50625000 2
50577408 33
50421000 7
50400000 402
50388480 293
50331648 1
50176000 87
50009400 176
50000000 5
49787136 51
49766400 679
49612500 35
49601160 62
49545216 25
49392000 340
49207500 21
49172480 20
49152000 83
49009212 8
49000000 28
48988800 1077
48771072 178
48620250 16
48600000 249
48404160 23
48384000 1209
48223350 27
48168960 67
48020000 18
48009024 97
48000000 79
47840625 1
47829690 2
47775744 44
47628000 666
47416320 311
47258883 1
47250000 64
47239200 198
47185920 28
47059600 1
47040000 326
47029248 180
46675440 89
46656000 966
46448640 509
46305000 73
46294416 44
46099200 71
46080000 427
45927000 202
45875200 28
45722880 739
45562500 3
45378900 19
45360000 989
45349632 54
45177216 1
45158400 510
45008460 60
45000000 24
44957696 3
44800000 111
44789760 404
44651250 18
44641044 5
44471322 1
44452800 508
44286750 7
44255232 26
44236800 315
44100000 159
44089920 424
44040192 9
43904000 96
43758225 5
43750000 3
43740000 289
43563744 14
43545600 1634
43401015 2
43352064 74
43218000 71
43200000 418
43025920 2
43008000 350
42875000 4
42865200 439
42674688 131
42525000 102
42515280 41
42467328 22
42353640 5
42336000 1076
42147840 83
42017500 1
42007896 22
42000000 87
41990400 729
41943040 1
41803776 203
41674500 79
41489280 131
41472000 992
41343750 2
41334300 72
41287680 128
41177150 1
41160000 118
41150592 176
41006250 1
40960000 49
40841010 10
40824000 1203
40642560 710
40507614 4
40500000 78
40336800 20
40320000 837
40310784 79
40186125 1
40140800 66
40007520 311
40000000 19
39858075 1
39813120 284
39690000 306
39680928 54
39513600 391
39375000 8
39366000 174
39337984 2
39321600 51
39200000 86
39191040 948
38896200 94
38880000 821
38723328 14
38707200 949
38587500 14
38578680 136
38535168 5
38416000 37
38400000 155
38272500 71
38263752 6
38118276 2
38102400 1195
37933056 70
37815750 3
37800000 403
37791360 248
37748736 2
37647680 1
37632000 417
37507050 27
37500000 4
37340352 66
37324800 1061
37200870 7
37158912 86
37044000 356
36879360 40
36864000 343
36750000 22
36741600 682
36700160 14
36578304 235
36450000 110
36303120 34
36288000 1863
36126720 250
36015000 10
36006768 52
36000000 126
35840000 136
35831808 100
35721000 307
35562240 470
35437500 8
35429400 57
35389440 91
35294700 2
35280000 604
35271936 196
35123200 60
35006580 35
35000000 17
34992000 829
34836480 915
34728750 15
34720812 13
34574400 132
34560000 772
34445250 18
34420736 1
34406400 185
34300000 23
34292160 623
34020000 629
34012224 34
33882912 5
33868800 1088
33756345 3
33750000 17
33718272 12
33614000 6
33600000 287
33592320 481
33339600 345
33191424 62
33177600 752
33075000 74
33067440 183
33030144 18
32928000 228
32805000 80
32768000 22
32672808 16
32659200 1796
32514048 161
32413500 32
32400000 359
32269440 16
32256000 1018
32148900 149
32112640 24
32006016 155
32000000 37
31893750 6
31886460 6
31850496 46
31752000 1156
31610880 254
31505922 5
31500000 86
31492800 462
31457280 15
31360000 143
31352832 257
31255875 8
31116960 132
31104000 1313
31000725 3
30965760 413
30870000 112
30862944 113
30732800 40
30720000 191
30625000 4
30618000 549
30481920 1015
30375000 26
30252600 23
30240000 1219
30233088 95
30118144 2
30105600 292
30012500 3
30005640 136
30000000 21
29859840 569
29767500 89
29760696 13
29635200 628
29524500 41
29503488 11
29491200 237
29400000 162
29393280 811
29360128 1
29172150 13
29160000 535
29042496 17
29030400 1918
28940625 1
28934010 26
28901376 35
28812000 71
28800000 402
28704375 2
28672000 127
28576800 909
28449792 160
28350000 237
28343520 124
28311552 19
28235760 3
28224000 975
28125000 1
28098560 33
28005264 36
28000000 55
27993600 1172
27869184 205
27783000 191
27659520 129
27648000 817
27562500 11
27556200 230
27525120 65
27440000 86
27433728 275
27337500 16
27227340 16
27216000 1814
27095040 643
27011250 6
27005076 14
27000000 154
26891200 11
26880000 488
26873856 142
26790750 36
26671680 480
26572050 5
26542080 332
26460000 504
26453952 126
26342400 249
26254935 2
26250000 11
26244000 415
26214400 9
26127360 1233
26040609 1
25930800 137
25920000 1050
25815552 5
25804800 705
25725000 26
25719120 324
25690112 4
25600000 75
25515000 235
25509168 14
25412184 2
25401600 1623
25288704 68
25210500 7
25200000 465
25194240 426
25165824 1
25088000 179
25004700 128
25000000 3
24893568 98
24883200 1195
24806250 11
24800580 47
24772608 65
24696000 426
24603750 7
24586240 21
24576000 192
24504606 3
24500000 18
24494400 1387
24385536 315
24310125 2
24300000 241
24202080 27
24192000 1920
24111675 3
24084480 132
24010000 16
24004512 121
24000000 105
23887872 95
23814000 690
23708160 420
23625000 47
23619600 193
23592960 72
23529800 1
23520000 456
23514624 308
23337720 85
23328000 1308
23224320 1006
23152500 46
23147208 46
23049600 102
23040000 616
22963500 132
22937600 70
22861440 1078
22689450 7
22680000 1127
22674816 76
22588608 5
22579200 919
22504230 41
22500000 27
22478848 3
22400000 142
22394880 734
22320522 2
22226400 563
22143375 1
22127616 52
22118400 600
22050000 141
22044960 468
22020096 8
21952000 113
21875000 1
21870000 220
21781872 13
21772800 2438
21676032 153
21609000 68
21600000 523
21512960 18
21504000 603
21437500 1
21432600 374
21337344 227
21262500 41
21257640 44
21233664 56
21176820 6
21168000 1329
21073920 130
21003948 16
21000000 88
20995200 899
20971520 4
20901888 359
20837250 34
20744640 175
20736000 1574
20671875 1
20667150 26
20643840 290
20580000 116
20575296 238
20503125 1
20480000 64
20420505 3
20412000 1149
20321280 1172
20250000 56
20168400 22
20160000 1131
20155392 169
20070400 107
20003760 322
20000000 11
19906560 572
19845000 235
19840464 69
19756800 595
19687500 6
19683000 132
19668992 8
19660800 87
19600000 76
19595520 1344
19448100 72
19440000 960
19361664 20
19353600 1616
19293750 1
19289340 97
19267584 20
19208000 41
19200000 247
19136250 21
19131876 2
19059138 1
19051200 1531
18966528 128
18900000 377
18895680 294
18874368 16
18823840 3
18816000 588
18753525 10
18750000 2
18670176 70
18662400 1556
18600435 1
18579456 209
18522000 343
18439680 83
18432000 649
18375000 15
18370800 611
18350080 21
18289152 394
18225000 66
18151560 24
18144000 2409
18063360 432
18007500 11
18003384 51
18000000 154
17920000 209
17915904 178
17860500 189
17781120 625
17718750 5
17714700 25
17694720 215
17647350 3
17640000 553
17635968 260
17561600 94
17503290 20
17500000 8
17496000 934
17418240 1534
17364375 1
17360406 8
17287200 165
17280000 1063
17222625 5
17210368 2
17203200 369
17150000 16
17146080 741
17010000 572
17006112 29
16941456 2
16934400 1640
16875000 6
16859136 30
16807000 5
16800000 342
16796160 777
16669800 276
16595712 86
16588800 1201
16537500 45
16533720 160
16515072 49
16470860 1
16464000 300
16402500 48
16384000 69
16336404 9
16329600 2210
16257024 317
16206750 13
16200000 425
16134720 19
16128000 1518
16074450 58
16056320 48
16003008 193
16000000 55
15946875 2
15943230 6
15925248 112
15882615 1
15876000 1153
15805440 378
15750000 68
15746400 417
15728640 32
15680000 173
15676416 469
15558480 150
15552000 1877
15482880 782
15435000 82
15431472 123
15366400 48
15360000 328
15312500 1
15309000 423
15240960 1494
15187500 7
15126300 13
15120000 1378
15116544 144
15052800 507
15002820 110
15000000 25
14929920 934
14883750 36
14880348 16
14817600 693
14762250 14
14751744 18
14745600 374
14700000 132
14696640 924
14680064 1
14586075 8
14580000 493
14521248 25
14515200 2824
14467005 4
14450688 81
14406000 52
14400000 427
14336000 178
14288400 868
14224896 223
14175000 144
14171760 105
14155776 44
14117880 3
14112000 1256
14062500 1
14049280 35
14002632 30
14000000 57
13996800 1454
13934592 406
13891500 118
13829760 179
13824000 1316
13781250 3
13778100 135
13762560 108
13720000 90
13716864 395
13668750 5
13613670 7
13608000 2019
13547520 1016
13505625 1
13502538 5
13500000 121
13445600 8
13440000 672
13436928 224
13395375 7
13335840 513
13286025 1
13271040 569
13230000 443
13226976 156
13171200 352
13125000 8
13122000 360
13107200 27
13063680 1779
12965400 112
12960000 1278
12907776 12
12902400 1123
12862500 5
12859560 267
12845056 5
12800000 82
12757500 115
12754584 12
12706092 1
12700800 2008
12656250 1
12644352 100
12605250 3
12600000 416
12597120 534
12582912 5
12544000 236
12502350 60
12500000 1
12446784 69
12441600 1881
12403125 3
12400290 15
12386304 126
12348000 389
12301875 1
12293120 28
12288000 289
12250000 23
12247200 1327
12192768 498
12150000 198
12101040 31
12096000 2602
12042240 235
12005000 13
12002256 113
12000000 99
11943936 222
11907000 458
11854080 618
11812500 16
11809800 127
11796480 119
11764900 1
11760000 436
11757312 454
11668860 57
11664000 1474
11612160 1566
11576250 24
11573604 34
11524800 83
11520000 858
11481750 58
11468800 113
11430720 1181
11344725 1
11340000 957
11337408 89
11289600 1233
11252115 7
11250000 16
11239424 5
11200000 166
11197440 1099
11160261 1
11113200 531
11063808 48
11059200 976
11025000 88
11022480 411
11010048 16
10976000 130
10937500 2
10935000 150
10890936 15
10886400 3094
10838016 239
10804500 39
10800000 533
10756480 10
10752000 822
10716300 228
10668672 241
10631250 15
10628820 14
10616832 104
10588410 1
10584000 1341
10536960 232
10501974 6
10500000 86
10497600 905
10485760 11
10450944 585
10418625 5
10372320 190
10368000 2089
10333575 8
10321920 452
10290000 110
10287648 271
10240000 97
10206000 949
10160640 1592
10125000 49
10084200 24
10080000 1211
10077696 190
10035200 168
10001880 229
10000000 11
9953280 952
9922500 106
9920232 54
9878400 676
9841500 92
9834496 7
9830400 166
9800000 81
9797760 1587
9724050 31
9720000 912
9680832 13
9676800 2435
9644670 56
9633792 45
9604000 22
9600000 262
9568125 5
9529569 2
9525600 1492
9483264 207
9450000 277
9447840 266
9437184 16
9411920 4
9408000 731
9375000 2
9335088 67
9331200 2066
9289728 344
9261000 220
9219840 95
9216000 939
9187500 10
9185400 433
9175040 41
9144576 537
9112500 33
9075780 22
9072000 2572
9031680 692
9003750 2
9001692 36
9000000 123
8960000 260
8957952 298
8930250 62
8890560 687
8857350 12
8847360 366
8820000 533
8817984 278
8780800 140
8751645 6
8750000 8
8748000 804
8709120 2210
8680203 1
8643600 123
8640000 1326
8605184 6
8601600 548
8575000 5
8573040 645
8505000 372
8503056 24
8470728 4
8467200 1975
8437500 5
8429568 44
8400000 336
8398080 865
8334900 188
8297856 90
8294400 1868
8268750 15
8266860 92
8257536 72
8232000 277
8201250 14
8192000 75
8168202 6
8164800 2371
8128512 467
8103375 4
8100000 346
8067360 24
8064000 1979
8037225 11
8028160 55
8001504 204
8000000 41
7971615 1
7962624 203
7938000 884
7902720 490
7875000 36
7873200 311
7864320 50
7840000 208
7838208 668
7779240 118
7776000 2080
7741440 1170
7717500 49
7715736 104
7683200 57
7680000 431
7654500 205
7620480 1589
7593750 3
7563150 3
7560000 1282
7558272 144
7529536 1
7526400 674
7501410 41
7500000 21
7464960 1347
7441875 5
7440174 7
7408800 697
7381125 1
7375872 35
7372800 621
7350000 106
7348320 865
7340032 3
7290000 392
7260624 17
7257600 3518
7225344 180
7203000 39
7200000 475
7168000 247
7144200 574
7112448 323
7087500 77
7085880 87
7077888 55
7058940 2
7056000 1262
7031250 1
7024640 77
7001316 26
7000000 46
6998400 1540
6967296 635
6945750 42
6914880 152
6912000 1765
6889050 53
6881280 219
6860000 55
6858432 418
6804000 1620
6773760 1367
6751269 4
6750000 80
6722800 11
6720000 783
6718464 331
6667920 450
6635520 812
6615000 259
6613488 139
6585600 406
6562500 3
6561000 228
6553600 44
6531840 2272
6482700 60
6480000 1337
6453888 10
6451200 1629
6431250 3
6429780 160
6422528 9
6400000 100
6378750 30
6377292 5
6353046 2
6350400 2017
6322176 140
6300000 391
6298560 562
6291456 9
6272000 263
6251175 13
6250000 5
6223392 83
6220800 2514
6200145 5
6193152 259
6174000 324
6146560 40
6144000 461
6125000 10
6123600 1063
6096384 585
6075000 95
6050520 17
6048000 2774
6021120 340
6002500 6
6001128 88
6000000 114
5971968 348
5953500 251
5927040 708
5906250 2
5904900 69
5898240 214
5880000 401
5878656 481
5834430 19
5832000 1486
5806080 2136
5788125 3
5786802 10
5762400 121
5760000 1009
5740875 7
5734400 160
5715360 1162
5670000 720
5668704 76
5647152 3
5644800 1644
5625000 7
5619712 16
5600000 171
5598720 1409
5556600 357
5531904 65
5529600 1474
5512500 41
5511240 298
5505024 31
5488000 142
5467500 89
5445468 9
5443200 3285
5419008 373
5402250 18
5400000 415
5378240 11
5376000 1009
5358150 76
5334336 298
5315625 1
5314410 11
5308416 186
5292000 1210
5268480 284
5250987 2
5250000 54
5248800 791
5242880 14
5225472 836
5186160 141
5184000 2328
5160960 743
5145000 65
5143824 210
5120000 149
5103000 631
5080320 1861
5062500 9
5042100 9
5040000 1235
5038848 278
5017600 223
5000940 157
5000000 9
4976640 1380
4961250 35
4960116 26
4939200 638
4920750 10
4917248 12
4915200 289
4900000 54
4898880 1632
4862025 3
4860000 702
4840416 22
4838400 2945
4822335 11
4816896 66
4802000 27
4800000 318
4762800 1229
4741632 282
4725000 155
4723920 215
4718592 29
4704000 769
4667544 46
4665600 2170
4644864 516
4630500 112
4609920 91
4608000 1301
4593750 1
4592700 264
4587520 45
4572288 545
4556250 13
4537890 6
4536000 2359
4515840 981
4500846 20
4500000 92
4480000 307
4478976 440
4465125 16
4445280 667
4423680 614
4410000 359
4408992 283
4390400 149
4375000 3
4374000 574
4354560 2719
4321800 90
4320000 1241
4302592 11
4300800 811
4287500 7
4286520 415
4252500 191
4251528 10
4235364 2
4233600 2183
4214784 68
4201750 2
4200000 319
4199040 979
4194304 1
4167450 73
4148928 78
4147200 2436
4134375 1
4133430 39
4128768 144
4116000 266
4096000 132
4084101 3
4082400 1968
4064256 576
4050000 214
4033680 15
4032000 2133
4014080 92
4000752 159
4000000 53
3981312 309
3969000 582
3951360 588
3937500 20
3936600 240
3932160 72
3920000 199
3919104 742
3889620 68
3888000 2048
3870720 1649
3858750 14
3857868 63
3841600 40
3840000 534
3827250 63
3810240 1644
3780000 1052
3779136 156
3764768 1
3763200 848
3750705 16
3750000 12
3732480 1702
3720087 3
3704400 510
3687936 41
3686400 905
3675000 59
3674160 679
3670016 9
3645000 181
3630312 13
3628800 3796
3612672 210
3601500 20
3600000 436
3584000 307
3572100 310
3556224 355
3543750 18
3542940 41
3538944 118
3529470 1
3528000 1213
3512320 64
3500658 6
3500000 28
3499200 1469
3483648 827
3472875 9
3457440 152
3456000 2151
3444525 7
3440640 352
3430000 36
3429216 416
3402000 1209
3386880 1585
3375000 35
3361400 7
3360000 742
3359232 409
3333960 313
3317760 1277
3307500 122
3306744 81
3292800 403
3280500 107
3276800 67
3265920 2409
3241350 23
3240000 1123
3226944 10
3225600 2000
3215625 1
3214890 74
3211264 14
3200000 128
3189375 3
3188646 2
3175200 1747
3161088 193
3150000 254
3149280 455
3145728 8
3136000 277
3125000 1
3111696 70
3110400 2750
3096576 391
3087000 188
3073280 41
3072000 589
3062500 2
3061800 662
3048192 711
3037500 47
3025260 14
3024000 2609
3010560 447
3001250 1
3000564 48
3000000 75
2985984 470
2976750 82
2963520 694
2953125 1
2952450 20
2949120 328
2940000 313
2939328 451
2917215 10
2916000 1144
2903040 2745
2893401 2
2881200 69
2880000 1033
2867200 219
2857680 859
2835000 412
2834352 47
2823576 2
2822400 1699
2812500 3
2809856 16
2800000 155
2799360 1537
2778300 198
2765952 64
2764800 1981
2756250 14
2755620 158
2752512 60
2744000 109
2733750 21
2722734 1
2721600 2900
2709504 512
2701125 3
2700000 319
2689120 8
2688000 1146
2679075 18
2667168 260
2657205 1
2654208 271
2646000 805
2634240 309
2625000 24
2624400 549
2621440 26
2612736 910
2593080 92
2592000 2502
2580480 1041
2572500 27
2571912 108
2560000 168
2551500 264
2540160 1883
2531250 5
2521050 3
2520000 1020
2519424 289
2508800 275
2500470 67
2500000 15
2488320 1864
2480625 9
2480058 11
2469600 523
2460375 1
2458624 13
2457600 369
2450000 39
2449440 1328
2430000 484
2420208 24
2419200 3507
2408448 77
2401000 8
2400000 293
2381400 716
2370816 252
2362500 58
2361960 129
2359296 68
2352980 2
2352000 717
2333772 32
2332800 2271
2322432 729
2315250 46
2304960 102
2304000 1549
2296350 85
2293760 81
2286144 620
2278125 2
2268945 2
2268000 1854
2257920 1128
2250423 5
2250000 57
2240000 296
2239488 552
2222640 456
2211840 935
2205000 208
2204496 204
2195200 137
2187000 336
2177280 2878
2160900 51
2160000 1193
2151296 7
2150400 944
2143750 3
2143260 221
2126250 43
2125764 14
2117682 2
2116800 1929
2107392 91
2100000 185
2099520 869
2097152 1
2083725 10
2074464 83
2073600 2792
2066715 5
2064384 236
2058000 188
2048000 180
2041200 1343
2032128 734
2025000 119
2016840 10
2016000 2144
2007040 118
2000376 100
2000000 48
1990656 471
1984500 255
1975680 541
1968750 2
1968300 104
1966080 161
1960000 157
1959552 736
1944810 27
1944000 1754
1935360 2143
1929375 3
1928934 22
1920800 44
1920000 552
1913625 16
1905120 1343
1890000 599
1889568 120
1882384 1
1881600 908
1875000 5
1866240 1889
1852200 338
1843968 44
1843200 1120
1837500 25
1837080 426
1835008 13
1822500 111
1815156 8
1814400 3514
1806336 298
1800750 12
1800000 401
1792000 384
1786050 114
1778112 308
1771875 3
1771470 21
1769472 173
1764000 944
1756160 77
1750329 3
1750000 13
1749600 1078
1741824 996
1728720 108
1728000 2197
1720320 470
1715000 23
1714608 275
1701000 696
1693440 1692
1687500 11
1680700 1
1680000 699
1679616 425
1666980 172
1658880 1624
1653750 38
1653372 49
1646400 329
1640250 27
1638400 102
1632960 2024
1620675 7
1620000 725
1613472 11
1612800 2237
1607445 9
1605632 25
1600000 111
1594323 1
1587600 1130
1580544 206
1575000 112
1574640 310
1572864 15
1568000 305
1555848 43
1555200 2745
1548288 490
1543500 87
1536640 28
1536000 694
1531250 1
1530900 301
1524096 669
1518750 7
1512630 6
1512000 2155
1505280 507
1500282 23
1500000 47
1492992 587
1488375 8
1481760 543
1476225 3
1474560 488
1470000 209
1469664 365
1458000 740
1451520 2913
1440600 49
1440000 969
1433600 284
1428840 521
1417500 163
1417176 30
1411788 1
1411200 1513
1404928 23
1400000 103
1399680 1366
1389150 55
1382976 72
1382400 2234
1378125 2
1377810 56
1376256 66
1372000 84
1366875 2
1360800 2233
1354752 557
1350000 186
1344560 6
1344000 1147
1333584 195
1327104 369
1323000 504
1317120 325
1312500 6
1312200 272
1310720 29
1306368 943
1296540 53
1296000 2128
1290240 1283
1286250 13
1285956 72
1280000 177
1275750 90
1270080 1643
1260000 770
1259712 241
1254400 283
1250235 16
1250000 1
1244160 2012
1240029 3
1234800 339
1229312 23
1228800 513
1225000 19
1224720 902
1215000 247
1210104 8
1209600 3330
1204224 130
1200500 8
1200000 238
1190700 318
1185408 285
1181250 19
1180980 61
1179648 72
1176000 579
1166886 14
1166400 1761
1161216 865
1157625 7
1152480 81
1152000 1586
1148175 11
1146880 111
1143072 498
1134000 1182
1128960 1243
1125000 36
1120000 277
1119744 593
1111320 291
1105920 1121
1102500 70
1102248 121
1097600 121
1093500 147
1088640 2604
1080450 19
1080000 919
1075648 2
1075200 1119
1071875 1
1071630 82
1063125 5
1062882 6
1058400 1394
1053696 88
1050000 116
1049760 638
1048576 5
1037232 59
1036800 2784
1032192 290
1029000 94
1024000 167
1020600 824
1016064 729
1012500 36
1008420 6
1008000 1773
1003520 156
1000188 65
1000000 24
995328 540
992250 70
987840 455
984375 2
984150 38
983040 174
980000 111
979776 646
972405 9
972000 1241
967680 2294
964467 3
960400 21
960000 576
952560 876
945000 334
944784 85
940800 851
937500 3
933120 1828
926100 151
921984 30
921600 1365
918750 8
918540 207
917504 13
911250 20
907578 4
907200 2772
903168 357
900375 1
900000 214
896000 393
893025 11
889056 248
885735 4
884736 255
882000 530
878080 112
875000 12
874800 729
870912 1016
864360 63
864000 1981
860160 582
857500 12
857304 183
850500 274
846720 1559
843750 4
840000 534
839808 421
833490 60
829440 1894
826875 5
826686 16
823200 279
820125 6
819200 111
816480 1573
810000 445
806736 6
806400 2339
802816 34
800000 86
793800 654
790272 220
787500 48
787320 180
786432 42
784000 197
777924 21
777600 2270
774144 604
771750 36
768320 21
768000 717
765450 93
762048 607
759375 2
756315 4
756000 1518
752640 563
750141 6
750000 25
746496 692
740880 366
737280 602
735000 102
734832 235
729000 387
725760 2708
720300 18
720000 775
716800 325
714420 212
708750 45
708588 15
705600 1197
702464 24
700000 63
699840 1141
694575 4
691488 58
691200 2343
688905 9
688128 101
686000 58
680400 1380
677376 599
675000 93
672280 5
672000 1038
666792 107
663552 471
661500 189
658560 258
656250 3
656100 160
655360 51
653184 862
648270 30
648000 1550
645120 1422
642978 22
640000 163
637875 10
635040 1198
630000 471
629856 197
627200 266
625000 2
622080 1995
617400 219
614656 22
614400 605
612500 8
612360 487
607500 90
605052 4
604800 2713
602112 149
600000 166
595350 121
592704 237
590625 2
590490 27
589824 128
588000 458
583443 5
583200 1228
580608 902
576240 67
576000 1444
573440 119
571536 309
567000 623
564480 1072
562500 13
560000 176
559872 555
555660 139
552960 1299
551250 24
551124 69
548800 108
546750 32
544320 2123
540225 3
540000 604
537824 2
537600 1121
535815 13
529200 859
526848 99
525000 44
524880 432
524288 11
518616 30
518400 2414
516096 341
514500 46
512000 202
510300 350
508032 666
506250 4
504210 5
504000 1351
501760 146
500094 19
500000 16
497664 673
496125 7
493920 311
492075 2
491520 247
490000 62
489888 471
486000 663
483840 2281
480200 13
480000 467
476280 537
472500 110
472392 40
470400 735
466560 1636
463050 48
460992 32
460800 1424
459270 61
458752 24
455625 3
453600 1977
451584 345
450000 139
448000 293
444528 150
442368 292
441000 298
439040 75
437500 2
437400 334
435456 1033
432180 38
432000 1567
430080 557
428750 4
428652 82
425250 84
423360 1286
421875 1
420175 1
420000 332
419904 325
416745 9
414720 1849
413343 1
411600 170
409600 140
408240 1016
405000 225
403368 6
403200 2069
401408 41
400000 74
396900 279
395136 174
393750 12
393660 87
393216 44
392000 147
388962 14
388800 1711
387072 670
385875 3
384160 14
384000 747
382725 13
381024 483
378000 887
376320 579
375000 18
373248 645
370440 188
368640 684
367500 36
367416 161
364500 146
362880 2247
360150 8
360000 521
358400 300
357210 88
354375 5
354294 4
352800 787
351232 17
350000 35
349920 782
345744 34
345600 2125
344064 130
343000 26
340200 708
338688 564
337500 33
336140 2
336000 831
333396 49
331776 511
330750 48
329280 183
328050 29
327680 66
326592 669
324135 5
324000 947
322560 1432
321489 10
320000 148
317520 719
315000 166
314928 99
313600 229
311040 1747
308700 97
307328 7
307200 585
306250 2
306180 196
303750 30
302400 2049
301056 155
300000 116
297675 14
296352 172
295245 4
294912 142
294000 258
291600 726
290304 894
288120 36
288000 1173
286720 146
285768 191
283500 195
282240 860
281250 3
280000 132
279936 463
277830 44
276480 1326
275625 3
275562 14
274400 65
273375 5
272160 1465
270000 334
268912 4
268800 1009
264600 407
263424 81
262500 13
262440 231
262144 12
259308 15
259200 1957
258048 400
257250 12
256000 200
255150 90
254016 483
252000 826
250880 136
250047 5
250000 12
248832 649
246960 198
245760 254
245000 31
244944 296
243000 306
241920 2007
240100 5
240000 321
238140 247
236250 34
236196 24
235200 491
233280 1144
231525 5
230496 19
230400 1252
229635 13
229376 28
226800 1072
225792 311
225000 48
224000 266
222264 96
221184 328
220500 96
219520 67
218700 135
217728 789
216090 6
216000 1095
215040 612
214326 38
212625 10
211680 786
210000 156
209952 216
207360 1689
205800 71
204800 142
204120 506
202500 61
201684 1
201600 1586
200704 39
200000 49
198450 83
197568 151
196875 4
196830 24
196608 42
196000 108
194481 2
194400 1096
193536 646
192080 13
192000 579
190512 286
189000 400
188160 450
187500 3
186624 565
185220 91
184320 698
183750 15
183708 61
182250 35
181440 1548
180000 338
179200 271
178605 8
177147 1
176400 458
175616 22
175000 18
174960 428
172872 22
172800 1695
172032 134
171500 9
170100 275
169344 458
168750 7
168070 1
168000 588
166698 22
165888 518
165375 11
164640 121
164025 5
163840 65
163296 484
162000 538
161280 1193
160000 105
158760 359
157500 82
157464 51
156800 162
155520 1402
154350 23
153664 10
153600 595
153125 1
153090 65
151875 3
151263 1
151200 1253
150528 166
150000 56
148176 112
147456 171
147000 109
145800 348
145152 754
144060 16
144000 895
143360 121
142884 67
141750 60
141120 673
140625 1
140000 95
139968 341
138915 7
138240 1259
137781 2
137200 29
136080 864
135000 154
134400 774
132300 176
131712 63
131250 5
131220 68
131072 6
129654 11
129600 1350
129024 364
128625 4
128000 158
127575 13
127008 327
126000 480
125440 111
125000 1
124416 598
123480 111
122880 274
122500 9
122472 133
121500 117
120960 1503
120050 2
120000 220
119070 56
118125 6
118098 8
117600 331
116640 759
115248 12
115200 1073
114688 29
113400 540
112896 269
112500 19
112000 197
111132 30
110592 350
110250 33
109760 55
109350 29
108864 582
108045 1
108000 632
107520 557
107163 5
105840 448
105000 86
104976 105
103680 1356
102900 30
102400 136
102060 194
101250 16
100842 1
100800 1024
100352 31
100000 19
99225 11
98784 80
98415 5
98304 55
98000 74
97200 627
96768 553
96040 6
96000 421
95256 143
94500 157
94080 330
93750 1
93312 428
92610 35
92160 710
91875 2
91854 17
91125 1
90720 1071
90000 148
89600 224
88200 201
87808 19
87500 6
87480 203
86436 9
86400 1222
86016 112
85750 3
85050 78
84672 318
84375 1
84035 1
84000 305
83349 5
82944 497
82320 68
81920 62
81648 256
81000 241
80640 978
80000 85
79380 143
78750 17
78732 25
78400 110
77760 993
77175 5
76832 8
76800 520
76545 7
75600 668
75264 133
75000 24
74088 61
73728 175
73500 36
72900 99
72576 572
72030 4
72000 537
71680 129
71442 23
70875 9
70560 403
70000 34
69984 186
69120 1057
68600 13
68040 385
67500 48
67200 549
66150 53
65856 59
65610 18
65536 10
64800 748
64512 344
64000 132
63504 209
63000 205
62720 98
62208 451
61740 35
61440 268
61250 1
61236 57
60750 26
60480 1024
60025 1
60000 121
59535 11
58800 160
58320 384
57624 7
57600 810
57344 34
56700 193
56448 217
56250 5
56000 117
55566 7
55296 311
55125 6
54880 30
54675 3
54432 343
54000 348
53760 445
52920 188
52500 23
52488 53
51840 951
51450 9
51200 112
51030 52
50625 1
50400 586
50176 31
50000 14
49392 44
49152 63
49000 29
48600 269
48384 477
48020 3
48000 305
47628 50
47250 36
47040 255
46656 292
46305 4
46080 602
45927 1
45360 540
45000 77
44800 166
44100 90
43904 14
43750 1
43740 70
43218 1
43200 853
43008 131
42525 5
42336 181
42000 153
41472 390
41160 43
40960 48
40824 106
40500 78
40320 727
40000 43
39690 31
39375 1
39366 6
39200 62
38880 572
38400 371
37800 315
37632 96
37500 14
37044 22
36864 157
36750 9
36450 26
36288 385
36000 319
35840 105
35721 4
35280 202
35000 17
34992 91
34560 750
34300 5
34020 153
33750 6
33600 351
33075 6
32928 24
32805 2
32768 14
32400 412
32256 247
32000 93
31752 99
31500 58
31360 61
31104 321
30870 18
30720 266
30625 1
30618 16
30375 2
30240 610
30000 60
29400 81
29160 185
28812 2
28800 544
28672 28
28350 40
28224 153
28000 65
27783 2
27648 289
27440 14
27216 191
27000 153
26880 346
26460 72
26250 3
26244 23
25920 619
25725 1
25600 82
25515 4
25200 308
25088 26
25000 5
24696 25
24576 60
24500 6
24300 101
24192 321
24010 1
24000 156
23814 19
23625 8
23520 124
23328 166
23040 467
22680 253
22500 25
22400 96
22050 17
21952 6
21870 20
21600 439
21504 121
21168 92
21000 63
20736 311
20580 11
20480 47
20412 44
20250 22
20160 456
20000 29
19845 6
19600 29
19440 253
19208 2
19200 264
18900 90
18816 70
18750 1
18522 6
18432 161
18375 1
18225 5
18144 216
18000 148
17920 80
17640 78
17500 5
17496 44
17280 507
17150 3
17010 36
16800 212
16464 14
16384 15
16200 163
16128 192
16000 67
15876 45
15750 21
15680 41
15552 210
15435 2
15360 193
15309 1
15120 310
15000 24
14700 19
14580 49
14406 1
14400 365
14336 25
14175 4
14112 78
14000 29
13824 223
13720 5
13608 99
13500 23
13440 239
13230 18
13125 1
13122 4
12960 338
12800 69
12600 126
12544 10
12500 2
12348 11
12288 55
12250 3
12150 11
12096 222
12000 93
11907 1
11760 62
11664 82
11520 311
11340 87
11250 5
11200 55
11025 1
10976 7
10935 2
10800 201
10752 91
10584 44
10500 19
10368 201
10290 4
10240 37
10206 13
10125 1
10080 248
10000 7
9800 17
9720 112
9604 1
9600 168
9450 20
9408 38
9261 1
9216 142
9072 122
9000 50
8960 64
8820 24
8750 3
8748 23
8640 286
8505 5
8400 107
8232 4
8192 12
8100 51
8064 136
8000 38
7938 11
7875 3
7840 18
7776 140
7680 123
7560 85
7500 5
7350 4
7290 10
7200 190
7168 17
7056 31
7000 10
6912 146
6860 7
6804 34
6750 8
6720 130
6615 2
6561 1
6480 157
6400 50
6300 26
6272 13
6174 1
6144 41
6075 1
6048 92
6000 39
5880 24
5832 29
5760 229
5670 18
5600 31
5488 4
5400 83
5376 53
5292 16
5250 2
5184 117
5145 1
5120 33
5103 2
5040 102
5000 7
4900 5
4860 38
4800 95
4725 2
4704 23
4608 90
4536 43
4500 17
4480 27
4410 9
4374 2
4320 161
4200 46
4116 2
4096 11
4050 7
4032 81
4000 20
3969 2
3920 6
3888 59
3840 109
3780 24
3750 1
3675 1
3600 65
3584 16
3528 17
3500 5
3456 96
3430 2
3402 9
3375 2
3360 74
3240 50
3200 26
3150 5
3136 6
3087 1
3072 36
3024 49
3000 20
2940 14
2916 12
2880 121
2835 2
2800 14
2700 25
2688 30
2646 4
2625 1
2592 55
2560 25
2520 44
2500 1
2430 4
2400 48
2352 10
2304 52
2268 11
2250 4
2240 16
2160 70
2100 10
2048 10
2016 39
2000 3
1960 5
1944 17
1920 61
1890 8
1800 34
1792 7
1764 5
1750 1
1728 45
1680 30
1620 15
1600 12
1575 2
1568 8
1536 23
1512 14
1500 7
1470 2
1458 2
1440 56
1400 6
1350 3
1344 29
1323 1
1296 22
1280 12
1260 14
1215 1
1200 22
1176 3
1152 32
1134 3
1120 4
1080 26
1024 5
1008 17
1000 4
980 3
972 6
960 25
900 9
896 3
864 22
840 6
810 8
800 9
768 12
756 10
750 1
720 22
700 2
675 1
672 11
648 11
640 7
630 2
600 6
588 3
576 16
560 3
540 8
512 2
504 8
486 1
480 13
450 2
448 4
432 11
420 2
384 6
378 3
360 5
336 5
324 2
320 1
315 1
300 2
288 5
280 2
270 1
256 3
240 12
225 1
224 3
216 6
200 2
192 3
180 4
175 1
168 1
162 1
160 2
150 1
147 1
144 4
120 2
112 1
108 3
84 1
80 2
72 2
64 1
60 1
16 1
