3103 1
3040 1
3037 1
3035 2
3034 2
3031 1
3028 1
3025 1
3024 1
3019 1
3018 1
3017 2
3015 1
3013 1
3012 4
3011 3
3010 2
3008 2
3007 2
3005 4
3004 2
3003 1
3002 1
3001 6
3000 2
2999 3
2998 2
2997 4
2996 5
2995 3
2994 5
2993 3
2992 2
2991 10
2990 11
2989 8
2988 2
2987 5
2986 7
2985 10
2984 8
2983 12
2982 5
2981 9
2980 6
2979 11
2978 10
2977 10
2976 12
2975 12
2974 10
2973 14
2972 12
2971 11
2970 25
2969 21
2968 17
2967 21
2966 25
2965 26
2964 27
2963 16
2962 18
2961 24
2960 32
2959 35
2958 40
2957 29
2956 25
2955 45
2954 47
2953 40
2952 59
2951 54
2950 54
2949 63
2948 63
2947 41
2946 56
2945 67
2944 70
2943 82
2942 69
2941 61
2940 76
2939 98
2938 92
2937 78
2936 121
2935 105
2934 110
2933 114
2932 105
2931 113
2930 113
2929 130
2928 113
2927 128
2926 152
2925 149
2924 169
2923 166
2922 158
2921 169
2920 192
2919 195
2918 196
2917 254
2916 227
2915 237
2914 234
2913 228
2912 251
2911 267
2910 271
2909 308
2908 275
2907 305
2906 316
2905 328
2904 324
2903 340
2902 382
2901 397
2900 404
2899 423
2898 484
2897 470
2896 478
2895 449
2894 519
2893 565
2892 526
2891 536
2890 605
2889 584
2888 588
2887 600
2886 633
2885 727
2884 725
2883 707
2882 791
2881 791
2880 792
2879 814
2878 857
2877 882
2876 950
2875 902
2874 957
2873 1007
2872 1033
2871 1020
2870 1129
2869 1161
2868 1145
2867 1185
2866 1188
2865 1173
2864 1286
2863 1256
2862 1362
2861 1446
2860 1415
2859 1462
2858 1492
2857 1531
2856 1573
2855 1665
2854 1729
2853 1630
2852 1721
2851 1749
2850 1848
2849 1912
2848 1921
2847 1936
2846 1980
2845 2100
2844 2131
2843 2203
2842 2219
2841 2279
2840 2414
2839 2346
2838 2423
2837 2488
2836 2508
2835 2612
2834 2696
2833 2784
2832 2758
2831 2808
2830 2902
2829 2952
2828 2944
2827 3029
2826 3174
2825 3126
2824 3130
2823 3292
2822 3352
2821 3286
2820 3442
2819 3398
2818 3564
2817 3520
2816 3629
2815 3770
2814 3760
2813 3815
2812 3868
2811 3972
2810 3914
2809 4092
2808 4241
2807 4180
2806 4197
2805 4255
2804 4410
2803 4431
2802 4465
2801 4513
2800 4603
2799 4672
2798 4679
2797 4738
2796 4830
2795 4838
2794 4934
2793 4898
2792 4893
2791 5102
2790 5130
2789 5139
2788 5321
2787 5305
2786 5348
2785 5359
2784 5416
2783 5444
2782 5520
2781 5562
2780 5489
2779 5628
2778 5692
2777 5676
2776 5737
2775 5543
2774 5884
2773 5969
2772 5875
2771 5820
2770 5930
2769 5899
2768 5912
2767 6019
2766 6010
2765 6130
2764 6075
2763 6077
2762 6302
2761 6169
2760 6213
2759 6092
2758 6121
2757 6190
2756 6244
2755 6131
2754 6234
2753 6271
2752 6297
2751 6326
2750 6218
2749 6209
2748 6205
2747 6199
2746 6328
2745 6143
2744 6202
2743 6259
2742 6154
2741 6320
2740 6101
2739 6106
2738 6017
2737 6003
2736 6065
2735 6146
2734 6023
2733 5966
2732 6069
2731 5748
2730 5878
2729 5855
2728 5780
2727 5901
2726 5741
2725 5708
2724 5809
2723 5544
2722 5668
2721 5619
2720 5627
2719 5555
2718 5507
2717 5521
2716 5416
2715 5240
2714 5386
2713 5254
2712 5191
2711 5169
2710 5129
2709 4922
2708 5077
2707 4824
2706 4932
2705 4882
2704 4853
2703 4684
2702 4646
2701 4511
2700 4581
2699 4592
2698 4535
2697 4456
2696 4293
2695 4288
2694 4279
2693 4114
2692 4132
2691 4011
2690 4056
2689 3911
2688 3815
2687 3942
2686 3789
2685 3638
2684 3501
2683 3659
2682 3446
2681 3406
2680 3344
2679 3331
2678 3291
2677 3232
2676 3105
2675 3235
2674 3016
2673 3071
2672 2976
2671 3026
2670 2912
2669 2884
2668 2804
2667 2778
2666 2683
2665 2614
2664 2510
2663 2491
2662 2376
2661 2311
2660 2383
2659 2362
2658 2222
2657 2207
2656 2130
2655 2089
2654 1955
2653 2045
2652 1964
2651 1929
2650 1907
2649 1781
2648 1831
2647 1752
2646 1645
2645 1647
2644 1555
2643 1582
2642 1471
2641 1452
2640 1488
2639 1359
2638 1334
2637 1309
2636 1275
2635 1267
2634 1226
2633 1208
2632 1055
2631 1120
2630 1076
2629 1078
2628 960
2627 996
2626 946
2625 932
2624 932
2623 898
2622 908
2621 808
2620 763
2619 793
2618 744
2617 754
2616 683
2615 645
2614 649
2613 619
2612 650
2611 612
2610 606
2609 549
2608 556
2607 488
2606 537
2605 483
2604 442
2603 429
2602 434
2601 422
2600 389
2599 395
2598 379
2597 369
2596 344
2595 316
2594 320
2593 305
2592 273
2591 287
2590 274
2589 274
2588 251
2587 263
2586 239
2585 228
2584 211
2583 231
2582 213
2581 221
2580 212
2579 180
2578 176
2577 148
2576 166
2575 133
2574 136
2573 140
2572 152
2571 153
2570 133
2569 121
2568 103
2567 121
2566 99
2565 101
2564 90
2563 97
2562 69
2561 76
2560 90
2559 79
2558 60
2557 70
2556 68
2555 54
2554 60
2553 57
2552 60
2551 59
2550 53
2549 53
2548 46
2547 44
2546 34
2545 41
2544 30
2543 35
2542 30
2541 40
2540 24
2539 19
2538 30
2537 27
2536 16
2535 21
2534 18
2533 14
2532 24
2531 24
2530 22
2529 12
2528 10
2527 17
2526 16
2525 13
2524 11
2523 17
2522 11
2521 15
2520 11
2519 13
2518 6
2517 9
2516 7
2515 7
2514 11
2513 11
2512 7
2511 10
2510 5
2509 6
2508 3
2507 6
2506 6
2505 3
2504 6
2503 8
2502 8
2501 4
2500 2
2499 2
2498 7
2497 2
2496 1
2495 3
2494 1
2493 3
2491 2
2490 5
2489 3
2488 1
2487 1
2486 2
2485 4
2484 1
2482 1
2481 3
2479 1
2478 3
2477 2
2476 1
2472 1
2471 1
2466 1
2462 1
2460 1
2457 1
