5248800000 1
3936600000 1
3732480000 1
3572100000 2
3499200000 1
3456000000 1
3317760000 1
3265920000 1
3214890000 1
3175200000 2
3149280000 1
3110400000 1
3024000000 1
2940000000 1
2939328000 1
2916000000 1
2857680000 1
2834352000 1
2799360000 1
2764800000 2
2755620000 1
2721600000 1
2646000000 2
2624400000 1
2612736000 3
2592000000 1
2571912000 2
2560000000 1
2540160000 2
2519424000 5
2488320000 1
2480058000 1
2449440000 3
2419200000 2
2361960000 1
2332800000 2
2322432000 1
2314720800 1
2286144000 4
2257920000 2
2240000000 1
2204496000 4
2177280000 1
2150400000 1
2125764000 1
2116800000 5
2116316160 1
2099520000 2
2090188800 3
2073600000 2
2066715000 2
2064384000 1
2058000000 1
2057529600 1
2048000000 1
2041200000 1
2040733440 1
2032128000 5
2015539200 1
2000376000 1
1990656000 1
1984046400 1
1975680000 5
1968300000 2
1959552000 2
1944000000 1
1935360000 1
1928934000 1
1920800000 1
1905120000 2
1889568000 2
1881600000 1
1881169920 1
1866240000 8
1860043500 1
1857945600 1
1851776640 3
1843200000 3
1837080000 2
1835008000 1
1828915200 4
1814400000 14
1813985280 1
1806336000 5
1800000000 2
1792000000 1
1791590400 5
1786050000 2
1778112000 3
1769472000 1
1764000000 4
1763596800 3
1750329000 1
1749600000 5
1741824000 1
1728000000 1
1714608000 9
1701000000 5
1700611200 1
1693440000 4
1680000000 2
1679616000 4
1666980000 1
1653372000 5
1640250000 1
1632960000 13
1625702400 3
1620000000 2
1612800000 3
1607445000 1
1600300800 1
1587600000 7
1587237120 2
1580544000 1
1575000000 1
1574640000 5
1568000000 2
1567641600 7
1555848000 1
1555200000 9
1548288000 2
1543147200 1
1530900000 3
1524096000 4
1512630000 1
1511654400 3
1492992000 5
1488034800 2
1481760000 1
1481421312 1
1474560000 2
1469664000 11
1463132160 1
1458000000 2
1451520000 12
1446700500 1
1445068800 1
1440000000 1
1433600000 3
1428840000 13
1422489600 2
1417176000 3
1415577600 1
1411200000 8
1410877440 3
1400263200 1
1400000000 1
1399680000 5
1393459200 5
1389150000 1
1388832480 4
1382976000 1
1382400000 3
1377810000 2
1371686400 5
1361367000 1
1360800000 10
1360488960 2
1354752000 4
1350000000 1
1344000000 7
1343692800 5
1333584000 3
1327104000 4
1323000000 2
1322697600 8
1317120000 1
1312200000 5
1306368000 15
1296000000 10
1290240000 5
1289945088 1
1285956000 12
1275458400 2
1274019840 1
1270080000 18
1264435200 1
1260236880 1
1260000000 1
1259712000 9
1254400000 4
1254113280 3
1250235000 1
1249949232 2
1244160000 8
1240029000 6
1238630400 1
1234800000 5
1234517760 3
1224720000 19
1219276800 5
1209600000 8
1209323520 3
1200500000 1
1200225600 5
1200000000 1
1194393600 4
1190700000 6
1190427840 2
1185408000 4
1180980000 1
1179648000 4
1176490000 1
1176000000 1
1175731200 8
1166886000 1
1166400000 10
1161216000 9
1157360400 3
1152480000 2
1152216576 1
1152000000 6
1146880000 1
1146617856 1
1143072000 14
1137991680 1
1134000000 5
1133740800 4
1128960000 9
1125211500 1
1123942400 1
1120210560 3
1120000000 1
1119744000 13
1114767360 1
1111320000 7
1105920000 4
1102248000 19
1101004800 1
1097600000 4
1097349120 5
1093500000 1
1089093600 2
1088640000 36
1088391168 1
1083801600 4
1080203040 2
1080000000 1
1075200000 4
1074954240 6
1071630000 6
1066867200 6
1062882000 2
1061683200 2
1058841000 1
1058400000 13
1058158080 8
1050197400 2
1049760000 17
1045094400 9
1041624360 2
1037232000 5
1036800000 14
1033357500 1
1032192000 6
1028764800 16
1024000000 1
1020600000 20
1020366720 2
1016064000 21
1012690350 1
1008000000 9
1007769600 16
1003520000 2
1000188000 5
995742720 3
995328000 11
992250000 3
992023200 6
990904320 2
987840000 9
987614208 2
983449600 2
983040000 3
979776000 34
975421440 4
972000000 8
967680000 22
964467000 8
960400000 1
960180480 1
960000000 3
956593800 1
952560000 20
952342272 1
948326400 4
945000000 3
944784000 17
943718400 1
940800000 7
940584960 10
933508800 8
933120000 27
928972800 8
925888320 7
921600000 11
918540000 21
917504000 1
914457600 19
910393344 1
907200000 26
906992640 3
903168000 8
900169200 2
900000000 2
896000000 4
895795200 6
893025000 7
892820880 1
889056000 23
885735000 2
885104640 1
884736000 8
882000000 7
881798400 25
878080000 1
877879296 1
874800000 14
871274880 1
870912000 38
868020300 3
867041280 2
864360000 5
864000000 7
860160000 5
857304000 27
853493760 9
850500000 8
850305600 7
846720000 26
846526464 1
842956800 3
840157920 2
840000000 2
839808000 19
836075520 7
833490000 9
833299488 1
829785600 2
829440000 21
826686000 13
825753600 4
823200000 3
823011840 11
819200000 4
816820200 1
816480000 50
816293376 1
812851200 19
810152280 5
810000000 3
806736000 1
806400000 22
806215680 4
803722500 5
802816000 2
800150400 21
800000000 2
797161500 1
796594176 2
796262400 12
793800000 17
793618560 11
790272000 13
787500000 1
787320000 5
784000000 6
783820800 36
777924000 14
777600000 27
774466560 1
774144000 24
771750000 1
771573600 19
768144384 1
768000000 2
765450000 1
762048000 42
758661120 1
756315000 2
756142128 3
756000000 18
755827200 11
752640000 10
752467968 1
750141000 5
750000000 1
746807040 5
746496000 35
744017400 3
743178240 1
740880000 15
740710656 2
737280000 9
735138180 1
735000000 2
734832000 46
734003200 1
731566080 15
729000000 7
726062400 1
725760000 68
725594112 2
723350250 2
722534400 10
720300000 1
720135360 12
720000000 3
716800000 5
716636160 6
714420000 35
714256704 1
711244800 26
708750000 1
708588000 7
707788800 3
705600000 17
705438720 26
702464000 5
700131600 10
699840000 37
696729600 24
694575000 2
694416240 10
691488000 15
691200000 22
688905000 6
688128000 5
686000000 5
685843200 31
680683500 1
680400000 43
680244480 3
677658240 1
677376000 35
675126900 7
675000000 1
672280000 1
672000000 10
671846400 25
669615660 2
668860416 1
666792000 16
663828480 2
663552000 14
661624362 1
661500000 7
661348800 22
658560000 9
658409472 2
656100000 11
655360000 1
653456160 1
653184000 77
650280960 7
648270000 3
648121824 3
648000000 19
645388800 1
645120000 30
644972544 2
642978000 12
640120320 14
637875000 2
637729200 2
637009920 2
635040000 68
634894848 3
632217600 9
630118440 3
630000000 9
629856000 16
627200000 10
627056640 24
625117500 1
624974616 1
622339200 12
622080000 50
620014500 6
619315200 15
617400000 6
617258880 24
614656000 2
614400000 5
612360000 61
612220032 3
609892416 1
609638400 59
607614210 3
607500000 1
605052000 1
604800000 44
604661760 9
602112000 5
600362847 1
600250000 1
600112800 21
600000000 3
597445632 1
597196800 22
595350000 11
595213920 8
594542592 1
592950960 1
592704000 34
590490000 4
590069760 1
589824000 5
588000000 6
587865600 78
585252864 4
583443000 4
583200000 32
580849920 1
580608000 75
578680200 8
578027520 2
576240000 4
576108288 6
576000000 18
574087500 1
573956280 1
573440000 6
571536000 78
568995840 13
567106596 1
567000000 15
566870400 14
564480000 43
564350976 6
562605750 1
562500000 1
561971200 2
560105280 2
560000000 7
559872000 60
557383680 13
555660000 19
555532992 5
553190400 10
552960000 43
551353635 1
551250000 5
551124000 37
550502400 3
548800000 5
548674560 42
546750000 2
544546800 4
544320000 105
544195584 1
541900800 33
540225000 2
540101520 10
540000000 9
537824000 1
537600000 23
537477120 12
535815000 14
533433600 38
531441000 5
530841600 8
529200000 42
529079040 34
526848000 13
525098700 3
524880000 38
524288000 1
522547200 74
520224768 2
518616000 11
518400000 52
516678750 1
516096000 25
514500000 2
514382400 43
512096256 4
512000000 2
510300000 31
510183360 3
508032000 86
505774080 5
504094752 2
504000000 27
503884800 51
501760000 12
501645312 7
500094000 26
497871360 7
497664000 57
496125000 5
496011600 16
495452160 2
493920000 32
493807104 7
492075000 1
491724800 6
491520000 10
490000000 6
489888000 116
487710720 26
486202500 1
486091368 1
486000000 24
484041600 3
483840000 80
483729408 1
482233500 4
481689600 8
480090240 17
480000000 5
478296900 1
477757440 7
476280000 73
476171136 5
474163200 29
472588830 2
472500000 6
472392000 23
470400000 33
470292480 47
466754400 16
466560000 82
464486400 44
463050000 10
462944160 12
462422016 2
460992000 10
460800000 26
459270000 25
457419312 1
457228800 104
455196672 3
453789000 3
453600000 71
453496320 14
452984832 1
451584000 59
450084600 7
450000000 3
449576960 1
448084224 4
448000000 12
447897600 59
446512500 4
446410440 4
445906944 4
444528000 68
442867500 1
442552320 5
442368000 16
441082908 1
441000000 11
440899200 60
439040000 5
438939648 12
437582250 1
437400000 30
435637440 5
435456000 154
434010150 3
433520640 18
432180000 8
432081216 5
432000000 27
430259200 2
430080000 24
429981696 2
428652000 72
426746880 21
425250000 6
425152800 10
424673280 2
423536400 1
423360000 83
423263232 7
421478400 15
420078960 12
420000000 6
419904000 81
419430400 1
418037760 39
416745000 11
416649744 2
414892800 28
414720000 84
413343000 17
412876800 16
411600000 14
411505920 51
409600000 5
408410100 2
408240000 120
408146688 2
406425600 99
405076140 5
405000000 8
404619264 1
403368000 2
403200000 66
403107840 37
401861250 2
401408000 7
400075200 52
400000000 1
398297088 3
398131200 34
396900000 41
396809280 21
395136000 56
393660000 28
393379840 1
393216000 5
392073696 3
392000000 6
391910400 156
390168576 3
388962000 9
388800000 59
387233280 3
387072000 96
385875000 1
385786800 35
384160000 7
384072192 5
384000000 11
382725000 15
382637520 4
382205952 2
381024000 177
379330560 15
378071064 2
378000000 47
377913600 51
376320000 36
376233984 16
375070500 17
373403520 18
373248000 107
372008700 5
371589120 21
370440000 40
370355328 5
368793600 9
368640000 24
367569090 1
367500000 1
367416000 119
367001600 1
365783040 68
364568526 1
364500000 19
363031200 9
362880000 194
362797056 4
361267200 29
360150000 2
360067680 21
360000000 6
358400000 12
358318080 30
357210000 44
357128352 6
355622400 63
354375000 2
354294000 12
354041856 2
353894400 18
352800000 63
352719360 67
351232000 13
350065800 14
350000000 2
349920000 92
348364800 124
347287500 2
347208120 13
346816512 1
345744000 20
345600000 70
344452500 6
344373768 2
344207360 1
344064000 29
343000000 6
342921600 143
341397504 7
340341750 2
340200000 70
340122240 14
338688000 155
337563450 5
337500000 3
337182720 2
336063168 3
336000000 26
335923200 80
334807830 2
334430208 9
333396000 63
331914240 15
331776000 82
330750000 10
330674400 62
330301440 5
329417200 1
329280000 29
329204736 21
328050000 12
327680000 3
326728080 3
326592000 277
325140480 39
324135000 6
324060912 1
324000000 49
322694400 3
322560000 102
322486272 5
321489000 32
321126400 5
320060160 65
320000000 1
318937500 1
318864600 6
318504960 15
317520000 148
317447424 6
316108800 35
315059220 5
315000000 7
314928000 90
313600000 17
313528320 75
312558750 3
312487308 1
311169600 32
311040000 156
310007250 2
309786624 1
309657600 50
308700000 15
308629440 60
307328000 9
307200000 17
306180000 95
306110016 2
304819200 186
303807105 1
303750000 6
303464448 5
302526000 4
302400000 111
302330880 33
301181440 1
301056000 42
300125000 1
300056400 47
300000000 4
298722816 4
298598400 89
297675000 19
297606960 22
297271296 3
296475480 1
296352000 100
295245000 8
295034880 7
294912000 25
294055272 1
294000000 13
293932800 203
292626432 22
291721500 5
291600000 70
290424960 7
290304000 245
289340100 10
289013760 6
288120000 5
288054144 9
288000000 31
286978140 1
286720000 14
286654464 3
285768000 170
284497920 49
283553298 2
283500000 26
283435200 43
283115520 3
282357600 1
282240000 138
282175488 24
280985600 4
280052640 13
280000000 9
279936000 176
278691840 55
277830000 46
277766496 6
276595200 22
276480000 86
275625000 1
275562000 50
275251200 5
274400000 13
274337280 107
273375000 3
272273400 2
272160000 264
272097792 3
271063296 1
270950400 109
270112500 1
270050760 15
270000000 13
269746176 2
268912000 1
268800000 52
268738560 53
267907500 8
267846264 1
266716800 121
265720500 5
265531392 4
265420800 41
264600000 66
264539520 74
263424000 41
262549350 4
262500000 3
262440000 78
262144000 4
261382464 2
261273600 269
260406090 3
260112384 5
259308000 20
259200000 144
258155520 1
258048000 108
257250000 4
257191200 125
256901120 1
256048128 21
256000000 16
255150000 44
255091680 9
254803968 2
254121840 1
254016000 318
252887040 24
252047376 7
252000000 43
251942400 121
251658240 1
250880000 20
250822656 21
250047000 38
248935680 26
248832000 160
248062500 5
248005800 21
247726080 16
246960000 83
246903552 30
246037500 5
245862400 7
245760000 26
245046060 3
245000000 4
244944000 259
243855360 105
243101250 2
243045684 4
243000000 32
242020800 6
241920000 251
241864704 9
241116750 9
240844800 22
240100000 3
240045120 55
240000000 15
239148450 2
238878720 31
238140000 137
238085568 14
237081600 133
236250000 3
236196000 51
235929600 8
235200000 51
235146240 155
233377200 33
233280000 189
232339968 4
232243200 181
231525000 14
231472080 37
231211008 1
230496000 18
230400000 64
229635000 33
229582512 1
229376000 18
228614400 280
227598336 9
226894500 4
226800000 149
226748160 36
225792000 141
225042300 19
225000000 2
224788480 2
224042112 9
224000000 21
223948800 173
223256250 1
223205220 4
222953472 17
222264000 151
221433750 1
221276160 13
221184000 78
220541454 3
220500000 16
220449600 143
220200960 1
219520000 26
219469824 29
218700000 48
217818720 9
217728000 430
216760320 42
216090000 10
216040608 10
216000000 53
215129600 3
215040000 93
214990848 10
214326000 116
213373440 75
212625000 9
212576400 17
212336640 19
211768200 3
211680000 245
211631616 28
210827008 1
210739200 35
210039480 18
210000000 20
209952000 189
209715200 1
209018880 127
208372500 15
208324872 7
207532836 1
207446400 43
207360000 230
206671500 17
206438400 60
205800000 21
205752960 141
204800000 10
204205050 3
204120000 214
204073344 3
203212800 289
202538070 8
202500000 11
202309632 4
201684000 9
201600000 155
201553920 85
200884698 1
200704000 24
200037600 112
200000000 2
199148544 12
199065600 141
198450000 59
198404640 48
198180864 2
197568000 132
196875000 1
196830000 40
196689920 1
196608000 16
196036848 4
196000000 11
195955200 404
195084288 34
194481000 21
194400000 133
193616640 5
193536000 306
192893400 61
192675840 12
192080000 7
192036096 18
192000000 36
191362500 7
191318760 4
191102976 9
190512000 350
189665280 55
189035532 1
189000000 54
188956800 89
188743680 1
188238400 1
188160000 90
188116992 31
187535250 7
187500000 1
186701760 35
186624000 293
186004350 5
185794560 82
185220000 71
185177664 16
184396800 27
184320000 90
183750000 3
183708000 192
183500800 2
182891520 197
182284263 1
182250000 9
181515600 14
181440000 409
181398528 11
180633600 105
180075000 1
180033840 58
180000000 17
179200000 31
179159040 97
178605000 58
178564176 7
177811200 215
177187500 1
177147000 18
177020928 2
176947200 47
176400000 102
176359680 163
176160768 1
175616000 27
175032900 8
175000000 3
174960000 168
174254976 5
174182400 408
173604060 20
173408256 9
172872000 45
172800000 148
172226250 2
172103680 3
172032000 69
171500000 6
171460800 296
170698752 27
170100000 112
170061120 28
169869312 3
169414560 1
169344000 368
168781725 2
168591360 11
168070000 1
168031584 8
168000000 48
167961600 241
167772160 1
167215104 38
166698000 105
165957120 38
165888000 246
165375000 10
165337200 76
165150720 17
164640000 67
164602368 63
164025000 11
163840000 9
163364040 6
163296000 536
162570240 134
162067500 8
162030456 4
162000000 50
161347200 13
161280000 278
161243136 25
160744500 30
160563200 13
160030080 143
160000000 7
159468750 1
159432300 9
159252480 48
158760000 250
158723712 26
158054400 116
157529610 5
157500000 11
157464000 144
157286400 8
156800000 43
156764160 226
156279375 1
155584800 77
155520000 303
155003625 1
154893312 2
154828800 198
154350000 17
154314720 113
154140672 2
153664000 13
153600000 56
153125000 1
153090000 107
153055008 3
152409600 460
151875000 1
151732224 12
151263000 6
151200000 233
151165440 94
150528000 110
150062500 1
150028200 53
150000000 3
149361408 17
149299200 267
148837500 12
148803480 27
148635648 16
148176000 189
147622500 9
147517440 15
147456000 69
147027636 2
147000000 18
146966400 374
146800640 2
146313216 64
145860750 3
145800000 102
145212480 6
145152000 557
144670050 12
144506880 38
144060000 11
144027072 33
144000000 87
143360000 27
143327232 10
142884000 261
142248960 150
141750000 41
141717600 57
141557760 20
141120000 269
141087744 67
140492800 17
140026320 38
140000000 8
139968000 420
139345920 225
138915000 42
138883248 11
138297600 67
138240000 260
137781000 68
137625600 39
137200000 22
137168640 243
136687500 1
136136700 10
136080000 483
136048896 15
135475200 305
135025380 39
135000000 22
134873088 2
134456000 3
134400000 129
134369280 132
133953750 6
133923132 2
133358400 240
132860250 1
132765696 16
132710400 127
132300000 98
132269760 118
131766880 1
131712000 85
131250000 3
131220000 100
131072000 8
130691232 8
130636800 646
130203045 1
130056192 40
129654000 48
129600000 238
129077760 7
129024000 290
128625000 7
128595600 174
128450560 2
128024064 60
128000000 12
127575000 29
127545840 16
127401984 4
127060920 2
127008000 576
126443520 57
126052500 1
126023688 6
126000000 93
125971200 195
125829120 2
125440000 56
125411328 75
125023500 37
125000000 1
124467840 70
124416000 424
124031250 1
124002900 20
123863040 69
123480000 115
123451776 46
123018750 2
122931200 10
122880000 61
122523030 5
122500000 3
122472000 448
121927680 301
121550625 1
121500000 39
121010400 15
120960000 544
120932352 22
120558375 3
120422400 80
120050000 2
120022560 114
120000000 13
119574225 1
119439360 112
119070000 131
119042784 18
118540800 232
118125000 9
118098000 52
118013952 2
117964800 47
117649000 1
117600000 99
117573120 326
116688600 46
116640000 393
116169984 6
116121600 548
115762500 9
115736040 48
115605504 6
115248000 30
115200000 146
114817500 20
114688000 27
114354828 1
114307200 535
113799168 42
113447250 1
113400000 226
113374080 72
113246208 2
112943040 2
112896000 368
112521150 11
112500000 4
112394240 7
112021056 28
112000000 29
111974400 393
111602610 7
111476736 42
111132000 206
110716875 3
110638080 42
110592000 243
110250000 22
110224800 224
110100480 5
109760000 55
109734912 83
109350000 44
108909360 24
108864000 925
108380160 144
108045000 14
108020304 24
108000000 91
107564800 4
107520000 172
107495424 32
107163000 111
106686720 184
106312500 4
106288200 22
106168320 39
105884100 1
105840000 395
105815808 54
105369600 62
105019740 9
105000000 17
104976000 303
104857600 3
104509440 340
104186250 5
104162436 6
103723200 75
103680000 419
103335750 7
103262208 4
103219200 161
102900000 27
102876480 234
102400000 25
102102525 1
102060000 337
102036672 7
101648736 1
101606400 622
101269035 4
101250000 10
101154816 7
100842000 7
100800000 258
100776960 178
100442349 1
100352000 47
100018800 157
100000000 1
99574272 28
99532800 312
99225000 48
99202320 72
99090432 16
98784000 225
98415000 36
98344960 8
98304000 45
98018424 4
98000000 28
97977600 740
97542144 67
97240500 16
97200000 207
96808320 21
96768000 642
96468750 1
96446700 46
96337920 24
96040000 10
96018048 52
96000000 45
95681250 3
95659380 4
95551488 26
95295690 2
95256000 583
94832640 144
94517766 5
94500000 72
94478400 187
94371840 8
94080000 197
94058496 96
93350880 66
93312000 608
93002175 1
92897280 240
92610000 88
92588832 40
92198400 46
92160000 208
91875000 3
91854000 239
91750400 20
91445760 422
91125000 9
90757800 14
90720000 741
90699264 23
90354432 2
90316800 277
90037500 4
90016920 68
90000000 20
89915392 2
89600000 61
89579520 210
89302500 39
89282088 8
88905600 338
88573500 16
88510464 8
88473600 138
88236750 1
88200000 135
88179840 288
88080384 1
87808000 49
87516450 9
87500000 1
87480000 272
87127488 9
87091200 897
86802030 11
86704128 35
86436000 74
86400000 266
86051840 2
86016000 152
85750000 2
85730400 404
85349376 65
85050000 125
85030560 35
84934656 12
84707280 3
84672000 709
84295680 36
84035000 2
84015792 18
84000000 86
83980800 422
83607552 71
83349000 105
82978560 98
82944000 509
82687500 4
82668600 92
82575360 49
82320000 102
82301184 127
82012500 9
81920000 37
81682020 13
81648000 916
81285120 329
81033750 3
81015228 7
81000000 79
80673600 10
80640000 514
80621568 46
80372250 17
80281600 28
80015040 234
80000000 13
79716150 2
79626240 145
79413075 1
79380000 336
79361856 38
79060128 1
79027200 240
78764805 1
78750000 15
78732000 175
78643200 21
78400000 59
78382080 492
77792400 89
77760000 585
77446656 5
77414400 454
77175000 25
77157360 131
77070336 5
76832000 25
76800000 85
76562500 2
76545000 105
76527504 6
76236552 2
76204800 845
75937500 1
75866112 25
75631500 4
75600000 420
75582720 147
75497472 1
75295360 2
75264000 222
75014100 56
75000000 3
74680704 35
74649600 602
74418750 7
74401740 16
74317824 56
74088000 284
73811250 2
73758720 28
73728000 214
73513818 2
73500000 26
73483200 586
73400320 5
73156608 121
72930375 2
72900000 113
72606240 27
72576000 1190
72335025 2
72253440 124
72030000 19
72013536 58
72000000 93
71680000 71
71663616 42
71442000 330
71124480 320
70875000 19
70858800 68
70778880 44
70589400 2
70560000 443
70543872 123
70246400 47
70013160 45
70000000 11
69984000 642
69672960 493
69457500 33
69441624 16
69148800 109
69120000 464
68890500 62
68812800 73
68600000 31
68584320 460
68068350 6
68040000 614
68024448 21
67765824 4
67737600 681
67512690 16
67500000 19
67436544 3
67228000 2
67200000 197
67184640 279
66976875 1
66679200 353
66382848 35
66355200 367
66150000 108
66134880 196
66060288 6
65856000 156
65625000 2
65610000 114
65536000 16
65345616 13
65318400 1165
65028096 84
64827000 53
64800000 315
64538880 19
64512000 558
64297800 179
64225280 10
64012032 110
64000000 38
63787500 21
63772920 11
63700992 21
63530460 1
63504000 864
63221760 139
63026250 2
63011844 7
63000000 91
62985600 340
62914560 8
62720000 90
62705664 147
62511750 13
62500000 2
62233920 125
62208000 883
62001450 11
61931520 203
61740000 144
61725888 99
61509375 1
61465600 21
61440000 104
61261515 1
61250000 7
61236000 569
60963840 634
60761421 3
60750000 37
60505200 17
60480000 890
60466176 63
60211200 183
60025000 2
60011280 146
60000000 19
59719680 264
59535000 141
59521392 21
59270400 456
59062500 4
59049000 43
59006976 6
58982400 102
58800000 125
58786560 548
58720256 1
58344300 44
58320000 501
58084992 12
58060800 1031
57881250 1
57868020 51
57802752 26
57624000 61
57600000 260
57408750 6
57395628 1
57344000 54
57177414 1
57153600 776
56899584 81
56723625 1
56700000 277
56687040 102
56623104 5
56471520 7
56448000 651
56260575 2
56250000 2
56197120 15
56010528 30
56000000 51
55987200 631
55801305 1
55738368 90
55566000 237
55319040 105
55296000 469
55125000 10
55112400 316
55050240 27
54880000 55
54867456 188
54675000 35
54454680 20
54432000 1447
54190080 329
54022500 11
54010152 35
54000000 124
53782400 7
53760000 341
53747712 78
53581500 96
53343360 368
53156250 1
53144100 11
53084160 141
52942050 4
52920000 476
52907904 101
52684800 165
52509870 13
52500000 15
52488000 423
52428800 9
52254720 782
52093125 1
52081218 4
51861600 135
51840000 739
51667875 3
51631104 2
51609600 395
51450000 30
51438240 349
51380224 1
51200000 36
51030000 307
51018336 10
50824368 5
50803200 1086
50625000 2
50577408 18
50421000 7
50400000 410
50388480 320
50331648 2
50176000 86
50009400 189
50000000 3
49787136 49
49766400 686
49612500 22
49601160 66
49545216 37
49392000 304
49207500 22
49172480 11
49152000 84
49009212 3
49000000 18
48988800 1065
48771072 164
48620250 9
48600000 241
48404160 21
48384000 1199
48223350 21
48168960 55
48020000 17
48009024 94
48000000 73
47840625 1
47829690 1
47775744 53
47628000 705
47416320 315
47258883 1
47250000 47
47239200 202
47185920 35
47040000 297
47029248 195
46675440 100
46656000 962
46448640 501
46305000 88
46294416 46
46099200 78
46080000 370
45937500 3
45927000 201
45875200 34
45722880 750
45562500 2
45378900 15
45360000 984
45349632 54
45177216 1
45158400 525
45008460 65
45000000 31
44957696 1
44800000 105
44789760 422
44651250 18
44641044 6
44452800 472
44286750 6
44255232 15
44236800 327
44100000 169
44089920 394
44040192 1
43904000 98
43758225 4
43750000 2
43740000 258
43563744 14
43545600 1583
43401015 5
43352064 63
43218000 68
43200000 393
43025920 7
43008000 316
42875000 5
42865200 457
42674688 128
42525000 112
42515280 51
42467328 21
42353640 3
42336000 1049
42147840 67
42017500 2
42007896 16
42000000 111
41990400 734
41803776 193
41674500 69
41489280 123
41472000 965
41343750 1
41334300 67
41287680 145
41160000 113
41150592 181
41006250 5
40960000 49
40841010 6
40824000 1109
40642560 718
40507614 4
40500000 79
40336800 26
40320000 769
40310784 97
40186125 4
40140800 55
40007520 316
40000000 13
39858075 1
39813120 321
39690000 336
39680928 66
39530064 1
39513600 386
39375000 7
39366000 166
39337984 1
39321600 52
39200000 84
39191040 978
38896200 96
38880000 911
38723328 8
38707200 942
38587500 11
38578680 146
38535168 3
38416000 41
38400000 168
38272500 59
38118276 3
38102400 1340
37933056 69
37815750 4
37800000 409
37791360 259
37748736 4
37647680 4
37632000 374
37507050 37
37500000 4
37340352 50
37324800 1083
37200870 9
37158912 90
37044000 323
36905625 1
36879360 45
36864000 372
36756909 2
36750000 25
36741600 638
36700160 13
36578304 259
36450000 109
36303120 34
36288000 1783
36126720 235
36015000 15
36006768 70
36000000 120
35840000 134
35831808 110
35721000 274
35562240 484
35437500 16
35429400 74
35389440 118
35294700 2
35280000 533
35271936 171
35123200 66
35006580 44
35000000 14
34992000 840
34836480 942
34728750 13
34720812 20
34574400 136
34560000 782
34445250 28
34420736 1
34406400 188
34300000 33
34292160 644
34034175 1
34020000 666
34012224 25
33882912 4
33868800 1099
33756345 7
33750000 18
33718272 17
33614000 4
33600000 268
33592320 550
33480783 1
33339600 343
33191424 52
33177600 662
33075000 81
33067440 203
33030144 19
32928000 267
32805000 69
32768000 38
32672808 7
32659200 1801
32514048 179
32413500 33
32400000 370
32269440 18
32256000 1009
32156250 2
32148900 134
32112640 13
32006016 121
32000000 34
31893750 11
31886460 4
31850496 72
31765230 3
31752000 1042
31610880 248
31500000 97
31492800 437
31457280 10
31360000 141
31352832 289
31255875 3
31116960 143
31104000 1305
31000725 3
30965760 395
30870000 129
30862944 104
30732800 33
30720000 222
30625000 3
30618000 540
30481920 1008
30375000 23
30252600 14
30240000 1206
30233088 100
30118144 2
30105600 294
30012500 1
30005640 135
30000000 24
29859840 555
29767500 83
29760696 19
29635200 617
29524500 43
29503488 13
29491200 192
29412250 1
29400000 151
29393280 789
29360128 1
29172150 21
29160000 550
29042496 14
29030400 1770
28940625 1
28934010 25
28901376 39
28812000 52
28800000 365
28704375 2
28672000 119
28588707 2
28576800 929
28449792 163
28350000 207
28343520 124
28311552 14
28235760 2
28224000 1028
28125000 2
28098560 34
28005264 48
28000000 57
27993600 1097
27869184 234
27783000 188
27659520 117
27648000 910
27562500 5
27556200 242
27525120 68
27440000 83
27433728 295
27337500 20
27227340 11
27216000 1878
27095040 660
27011250 3
27005076 21
27000000 136
26891200 8
26880000 503
26873856 155
26790750 41
26671680 491
26572050 7
26542080 283
26460000 531
26453952 135
26342400 276
26254935 3
26250000 11
26244000 428
26214400 15
26127360 1283
26040609 2
25930800 145
25920000 1087
25815552 9
25804800 676
25725000 13
25719120 336
25690112 2
25600000 68
25515000 233
25509168 13
25412184 4
25401600 1696
25312500 1
25288704 51
25210500 10
25200000 470
25194240 456
25165824 1
25088000 196
25004700 115
25000000 2
24893568 60
24883200 1242
24806250 5
24800580 42
24772608 87
24696000 397
24603750 9
24586240 22
24576000 202
24504606 2
24500000 27
24494400 1358
24385536 296
24310125 7
24300000 264
24202080 32
24192000 1897
24111675 8
24084480 136
24010000 11
24004512 128
24000000 97
23887872 132
23814000 651
23708160 481
23625000 43
23619600 198
23592960 66
23529800 2
23520000 396
23514624 311
23337720 89
23328000 1336
23224320 938
23152500 48
23147208 46
23049600 109
23040000 581
22963500 106
22937600 70
22861440 1069
22781250 2
22689450 2
22680000 1106
22674816 51
22588608 1
22579200 942
22504230 26
22500000 25
22478848 7
22400000 130
22394880 770
22325625 2
22320522 4
22226400 578
22127616 38
22118400 569
22050000 112
22044960 496
22020096 8
21952000 121
21875000 1
21870000 260
21781872 14
21772800 2453
21676032 171
21609000 57
21600000 491
21512960 7
21504000 524
21437500 2
21432600 390
21337344 230
21262500 48
21257640 38
21233664 48
21176820 2
21168000 1326
21073920 121
21003948 14
21000000 93
20995200 859
20971520 3
20901888 362
20837250 34
20744640 187
20736000 1526
20667150 28
20643840 277
20580000 127
20575296 212
20480000 74
20420505 1
20412000 1227
20321280 1142
20253807 4
20250000 51
20168400 21
20160000 1112
20155392 162
20070400 104
20003760 325
20000000 22
19906560 632
19845000 215
19840464 51
19756800 562
19687500 5
19683000 132
19668992 3
19660800 101
19600000 101
19595520 1277
19448100 56
19440000 974
19361664 15
19353600 1650
19293750 1
19289340 100
19267584 19
19208000 39
19200000 216
19136250 27
19059138 2
19051200 1520
18966528 130
18907875 1
18900000 381
18895680 286
18874368 10
18816000 612
18753525 7
18750000 2
18670176 56
18662400 1621
18600435 3
18579456 176
18522000 298
18439680 82
18432000 604
18375000 18
18370800 623
18350080 16
18289152 433
18225000 80
18151560 29
18144000 2501
18063360 441
18007500 9
18003384 57
18000000 154
17920000 192
17915904 197
17860500 178
17781120 638
17718750 4
17714700 29
17694720 231
17640000 628
17635968 259
17561600 105
17503290 20
17500000 10
17496000 933
17418240 1461
17364375 3
17360406 7
17287200 153
17280000 1068
17222625 5
17210368 3
17203200 337
17150000 20
17146080 723
17010000 612
17006112 38
16941456 3
16934400 1756
16875000 5
16859136 30
16807000 6
16800000 378
16796160 781
16777216 1
16669800 286
16595712 71
16588800 1284
16537500 58
16533720 167
16515072 46
16464000 303
16402500 48
16384000 67
16336404 7
16329600 2316
16257024 299
16206750 18
16200000 425
16134720 28
16128000 1532
16074450 61
16056320 50
16003008 207
16000000 39
15946875 2
15943230 5
15925248 116
15882615 2
15876000 1096
15805440 369
15750000 82
15746400 444
15728640 41
15680000 180
15676416 463
15558480 132
15552000 1823
15482880 776
15435000 84
15431472 108
15366400 44
15360000 343
15309000 385
15240960 1425
15187500 14
15126300 21
15120000 1346
15116544 134
15059072 2
15052800 462
15006250 1
15002820 111
15000000 27
14929920 931
14883750 32
14880348 15
14817600 765
14762250 10
14751744 20
14745600 372
14700000 131
14696640 932
14680064 3
14586075 2
14580000 525
14521248 13
14515200 2588
14467005 6
14450688 83
14406000 52
14400000 501
14336000 171
14288400 838
14224896 271
14175000 130
14171760 105
14155776 39
14117880 4
14112000 1226
14062500 2
14049280 45
14002632 35
14000000 56
13996800 1441
13934592 399
13891500 110
13829760 149
13824000 1360
13781250 7
13778100 143
13762560 128
13720000 84
13716864 382
13668750 8
13613670 7
13608000 1947
13547520 998
13505625 3
13502538 18
13500000 109
13445600 11
13440000 655
13436928 203
13395375 11
13335840 561
13271040 537
13230000 411
13226976 129
13171200 325
13125000 9
13122000 356
13107200 30
13063680 1879
12965400 102
12960000 1260
12907776 8
12902400 1167
12862500 9
12859560 299
12845056 2
12800000 72
12757500 114
12754584 6
12706092 2
12700800 1998
12656250 2
12644352 100
12605250 2
12600000 462
12597120 556
12582912 5
12544000 238
12502350 69
12500000 1
12446784 78
12441600 1912
12403125 1
12400290 23
12386304 153
12348000 379
12293120 32
12288000 319
12250000 23
12247200 1358
12192768 474
12150000 166
12101040 34
12096000 2404
12042240 221
12005000 9
12002256 112
12000000 98
11943936 222
11907000 471
11854080 620
11812500 14
11809800 137
11796480 114
11764900 2
11760000 454
11757312 443
11668860 53
11664000 1472
11612160 1539
11576250 18
11573604 35
11524800 118
11520000 827
11481750 39
11468800 108
11430720 1152
11344725 2
11340000 1009
11337408 92
11289600 1301
11252115 10
11250000 16
11239424 6
11200000 154
11197440 1065
11160261 4
11113200 536
11063808 77
11059200 1023
11025000 83
11022480 424
11010048 15
10976000 127
10935000 167
10890936 12
10886400 3085
10838016 256
10804500 27
10800000 478
10756480 8
10752000 826
10716300 207
10668672 267
10631250 8
10628820 22
10616832 104
10584000 1366
10536960 165
10501974 9
10500000 79
10497600 924
10485760 13
10450944 605
10418625 2
10372320 188
10368000 2059
10333575 4
10321920 502
10290000 99
10287648 256
10240000 103
10206000 978
10160640 1616
10125000 42
10084200 12
10080000 1213
10077696 210
10035200 170
10001880 234
10000000 17
9953280 1025
9922500 126
9920232 47
9878400 653
9843750 1
9841500 71
9834496 4
9830400 169
9800000 61
9797760 1624
9724050 34
9720000 953
9680832 9
9676800 2514
9644670 45
9633792 35
9604000 44
9600000 286
9568125 5
9565938 1
9525600 1516
9483264 212
9450000 276
9447840 273
9437184 28
9411920 1
9408000 763
9335088 65
9331200 2099
9289728 349
9261000 223
9219840 117
9216000 912
9187500 4
9185400 421
9175040 37
9144576 553
9112500 33
9075780 19
9072000 2610
9031680 714
9003750 7
9001692 38
9000000 151
8960000 257
8957952 296
8930250 67
8890560 651
8857350 14
8847360 392
8820000 534
8817984 318
8780800 139
8751645 10
8750000 10
8748000 800
8709120 2190
8680203 2
8643600 139
8640000 1272
8605184 3
8601600 556
8575000 11
8573040 591
8505000 364
8503056 42
8470728 3
8467200 1970
8437500 2
8429568 36
8403500 3
8400000 335
8398080 942
8388608 3
8334900 172
8297856 81
8294400 1867
8268750 13
8266860 89
8257536 98
8232000 291
8201250 9
8192000 89
8168202 4
8164800 2385
8128512 480
8103375 2
8100000 343
8067360 22
8064000 1887
8037225 20
8028160 65
8001504 206
8000000 39
7971615 2
7962624 187
7938000 861
7902720 494
7875000 38
7873200 360
7864320 63
7840000 205
7838208 647
7779240 111
7776000 2087
7741440 1178
7717500 54
7715736 71
7683200 59
7680000 453
7654500 198
7620480 1670
7593750 2
7563150 5
7560000 1327
7558272 163
7526400 677
7501410 42
7500000 20
7464960 1308
7441875 6
7440174 8
7408800 641
7381125 1
7375872 30
7372800 604
7350000 93
7348320 902
7340032 3
7290000 423
7260624 12
7257600 3428
7225344 165
7203000 36
7200000 501
7168000 236
7144200 661
7112448 271
7087500 69
7085880 87
7077888 52
7058940 3
7056000 1291
7024640 77
7001316 30
7000000 36
6998400 1501
6967296 567
6945750 40
6914880 168
6912000 1796
6890625 1
6889050 56
6881280 183
6860000 59
6858432 446
6834375 2
6806835 2
6804000 1632
6773760 1425
6751269 4
6750000 71
6722800 13
6720000 805
6718464 324
6667920 456
6635520 904
6615000 258
6613488 125
6585600 417
6561000 227
6553600 52
6531840 2237
6482700 74
6480000 1272
6453888 11
6451200 1660
6431250 7
6429780 174
6422528 14
6400000 117
6378750 35
6377292 3
6350400 2063
6322176 134
6302625 1
6300000 351
6298560 570
6291456 5
6272000 287
6251175 13
6223392 85
6220800 2505
6200145 3
6193152 242
6174000 339
6146560 34
6144000 428
6125000 12
6123600 1082
6096384 700
6075000 93
6050520 14
6048000 2826
6021120 346
6002500 4
6001128 70
6000000 111
5971968 327
5953500 236
5927040 732
5906250 4
5904900 74
5898240 230
5880000 382
5878656 512
5834430 23
5832000 1460
5806080 2117
5788125 2
5786802 16
5762400 100
5760000 1039
5740875 11
5734400 177
5715360 1065
5670000 715
5668704 72
5647152 3
5644800 1576
5625000 8
5619712 15
5600000 141
5598720 1386
5556600 378
5531904 72
5529600 1446
5512500 41
5511240 288
5505024 33
5488000 123
5467500 58
5445468 8
5443200 3327
5419008 378
5402250 16
5400000 421
5378240 19
5376000 1025
5358150 78
5334336 303
5315625 1
5314410 9
5308416 178
5292000 1162
5268480 268
5250987 2
5250000 51
5248800 771
5242880 13
5225472 751
5186160 142
5184000 2294
5160960 790
5145000 66
5143824 229
5120000 142
5103000 613
5080320 1906
5062500 20
5042100 4
5040000 1209
5038848 272
5017600 235
5000940 156
5000000 9
4976640 1394
4961250 32
4960116 25
4939200 617
4920750 28
4917248 9
4915200 255
4900000 61
4898880 1565
4862025 7
4860000 723
4840416 22
4838400 3007
4822335 11
4816896 62
4802000 31
4800000 294
4762800 1140
4741632 267
4725000 153
4723920 229
4718592 39
4705960 2
4704000 801
4667544 44
4665600 2356
4644864 521
4630500 140
4609920 105
4608000 1253
4593750 1
4592700 253
4587520 58
4572288 586
4556250 9
4537890 10
4536000 2441
4515840 992
4500846 14
4500000 108
4480000 291
4478976 429
4465125 11
4445280 632
4428675 1
4423680 612
4410000 346
4408992 299
4390400 172
4375000 4
4374000 613
4354560 2672
4321800 89
4320000 1328
4302592 2
4300800 754
4287500 5
4286520 445
4252500 142
4251528 18
4233600 2140
4214784 55
4200000 267
4199040 1006
4194304 2
4167450 63
4148928 105
4147200 2415
4134375 1
4133430 38
4128768 151
4116000 254
4100625 3
4096000 120
4084101 2
4082400 2003
4064256 582
4050000 218
4033680 12
4032000 2153
4014080 101
4000752 160
4000000 43
3981312 323
3969000 563
3951360 541
3937500 20
3936600 200
3932160 95
3920000 208
3919104 746
3889620 70
3888000 1995
3870720 1739
3858750 18
3857868 54
3841600 50
3840000 539
3827250 67
3810240 1618
3796875 1
3780000 1005
3779136 156
3763200 867
3750705 17
3750000 12
3732480 1737
3704400 522
3687936 37
3686400 921
3675000 49
3674160 656
3670016 11
3645000 225
3630312 13
3628800 3797
3612672 219
3601500 25
3600000 444
3584000 367
3572100 305
3556224 314
3543750 17
3542940 35
3538944 133
3529470 1
3528000 1164
3512320 70
3500658 18
3500000 37
3499200 1426
3483648 763
3472875 9
3457440 143
3456000 2108
3444525 11
3440640 327
3430000 46
3429216 374
3402000 1250
3386880 1609
3375000 29
3361400 9
3360000 803
3359232 376
3333960 310
3317760 1267
3307500 111
3306744 84
3292800 367
3280500 95
3276800 75
3265920 2367
3241350 24
3240000 1090
3226944 5
3225600 2100
3214890 61
3211264 19
3200000 107
3189375 4
3188646 1
3175200 1623
3161088 178
3150000 212
3149280 470
3145728 10
3136000 324
3111696 77
3110400 2759
3096576 374
3087000 197
3073280 36
3072000 571
3062500 1
3061800 681
3048192 719
3037500 46
3025260 23
3024000 2638
3010560 443
3000564 51
3000000 76
2985984 510
2976750 77
2963520 656
2953125 2
2952450 23
2949120 354
2940000 276
2939328 457
2917215 4
2916000 1125
2903040 2672
2893401 4
2881200 71
2880000 1053
2867200 245
2857680 869
2835000 384
2834352 47
2823576 2
2822400 1666
2812500 6
2809856 17
2800000 146
2799360 1437
2778300 192
2765952 70
2764800 1903
2756250 12
2755620 128
2752512 57
2744000 116
2733750 26
2722734 7
2721600 2929
2709504 484
2700000 337
2689120 4
2688000 1149
2679075 16
2667168 240
2657205 3
2654208 235
2646000 821
2634240 316
2625000 27
2624400 557
2621440 20
2612736 870
2593080 103
2592000 2350
2580480 1046
2572500 26
2571912 145
2560000 175
2551500 281
2540160 1899
2531250 3
2521050 5
2520000 1006
2519424 284
2508800 241
2500470 55
2500000 11
2488320 1808
2480625 7
2480058 15
2469600 524
2460375 4
2458624 14
2457600 385
2450000 38
2449440 1337
2430000 493
2420208 13
2419200 3309
2408448 100
2401000 13
2400000 296
2381400 733
2370816 301
2362500 66
2361960 140
2359296 55
2352000 701
2333772 28
2332800 2231
2322432 720
2315250 44
2304960 94
2304000 1485
2296875 1
2296350 78
2293760 76
2286144 572
2278125 2
2268945 1
2268000 1831
2257920 1168
2250423 4
2250000 58
2240000 263
2239488 534
2222640 474
2211840 908
2205000 207
2204496 203
2195200 160
2187500 2
2187000 318
2177280 2902
2160900 41
2160000 1180
2151296 10
2150400 1044
2143750 3
2143260 218
2126250 54
2125764 10
2117682 1
2116800 1872
2107392 75
2100000 194
2099520 939
2097152 5
2083725 11
2074464 76
2073600 2810
2066715 3
2064384 209
2058000 158
2048000 144
2041200 1340
2032128 677
2025000 116
2016840 12
2016000 2098
2007040 142
2000376 104
2000000 40
1990656 495
1984500 231
1975680 553
1968750 3
1968300 96
1966080 138
1960000 148
1959552 797
1944810 27
1944000 1719
1935360 2140
1929375 1
1928934 20
1920800 47
1920000 541
1913625 14
1905120 1347
1890000 641
1889568 128
1882384 1
1881600 851
1875000 6
1866240 1883
1852200 325
1843968 46
1843200 1150
1837500 29
1837080 416
1835008 15
1822500 83
1815156 13
1814400 3709
1806336 280
1800750 5
1800000 337
1792000 383
1786050 118
1778112 329
1771875 1
1771470 17
1769472 164
1764000 837
1756160 96
1750329 4
1750000 19
1749600 1102
1741824 1015
1728720 127
1728000 2232
1720320 402
1715000 21
1714608 269
1701000 710
1693440 1776
1687500 15
1680700 5
1680000 658
1679616 442
1666980 169
1658880 1565
1653750 35
1653372 47
1646400 362
1640250 29
1638400 83
1632960 2027
1620675 7
1620000 826
1613472 9
1612800 2380
1607445 13
1605632 31
1600000 97
1587600 1122
1580544 191
1575000 119
1574640 323
1572864 29
1568000 292
1555848 46
1555200 2718
1548288 517
1543500 84
1536640 31
1536000 689
1531250 1
1530900 331
1524096 717
1518750 13
1512630 6
1512000 2184
1505280 513
1500625 1
1500282 18
1500000 61
1492992 595
1488375 11
1481760 551
1476225 6
1474560 500
1470000 196
1469664 402
1458000 684
1451520 2862
1440600 44
1440000 1017
1433600 285
1428840 524
1417500 176
1417176 44
1411200 1564
1404928 23
1400000 96
1399680 1435
1389150 83
1382976 75
1382400 2207
1378125 1
1377810 59
1376256 77
1372000 83
1366875 3
1361367 2
1360800 2316
1354752 552
1350000 215
1344560 3
1344000 1082
1333584 167
1327104 375
1323000 468
1317120 322
1312500 11
1312200 280
1310720 25
1306368 977
1296540 61
1296000 2196
1290240 1263
1286250 9
1285956 73
1280000 160
1275750 84
1270080 1660
1260000 730
1259712 240
1254400 271
1250235 8
1250000 3
1244160 2014
1240029 3
1234800 323
1229312 14
1228800 492
1225000 18
1224720 930
1215000 266
1210104 5
1209600 3276
1204224 104
1200500 9
1200000 264
1190700 355
1185408 295
1181250 15
1180980 51
1179648 88
1176000 626
1166886 14
1166400 1849
1161216 905
1157625 6
1152480 80
1152000 1568
1148175 13
1146880 115
1143072 434
1134000 1148
1128960 1151
1125000 30
1120000 275
1119744 618
1111320 298
1105920 1153
1102500 79
1102248 120
1097600 135
1093500 122
1088640 2656
1080450 20
1080000 899
1075648 4
1075200 1052
1071630 79
1063125 12
1062882 1
1058400 1363
1053696 93
1050000 110
1049760 630
1048576 6
1037232 57
1036800 2864
1032192 312
1029000 90
1024000 192
1020600 769
1016064 765
1012500 46
1008420 11
1008000 1771
1003520 147
1000188 65
1000000 31
995328 554
992250 76
987840 458
984150 38
983040 178
980000 125
979776 644
972405 1
972000 1191
967680 2294
964467 9
960400 28
960000 532
952560 913
945000 333
944784 113
941192 1
940800 928
937500 2
933120 1835
926100 173
921984 33
921600 1279
918750 6
918540 206
917504 12
911250 22
907578 4
907200 2940
903168 340
900375 2
900000 216
896000 385
893025 17
889056 248
884736 250
882000 566
878080 105
875000 6
874800 749
870912 1059
864360 63
864000 2033
860160 555
857500 9
857304 171
850500 273
846720 1570
843750 3
840350 2
840000 479
839808 380
833490 41
829440 1854
826875 7
826686 14
823200 256
820125 6
819200 128
816480 1525
810000 435
806736 8
806400 2346
802816 29
800000 88
793800 648
790272 178
787500 47
787320 212
786432 30
784000 227
777924 21
777600 2400
774144 607
771750 33
768320 29
768000 795
765450 80
762048 591
759375 2
756315 1
756000 1532
752640 554
750141 5
750000 27
746496 660
740880 392
737280 605
735000 94
734832 269
729000 386
725760 2798
720300 35
720000 785
716800 293
714420 236
708750 45
708588 25
705600 1219
702464 28
700000 75
699840 1111
694575 11
691488 55
691200 2286
688905 10
688128 125
686000 48
680400 1401
677376 608
675000 86
672280 4
672000 1049
666792 118
663552 443
661500 186
658560 261
656250 5
656100 128
655360 41
653184 851
648270 22
648000 1591
645120 1381
643125 2
642978 25
640000 151
637875 9
635040 1220
630000 400
629856 190
627200 270
625000 2
622080 2056
617400 189
614656 11
614400 602
612500 6
612360 483
607500 80
605052 6
604800 2778
602112 133
600000 146
595350 112
592704 214
590625 3
590490 21
589824 122
588000 419
583200 1213
580608 940
576240 48
576000 1499
573440 117
571536 322
567000 638
564480 1088
562500 9
560000 199
559872 564
555660 153
552960 1319
551250 24
551124 61
548800 93
546750 37
544320 2066
540225 4
540000 540
537824 2
537600 1111
535815 14
531441 1
529200 885
526848 93
525000 51
524880 421
524288 6
518616 36
518400 2438
516096 348
514500 42
512000 195
510300 327
508032 622
506250 11
504210 1
504000 1372
501760 148
500094 21
500000 16
497664 615
496125 14
493920 366
492075 5
491520 232
490000 61
489888 482
486000 657
483840 2225
480200 14
480000 448
476280 514
472500 122
472392 39
470400 738
466560 1580
463050 46
460992 31
460800 1392
459270 73
458752 25
455625 5
453789 1
453600 1921
451584 368
450000 115
448000 349
444528 163
442368 302
441000 292
439040 93
437500 2
437400 368
435456 967
432180 27
432000 1668
430080 596
428750 5
428652 71
425250 86
423360 1160
420000 314
419904 311
416745 9
414720 1846
413343 2
411600 157
409600 132
408240 1005
405000 206
403368 5
403200 1944
401408 35
400000 61
396900 273
395136 158
393750 14
393660 87
393216 42
392000 199
388962 7
388800 1797
387072 686
384160 27
384000 727
382725 11
381024 450
378000 895
376320 555
375000 7
373248 624
370440 213
368640 699
367500 45
367416 130
364500 134
362880 2312
360150 13
360000 550
358400 311
357210 83
354375 6
354294 3
352947 1
352800 772
351232 23
350000 25
349920 731
345744 29
345600 2196
344064 103
343000 30
340200 771
338688 516
337500 40
336140 3
336000 817
333396 53
331776 523
330750 60
329280 198
328050 24
327680 46
326592 675
324135 3
324000 990
322560 1404
321489 3
320000 152
317520 739
315000 221
314928 132
313600 209
311040 1793
308700 69
307328 10
307200 582
306250 1
306180 214
303750 27
302400 2044
301056 159
300000 87
297675 17
296352 176
295245 2
294912 155
294000 226
291600 765
290304 904
288120 21
288000 1229
286720 128
285768 178
283500 256
282240 895
281250 1
280000 142
279936 472
277830 58
276480 1348
275625 3
275562 30
274400 69
273375 1
272160 1396
270000 309
268800 1014
264600 423
263424 96
262500 19
262440 235
262144 10
259308 18
259200 1951
258048 398
257250 9
256000 175
255150 89
254016 520
253125 1
252000 850
250880 126
250047 4
250000 8
248832 578
246960 190
245760 288
245000 31
244944 316
243000 350
241920 1990
240100 5
240000 354
238140 214
236250 33
236196 20
235200 546
233280 1177
231525 10
230496 20
230400 1300
229635 12
229376 33
226800 1057
225792 344
225000 35
224000 268
222264 84
221184 321
220500 100
219520 96
218750 1
218700 135
217728 806
216090 12
216000 1120
215040 617
214326 29
212625 7
211680 809
210000 166
209952 184
207360 1588
205800 89
204800 133
204120 512
202500 70
201684 2
201600 1539
200704 35
200000 46
198450 54
197568 139
196875 1
196830 30
196608 56
196000 103
194400 1078
193536 647
192080 13
192000 576
190512 280
189000 402
188160 438
187500 4
186624 544
185220 87
184320 745
183750 10
183708 62
182250 34
181440 1681
180075 1
180000 315
179200 288
178605 17
177147 1
176400 489
175616 23
175000 10
174960 440
172872 16
172800 1710
172032 153
171500 11
170100 272
169344 424
168750 7
168070 1
168000 530
166698 16
165888 475
165375 7
164640 120
164025 3
163840 50
163296 490
162000 564
161280 1212
160000 126
158760 396
157500 51
157464 62
156800 193
155520 1373
154350 23
153664 5
153600 620
153090 65
151875 5
151200 1225
150528 168
150000 59
148176 117
147456 152
147000 115
145800 370
145152 769
144060 12
144000 884
143360 137
142884 59
141750 58
141120 631
140000 77
139968 313
138915 2
138240 1215
137200 28
136080 844
135000 135
134400 801
132300 211
131712 61
131250 5
131220 75
131072 12
129654 3
129600 1364
129024 355
128625 2
128000 160
127575 9
127008 332
126000 470
125440 131
125000 4
124416 530
123480 108
122880 260
122500 8
122472 123
121500 118
120960 1507
120050 3
120000 208
119070 67
118125 9
118098 13
117600 336
116640 713
115248 15
115200 1119
114688 34
113400 538
112896 309
112500 16
112000 171
111132 38
110592 338
110250 30
109760 44
109350 28
108864 536
108045 1
108000 701
107520 564
107163 3
105840 458
105000 72
104976 123
103680 1320
102900 35
102400 130
102060 188
101250 12
100800 1057
100352 40
100000 19
99225 7
98784 99
98415 1
98304 65
98000 64
97200 627
96768 609
96040 7
96000 471
95256 130
94500 150
94080 344
93750 1
93312 426
92610 36
92160 716
91875 1
91854 16
91125 4
90720 1042
90000 165
89600 205
88200 221
87808 17
87500 3
87480 213
86436 11
86400 1156
86016 147
85750 5
85050 68
84672 303
84375 2
84000 321
83349 6
82944 486
82320 60
81920 55
81648 271
81000 231
80640 957
80000 79
79380 152
78750 20
78732 26
78400 110
77760 993
77175 7
76832 4
76800 469
76545 17
75600 660
75264 146
75000 18
74088 58
73728 170
73500 45
72900 124
72576 578
72030 2
72000 556
71680 110
71442 27
70875 7
70560 394
70000 39
69984 230
69120 1069
68600 13
68040 367
67500 47
67200 587
66150 53
65856 40
65625 1
65610 20
65536 18
64827 2
64800 857
64512 330
64000 137
63504 180
63000 200
62720 84
62500 1
62208 459
61740 37
61440 281
61250 3
61236 56
60750 28
60480 940
60000 119
59535 9
59049 1
58800 166
58320 406
57624 6
57600 791
57344 30
56700 200
56448 212
56250 1
56000 147
55566 11
55296 299
55125 10
54880 27
54675 8
54432 329
54000 363
53760 421
52920 228
52500 21
52488 62
51840 946
51450 12
51200 116
51030 61
50625 2
50421 1
50400 634
50176 23
50000 15
49392 50
49152 73
49000 24
48600 244
48384 453
48020 1
48000 304
47628 50
47250 36
47040 232
46656 267
46305 3
46080 589
45927 1
45360 586
45000 53
44800 165
44100 82
43904 17
43740 60
43218 3
43200 841
43008 134
42525 7
42336 209
42000 142
41472 415
41160 30
40960 66
40824 146
40500 80
40320 724
40000 39
39690 50
39375 1
39366 6
39200 62
38880 540
38416 3
38400 366
37800 316
37632 109
37500 4
37044 23
36864 143
36750 12
36450 32
36288 390
36000 293
35840 90
35721 4
35280 205
35000 21
34992 114
34560 797
34300 7
34020 137
33750 6
33600 345
33075 6
32928 30
32805 2
32768 12
32400 416
32256 281
32000 110
31752 104
31500 67
31360 89
31104 327
30870 13
30720 286
30618 18
30375 4
30240 576
30000 55
29400 66
29160 168
28812 2
28800 546
28672 21
28350 57
28224 135
28000 60
27783 4
27648 275
27440 11
27216 179
27000 131
26880 372
26460 91
26250 9
26244 17
25920 590
25725 3
25600 109
25515 9
25200 300
25088 23
25000 6
24696 14
24576 59
24500 4
24300 97
24192 347
24000 178
23814 16
23625 5
23520 137
23328 166
23040 487
22680 246
22500 13
22400 84
22050 20
21952 4
21870 20
21600 415
21504 107
21168 121
21000 70
20736 296
20580 13
20480 59
20412 40
20250 19
20160 468
20000 29
19845 9
19600 41
19440 290
19200 264
18900 117
18816 73
18750 1
18522 5
18432 140
18375 1
18225 4
18144 242
18000 141
17920 86
17640 73
17500 2
17496 37
17280 512
17150 1
17010 35
16800 218
16464 15
16384 15
16200 159
16128 198
16000 71
15876 30
15750 17
15680 41
15552 203
15435 3
15360 184
15309 2
15120 289
15000 20
14700 29
14580 61
14406 1
14400 325
14336 19
14175 3
14112 77
14000 24
13824 194
13720 4
13608 86
13500 45
13440 224
13230 28
13125 1
13122 6
12960 378
12800 61
12600 131
12544 13
12500 1
12348 6
12288 51
12250 1
12150 20
12096 194
12005 1
12000 79
11907 3
11760 80
11664 84
11520 358
11340 72
11250 3
11200 65
11025 2
10976 3
10935 2
10800 203
10752 88
10584 50
10500 23
10368 186
10290 1
10240 44
10206 8
10125 3
10080 242
10000 13
9800 15
9720 111
9600 147
9450 24
9408 44
9261 1
9216 118
9072 116
9000 56
8960 60
8820 39
8750 2
8748 15
8640 304
8505 3
8400 89
8232 6
8192 5
8100 43
8064 138
8000 41
7938 10
7875 3
7840 23
7776 106
7680 136
7560 121
7500 8
7350 8
7290 15
7200 150
7168 19
7056 41
7000 8
6912 156
6860 2
6804 31
6750 4
6720 153
6561 1
6480 151
6400 41
6300 33
6272 7
6174 2
6144 40
6075 1
6048 96
6000 46
5880 31
5832 31
5760 201
5670 15
5625 1
5600 38
5488 3
5400 71
5376 45
5292 17
5250 5
5184 116
5120 30
5103 1
5040 110
5000 11
4900 5
4860 41
4800 87
4725 4
4704 20
4608 85
4536 49
4500 12
4480 32
4410 4
4374 3
4320 181
4200 39
4116 4
4096 8
4050 17
4032 90
4000 15
3969 1
3920 5
3888 62
3840 102
3780 40
3750 1
3675 1
3645 1
3600 73
3584 17
3528 11
3500 5
3456 85
3402 1
3375 1
3360 80
3240 48
3200 19
3150 11
3136 2
3072 36
3024 60
3000 8
2940 7
2916 9
2880 121
2835 2
2800 13
2744 1
2700 17
2688 33
2646 4
2625 1
2592 57
2560 27
2520 47
2500 1
2450 1
2430 8
2400 47
2352 13
2304 56
2268 14
2250 4
2240 18
2205 2
2187 1
2160 67
2100 13
2048 6
2025 1
2016 32
2000 10
1960 4
1944 19
1920 57
1890 6
1800 25
1792 6
1764 5
1728 61
1715 1
1701 1
1680 26
1620 19
1600 10
1575 1
1568 3
1536 18
1512 16
1500 3
1470 2
1458 7
1440 70
1400 5
1372 2
1350 1
1344 14
1296 29
1280 14
1260 17
1250 1
1215 3
1200 27
1176 4
1152 40
1134 2
1120 11
1080 26
1024 3
1008 16
1000 1
972 6
960 40
945 2
900 10
896 5
882 1
864 17
840 10
800 12
784 2
768 17
756 6
720 32
700 3
672 10
648 11
640 8
630 2
600 11
588 1
576 21
560 2
540 8
512 2
504 3
486 1
480 7
450 1
448 1
432 4
420 6
400 4
384 6
378 1
360 5
350 1
336 5
324 3
320 6
315 1
288 7
280 2
256 1
252 4
240 2
225 1
216 2
210 1
200 1
196 2
192 2
180 5
160 4
144 1
128 1
126 1
120 3
96 1
90 1
80 1
72 3
54 1
48 2
