4665600000 3
4251528000 1
4050000000 1
3936600000 2
3686400000 1
3628800000 1
3359232000 2
3348078300 1
3306744000 1
3240000000 2
3225600000 1
3175200000 1
3149280000 1
3072000000 1
2985984000 1
2976069600 1
2939328000 1
2903040000 1
2857680000 1
2799360000 1
2755620000 1
2721600000 3
2687385600 2
2657205000 1
2645395200 1
2612736000 2
2592000000 1
2571912000 2
2550916800 1
2540160000 1
2520000000 2
2519424000 1
2457600000 1
2449440000 4
2430000000 2
2419200000 1
2381400000 1
2361960000 2
2351462400 1
2332800000 2
2322432000 1
2314720800 2
2286144000 1
2268000000 2
2267481600 1
2257920000 1
2239488000 1
2211840000 1
2204496000 4
2187000000 1
2177280000 2
2099520000 4
2090188800 1
2073600000 3
2066715000 1
2057529600 2
2048000000 1
2041200000 6
2032128000 1
2025380700 2
2016000000 3
2015539200 3
1990656000 1
1975680000 3
1959552000 3
1944810000 1
1944000000 3
1935360000 2
1920000000 1
1913187600 2
1905120000 3
1890000000 2
1889568000 3
1881600000 1
1881169920 2
1866240000 6
1851776640 1
1843200000 2
1837080000 3
1828915200 5
1814400000 7
1800338400 2
1792000000 1
1778112000 4
1771470000 1
1764000000 1
1763596800 5
1756160000 1
1749600000 2
1741824000 5
1736040600 1
1728000000 2
1720320000 1
1714608000 2
1700611200 1
1693440000 3
1693052928 1
1680000000 1
1679616000 8
1672151040 1
1666980000 3
1653372000 4
1646400000 1
1646023680 1
1640250000 1
1632960000 9
1625702400 2
1620000000 3
1612800000 10
1600300800 8
1592524800 2
1587600000 2
1587237120 3
1580544000 5
1575000000 1
1574640000 4
1567641600 6
1555848000 2
1555200000 4
1548288000 2
1543147200 1
1530900000 3
1524096000 7
1512000000 4
1500282000 3
1492992000 8
1488034800 1
1481760000 4
1481421312 2
1474560000 1
1470000000 1
1469664000 5
1463132160 1
1458000000 1
1451520000 13
1446700500 1
1440600000 2
1440270720 3
1440000000 4
1433272320 3
1428840000 7
1422489600 6
1417176000 4
1411200000 5
1410877440 4
1404928000 1
1400263200 2
1399680000 12
1393459200 3
1389150000 1
1382400000 4
1377810000 3
1376256000 1
1371686400 7
1361367000 3
1360800000 14
1354752000 6
1350253800 3
1350000000 1
1344000000 3
1343692800 9
1333584000 3
1327104000 4
1322697600 6
1312200000 5
1306368000 22
1300561920 2
1296000000 5
1290240000 5
1285956000 9
1280240640 1
1280000000 1
1275458400 2
1270080000 17
1264435200 1
1260236880 1
1260000000 5
1259712000 9
1254400000 1
1254113280 2
1244678400 4
1244160000 15
1240029000 1
1238630400 1
1234800000 1
1234517760 1
1229312000 1
1224720000 18
1219276800 9
1215228420 1
1215000000 2
1209600000 13
1209323520 1
1204224000 5
1200500000 1
1200225600 7
1194393600 4
1190700000 3
1190427840 3
1185408000 3
1180980000 1
1179648000 1
1176000000 2
1175731200 10
1166886000 1
1166400000 12
1161216000 20
1157360400 2
1152480000 1
1152216576 3
1152000000 3
1148175000 1
1146880000 1
1143072000 19
1134000000 13
1133740800 6
1128960000 16
1128701952 1
1125211500 1
1120210560 1
1120000000 1
1119744000 15
1116026100 2
1114767360 2
1111320000 5
1111065984 1
1105920000 10
1102248000 5
1097600000 2
1097349120 2
1093500000 1
1088640000 33
1083801600 5
1080203040 2
1080000000 2
1075200000 4
1074954240 5
1071630000 5
1066867200 11
1062882000 1
1058400000 11
1058158080 5
1053696000 2
1050197400 2
1050000000 1
1049760000 14
1045094400 11
1037232000 3
1036800000 22
1033357500 1
1032192000 3
1029000000 1
1028764800 18
1020600000 9
1020366720 1
1016064000 23
1008000000 10
1007769600 8
1003520000 2
1000188000 6
1000000000 1
995742720 1
995328000 6
992250000 1
992023200 5
990904320 2
987840000 8
983040000 3
979776000 29
975421440 1
972405000 2
972182736 1
972000000 8
968083200 1
967680000 25
964467000 8
960400000 2
960180480 5
960000000 6
956593800 2
955514880 5
952560000 27
952342272 1
948326400 4
945177660 1
945000000 4
944784000 14
941192000 1
940800000 8
940584960 8
933508800 4
933120000 30
928972800 4
926100000 3
925888320 7
921984000 3
921600000 13
918540000 8
917504000 2
914457600 17
911421315 1
907578000 1
907200000 33
906992640 6
903168000 8
900169200 5
900000000 1
896000000 5
895795200 11
893025000 4
892820880 5
891813888 1
889056000 19
885735000 3
884736000 5
882000000 8
881798400 25
878080000 4
875164500 1
874800000 10
870912000 33
868020300 3
867041280 1
864360000 2
864000000 15
860160000 9
859963392 1
857304000 28
850500000 5
850305600 8
846720000 25
846526464 2
840157920 8
840000000 3
839808000 30
836075520 7
833490000 6
833299488 1
829785600 9
829440000 16
826686000 12
825753600 1
823200000 7
823011840 16
820125000 1
819200000 1
816820200 2
816480000 41
812851200 22
810152280 2
810000000 5
806400000 19
806215680 4
803722500 2
802816000 1
800150400 23
796594176 1
796262400 7
793800000 22
793618560 7
790272000 10
787320000 14
784000000 4
783820800 27
780337152 1
777924000 3
777600000 20
774466560 1
774144000 28
771750000 1
771573600 23
768320000 2
768144384 2
768000000 1
765450000 6
765275040 1
762048000 69
758661120 1
756142128 2
756000000 19
755827200 13
752640000 11
752467968 1
750141000 9
746807040 5
746496000 27
744017400 7
743178240 5
740880000 16
740710656 1
738112500 1
737280000 14
735000000 2
734832000 54
731566080 17
729000000 6
725760000 53
723350250 1
722534400 5
720300000 1
720135360 8
720000000 5
716800000 3
716636160 7
714420000 21
714256704 1
711244800 22
708883245 2
708750000 3
708588000 7
707788800 5
705600000 19
705438720 14
702464000 3
700131600 4
700000000 1
699840000 40
696729600 41
694575000 1
694416240 3
693633024 1
691488000 9
691200000 20
688905000 6
688128000 2
686000000 3
685843200 39
682795008 2
680400000 41
680244480 4
677376000 42
675126900 3
674365440 2
672126336 3
672000000 11
671846400 19
669615660 2
668860416 1
666792000 23
663552000 13
661500000 4
661348800 24
660602880 1
658560000 12
658409472 4
656100000 4
653456160 2
653184000 96
650280960 8
648270000 3
648121824 4
648000000 18
645120000 29
644972544 2
642978000 26
642252800 1
640120320 15
640000000 3
637875000 2
637729200 4
635040000 63
634894848 4
632217600 11
630118440 2
630000000 6
629856000 35
627200000 5
627056640 19
625117500 4
622339200 10
622080000 61
620014500 4
619315200 12
617400000 11
617258880 23
614656000 1
614400000 12
612500000 1
612360000 52
609638400 43
607500000 4
605052000 4
604800000 44
604661760 10
602362880 1
602112000 9
600112800 29
600000000 1
597196800 16
595350000 11
595213920 10
594542592 1
592704000 28
590490000 14
589824000 6
588000000 16
587865600 66
585252864 2
583443000 6
583200000 35
580849920 1
580608000 77
578680200 8
578027520 2
576240000 4
576108288 4
576000000 19
574087500 2
573440000 2
573308928 3
571536000 69
568995840 8
567000000 17
566870400 24
566231040 1
564480000 64
564350976 5
562605750 2
561971200 1
560105280 8
560000000 2
559872000 52
558013050 1
557383680 20
555660000 28
555532992 7
553190400 8
552960000 38
551250000 2
551124000 39
550502400 1
548800000 5
548674560 31
546750000 5
544546800 4
544320000 96
544195584 2
542126592 1
541900800 40
540101520 12
540000000 9
537824000 1
537600000 33
537477120 18
535815000 12
533433600 46
531441000 2
530841600 19
529200000 40
529079040 29
526848000 9
525098700 2
524880000 40
522547200 81
520812180 1
520224768 2
518616000 17
518400000 59
516678750 1
516096000 33
514500000 4
514382400 73
512096256 2
512000000 6
510300000 38
510183360 3
508243680 1
508032000 118
506345175 1
505774080 4
504094752 3
504000000 23
503884800 40
501760000 13
501645312 5
500094000 22
500000000 1
497871360 10
497664000 49
496125000 3
496011600 20
495452160 5
493920000 26
493807104 5
492075000 2
491724800 3
491520000 6
490092120 1
490000000 4
489888000 119
487710720 29
486202500 3
486000000 17
484041600 4
483840000 78
483729408 4
482233500 7
481689600 7
480090240 24
480000000 3
478296900 2
477757440 9
476280000 71
476171136 8
474360768 1
474163200 26
472588830 2
472500000 4
472392000 29
471859200 4
470400000 17
470292480 41
468730962 2
466754400 30
466560000 83
464486400 42
463050000 8
462944160 19
460992000 9
460800000 19
459270000 32
459165024 1
458752000 3
457228800 96
455196672 2
453789000 4
453600000 93
453496320 12
452984832 1
451772160 1
451584000 47
450084600 18
450000000 1
449576960 1
448084224 5
448000000 5
447897600 57
446512500 1
446410440 4
445906944 2
444528000 52
442552320 8
442368000 26
441082908 1
441000000 11
440899200 68
440401920 1
439040000 9
438939648 5
437582250 5
437400000 28
435637440 2
435456000 170
434010150 2
433520640 14
432180000 13
432081216 6
432000000 32
430080000 25
429981696 1
428750000 1
428652000 74
426746880 39
425250000 10
425152800 9
424673280 5
423536400 1
423360000 91
423263232 17
421478400 10
420078960 9
420000000 5
419904000 98
418037760 44
416745000 16
416649744 7
414892800 21
414720000 90
413343000 23
412876800 18
411600000 14
411505920 37
409600000 8
408410100 3
408240000 129
408146688 3
406425600 97
405076140 2
405000000 7
403368000 6
403200000 83
403107840 29
401861250 3
401769396 1
401408000 3
400075200 49
400000000 1
398297088 4
398131200 35
396900000 35
396809280 30
395136000 51
393824025 1
393660000 25
393379840 2
393216000 6
392073696 1
392000000 8
391910400 163
390168576 4
388962000 17
388800000 73
387233280 3
387072000 85
385875000 3
385786800 51
385351680 2
384160000 4
384072192 6
384000000 15
382725000 7
382637520 4
382205952 1
381024000 171
379330560 17
378071064 2
378000000 22
377913600 47
377487360 2
376320000 49
376233984 9
375070500 8
373403520 26
373248000 98
372008700 6
371589120 17
370440000 26
370355328 7
368793600 9
368640000 33
367500000 2
367416000 116
367001600 2
365783040 63
364500000 17
363031200 6
362880000 191
362797056 5
361267200 31
360150000 3
360067680 26
360000000 8
358400000 10
358318080 22
357210000 47
357128352 9
355622400 81
354375000 3
354294000 15
354041856 2
353894400 13
352947000 1
352800000 62
352719360 67
351232000 9
350065800 12
350000000 1
349920000 114
348509952 1
348364800 133
347287500 2
347208120 14
346816512 2
345744000 31
345600000 64
344452500 6
344207360 2
344064000 16
343000000 3
342921600 115
341397504 11
340341750 1
340200000 81
340122240 9
338829120 2
338688000 151
337563450 4
337500000 1
337182720 6
336140000 1
336063168 3
336000000 30
335923200 88
334807830 1
334430208 8
333396000 66
331914240 12
331776000 79
330750000 8
330674400 65
330301440 3
329280000 26
329204736 17
328050000 12
327680000 4
326728080 6
326592000 258
325140480 39
324135000 8
324060912 6
324000000 35
322694400 4
322560000 100
322486272 4
321489000 47
321126400 2
320060160 56
320000000 3
318937500 4
318864600 5
318504960 13
317652300 1
317520000 157
317447424 16
316108800 48
315059220 11
315000000 13
314928000 74
314703872 1
314572800 4
313600000 15
313528320 86
312558750 2
311169600 32
311040000 157
310007250 2
309786624 1
309657600 80
308700000 14
308629440 59
307328000 5
307200000 19
306307575 1
306250000 1
306180000 93
306110016 1
304946208 1
304819200 196
303807105 1
303750000 2
303464448 4
302526000 4
302400000 128
302330880 35
301056000 41
300056400 51
300000000 2
298722816 7
298598400 83
297675000 22
297606960 19
297271296 1
296352000 102
295245000 6
295034880 2
294912000 26
294122500 1
294000000 18
293932800 194
293601280 1
292626432 15
291721500 6
291600000 62
290424960 6
290304000 232
289340100 22
289013760 14
288120000 9
288054144 16
288000000 34
287043750 1
286720000 28
286654464 4
285887070 1
285768000 184
284497920 51
283553298 1
283500000 29
283435200 47
283115520 5
282357600 1
282240000 136
282175488 14
280985600 4
280052640 29
280000000 8
279936000 173
278691840 61
277830000 37
277766496 10
276595200 24
276480000 96
275625000 3
275562000 73
275251200 7
274400000 13
274337280 116
272273400 2
272160000 285
272097792 4
270950400 130
270112500 1
270050760 16
270000000 13
268912000 3
268800000 58
268738560 45
267907500 12
267846264 1
266716800 135
265720500 3
265531392 2
265420800 41
264600000 72
264539520 76
264241152 1
263424000 40
262549350 5
262500000 1
262440000 71
261382464 6
261273600 267
260406090 3
260112384 7
259308000 39
259200000 135
258339375 1
258155520 1
258048000 99
257250000 2
257191200 114
256901120 1
256048128 24
256000000 14
255150000 32
255091680 15
254803968 2
254121840 3
254016000 247
252887040 18
252105000 1
252047376 3
252000000 48
251942400 120
250880000 24
250822656 24
250047000 50
250000000 3
248935680 31
248832000 190
248062500 6
248005800 28
247726080 14
246960000 70
246903552 21
246037500 1
245862400 7
245760000 26
245046060 5
245000000 3
244944000 277
243855360 103
243101250 3
243045684 2
243000000 30
242020800 5
241920000 238
241864704 12
241116750 6
240844800 17
240100000 5
240045120 67
240000000 10
238878720 15
238140000 110
238085568 6
237081600 116
236294415 1
236250000 3
236196000 50
236027904 1
235929600 11
235298000 1
235200000 43
235146240 147
233377200 28
233280000 191
232243200 202
231525000 9
231472080 41
230496000 20
230400000 66
229635000 34
229582512 1
229376000 21
228709656 1
228614400 281
227598336 16
226894500 4
226800000 169
226748160 48
226492416 1
225886080 2
225792000 146
225042300 15
225000000 1
224788480 3
224042112 11
224000000 26
223948800 145
223256250 1
223205220 6
222953472 8
222356610 1
222264000 124
221276160 17
221184000 91
220500000 18
220449600 152
220200960 4
219520000 17
219469824 31
218791125 1
218700000 45
217818720 10
217728000 402
216760320 38
216090000 13
216040608 16
216000000 58
215129600 2
215040000 80
214990848 8
214326000 130
213373440 89
212625000 7
212576400 22
212336640 23
211768200 1
211680000 218
211631616 35
210739200 33
210087500 2
210039480 18
210000000 15
209952000 190
209018880 151
208372500 13
208324872 5
207446400 35
207360000 221
206671500 18
206438400 65
205800000 27
205752960 123
205520896 2
204800000 15
204205050 2
204120000 235
204073344 3
203297472 1
203212800 282
202538070 3
202500000 14
202309632 4
201684000 6
201600000 136
201553920 77
200884698 1
200704000 25
200037600 146
200000000 2
199148544 13
199065600 127
198450000 50
198404640 46
198180864 2
197568000 122
196875000 1
196830000 35
196689920 3
196608000 25
196036848 2
196000000 12
195955200 375
195084288 28
194481000 27
194400000 134
193616640 6
193536000 266
192893400 54
192675840 7
192080000 8
192036096 29
192000000 19
191362500 6
191318760 4
191102976 7
190512000 353
189665280 68
189000000 57
188956800 106
188743680 1
188238400 3
188160000 113
188116992 31
187535250 6
186701760 45
186624000 286
185794560 68
185220000 74
185177664 16
184396800 21
184320000 99
183784545 2
183750000 1
183708000 176
183500800 8
182891520 214
182250000 15
181515600 13
181440000 407
181398528 13
180633600 113
180075000 4
180033840 62
180000000 20
179200000 27
179159040 60
178605000 67
178564176 6
177811200 219
177187500 2
177147000 15
177020928 6
176947200 41
176400000 95
176359680 183
175616000 24
175032900 21
174960000 166
174254976 3
174182400 366
173643750 2
173604060 9
173408256 7
172872000 39
172800000 159
172226250 1
172103680 1
172032000 70
171500000 4
171460800 325
170698752 35
170100000 110
170061120 27
169869312 2
169414560 3
169344000 344
168750000 2
168591360 6
168070000 1
168031584 11
168000000 46
167961600 217
167215104 28
166698000 97
165957120 41
165888000 241
165375000 10
165337200 90
165150720 13
164640000 75
164602368 46
164025000 11
163840000 17
163364040 11
163296000 580
162570240 158
162067500 8
162030456 10
162000000 69
161347200 11
161280000 254
161243136 17
160744500 43
160563200 19
160030080 145
160000000 3
159432300 2
159252480 47
158760000 260
158723712 30
158054400 112
157500000 15
157464000 135
157286400 5
156800000 29
156764160 261
156279375 1
156243654 1
155584800 66
155520000 317
155003625 2
154893312 4
154828800 185
154350000 25
154314720 84
154140672 1
153664000 13
153600000 45
153090000 138
153055008 3
152473104 2
152409600 473
151732224 17
151263000 10
151200000 266
151165440 81
150590720 1
150528000 113
150028200 70
150000000 2
149361408 19
149299200 266
148837500 7
148803480 17
148635648 10
148176000 203
147622500 7
147517440 10
147456000 64
147027636 1
147000000 18
146966400 404
146800640 3
146313216 68
145860750 1
145800000 128
145212480 14
145152000 659
144670050 10
144506880 43
144060000 19
144027072 29
144000000 69
143360000 44
143327232 10
142884000 302
142248960 155
141750000 18
141717600 66
141557760 11
141178800 2
141120000 259
141087744 56
140492800 18
140026320 39
140000000 12
139968000 364
139345920 165
138915000 54
138883248 23
138297600 64
138240000 228
137781000 67
137682944 1
137625600 32
137200000 15
137168640 254
136687500 2
136136700 10
136080000 496
136048896 13
135531648 1
135475200 286
135025380 24
135000000 20
134873088 5
134456000 9
134400000 116
134369280 127
133953750 9
133923132 1
133358400 208
132860250 3
132765696 7
132710400 114
132300000 106
132269760 123
132120576 2
131712000 95
131274675 1
131250000 2
131220000 98
131072000 9
130691232 10
130636800 643
130203045 2
130056192 30
129654000 48
129600000 227
129077760 11
129024000 239
128625000 3
128595600 174
128450560 3
128024064 57
128000000 12
127575000 36
127545840 10
127401984 5
127008000 564
126443520 52
126052500 2
126023688 5
126000000 72
125971200 231
125829120 5
125440000 43
125411328 62
125023500 38
124467840 64
124416000 447
124002900 20
123863040 56
123480000 132
123451776 71
123018750 1
122931200 8
122880000 55
122523030 3
122500000 3
122472000 465
121927680 284
121550625 1
121522842 3
121500000 30
121010400 15
120960000 508
120932352 38
120558375 1
120422400 71
120050000 6
120022560 117
120000000 9
119439360 121
119070000 157
119042784 22
118540800 239
118125000 1
118098000 51
118013952 5
117964800 39
117649000 1
117600000 95
117573120 324
116688600 42
116640000 370
116169984 3
116121600 490
115762500 9
115736040 53
115605504 7
115248000 32
115200000 151
114817500 26
114688000 19
114307200 578
113799168 30
113447250 3
113400000 239
113374080 67
113246208 2
112943040 2
112896000 343
112521150 18
112500000 8
112394240 2
112021056 17
112000000 33
111974400 386
111602610 4
111476736 39
111132000 222
110638080 42
110592000 229
110250000 19
110224800 241
110100480 11
109760000 44
109734912 85
109350000 43
108909360 14
108864000 864
108380160 150
108045000 13
108020304 18
108000000 96
107564800 9
107520000 190
107495424 36
107163000 109
106686720 191
106312500 6
106288200 15
106168320 44
105884100 1
105840000 377
105815808 61
105413504 1
105369600 77
105019740 18
105000000 14
104976000 324
104857600 2
104509440 394
104186250 7
104162436 3
103723200 108
103680000 471
103335750 8
103262208 3
103219200 167
102942875 1
102900000 30
102876480 216
102400000 26
102060000 332
102036672 8
101648736 2
101606400 639
101269035 3
101250000 6
101154816 8
100842000 5
100800000 272
100776960 156
100352000 59
100018800 161
100000000 2
99574272 26
99532800 367
99225000 42
99202320 58
99090432 10
98784000 216
98415000 38
98344960 10
98304000 47
98018424 3
98000000 20
97977600 739
97542144 66
97240500 18
97200000 229
96808320 18
96768000 628
96446700 48
96337920 28
96040000 14
96018048 62
96000000 45
95681250 2
95659380 4
95551488 26
95295690 2
95256000 555
94832640 169
94539375 1
94500000 65
94478400 152
94371840 15
94119200 3
94080000 190
94058496 93
93750000 1
93350880 90
93312000 613
92897280 235
92610000 93
92588832 47
92198400 49
92160000 184
91875000 2
91854000 232
91750400 13
91445760 423
91125000 6
90757800 10
90720000 743
90699264 33
90354432 2
90316800 275
90037500 3
90016920 63
90000000 18
89600000 67
89579520 195
89302500 26
89282088 6
88905600 388
88573500 15
88510464 10
88473600 148
88200000 153
88179840 263
87808000 55
87516450 16
87500000 3
87480000 264
87127488 15
87091200 931
86802030 8
86704128 33
86436000 62
86400000 300
86113125 1
86051840 4
86016000 152
85750000 5
85730400 398
85349376 75
85050000 119
85030560 38
84934656 10
84707280 3
84672000 724
84375000 1
84295680 31
84035000 4
84015792 18
84000000 81
83980800 403
83607552 91
83349000 98
82978560 83
82944000 505
82687500 4
82668600 90
82575360 54
82320000 90
82301184 90
82012500 11
81920000 19
81682020 7
81648000 903
81285120 340
81033750 3
81015228 5
81000000 84
80673600 17
80640000 491
80621568 41
80372250 21
80281600 38
80015040 233
80000000 18
79716150 2
79626240 144
79380000 315
79361856 50
79027200 243
78764805 1
78750000 13
78732000 177
78643200 23
78400000 53
78382080 537
77792400 87
77760000 580
77446656 10
77414400 459
77175000 22
77157360 136
77070336 7
76832000 23
76800000 96
76545000 121
76527504 2
76236552 3
76204800 853
75866112 27
75631500 6
75600000 340
75582720 151
75497472 2
75295360 2
75264000 241
75014100 60
75000000 3
74680704 40
74649600 585
74418750 3
74401740 21
74317824 41
74088000 301
73811250 4
73758720 21
73728000 176
73513818 2
73500000 28
73483200 569
73400320 4
73156608 127
72900000 139
72606240 19
72576000 1123
72335025 1
72253440 115
72030000 29
72013536 45
72000000 112
71680000 66
71663616 42
71442000 344
71124480 289
70875000 29
70858800 57
70778880 47
70589400 4
70560000 417
70543872 119
70246400 37
70013160 41
70000000 9
69984000 627
69672960 467
69457500 35
69441624 19
69148800 104
69120000 480
68890500 44
68841472 1
68812800 73
68600000 25
68584320 467
68068350 4
68040000 612
68024448 26
67765824 1
67737600 687
67512690 11
67500000 26
67436544 6
67228000 8
67200000 183
67184640 271
66976875 1
66961566 2
66679200 340
66382848 29
66355200 380
66150000 91
66134880 194
66060288 11
65883440 1
65856000 207
65610000 97
65536000 18
65345616 15
65318400 1244
65028096 70
64827000 60
64800000 369
64538880 14
64512000 546
64312500 1
64297800 170
64225280 12
64012032 106
64000000 16
63787500 19
63772920 14
63700992 24
63530460 3
63504000 884
63221760 140
63026250 1
63011844 10
63000000 112
62985600 379
62914560 6
62720000 98
62705664 147
62511750 25
62500000 1
62233920 118
62208000 872
62015625 1
62001450 18
61931520 197
61740000 144
61725888 95
61465600 23
61440000 140
61261515 2
61250000 4
61236000 548
60963840 587
60761421 3
60750000 45
60505200 20
60480000 858
60466176 57
60211200 162
60025000 4
60011280 176
60000000 27
59719680 273
59535000 147
59521392 25
59270400 428
59049000 50
59006976 5
58982400 104
58824500 1
58800000 119
58786560 528
58344300 43
58320000 496
58084992 10
58060800 1031
57881250 3
57868020 57
57802752 17
57624000 62
57600000 258
57408750 9
57395628 1
57344000 69
57177414 1
57153600 793
56899584 80
56700000 269
56687040 108
56623104 9
56471520 5
56448000 654
56260575 3
56250000 5
56197120 6
56010528 32
56000000 50
55987200 747
55738368 97
55566000 233
55319040 75
55296000 460
55125000 19
55112400 248
55050240 20
54880000 72
54867456 174
54675000 39
54454680 16
54432000 1437
54190080 345
54022500 11
54010152 27
54000000 127
53782400 11
53760000 338
53747712 75
53581500 76
53343360 371
53156250 4
53144100 14
53084160 132
52920000 491
52907904 96
52684800 163
52509870 17
52500000 21
52488000 385
52428800 6
52254720 790
52093125 2
52081218 7
51861600 122
51840000 750
51667875 2
51631104 4
51609600 360
51450000 22
51438240 322
51380224 1
51200000 53
51030000 327
51018336 13
50824368 2
50803200 1167
50625000 6
50577408 28
50421000 8
50400000 374
50388480 285
50331648 1
50176000 104
50009400 186
49787136 62
49766400 677
49612500 24
49601160 58
49545216 27
49392000 346
49207500 23
49172480 10
49152000 107
49009212 6
49000000 24
48988800 1131
48771072 179
48620250 12
48600000 243
48404160 25
48384000 1194
48223350 28
48168960 51
48020000 10
48009024 105
48000000 94
47840625 1
47829690 1
47775744 58
47628000 666
47416320 301
47258883 1
47250000 63
47239200 193
47185920 29
47059600 4
47040000 340
47029248 184
46675440 94
46656000 967
46448640 490
46305000 86
46294416 53
46099200 64
46080000 392
45937500 1
45927000 220
45875200 44
45722880 759
45562500 1
45378900 22
45360000 936
45349632 41
45177216 1
45158400 502
45018750 1
45008460 51
45000000 27
44957696 6
44800000 104
44789760 481
44651250 20
44641044 8
44452800 446
44286750 3
44255232 15
44236800 296
44100000 176
44089920 407
44040192 7
43904000 86
43758225 2
43750000 2
43740000 265
43563744 14
43545600 1565
43401015 4
43352064 79
43218000 79
43200000 433
43025920 9
43008000 306
42875000 5
42865200 414
42674688 133
42525000 98
42515280 33
42467328 18
42353640 4
42336000 1075
42147840 67
42017500 3
42007896 22
42000000 89
41990400 702
41943040 2
41803776 174
41674500 65
41489280 143
41472000 911
41343750 4
41334300 57
41287680 153
41160000 132
41150592 161
41006250 3
40960000 55
40841010 7
40824000 1174
40642560 680
40507614 7
40500000 83
40336800 19
40320000 816
40310784 79
40186125 4
40140800 65
40007520 299
40000000 13
39813120 307
39690000 332
39680928 55
39513600 370
39375000 6
39366000 171
39337984 2
39321600 55
39200000 73
39191040 936
38896200 76
38880000 864
38723328 13
38707200 990
38587500 10
38578680 146
38535168 15
38416000 23
38400000 169
38272500 63
38263752 5
38118276 3
38102400 1260
37933056 80
37815750 2
37800000 363
37791360 218
37748736 6
37647680 1
37632000 384
37507050 36
37500000 2
37340352 57
37324800 1027
37209375 1
37200870 10
37158912 79
37044000 358
36905625 1
36879360 58
36864000 358
36756909 1
36750000 29
36741600 660
36700160 10
36578304 266
36450000 132
36303120 23
36288000 1848
36126720 251
36015000 14
36006768 54
36000000 147
35840000 141
35831808 103
35721000 301
35562240 502
35437500 10
35429400 51
35389440 115
35280000 579
35271936 180
35123200 69
35006580 33
35000000 10
34992000 848
34836480 946
34728750 8
34720812 18
34588806 1
34574400 148
34560000 732
34453125 1
34445250 21
34420736 2
34406400 171
34300000 24
34292160 676
34034175 1
34020000 661
34012224 36
33882912 2
33868800 1186
33756345 7
33750000 12
33718272 14
33614000 7
33600000 275
33592320 525
33339600 377
33191424 59
33177600 730
33075000 74
33067440 201
33030144 20
32928000 214
32812500 1
32805000 90
32768000 32
32672808 18
32659200 1818
32514048 154
32413500 37
32400000 391
32269440 17
32256000 948
32156250 1
32148900 130
32112640 16
32006016 133
32000000 38
31893750 8
31886460 11
31850496 55
31765230 3
31752000 1114
31610880 228
31505922 2
31500000 98
31492800 447
31457280 11
31360000 144
31352832 312
31116960 167
31104000 1360
31000725 3
30965760 423
30870000 113
30862944 115
30732800 27
30720000 227
30625000 4
30618000 557
30481920 1034
30375000 26
30252600 16
30240000 1201
30233088 125
30118144 3
30105600 323
30005640 162
30000000 25
29859840 565
29767500 97
29760696 10
29635200 625
29531250 2
29524500 32
29503488 10
29491200 216
29412250 1
29400000 143
29393280 832
29360128 2
29172150 18
29160000 565
29042496 13
29030400 1879
28934010 23
28901376 32
28812000 65
28800000 394
28704375 2
28697814 2
28672000 132
28576800 931
28449792 140
28350000 203
28343520 132
28311552 19
28235760 4
28224000 1019
28125000 3
28098560 21
28005264 42
28000000 57
27993600 1161
27869184 200
27783000 202
27659520 119
27648000 838
27562500 10
27556200 239
27525120 81
27440000 74
27433728 282
27337500 23
27227340 12
27216000 1930
27095040 589
27011250 6
27005076 25
27000000 126
26891200 15
26880000 514
26873856 151
26790750 34
26671680 464
26572050 4
26542080 272
26471025 1
26460000 526
26453952 140
26342400 264
26254935 4
26250000 9
26244000 417
26214400 14
26127360 1256
25930800 134
25920000 1081
25815552 2
25804800 691
25725000 20
25719120 336
25690112 4
25600000 63
25515000 234
25509168 13
25412184 1
25401600 1608
25288704 58
25210500 8
25200000 435
25194240 435
25165824 4
25088000 167
25004700 116
25000000 1
24893568 64
24883200 1268
24806250 7
24800580 47
24772608 82
24706290 2
24696000 381
24603750 5
24586240 24
24576000 181
24504606 3
24500000 16
24494400 1366
24385536 331
24310125 5
24300000 239
24202080 32
24192000 1813
24111675 3
24084480 138
24010000 16
24004512 118
24000000 100
23914845 2
23887872 96
23814000 654
23708160 465
23625000 30
23619600 198
23592960 61
23529800 4
23520000 425
23514624 329
23337720 82
23328000 1370
23224320 890
23152500 53
23147208 38
23049600 126
23040000 606
22963500 137
22937600 61
22861440 1059
22689450 4
22680000 1040
22674816 71
22588608 2
22579200 913
22504230 37
22500000 18
22478848 4
22400000 165
22394880 739
22320522 2
22226400 597
22127616 35
22118400 590
22050000 145
22044960 485
22020096 13
21952000 115
21870000 228
21781872 19
21772800 2522
21676032 145
21609000 52
21600000 559
21512960 10
21504000 574
21437500 3
21432600 363
21337344 211
21262500 45
21257640 44
21233664 45
21176820 4
21168000 1306
21073920 110
21008750 1
21003948 15
21000000 93
20995200 855
20971520 2
20901888 342
20837250 39
20744640 174
20736000 1548
20667150 31
20643840 246
20580000 105
20575296 233
20503125 1
20480000 69
20420505 3
20412000 1194
20321280 1148
20253807 2
20250000 65
20168400 22
20160000 1027
20155392 165
20070400 106
20003760 304
20000000 18
19906560 612
19845000 217
19840464 50
19756800 572
19687500 5
19683000 114
19660800 85
19600000 82
19595520 1342
19448100 57
19440000 979
19361664 15
19353600 1670
19293750 5
19289340 89
19267584 16
19208000 38
19200000 250
19136250 18
19131876 1
19051200 1453
18966528 126
18907875 1
18900000 365
18895680 255
18874368 11
18823840 1
18816000 657
18753525 11
18750000 2
18670176 81
18662400 1599
18600435 3
18579456 175
18522000 326
18439680 85
18432000 628
18375000 14
18370800 600
18350080 25
18289152 421
18225000 63
18151560 28
18144000 2407
18063360 443
18007500 9
18003384 40
18000000 165
17920000 219
17915904 177
17860500 177
17781120 591
17718750 5
17714700 33
17694720 214
17647350 1
17640000 596
17635968 227
17561600 106
17503290 24
17500000 10
17496000 933
17418240 1523
17364375 2
17360406 5
17287200 161
17280000 1139
17222625 1
17210368 3
17203200 380
17150000 29
17146080 680
17010000 599
17006112 30
16941456 1
16934400 1702
16875000 8
16859136 31
16807000 3
16800000 319
16796160 722
16669800 290
16595712 78
16588800 1274
16537500 35
16533720 157
16515072 42
16464000 295
16402500 47
16384000 68
16336404 12
16329600 2310
16257024 300
16206750 18
16200000 375
16134720 23
16128000 1433
16074450 66
16056320 36
16003008 172
16000000 46
15946875 1
15943230 3
15925248 120
15882615 1
15876000 1061
15805440 367
15752961 4
15750000 79
15746400 420
15728640 26
15680000 177
15676416 458
15558480 153
15552000 1855
15482880 732
15435000 97
15431472 114
15366400 54
15360000 344
15309000 451
15240960 1477
15187500 14
15126300 12
15120000 1387
15116544 146
15059072 1
15052800 479
15002820 92
15000000 21
14929920 941
14883750 29
14880348 15
14817600 695
14762250 14
14751744 17
14745600 381
14700000 131
14696640 900
14680064 4
14586075 2
14580000 587
14521248 20
14515200 2733
14467005 8
14450688 88
14406000 54
14400000 486
14336000 186
14288400 876
14224896 239
14175000 147
14171760 103
14155776 21
14117880 2
14112000 1257
14049280 44
14002632 40
14000000 61
13996800 1503
13934592 378
13891500 115
13829760 157
13824000 1394
13781250 1
13778100 152
13762560 120
13720000 84
13716864 382
13668750 9
13613670 3
13608000 1982
13547520 1012
13505625 1
13502538 12
13500000 123
13445600 12
13440000 673
13436928 213
13395375 4
13335840 460
13271040 563
13230000 419
13226976 119
13171200 346
13125000 5
13122000 359
13107200 38
13063680 1881
12965400 99
12960000 1253
12907776 7
12902400 1216
12862500 6
12859560 290
12845056 8
12800000 83
12757500 131
12754584 5
12706092 2
12700800 1989
12644352 99
12605250 1
12600000 453
12597120 525
12582912 6
12544000 229
12502350 62
12500000 4
12446784 93
12441600 1877
12403125 2
12400290 18
12386304 127
12348000 372
12301875 3
12293120 32
12288000 320
12252303 1
12250000 16
12247200 1337
12192768 473
12150000 206
12101040 31
12096000 2501
12042240 229
12005000 10
12002256 110
12000000 124
11943936 233
11907000 440
11854080 649
11812500 19
11809800 117
11796480 145
11764900 2
11760000 441
11757312 442
11668860 57
11664000 1532
11612160 1515
11576250 15
11573604 32
11524800 113
11520000 898
11484375 1
11481750 54
11468800 128
11430720 1239
11344725 1
11340000 976
11337408 64
11294304 2
11289600 1273
11252115 9
11250000 26
11239424 7
11200000 163
11197440 1069
11113200 494
11063808 58
11059200 994
11025000 85
11022480 398
11010048 16
10976000 133
10935000 153
10890936 12
10886400 2997
10838016 250
10804500 34
10800000 502
10756480 10
10752000 800
10716300 221
10668672 290
10631250 7
10628820 15
10616832 98
10588410 1
10584000 1374
10536960 219
10504375 1
10501974 8
10500000 80
10497600 890
10485760 10
10450944 574
10418625 4
10372320 158
10368000 2106
10333575 5
10321920 509
10290000 95
10287648 251
10240000 100
10206000 965
10160640 1572
10125000 37
10084200 22
10080000 1330
10077696 232
10035200 187
10001880 249
10000000 17
9953280 976
9922500 121
9920232 37
9878400 662
9841500 63
9834496 9
9830400 158
9800000 73
9797760 1536
9724050 30
9720000 968
9680832 9
9676800 2524
9646875 1
9644670 50
9633792 27
9604000 38
9600000 290
9568125 7
9565938 1
9525600 1516
9483264 215
9450000 258
9447840 270
9437184 20
9411920 4
9408000 718
9335088 76
9331200 2124
9289728 366
9261000 247
9219840 103
9216000 931
9187500 9
9185400 447
9175040 44
9144576 547
9112500 36
9075780 16
9072000 2643
9031680 692
9003750 1
9001692 34
9000000 120
8960000 276
8957952 275
8930250 66
8890560 684
8857350 11
8847360 424
8820000 507
8817984 281
8780800 135
8751645 7
8750000 9
8748000 790
8709120 2154
8680203 2
8643600 144
8640000 1297
8605184 1
8601600 561
8575000 11
8573040 630
8505000 405
8503056 27
8470728 4
8467200 1957
8437500 2
8429568 45
8403500 2
8400000 320
8398080 929
8334900 197
8297856 79
8294400 1957
8268750 11
8266860 93
8257536 77
8232000 299
8201250 13
8192000 77
8168202 2
8164800 2333
8128512 463
8103375 4
8100000 347
8067360 18
8064000 1963
8037225 9
8028160 52
8001504 198
8000000 45
7962624 187
7938000 919
7902720 486
7875000 45
7873200 358
7864320 45
7840000 182
7838208 643
7779240 113
7776000 2109
7741440 1244
7717500 48
7715736 110
7683200 56
7680000 487
7656250 2
7654500 200
7620480 1673
7593750 4
7563150 8
7560000 1245
7558272 149
7529536 2
7526400 674
7501410 51
7500000 15
7464960 1365
7441875 3
7440174 7
7411887 1
7408800 682
7381125 2
7375872 37
7372800 664
7350000 99
7348320 969
7340032 2
7290000 402
7260624 13
7257600 3390
7225344 163
7203000 36
7200000 517
7168000 271
7144200 612
7112448 276
7087500 69
7085880 64
7077888 56
7058940 1
7056000 1336
7024640 61
7001316 27
7000000 39
6998400 1606
6967296 611
6945750 44
6914880 165
6912000 1863
6889050 45
6881280 214
6860000 58
6858432 408
6806835 5
6804000 1769
6773760 1362
6751269 3
6750000 77
6722800 13
6720000 780
6718464 356
6667920 433
6635520 941
6615000 283
6613488 129
6585600 400
6562500 4
6561000 210
6553600 49
6531840 2242
6482700 64
6480000 1172
6453888 14
6451200 1680
6431250 3
6429780 158
6422528 14
6400000 111
6378750 37
6377292 5
6350400 2001
6322176 144
6300000 380
6298560 521
6291456 7
6272000 278
6251175 7
6250000 1
6223392 87
6220800 2474
6200145 9
6193152 272
6174000 307
6146560 24
6144000 486
6125000 10
6123600 1086
6096384 642
6075000 103
6050520 24
6048000 2701
6021120 326
6002500 8
6001128 84
6000000 101
5971968 327
5953500 247
5927040 730
5906250 6
5904900 67
5898240 203
5880000 422
5878656 482
5834430 30
5832000 1439
5806080 2247
5788125 2
5786802 11
5762400 94
5760000 1078
5740875 4
5734400 153
5715360 1203
5670000 752
5668704 83
5647152 4
5644800 1617
5625000 3
5619712 5
5600000 145
5598720 1347
5556600 357
5531904 76
5529600 1487
5512500 46
5511240 284
5505024 28
5488000 149
5467500 59
5445468 7
5443200 3165
5419008 351
5402250 18
5400000 430
5378240 11
5376000 965
5358150 88
5334336 283
5315625 2
5314410 7
5308416 164
5292000 1154
5268480 273
5250987 2
5250000 41
5248800 783
5242880 12
5225472 777
5186160 166
5184000 2421
5160960 779
5145000 58
5143824 200
5120000 120
5103000 626
5080320 1827
5062500 8
5042100 7
5040000 1204
5038848 279
5017600 203
5000940 141
5000000 9
4976640 1405
4961250 41
4960116 33
4939200 656
4920750 19
4917248 11
4915200 251
4900000 55
4898880 1639
4862025 8
4860000 784
4840416 10
4838400 3038
4822335 12
4816896 66
4802000 22
4800000 298
4782969 1
4762800 1175
4741632 242
4725000 163
4723920 198
4718592 33
4705960 1
4704000 789
4687500 1
4667544 41
4665600 2371
4644864 524
4630500 119
4609920 113
4608000 1266
4593750 1
4592700 224
4587520 67
4572288 575
4556250 6
4537890 5
4536000 2364
4515840 981
4500846 26
4500000 95
4480000 280
4478976 441
4465125 11
4445280 618
4428675 3
4423680 659
4410000 378
4408992 273
4390400 159
4375000 6
4374000 559
4354560 2751
4321800 104
4320000 1325
4302592 4
4300800 838
4287500 5
4286520 432
4252500 167
4251528 25
4235364 4
4233600 2111
4214784 59
4201750 4
4200000 270
4199040 950
4194304 2
4167450 79
4148928 78
4147200 2429
4134375 1
4133430 41
4128768 151
4116000 236
4100625 1
4096000 120
4084101 2
4082400 2033
4064256 588
4050000 231
4033680 21
4032000 2223
4014080 109
4000752 174
4000000 51
3981312 292
3969000 559
3951360 582
3937500 11
3936600 242
3932160 94
3920000 185
3919104 722
3889620 75
3888000 2026
3870720 1662
3858750 15
3857868 49
3841600 59
3840000 575
3827250 85
3810240 1639
3781575 2
3780000 1001
3779136 143
3764768 4
3763200 868
3750705 10
3750000 10
3732480 1648
3720087 2
3704400 538
3687936 38
3686400 942
3675000 48
3674160 673
3670016 6
3645000 231
3630312 17
3628800 3697
3612672 226
3601500 21
3600000 474
3584000 328
3572100 338
3556224 335
3543750 11
3542940 47
3538944 110
3529470 1
3528000 1119
3512320 88
3500658 13
3500000 46
3499200 1484
3483648 811
3472875 9
3457440 138
3456000 2228
3444525 8
3440640 297
3430000 37
3429216 386
3402000 1167
3386880 1663
3375000 34
3361400 1
3360000 767
3359232 408
3333960 304
3317760 1240
3307500 132
3306744 97
3292800 448
3281250 1
3280500 90
3276800 69
3265920 2385
3241350 27
3240000 1107
3226944 8
3225600 2025
3214890 100
3211264 16
3200000 123
3189375 9
3188646 2
3175200 1667
3161088 188
3150000 212
3149280 497
3145728 6
3136000 328
3125000 2
3111696 63
3110400 2780
3096576 363
3087000 179
3073280 42
3072000 630
3062500 2
3061800 635
3048192 728
3037500 39
3025260 19
3024000 2589
3010560 434
3001250 1
3000564 48
3000000 90
2985984 507
2976750 81
2963520 721
2952450 22
2949120 353
2940000 293
2939328 505
2917215 4
2916000 1104
2903040 2686
2893401 6
2881200 84
2880000 1126
2867200 248
2857680 856
2835000 414
2834352 68
2822400 1609
2812500 2
2809856 19
2800000 145
2799360 1467
2778300 208
2765952 70
2764800 1912
2756250 11
2755620 175
2752512 52
2744000 102
2733750 28
2722734 7
2721600 2911
2709504 508
2701125 1
2700000 326
2689120 14
2688000 1276
2679075 18
2667168 225
2657205 1
2654208 283
2646000 828
2634240 310
2625000 25
2624400 519
2621440 27
2612736 918
2593080 112
2592000 2344
2580480 1022
2572500 31
2571912 141
2560000 167
2551500 286
2540160 1893
2531250 1
2521050 1
2520000 989
2519424 285
2508800 272
2500470 51
2500000 8
2488320 1764
2480625 6
2480058 11
2469600 504
2460375 2
2458624 11
2457600 409
2450000 25
2449440 1331
2430000 494
2420208 15
2419200 3447
2408448 100
2401000 16
2400000 282
2381400 728
2370816 281
2362500 67
2361960 133
2359296 60
2352980 1
2352000 725
2333772 23
2332800 2155
2322432 683
2315250 36
2304960 108
2304000 1469
2296350 78
2293760 90
2286144 569
2278125 2
2268945 5
2268000 1934
2257920 1171
2250423 4
2250000 63
2240000 299
2239488 528
2222640 488
2211840 837
2205000 219
2204496 189
2195200 162
2187000 329
2177280 2864
2160900 55
2160000 1189
2151296 6
2150400 997
2143750 2
2143260 246
2126250 64
2125764 6
2117682 1
2116800 1898
2107392 83
2100000 202
2099520 825
2097152 2
2083725 16
2074464 64
2073600 2732
2066715 10
2064384 224
2058000 182
2048000 174
2041200 1337
2032128 697
2025000 116
2016840 14
2016000 2193
2007040 117
2000376 130
2000000 43
1990656 437
1984500 258
1975680 598
1968750 8
1968300 111
1966080 152
1960000 158
1959552 753
1944810 27
1944000 1710
1935360 2078
1929375 2
1928934 18
1920800 40
1920000 589
1913625 5
1905120 1319
1890000 621
1889568 135
1882384 2
1881600 856
1875000 5
1866240 1909
1852200 309
1843968 43
1843200 1189
1837500 22
1837080 412
1835008 15
1822500 96
1815156 12
1814400 3548
1806336 297
1800750 7
1800000 358
1792000 363
1786050 117
1778112 284
1771875 3
1771470 18
1769472 154
1764000 857
1756160 109
1750329 4
1750000 27
1749600 1091
1741824 1033
1728720 100
1728000 2261
1720320 409
1715000 25
1714608 286
1701000 673
1693440 1665
1687500 20
1680700 3
1680000 673
1679616 426
1666980 170
1658880 1565
1653750 29
1653372 41
1646400 329
1640250 33
1638400 94
1632960 2042
1620675 5
1620000 791
1613472 12
1612800 2343
1607445 13
1605632 26
1600000 107
1587600 1093
1580544 217
1575000 108
1574640 315
1572864 21
1568000 269
1555848 41
1555200 2724
1548288 534
1543500 89
1536640 35
1536000 675
1531250 4
1530900 325
1524096 723
1518750 15
1512630 10
1512000 2129
1505280 540
1500282 25
1500000 61
1492992 653
1488375 27
1481760 591
1476225 4
1474560 501
1470000 200
1469664 391
1458000 690
1451520 2955
1440600 48
1440000 932
1433600 283
1428840 499
1417500 180
1417176 47
1411788 1
1411200 1570
1404928 23
1400000 109
1399680 1411
1389150 79
1382976 66
1382400 2191
1378125 1
1377810 51
1376256 78
1372000 98
1366875 3
1361367 2
1360800 2207
1354752 535
1350000 198
1344560 8
1344000 1188
1333584 206
1327104 355
1323000 512
1317120 320
1312500 10
1312200 332
1310720 29
1306368 972
1296540 47
1296000 2081
1290240 1293
1286250 12
1285956 67
1280000 184
1275750 92
1270080 1646
1260525 1
1260000 698
1259712 235
1254400 251
1250235 14
1250000 4
1244160 2028
1240029 2
1234800 343
1229312 16
1228800 481
1225000 13
1224720 943
1215000 268
1210104 11
1209600 3225
1204224 138
1200500 11
1200000 239
1190700 314
1185408 285
1181250 15
1180980 58
1179648 87
1176490 1
1176000 624
1166886 11
1166400 1927
1161216 891
1157625 6
1152480 59
1152000 1583
1148175 11
1146880 115
1143072 478
1134000 1190
1128960 1208
1125000 21
1120000 242
1119744 574
1111320 298
1105920 1070
1102500 96
1102248 136
1097600 139
1093750 1
1093500 178
1088640 2733
1080450 17
1080000 860
1075648 6
1075200 1094
1071630 82
1063125 7
1062882 1
1058841 1
1058400 1331
1053696 100
1050000 116
1049760 659
1048576 5
1037232 54
1036800 2803
1032192 276
1029000 98
1024000 179
1020600 815
1016064 697
1012500 40
1008420 7
1008000 1897
1003520 136
1000188 62
1000000 39
995328 547
992250 82
987840 468
984375 1
984150 37
983040 187
980000 109
979776 663
972405 5
972000 1265
967680 2287
964467 3
960400 26
960000 584
952560 904
945000 363
944784 92
941192 1
940800 813
937500 1
933120 1846
926100 170
921984 30
921600 1353
918750 9
918540 192
917504 17
911250 31
907578 5
907200 2749
903168 322
900000 252
896000 351
893025 16
889056 245
885735 1
884736 233
882000 539
878080 91
875000 6
874800 708
870912 1021
864360 60
864000 2084
860160 545
857500 7
857304 169
850500 292
846720 1536
843750 4
840350 2
840000 503
839808 390
833490 62
829440 1855
826875 2
826686 18
823200 265
820125 1
819200 116
816480 1589
810000 452
806736 3
806400 2358
802816 37
800000 91
793800 684
790272 201
787500 39
787320 184
786432 23
784000 251
777924 24
777600 2432
774144 614
771750 23
768320 23
768000 791
765625 1
765450 105
762048 611
759375 1
756000 1528
752640 548
750141 2
750000 36
746496 672
740880 346
737280 639
735000 97
734832 285
729000 407
725760 2702
720300 28
720000 770
716800 296
714420 259
708750 41
708588 12
705600 1233
702464 25
700000 65
699840 1127
694575 10
691488 54
691200 2298
688905 4
688128 92
686000 59
680400 1409
677376 588
675000 92
672280 4
672000 1052
666792 117
663552 470
661500 200
658560 261
656250 4
656100 130
655360 42
653184 817
648270 20
648000 1613
645120 1418
642978 24
640000 182
637875 10
635040 1261
630000 430
629856 178
627200 254
625000 1
622080 2042
617400 208
614656 8
614400 627
612500 6
612360 521
607500 76
605052 9
604800 2771
602112 139
600250 2
600000 176
595350 129
592704 238
590490 14
589824 127
588000 429
583443 3
583200 1226
580608 960
576240 38
576000 1404
573440 143
571536 339
567000 614
564480 1067
562500 5
560000 183
559872 532
555660 147
552960 1254
551250 24
551124 56
548800 106
546750 37
544320 2121
540225 1
540000 563
537824 5
537600 1070
535815 11
531441 1
529200 917
526848 84
525000 43
524880 455
524288 7
518616 33
518400 2541
516096 344
514500 40
512000 209
510300 317
508032 618
506250 12
504210 3
504000 1336
501760 146
500094 22
500000 7
497664 610
496125 11
493920 343
492075 5
491520 223
490000 56
489888 489
486000 769
483840 2320
480200 8
480000 471
476280 500
472500 109
472392 44
470400 697
468750 1
466560 1503
463050 52
460992 39
460800 1428
459375 2
459270 57
458752 20
455625 7
453600 1929
451584 332
450000 109
448000 339
444528 166
442368 265
441000 293
439040 76
437500 1
437400 355
435456 982
432180 29
432000 1552
430080 566
428750 2
428652 73
425250 65
423360 1149
421875 1
420000 305
419904 318
416745 9
414720 1787
413343 1
411600 176
409600 137
408240 981
405000 222
403368 6
403200 1944
401408 45
400000 84
396900 295
395136 185
393750 7
393660 91
393216 42
392000 189
388962 12
388800 1733
387072 667
385875 7
384160 17
384000 713
382725 11
381024 463
378000 922
376320 518
375000 11
373248 616
370440 191
368640 697
367500 43
367416 131
364500 152
362880 2323
360150 10
360000 554
358400 307
357210 88
354375 7
354294 4
352800 769
351232 27
350000 41
349920 781
345744 39
345600 2118
344064 123
343000 27
340200 689
338688 525
337500 42
336140 3
336000 835
333396 54
331776 537
330750 65
329280 198
328050 31
327680 53
326592 688
324135 6
324000 1027
322560 1390
321489 4
320000 145
317520 781
315000 214
314928 117
313600 210
311040 1782
308700 91
307328 9
307200 561
306250 1
306180 234
303750 14
302526 1
302400 2054
301056 157
300125 1
300000 92
297675 8
296352 163
294912 154
294000 234
291600 708
290304 915
288120 25
288000 1120
286720 148
285768 172
283500 237
282240 920
281250 2
280000 104
279936 450
277830 38
276480 1302
275625 3
275562 16
274400 67
273375 4
272160 1561
270000 331
268912 1
268800 967
264600 434
263424 75
262500 27
262440 209
262144 5
259308 15
259200 2003
258048 382
257250 7
256000 215
255150 88
254016 493
253125 1
252105 1
252000 824
250880 136
250047 6
250000 1
248832 665
246960 207
245760 283
245000 31
244944 295
243000 347
241920 1872
240100 6
240000 290
238140 210
236250 33
236196 15
235200 489
233280 1157
231525 4
230496 30
230400 1350
229635 8
229376 25
226800 1113
225792 328
225000 51
224000 271
222264 97
221184 349
220500 100
219520 75
218750 2
218700 132
217728 816
216090 14
216000 1136
215040 602
214326 32
212625 13
211680 890
210000 190
209952 220
207360 1716
205800 84
204800 136
204120 502
202500 76
201684 3
201600 1500
200704 32
200000 49
198450 101
197568 112
196875 1
196830 23
196608 49
196000 120
194481 1
194400 1101
193536 660
192080 14
192000 600
190512 240
189000 425
188160 430
187500 5
186624 584
185220 85
184320 723
183750 10
183708 57
182250 38
181440 1624
180000 314
179200 242
178605 11
177147 1
176400 445
175616 25
175000 16
174960 467
172872 18
172800 1740
172032 140
171500 13
170100 268
169344 432
168750 6
168000 537
166698 11
165888 526
165375 5
164640 118
164025 7
163840 65
163296 474
162000 568
161280 1208
160000 121
158760 388
157500 69
157464 58
156800 158
155520 1407
154350 25
153664 7
153600 594
153090 59
151875 1
151263 1
151200 1242
150528 142
150000 47
148176 89
147456 166
147000 98
145800 344
145152 717
144060 10
144000 855
143360 154
142884 77
141750 70
141120 666
140000 93
139968 309
138915 9
138240 1248
137781 1
137200 39
136080 849
135000 141
134456 2
134400 812
132300 154
131712 63
131250 3
131220 81
131072 4
129654 4
129600 1323
129024 354
128000 179
127575 8
127008 320
126000 450
125440 121
124416 546
123480 121
122880 277
122500 8
122472 150
121500 109
120960 1408
120000 209
119070 54
118125 2
118098 4
117600 304
116640 749
115248 12
115200 1109
114688 23
113400 542
112896 252
112500 19
112000 192
111132 28
110592 361
110250 36
109760 47
109350 41
108864 592
108045 3
108000 647
107520 528
107163 2
105840 444
105000 75
104976 113
103680 1345
102900 40
102400 145
102060 172
101250 14
100800 1035
100352 34
100000 19
99225 12
98784 77
98415 4
98304 49
98000 49
97200 623
96768 569
96040 7
96000 489
95256 129
94500 161
94080 335
93750 2
93312 420
92610 32
92160 667
91875 1
91854 15
91125 3
90720 1026
90000 176
89600 227
88200 219
87808 26
87500 7
87480 217
86436 3
86400 1189
86016 131
85750 5
85050 57
84672 302
84375 2
84035 1
84000 326
83349 2
82944 449
82320 91
81920 59
81648 260
81000 235
80640 982
80000 81
79380 167
78750 26
78732 23
78400 89
77760 931
77175 4
76832 4
76800 482
76545 9
75600 677
75264 125
75000 21
74088 41
73728 155
73500 45
72900 110
72576 578
72030 4
72000 510
71680 143
71442 20
70875 4
70560 405
70000 38
69984 235
69120 1023
68600 22
68040 381
67500 41
67200 568
66150 44
65856 45
65625 1
65610 22
65536 9
64827 1
64800 746
64512 363
64000 159
63504 205
63000 201
62720 76
62500 1
62208 451
61740 53
61440 243
61250 5
61236 62
60750 33
60480 976
60000 119
59535 8
58800 153
58320 412
57624 6
57600 799
57344 35
56700 207
56448 204
56250 3
56000 105
55566 9
55296 312
55125 5
54880 20
54675 2
54432 369
54000 340
53760 458
52920 222
52500 16
52488 63
51840 992
51450 17
51200 116
51030 47
50400 601
50176 30
50000 5
49392 40
49152 64
49000 22
48600 273
48384 432
48020 5
48000 286
47628 56
47250 38
47040 221
46656 283
46305 3
46080 603
45360 535
45000 62
44800 152
44100 90
43904 11
43750 1
43740 72
43218 1
43200 760
43008 156
42875 1
42525 9
42336 184
42000 141
41472 407
41160 37
40960 56
40824 108
40500 78
40320 662
40000 56
39690 41
39375 2
39366 2
39200 71
38880 536
38416 3
38400 382
37800 304
37632 80
37500 4
37044 11
36864 187
36750 8
36450 33
36288 348
36015 1
36000 323
35840 107
35721 5
35280 214
35000 12
34992 102
34560 793
34300 3
34020 148
33750 14
33600 358
33075 1
32928 24
32805 6
32768 13
32400 420
32256 256
32000 83
31752 100
31500 67
31360 73
31104 362
30870 11
30720 232
30618 14
30240 532
30000 60
29400 73
29160 155
28812 2
28800 537
28672 34
28350 55
28224 138
28125 1
28000 63
27783 2
27648 289
27440 8
27216 193
27000 114
26880 333
26460 82
26250 8
26244 16
25920 609
25725 4
25600 82
25515 5
25200 280
25088 33
25000 6
24696 31
24576 61
24500 6
24300 81
24192 308
24000 181
23814 24
23625 4
23520 136
23328 176
23040 478
22680 258
22500 14
22400 107
22050 25
21952 4
21870 25
21600 441
21504 89
21168 95
21000 62
20736 277
20580 20
20480 62
20412 39
20250 18
20160 414
20000 20
19845 3
19683 1
19600 38
19440 254
19208 2
19200 249
18900 99
18816 65
18750 2
18522 5
18432 157
18225 6
18144 228
18000 142
17920 71
17640 97
17500 1
17496 33
17280 493
17150 3
17010 29
16875 1
16800 193
16464 18
16384 9
16200 181
16128 198
16000 56
15876 38
15750 13
15680 32
15552 221
15435 3
15360 190
15309 4
15120 280
15000 24
14700 28
14580 53
14406 2
14400 355
14336 23
14175 6
14112 61
14000 34
13824 196
13720 6
13608 75
13500 39
13440 209
13230 18
13125 2
13122 6
12960 327
12800 77
12600 125
12544 25
12500 1
12348 8
12288 47
12250 2
12150 17
12096 193
12000 92
11907 1
11760 64
11664 102
11520 323
11340 83
11250 2
11200 61
11025 2
10976 5
10935 3
10800 169
10752 61
10584 60
10500 20
10368 188
10290 5
10240 38
10206 8
10125 3
10080 236
10000 11
9800 10
9720 116
9600 171
9450 21
9408 34
9261 1
9216 117
9072 126
9000 48
8960 65
8820 29
8750 2
8748 16
8640 313
8505 4
8400 97
8232 7
8192 13
8100 60
8064 152
8000 23
7938 11
7875 2
7840 21
7776 114
7680 135
7560 106
7500 7
7350 11
7290 13
7200 198
7168 14
7056 44
7000 10
6912 134
6860 1
6804 15
6750 9
6720 130
6615 3
6561 1
6480 151
6400 38
6300 35
6272 11
6250 1
6174 2
6144 42
6125 1
6075 3
6048 101
6000 35
5880 28
5832 40
5760 198
5670 19
5600 33
5488 1
5400 83
5376 58
5292 14
5250 1
5184 118
5120 30
5103 3
5040 99
5000 5
4900 3
4860 29
4800 91
4725 2
4704 20
4608 81
4536 37
4500 15
4480 32
4410 5
4374 6
4320 174
4200 36
4116 2
4096 5
4050 14
4032 68
4000 13
3969 3
3920 6
3888 53
3840 74
3780 26
3750 1
3600 72
3584 20
3528 15
3500 7
3456 90
3430 1
3402 6
3360 64
3240 63
3200 29
3150 6
3136 3
3072 30
3024 52
3000 18
2940 3
2916 11
2880 108
2835 2
2800 16
2744 1
2700 31
2688 27
2646 2
2592 61
2560 21
2520 38
2500 4
2450 1
2430 10
2401 1
2400 52
2352 9
2304 52
2268 12
2250 1
2240 22
2160 64
2100 16
2048 9
2025 2
2016 47
2000 3
1960 8
1944 19
1920 65
1890 8
1800 28
1792 6
1764 3
1728 46
1680 28
1620 22
1600 12
1575 2
1568 2
1536 21
1512 19
1500 6
1470 1
1458 2
1440 59
1400 6
1350 5
1344 27
1323 1
1296 28
1280 10
1260 8
1215 1
1200 12
1176 3
1152 22
1134 2
1125 1
1120 19
1080 20
1050 2
1024 5
1008 16
1000 3
972 7
960 37
945 2
900 8
896 7
882 3
864 28
840 9
810 6
800 4
784 2
768 12
756 6
750 1
720 31
700 1
672 7
648 11
640 13
630 3
600 12
588 2
576 16
560 6
540 4
512 3
504 5
500 1
480 15
450 2
448 3
432 3
420 1
400 3
392 1
384 10
378 1
360 10
350 2
336 6
324 1
320 4
300 1
294 1
288 9
280 3
270 1
256 1
252 3
250 2
240 4
225 2
224 3
216 1
210 1
192 5
180 1
168 4
160 3
144 3
140 1
128 1
126 1
120 4
112 1
90 1
72 2
56 1
48 1
32 1
24 1
