4374000000 1
4082400000 2
4032000000 1
3686400000 1
3674160000 1
3628800000 1
3572100000 1
3402000000 1
3265920000 1
3240000000 1
3061800000 1
3024000000 1
2976069600 1
2949120000 1
2939328000 2
2916000000 1
2903040000 2
2893401000 1
2799360000 2
2764800000 1
2721600000 5
2654208000 1
2645395200 1
2624400000 3
2592000000 1
2580480000 1
2571912000 2
2560000000 1
2540160000 2
2520000000 1
2480058000 1
2469600000 1
2449440000 3
2419200000 1
2401000000 1
2400000000 1
2388787200 2
2351462400 1
2332800000 4
2322432000 1
2296350000 1
2286144000 3
2268000000 1
2257920000 1
2240000000 1
2239488000 2
2222640000 4
2204496000 3
2177280000 2
2160900000 1
2100000000 1
2099520000 2
2090188800 1
2073600000 1
2064384000 1
2057529600 3
2041200000 1
2040733440 1
2016000000 3
2015539200 2
2000376000 1
1990656000 4
1984500000 1
1968300000 2
1966080000 1
1959552000 3
1944000000 7
1935360000 5
1928934000 1
1913187600 2
1905120000 5
1890000000 1
1889568000 3
1881169920 2
1866240000 2
1857945600 1
1843200000 4
1837080000 4
1835008000 1
1828915200 4
1814400000 5
1800338400 1
1791590400 2
1778112000 5
1764000000 2
1763596800 4
1749600000 3
1741824000 5
1736040600 1
1728720000 2
1728000000 3
1714608000 8
1700611200 1
1693440000 1
1679616000 5
1666980000 1
1658880000 3
1653372000 1
1646400000 1
1640250000 1
1632960000 7
1625702400 1
1612800000 8
1594323000 2
1587600000 5
1587237120 1
1580544000 2
1575296100 2
1574640000 2
1568000000 2
1567641600 5
1555200000 5
1548288000 1
1543500000 1
1543147200 2
1530900000 1
1524096000 10
1512000000 5
1505280000 3
1500282000 2
1492992000 1
1488034800 1
1481760000 1
1474560000 1
1469664000 9
1458000000 2
1451520000 10
1446700500 1
1440600000 1
1440000000 3
1434890700 2
1433600000 1
1428840000 7
1422489600 3
1417500000 1
1417176000 5
1411200000 11
1410877440 5
1404928000 1
1400000000 1
1399680000 7
1393459200 2
1389150000 1
1388832480 2
1382400000 8
1377810000 6
1372000000 1
1371686400 3
1360800000 13
1360488960 2
1354752000 7
1350253800 3
1350000000 1
1344000000 1
1343692800 5
1333584000 3
1327104000 2
1322697600 6
1317120000 1
1312200000 4
1306368000 17
1296540000 1
1296243648 1
1296000000 9
1290240000 5
1285956000 11
1284505600 1
1280240640 2
1280000000 1
1270080000 14
1264435200 1
1259712000 7
1254113280 1
1250235000 1
1244678400 2
1244160000 18
1240029000 5
1238630400 1
1234800000 3
1234517760 4
1228800000 3
1224720000 25
1219276800 8
1209600000 11
1209323520 2
1204224000 2
1200225600 1
1200000000 1
1194393600 5
1190700000 2
1190427840 5
1185408000 5
1180980000 6
1176000000 2
1175731200 16
1166886000 1
1166400000 13
1161216000 14
1157360400 4
1152480000 3
1152000000 1
1146880000 1
1143072000 21
1134000000 3
1133740800 5
1128960000 9
1128701952 1
1125211500 2
1120210560 1
1120000000 1
1119744000 15
1114767360 1
1111320000 5
1106380800 3
1105920000 3
1102500000 1
1102248000 14
1097600000 1
1097349120 1
1089093600 1
1088640000 28
1083801600 5
1080450000 3
1080203040 3
1080000000 2
1075200000 3
1074954240 4
1071630000 8
1071385056 1
1066867200 12
1058400000 18
1058158080 7
1053696000 1
1050197400 1
1049760000 7
1045094400 11
1037232000 2
1036800000 20
1033357500 2
1032192000 6
1029000000 1
1028764800 12
1020600000 11
1020366720 3
1016064000 28
1008000000 13
1007769600 6
1003520000 3
1003290624 1
1000188000 11
995328000 11
992250000 1
992023200 11
987840000 5
987614208 1
984150000 3
983040000 2
979776000 38
975421440 3
972405000 2
972000000 7
967680000 24
964467000 6
963379200 1
960180480 6
960000000 2
956593800 1
955514880 2
952560000 16
948326400 5
945000000 5
944784000 11
940800000 7
940584960 8
933508800 4
933120000 28
928972800 12
925888320 4
921984000 3
921600000 7
918540000 9
918330048 1
917504000 1
914457600 19
910393344 1
907578000 1
907200000 30
906992640 1
903168000 10
900169200 3
900000000 2
896000000 2
895795200 18
893025000 3
892820880 3
889056000 16
885735000 3
885104640 1
884736000 2
882165816 1
882000000 7
881798400 30
877879296 4
874800000 9
871274880 2
870912000 36
868020300 1
864360000 1
864162432 2
864000000 9
860160000 7
857304000 32
853493760 5
850500000 3
850305600 5
849346560 1
846720000 33
846526464 1
840157920 1
840000000 2
839808000 27
836075520 5
833490000 10
829785600 9
829440000 22
826686000 13
825753600 3
823200000 5
823011840 8
820125000 2
819200000 1
816480000 43
816293376 1
812851200 16
810152280 1
810000000 1
806736000 1
806400000 23
806215680 4
803722500 1
802816000 2
800150400 24
796594176 1
796262400 10
793800000 22
793618560 6
790272000 21
787648050 1
787320000 11
786759680 1
786432000 1
784147392 2
784000000 3
783820800 41
780337152 3
777924000 5
777600000 43
774144000 16
771573600 13
768000000 3
765450000 10
765275040 1
764411904 1
762048000 54
758661120 3
756315000 1
756142128 1
756000000 11
755827200 13
752640000 8
752467968 2
750141000 6
746807040 2
746496000 35
744017400 3
743178240 4
740880000 20
740710656 3
737587200 1
737280000 6
735138180 1
734832000 37
734003200 1
731566080 7
729137052 1
729000000 4
726062400 1
725760000 48
723350250 4
722534400 5
720135360 8
720000000 3
716800000 8
716636160 6
714420000 21
711244800 26
708750000 1
708588000 15
707788800 2
705600000 17
705438720 8
702464000 4
700131600 5
699840000 47
697019904 2
696729600 32
694575000 3
694416240 6
691488000 5
691200000 25
688905000 7
688414720 1
688128000 2
686000000 1
685843200 37
682795008 1
680400000 36
680244480 2
677658240 2
677376000 45
675126900 2
672000000 11
671846400 23
668860416 1
666792000 24
663828480 4
663552000 16
661500000 4
661348800 31
658560000 11
658409472 5
656100000 11
655360000 1
653456160 2
653184000 86
650280960 9
648270000 5
648121824 3
648000000 21
645120000 34
644972544 1
642978000 23
640120320 9
637729200 1
637009920 3
635040000 77
634894848 2
632217600 10
630118440 4
630000000 10
629856000 36
627200000 4
627056640 14
624974616 1
622339200 18
622080000 43
620014500 3
619315200 4
617400000 9
617258880 15
614656000 2
614400000 8
612615150 1
612500000 1
612360000 54
609892416 1
609638400 53
607614210 1
607500000 3
605052000 4
604800000 46
604661760 16
602112000 14
600112800 27
600000000 4
597196800 25
595350000 10
595213920 14
592704000 28
590490000 5
590069760 2
589824000 6
588000000 7
587865600 61
585252864 1
583443000 3
583200000 41
580849920 1
580608000 91
578680200 16
578027520 1
576240000 2
576108288 9
576000000 14
573440000 7
571536000 81
568995840 14
567000000 29
566870400 13
566231040 1
564480000 57
564350976 4
562605750 2
561971200 1
560105280 9
559872000 64
557383680 9
555660000 24
555532992 3
553190400 6
552960000 32
551124000 40
550502400 2
548800000 3
548674560 30
546852789 1
546750000 4
544546800 5
544320000 96
544195584 1
541900800 36
540225000 2
540101520 12
540000000 6
537824000 2
537600000 23
537477120 10
535815000 8
535692528 3
533433600 44
531441000 5
531062784 1
530841600 12
529200000 34
529079040 20
528482304 1
526848000 7
525098700 6
524880000 35
522547200 66
520812180 2
520224768 1
518616000 15
518400000 36
516678750 1
516096000 26
514500000 2
514382400 66
512096256 2
512000000 2
510300000 30
510183360 2
509607936 1
508243680 2
508032000 98
505774080 5
504210000 2
504094752 1
504000000 34
503884800 36
502211745 1
501760000 10
501645312 3
500094000 29
497871360 8
497664000 53
496011600 14
495452160 3
493920000 25
493807104 5
491724800 4
491520000 5
490092120 1
490000000 1
489888000 108
487710720 28
486202500 4
486091368 3
486000000 14
484041600 6
483840000 83
483729408 3
482233500 8
481689600 4
480090240 20
480000000 7
477757440 11
476280000 70
476171136 4
474163200 35
472500000 3
472392000 24
471859200 2
470400000 29
470292480 45
466754400 17
466560000 76
464486400 47
463050000 11
462944160 19
460992000 9
460800000 31
459270000 33
458752000 2
457228800 102
455625000 1
455196672 4
453789000 1
453600000 75
453496320 15
451584000 43
450084600 12
450000000 2
449576960 1
448084224 6
448000000 16
447897600 48
446512500 5
446410440 4
445906944 1
444528000 60
442552320 3
442368000 32
441000000 13
440899200 88
439040000 12
438939648 8
437400000 24
435637440 7
435456000 159
434010150 3
433520640 13
432180000 7
432081216 5
432000000 25
430080000 19
429981696 5
428652000 81
426746880 34
425250000 11
425152800 8
424673280 6
423360000 123
423263232 5
421478400 4
420078960 10
420000000 3
419904000 67
418037760 30
416745000 14
416649744 2
414892800 15
414720000 85
413343000 18
412876800 20
411600000 15
411505920 57
409600000 3
408410100 3
408240000 123
408146688 4
406425600 98
405076140 5
405000000 6
403368000 3
403200000 90
403107840 19
401769396 2
401408000 7
400075200 53
398580750 1
398297088 5
398131200 32
396900000 34
396809280 16
395136000 48
393824025 1
393750000 1
393660000 33
393379840 3
393216000 7
392073696 2
392000000 9
391910400 145
390168576 10
388962000 17
388800000 86
387233280 1
387072000 90
385786800 38
385351680 2
384160000 4
384072192 8
384000000 11
382725000 6
382637520 3
382205952 2
381024000 169
379330560 15
378071064 4
378000000 32
377913600 50
376476800 1
376320000 35
376233984 13
375070500 12
373403520 16
373248000 133
372008700 6
371589120 24
370440000 46
370355328 10
369056250 1
368793600 7
368640000 30
367500000 3
367416000 119
367001600 1
365783040 74
364568526 1
364500000 13
363031200 8
362880000 197
362797056 2
361675125 1
361267200 42
360150000 2
360067680 27
360000000 9
358400000 12
358318080 31
357210000 41
357128352 2
355622400 87
354375000 1
354294000 15
354041856 1
353894400 9
352800000 71
352719360 62
351232000 10
350065800 15
350000000 1
349920000 91
348364800 120
347287500 3
347208120 11
346816512 2
345744000 25
345600000 62
344452500 5
344207360 1
344064000 27
343000000 4
342921600 127
341397504 9
340341750 1
340200000 98
340122240 15
339738624 1
338829120 1
338688000 150
337563450 2
337500000 1
337182720 2
336140000 1
336063168 1
336000000 18
335923200 86
334807830 1
334430208 1
333396000 59
331914240 12
331776000 78
330750000 8
330674400 63
330301440 8
329417200 1
329280000 31
329204736 15
328050000 10
327680000 2
326728080 8
326592000 239
325140480 40
324135000 10
324060912 6
324000000 39
322694400 4
322560000 123
322486272 7
321489000 38
321126400 7
320060160 55
320000000 7
318937500 3
318864600 2
318504960 14
317520000 161
317447424 13
316108800 36
315059220 12
315000000 11
314928000 86
314572800 3
313600000 24
313528320 94
312558750 2
312487308 1
311169600 32
311040000 142
309786624 1
309657600 58
308700000 24
308629440 66
308281344 2
307328000 6
307200000 16
306250000 1
306180000 86
306110016 3
304946208 1
304819200 192
303750000 1
303464448 4
302526000 4
302400000 120
302330880 41
301056000 37
300056400 47
300000000 4
298722816 6
298598400 93
297675000 20
297606960 13
297271296 2
296352000 98
295245000 10
295034880 2
294912000 19
294055272 2
294000000 17
293932800 181
293601280 1
292626432 13
291721500 14
291600000 76
290424960 4
290304000 243
289340100 12
289013760 10
288120000 11
288054144 11
288000000 41
287043750 1
286978140 1
286720000 22
286654464 10
285768000 185
284497920 54
283553298 1
283500000 35
283435200 39
283115520 7
282357600 1
282240000 129
282175488 19
280985600 3
280052640 17
280000000 12
279936000 179
278691840 60
277830000 34
277766496 6
276595200 30
276480000 85
275625000 1
275562000 72
275251200 14
274400000 15
274337280 100
273375000 3
272273400 7
272160000 251
272097792 6
271063296 1
270950400 123
270112500 1
270050760 25
270000000 16
268912000 7
268800000 53
268738560 61
267907500 11
267846264 3
266716800 132
265720500 3
265531392 5
265420800 49
264600000 91
264539520 78
264241152 1
263424000 38
262549350 2
262500000 1
262440000 74
261382464 4
261273600 257
260406090 4
260112384 6
259308000 21
259200000 125
258280326 1
258155520 3
258048000 85
257250000 4
257191200 109
256901120 3
256048128 23
256000000 10
255150000 51
255091680 11
254803968 1
254016000 282
252887040 19
252105000 1
252047376 6
252000000 46
251942400 121
250880000 35
250822656 27
250047000 34
248935680 31
248832000 174
248062500 4
248005800 23
247726080 34
246960000 68
246903552 29
246037500 3
245862400 3
245760000 21
245046060 3
245000000 4
244944000 272
243855360 95
243101250 2
243045684 1
243000000 33
242020800 15
241920000 254
241864704 7
241116750 4
240844800 13
240100000 3
240045120 70
240000000 9
239148450 1
238878720 35
238140000 125
238085568 10
237081600 102
236294415 1
236250000 3
236196000 59
236027904 1
235929600 12
235298000 1
235200000 52
235146240 123
233377200 36
233280000 225
232339968 1
232243200 185
231525000 13
231472080 33
231211008 1
230496000 22
230400000 86
229635000 39
229582512 1
229376000 9
228614400 264
227598336 6
226800000 179
226748160 39
225886080 2
225792000 164
225042300 19
225000000 2
224788480 5
224042112 11
224000000 18
223948800 178
223205220 4
222953472 11
222264000 135
221433750 1
221276160 14
221184000 91
220541454 2
220500000 18
220449600 156
220200960 3
219520000 34
219469824 38
218791125 1
218700000 34
217818720 9
217728000 461
216760320 55
216090000 12
216040608 18
216000000 66
215129600 4
215040000 69
214990848 10
214375000 3
214326000 112
213373440 104
212625000 10
212576400 18
212336640 20
211680000 210
211631616 25
210739200 29
210087500 1
210039480 13
210000000 11
209952000 180
209018880 144
208372500 16
208324872 7
207446400 55
207360000 231
206671500 19
206524416 1
206438400 53
205885750 2
205800000 27
205752960 131
204800000 10
204205050 2
204120000 214
204073344 4
203212800 286
202538070 9
202500000 10
202309632 5
201684000 4
201600000 170
201553920 67
201326592 1
200704000 19
200120949 1
200037600 118
200000000 4
199148544 11
199065600 116
198450000 45
198404640 50
198180864 5
197568000 114
196830000 38
196689920 4
196608000 14
196036848 4
196000000 25
195955200 405
195084288 21
194481000 26
194400000 138
193616640 6
193536000 292
192937500 1
192893400 53
192675840 9
192080000 10
192036096 32
192000000 40
191362500 7
191318760 3
191102976 6
190591380 2
190512000 338
189665280 61
189078750 2
189035532 2
189000000 52
188956800 90
188743680 1
188160000 80
188116992 32
187535250 6
186701760 33
186624000 299
186004350 4
185794560 62
185220000 75
185177664 31
184396800 18
184320000 90
183784545 1
183750000 6
183708000 191
183500800 2
182891520 199
182250000 16
181515600 18
181440000 440
181398528 13
180633600 125
180075000 2
180033840 60
180000000 22
179200000 30
179159040 83
178605000 57
178564176 8
177885288 1
177811200 211
177147000 17
177020928 1
176947200 44
176473500 1
176400000 118
176359680 152
175616000 32
175032900 13
175000000 3
174960000 182
174254976 5
174182400 386
173604060 23
173408256 10
172872000 57
172800000 137
172226250 4
172103680 1
172032000 67
171500000 4
171460800 252
170698752 18
170100000 100
170061120 33
169869312 2
169414560 4
169344000 400
168781725 1
168750000 2
168591360 15
168070000 3
168031584 12
168000000 63
167961600 233
167215104 20
166698000 89
165957120 40
165888000 213
165375000 10
165337200 77
165150720 15
164640000 59
164602368 47
164025000 14
163840000 9
163364040 5
163296000 557
162570240 142
162067500 10
162030456 5
162000000 61
161347200 9
161280000 231
161243136 24
160744500 31
160563200 13
160030080 133
160000000 6
159432300 1
159252480 46
158760000 260
158723712 26
158054400 120
157529610 8
157500000 9
157464000 130
157286400 6
156800000 31
156764160 244
156243654 4
155584800 75
155520000 328
154893312 4
154828800 186
154350000 24
154314720 118
154140672 2
153664000 18
153600000 45
153090000 101
153055008 8
152473104 1
152409600 461
151875000 4
151732224 17
151263000 4
151200000 258
151165440 89
150994944 1
150590720 1
150528000 119
150028200 68
150000000 3
149361408 14
149299200 268
148837500 13
148803480 27
148635648 17
148237740 2
148176000 187
147622500 11
147517440 17
147456000 77
147000000 18
146966400 391
146313216 56
145860750 6
145800000 134
145212480 5
145152000 618
144670050 8
144506880 41
144060000 13
144027072 38
144000000 81
143360000 49
143327232 14
142884000 320
142248960 130
141750000 24
141717600 57
141557760 9
141178800 1
141120000 260
141087744 49
140492800 10
140026320 43
140000000 8
139968000 366
139345920 206
138915000 41
138883248 19
138297600 60
138240000 241
137781000 71
137625600 29
137200000 15
137168640 250
136687500 1
136136700 8
136080000 468
136048896 8
135475200 315
135025380 21
135000000 22
134873088 4
134456000 2
134400000 108
134369280 134
133953750 3
133923132 5
133358400 233
132860250 1
132765696 11
132710400 157
132300000 92
132269760 127
132120576 3
131712000 91
131274675 1
131250000 1
131220000 104
131072000 4
130691232 2
130636800 658
130056192 30
129654000 44
129600000 229
129140163 1
129077760 6
129024000 246
128625000 2
128595600 179
128450560 7
128024064 36
128000000 17
127575000 32
127545840 21
127401984 6
127008000 581
126443520 56
126052500 1
126023688 3
126000000 88
125971200 238
125829120 8
125440000 71
125411328 65
125023500 31
125000000 1
124467840 62
124416000 405
124031250 1
124002900 22
123863040 74
123480000 115
123451776 50
122931200 13
122880000 48
122523030 5
122500000 3
122472000 447
121927680 292
121522842 2
121500000 32
121010400 17
120960000 558
120932352 25
120422400 88
120050000 5
120022560 104
120000000 13
119574225 1
119439360 99
119070000 147
119042784 16
118540800 228
118125000 2
118098000 54
118013952 2
117964800 37
117600000 87
117573120 314
116688600 39
116640000 334
116169984 5
116121600 495
115762500 6
115736040 70
115605504 7
115248000 42
115200000 167
114817500 17
114791256 2
114688000 24
114307200 531
113799168 40
113447250 2
113400000 256
113374080 77
113246208 2
112943040 2
112896000 354
112521150 22
112500000 2
112394240 7
112021056 19
112000000 37
111974400 371
111628125 1
111602610 2
111476736 40
111178305 1
111132000 188
110638080 44
110592000 241
110250000 17
110224800 216
110100480 8
109760000 34
109734912 75
109350000 50
108909360 19
108864000 921
108380160 148
108045000 21
108020304 19
108000000 109
107564800 9
107520000 202
107495424 34
107163000 118
106686720 217
106312500 4
106288200 18
106168320 44
105884100 1
105840000 349
105815808 67
105369600 90
105019740 13
105000000 12
104976000 285
104857600 4
104509440 369
104186250 6
104162436 5
103723200 103
103680000 416
103335750 9
103219200 140
102900000 16
102876480 209
102400000 21
102060000 295
102036672 5
101648736 1
101606400 598
101269035 1
101250000 5
101154816 13
100842000 10
100800000 261
100776960 156
100442349 1
100352000 48
100018800 176
100000000 3
99574272 16
99532800 326
99225000 41
99202320 60
99090432 8
98784000 210
98415000 24
98344960 9
98304000 35
98000000 21
97977600 693
97542144 65
97240500 30
97200000 230
96808320 20
96768000 681
96446700 32
96337920 21
96040000 19
96018048 53
96000000 50
95681250 6
95659380 2
95551488 23
95295690 1
95256000 603
94832640 134
94517766 3
94500000 70
94478400 175
94371840 9
94119200 1
94080000 194
94058496 89
93767625 2
93350880 77
93312000 580
93002175 2
92897280 205
92610000 92
92588832 39
92198400 38
92160000 195
91875000 1
91854000 243
91750400 12
91445760 419
91125000 11
90757800 17
90720000 683
90699264 33
90316800 281
90037500 2
90016920 58
90000000 27
89915392 1
89600000 69
89579520 212
89302500 34
89282088 6
88942644 1
88905600 365
88573500 18
88510464 11
88473600 120
88200000 140
88179840 312
88080384 2
87808000 65
87516450 6
87500000 2
87480000 232
87127488 6
87091200 891
86802030 8
86704128 18
86436000 59
86400000 280
86051840 2
86016000 154
85750000 4
85730400 440
85349376 65
85050000 134
85030560 29
84934656 9
84707280 4
84672000 696
84295680 36
84035000 1
84015792 20
84000000 78
83980800 433
83886080 1
83607552 90
83349000 108
82978560 85
82944000 531
82687500 6
82668600 106
82575360 67
82320000 92
82301184 127
82012500 12
81920000 25
81682020 9
81648000 911
81285120 311
81033750 2
81015228 6
81000000 49
80673600 16
80640000 503
80621568 65
80372250 19
80281600 44
80015040 231
80000000 11
79626240 144
79380000 340
79361856 40
79027200 254
78764805 2
78750000 11
78732000 179
78675968 2
78643200 22
78400000 59
78382080 533
78121827 1
77792400 75
77760000 585
77446656 10
77414400 475
77175000 29
77157360 145
77070336 6
76832000 24
76800000 100
76545000 111
76236552 1
76204800 872
75937500 1
75866112 27
75631500 4
75600000 352
75582720 166
75497472 1
75295360 1
75264000 240
75014100 58
75000000 2
74680704 34
74649600 595
74418750 4
74401740 23
74317824 28
74118870 1
74088000 312
73811250 2
73758720 30
73728000 182
73513818 2
73500000 25
73483200 583
73400320 7
73156608 135
72930375 4
72900000 121
72606240 20
72576000 1126
72335025 1
72253440 126
72030000 19
72013536 44
72000000 110
71680000 85
71663616 41
71442000 346
71124480 255
70875000 34
70858800 67
70778880 49
70589400 2
70560000 412
70543872 144
70246400 33
70013160 49
70000000 16
69984000 595
69672960 461
69457500 30
69441624 20
69148800 113
69120000 470
68890500 43
68812800 71
68600000 17
68584320 508
68068350 4
68040000 645
68024448 25
67765824 2
67737600 661
67512690 10
67500000 21
67436544 5
67228000 8
67200000 196
67184640 290
66976875 1
66679200 345
66382848 25
66355200 369
66150000 108
66134880 160
66060288 4
65856000 171
65610000 107
65536000 18
65345616 13
65318400 1192
65028096 75
64827000 47
64800000 333
64538880 14
64512000 560
64312500 3
64297800 181
64225280 6
64012032 98
64000000 33
63787500 25
63772920 18
63700992 16
63530460 3
63504000 883
63221760 136
63026250 2
63011844 5
63000000 102
62985600 358
62914560 3
62720000 118
62705664 144
62511750 19
62500000 2
62233920 95
62208000 878
62001450 7
61931520 190
61740000 122
61725888 89
61465600 25
61440000 100
61261515 1
61250000 5
61236000 573
60963840 617
60761421 1
60750000 39
60505200 23
60480000 879
60466176 53
60236288 1
60211200 165
60025000 2
60011280 149
60000000 18
59719680 265
59535000 140
59521392 26
59270400 420
59062500 2
59049000 51
59006976 11
58982400 88
58824500 2
58800000 131
58786560 589
58720256 2
58344300 41
58320000 490
58084992 11
58060800 984
57868020 39
57802752 15
57624000 51
57600000 253
57408750 9
57395628 1
57344000 71
57177414 1
57153600 808
56899584 83
56700000 256
56687040 107
56623104 4
56471520 1
56448000 612
56260575 2
56250000 3
56197120 18
56010528 38
56000000 50
55987200 755
55801305 1
55738368 98
55566000 222
55319040 83
55296000 476
55125000 13
55112400 282
55050240 30
54880000 56
54867456 160
54675000 29
54454680 21
54432000 1444
54190080 347
54022500 13
54010152 24
54000000 102
53782400 10
53760000 325
53747712 73
53581500 71
53343360 351
53144100 12
53084160 140
52942050 1
52920000 502
52907904 109
52684800 165
52509870 12
52500000 19
52488000 426
52428800 9
52254720 755
52081218 4
51861600 153
51840000 793
51667875 3
51631104 3
51609600 359
51450000 28
51438240 334
51380224 1
51200000 39
51030000 299
51018336 17
50824368 6
50803200 1148
50625000 6
50577408 27
50421000 6
50400000 399
50388480 294
50331648 1
50176000 98
50009400 146
50000000 3
49787136 44
49766400 717
49612500 22
49601160 68
49545216 27
49412580 1
49392000 339
49207500 19
49172480 13
49152000 89
49009212 1
49000000 23
48988800 1091
48771072 173
48620250 16
48600000 284
48404160 30
48384000 1178
48223350 33
48168960 62
48020000 15
48009024 104
48000000 71
47775744 58
47628000 685
47416320 332
47258883 1
47250000 58
47239200 196
47185920 31
47059600 1
47040000 289
47029248 205
46675440 103
46656000 1002
46448640 494
46305000 81
46294416 40
46099200 81
46080000 388
45927000 190
45875200 33
45722880 735
45562500 1
45378900 14
45360000 992
45349632 51
45158400 542
45008460 53
45000000 31
44957696 2
44800000 107
44789760 446
44651250 20
44641044 4
44452800 510
44286750 11
44255232 25
44236800 305
44100000 154
44089920 430
44040192 4
43904000 87
43758225 3
43750000 1
43740000 298
43563744 11
43545600 1585
43352064 65
43218000 81
43200000 377
43046721 1
43025920 9
43008000 328
42875000 2
42865200 471
42674688 121
42525000 114
42515280 38
42467328 20
42353640 7
42336000 1024
42147840 73
42017500 2
42007896 14
42000000 100
41990400 659
41943040 5
41803776 203
41674500 67
41489280 134
41472000 959
41343750 2
41334300 53
41287680 120
41177150 1
41160000 135
41150592 219
41006250 4
40960000 54
40841010 5
40824000 1127
40642560 691
40516875 2
40507614 3
40500000 78
40336800 21
40320000 859
40310784 115
40186125 5
40140800 67
40007520 296
40000000 12
39858075 2
39813120 303
39690000 349
39680928 56
39513600 406
39375000 6
39366000 159
39337984 1
39321600 51
39200000 92
39191040 920
38896200 87
38880000 802
38723328 8
38707200 895
38587500 16
38578680 138
38535168 14
38416000 30
38400000 159
38272500 58
38263752 8
38118276 2
38102400 1287
37933056 70
37815750 4
37800000 433
37791360 231
37748736 4
37632000 423
37507050 30
37500000 5
37340352 58
37324800 1090
37209375 3
37200870 10
37158912 97
37044000 399
36879360 48
36864000 389
36756909 2
36750000 32
36741600 709
36700160 11
36578304 239
36450000 113
36303120 32
36288000 1855
36126720 247
36015000 20
36006768 49
36000000 137
35840000 122
35831808 96
35721000 295
35562240 473
35437500 11
35429400 46
35389440 107
35294700 1
35280000 570
35271936 172
35123200 72
35006580 39
35000000 14
34992000 834
34836480 907
34728750 20
34720812 15
34574400 163
34560000 792
34445250 21
34420736 1
34406400 195
34300000 24
34292160 635
34020000 661
34012224 35
33882912 5
33868800 1107
33756345 3
33750000 17
33718272 15
33614000 7
33600000 294
33592320 485
33480783 2
33339600 381
33191424 51
33177600 677
33075000 75
33067440 190
33030144 23
32941720 1
32928000 274
32812500 1
32805000 90
32768000 34
32672808 12
32659200 1777
32514048 154
32413500 29
32400000 434
32269440 18
32256000 1002
32148900 119
32112640 26
32006016 164
32000000 31
31893750 9
31886460 10
31850496 62
31765230 1
31752000 1170
31610880 248
31505922 7
31500000 104
31492800 453
31457280 15
31360000 154
31352832 269
31255875 2
31116960 154
31104000 1356
31000725 3
30965760 379
30870000 114
30862944 130
30732800 37
30720000 209
30625000 3
30618000 543
30481920 1091
30375000 23
30252600 16
30240000 1223
30233088 114
30105600 326
30012500 2
30005640 136
30000000 26
29859840 516
29767500 85
29760696 17
29647548 1
29635200 580
29531250 1
29524500 35
29503488 17
29491200 181
29400000 153
29393280 847
29360128 1
29172150 23
29160000 556
29042496 18
29030400 1847
28934010 15
28901376 65
28812000 70
28800000 379
28704375 2
28697814 1
28672000 126
28576800 977
28449792 157
28350000 221
28343520 117
28311552 15
28235760 4
28224000 1021
28098560 32
28005264 42
28000000 57
27993600 1128
27869184 213
27783000 210
27659520 126
27648000 876
27562500 8
27556200 235
27525120 67
27440000 62
27433728 311
27337500 14
27227340 15
27216000 1854
27095040 611
27011250 8
27005076 23
27000000 147
26891200 9
26880000 502
26873856 126
26790750 39
26671680 445
26572050 4
26542080 285
26471025 1
26460000 532
26453952 131
26342400 243
26254935 4
26250000 15
26244000 420
26214400 23
26127360 1303
25930800 154
25920000 1121
25815552 7
25804800 700
25725000 24
25719120 334
25690112 3
25600000 80
25515000 239
25509168 8
25412184 4
25401600 1612
25312500 3
25288704 62
25210500 5
25200000 459
25194240 424
25165824 1
25088000 164
25004700 140
25000000 1
24893568 66
24883200 1270
24806250 12
24800580 46
24772608 85
24696000 397
24603750 6
24586240 11
24576000 176
24504606 3
24500000 23
24494400 1354
24385536 286
24310125 1
24300000 253
24202080 30
24192000 1900
24111675 4
24084480 120
24010000 22
24004512 122
24000000 111
23914845 1
23887872 112
23814000 642
23708160 460
23625000 35
23619600 196
23592960 58
23529800 2
23520000 406
23514624 332
23337720 89
23328000 1349
23224320 949
23152500 61
23147208 64
23059204 1
23049600 103
23040000 605
22963500 127
22937600 45
22861440 1037
22781250 1
22689450 9
22680000 1056
22674816 77
22588608 2
22579200 878
22504230 28
22500000 25
22478848 4
22400000 158
22394880 757
22325625 2
22320522 6
22226400 554
22143375 1
22127616 34
22118400 608
22050000 128
22044960 478
22020096 8
21952000 117
21870000 241
21781872 16
21772800 2427
21676032 136
21609000 64
21600000 510
21512960 7
21504000 527
21437500 1
21432600 413
21337344 185
21262500 48
21257640 44
21233664 59
21176820 3
21168000 1320
21073920 145
21008750 1
21003948 15
21000000 78
20995200 867
20971520 6
20901888 370
20837250 40
20744640 182
20736000 1480
20667150 34
20643840 294
20580000 109
20575296 223
20480000 88
20420505 2
20412000 1194
20321280 1126
20250000 51
20168400 13
20160000 1080
20155392 160
20070400 97
20003760 311
20000000 11
19906560 629
19845000 233
19840464 56
19756800 569
19687500 3
19683000 128
19668992 4
19660800 86
19600000 81
19595520 1379
19448100 51
19440000 991
19361664 18
19353600 1708
19293750 1
19289340 105
19267584 26
19208000 42
19200000 223
19136250 27
19131876 2
19059138 1
19051200 1506
18966528 140
18907875 2
18900000 386
18895680 255
18874368 15
18816000 601
18753525 3
18750000 2
18670176 70
18662400 1594
18600435 2
18579456 210
18522000 344
18439680 77
18432000 627
18375000 20
18370800 621
18350080 20
18289152 430
18225000 72
18151560 17
18144000 2366
18063360 445
18007500 9
18003384 71
18000000 150
17920000 196
17915904 207
17860500 174
17781120 614
17718750 2
17714700 36
17694720 211
17640000 567
17635968 229
17561600 100
17503290 21
17500000 11
17496000 911
17418240 1572
17364375 2
17360406 9
17287200 145
17280000 1111
17222625 2
17210368 1
17203200 343
17150000 8
17146080 715
17010000 541
17006112 32
16941456 2
16934400 1665
16875000 8
16859136 25
16807000 3
16800000 341
16796160 737
16777216 1
16669800 286
16595712 85
16588800 1238
16537500 41
16533720 149
16515072 49
16464000 290
16402500 36
16384000 58
16336404 3
16329600 2292
16257024 327
16206750 13
16200000 405
16134720 21
16128000 1442
16074450 44
16056320 38
16003008 174
16000000 47
15946875 3
15943230 4
15925248 108
15876000 1084
15805440 377
15752961 3
15750000 75
15746400 470
15728640 27
15680000 194
15676416 399
15558480 148
15552000 1830
15482880 747
15435000 91
15431472 113
15366400 37
15360000 350
15312500 1
15309000 392
15240960 1439
15187500 5
15126300 12
15120000 1288
15116544 128
15059072 2
15052800 510
15002820 96
15000000 24
14929920 949
14883750 30
14880348 10
14817600 737
14762250 10
14751744 17
14745600 361
14706125 1
14700000 122
14696640 969
14680064 5
14586075 6
14580000 544
14521248 13
14515200 2720
14467005 5
14450688 87
14406000 52
14400000 475
14336000 169
14288400 812
14224896 201
14175000 132
14171760 134
14155776 32
14117880 3
14112000 1157
14062500 3
14049280 48
14002632 46
14000000 53
13996800 1467
13934592 374
13891500 122
13829760 144
13824000 1375
13781250 2
13778100 141
13762560 137
13720000 98
13716864 390
13668750 4
13613670 7
13608000 1961
13547520 1041
13505625 2
13502538 12
13500000 107
13445600 7
13440000 693
13436928 258
13395375 3
13335840 516
13286025 2
13271040 572
13230000 432
13226976 151
13171200 336
13125000 7
13122000 356
13107200 26
13063680 1899
12965400 112
12960000 1287
12907776 15
12902400 1174
12862500 4
12859560 284
12845056 5
12800000 81
12757500 119
12754584 5
12706092 3
12700800 1888
12644352 115
12605250 2
12600000 473
12597120 570
12582912 5
12544000 232
12502350 60
12500000 4
12446784 89
12441600 1870
12403125 3
12400290 18
12386304 165
12348000 412
12293120 40
12288000 266
12250000 13
12247200 1317
12192768 499
12150000 188
12101040 20
12096000 2445
12042240 239
12005000 11
12002256 121
12000000 113
11943936 241
11907000 476
11854080 628
11812500 21
11809800 120
11796480 133
11760000 420
11757312 452
11668860 56
11664000 1476
11612160 1480
11576250 15
11573604 31
11524800 120
11520000 874
11481750 44
11468800 89
11430720 1112
11344725 2
11340000 1002
11337408 68
11294304 3
11289600 1333
11252115 7
11250000 14
11239424 10
11200000 167
11197440 1143
11113200 493
11063808 53
11059200 1030
11025000 101
11022480 406
11010048 23
10976000 125
10935000 149
10890936 13
10886400 3152
10838016 224
10804500 29
10800000 551
10756480 7
10752000 756
10718750 1
10716300 214
10668672 259
10631250 13
10628820 19
10616832 93
10588410 4
10584000 1395
10536960 211
10501974 8
10500000 78
10497600 889
10485760 8
10450944 592
10418625 6
10372320 195
10368000 2007
10333575 6
10321920 481
10290000 93
10287648 224
10240000 109
10206000 981
10160640 1543
10125000 40
10084200 18
10080000 1239
10077696 217
10035200 154
10001880 248
10000000 12
9953280 1039
9922500 114
9920232 40
9878400 615
9843750 1
9841500 72
9834496 9
9830400 193
9800000 72
9797760 1607
9724050 29
9720000 1019
9680832 19
9676800 2436
9644670 44
9633792 31
9604000 26
9600000 289
9568125 2
9565938 3
9525600 1429
9483264 194
9450000 252
9447840 262
9437184 30
9411920 1
9408000 725
9375000 1
9335088 66
9331200 2050
9289728 313
9261000 241
9219840 81
9216000 976
9187500 10
9185400 446
9175040 33
9144576 540
9112500 26
9075780 17
9072000 2648
9031680 687
9003750 5
9001692 32
9000000 139
8960000 237
8957952 305
8930250 62
8890560 731
8859375 1
8857350 12
8847360 394
8820000 490
8817984 257
8780800 132
8751645 13
8750000 4
8748000 803
8709120 2252
8680203 4
8643600 132
8640000 1345
8605184 2
8601600 576
8575000 15
8573040 652
8505000 358
8503056 33
8470728 2
8467200 1968
8437500 3
8429568 47
8403500 5
8400000 359
8398080 944
8388608 1
8334900 185
8297856 86
8294400 1868
8268750 8
8266860 92
8257536 87
8232000 262
8201250 14
8192000 95
8168202 5
8164800 2302
8128512 502
8103375 7
8100000 309
8067360 24
8064000 1879
8037225 6
8028160 66
8001504 186
8000000 52
7971615 1
7962624 204
7938000 894
7902720 493
7875000 43
7873200 352
7864320 55
7840000 209
7838208 599
7779240 122
7776000 2084
7741440 1269
7717500 47
7715736 107
7683200 44
7680000 476
7654500 214
7620480 1743
7593750 2
7563150 8
7560000 1291
7558272 174
7529536 1
7526400 688
7501410 59
7500000 10
7464960 1295
7441875 2
7440174 7
7408800 665
7381125 2
7375872 31
7372800 595
7350000 89
7348320 887
7340032 6
7290000 367
7260624 22
7257600 3458
7225344 151
7203000 46
7200000 507
7168000 263
7144200 646
7112448 294
7087500 63
7085880 72
7077888 53
7056000 1296
7024640 86
7001316 20
7000000 47
6998400 1583
6967296 578
6945750 41
6914880 163
6912000 1850
6889050 51
6881280 231
6860000 57
6858432 400
6806835 2
6804000 1735
6773760 1437
6751269 5
6750000 72
6722800 8
6720000 772
6718464 318
6667920 479
6635520 910
6615000 284
6613488 105
6588344 1
6585600 382
6561000 244
6553600 45
6531840 2316
6482700 53
6480000 1287
6453888 10
6451200 1606
6431250 1
6429780 157
6422528 12
6400000 109
6378750 38
6377292 6
6353046 1
6350400 2153
6322176 147
6302625 1
6300000 347
6298560 552
6291456 6
6272000 294
6251175 14
6250000 1
6223392 98
6220800 2459
6200145 5
6193152 249
6174000 276
6146560 38
6144000 442
6125000 5
6123600 1063
6096384 683
6075000 118
6050520 23
6048000 2701
6021120 337
6002500 5
6001128 87
6000000 93
5971968 357
5953500 234
5927040 706
5906250 9
5904900 69
5898240 230
5880000 417
5878656 524
5834430 28
5832000 1493
5806080 2176
5788125 1
5786802 19
5762400 100
5760000 1045
5740875 2
5734400 157
5715360 1131
5670000 655
5668704 79
5647152 3
5644800 1618
5625000 7
5619712 12
5600000 181
5598720 1377
5556600 382
5531904 64
5529600 1420
5512500 38
5511240 274
5505024 40
5488000 142
5467500 74
5445468 7
5443200 3314
5419008 367
5402250 17
5400000 445
5378240 12
5376000 1050
5358150 85
5334336 288
5315625 1
5314410 6
5308416 176
5294205 1
5292000 1194
5268480 253
5250987 1
5250000 43
5248800 755
5242880 15
5225472 791
5186160 148
5184000 2356
5160960 812
5145000 72
5143824 188
5120000 157
5103000 527
5080320 1872
5062500 17
5042100 8
5040000 1223
5038848 249
5017600 223
5000940 142
5000000 13
4976640 1468
4961250 44
4960116 28
4939200 645
4920750 20
4917248 14
4915200 288
4900000 62
4898880 1638
4862025 8
4860000 723
4840416 20
4838400 3048
4822335 8
4816896 68
4802000 20
4800000 287
4762800 1137
4741632 276
4725000 145
4723920 231
4718592 43
4705960 2
4704000 879
4667544 55
4665600 2347
4644864 540
4630500 145
4609920 115
4608000 1251
4593750 3
4592700 240
4587520 55
4572288 593
4556250 9
4537890 6
4536000 2486
4515840 996
4501875 1
4500846 20
4500000 94
4480000 282
4478976 400
4465125 13
4445280 620
4428675 1
4423680 574
4410000 386
4408992 264
4390400 172
4375000 2
4374000 553
4354560 2699
4321800 81
4320000 1318
4302592 5
4300800 829
4287500 10
4286520 407
4252500 162
4251528 21
4235364 2
4233600 2132
4218750 2
4214784 63
4201750 1
4200000 275
4199040 993
4194304 4
4167450 62
4148928 85
4147200 2483
4134375 3
4133430 37
4128768 139
4116000 250
4100625 2
4096000 118
4084101 1
4082400 2003
4064256 630
4050000 228
4033680 23
4032000 2211
4014080 100
4000752 148
4000000 58
3981312 304
3969000 566
3951360 597
3937500 21
3936600 219
3932160 73
3920000 193
3919104 724
3889620 69
3888000 2093
3870720 1797
3858750 22
3857868 50
3841600 46
3840000 564
3827250 73
3810240 1533
3796875 1
3781575 1
3780000 999
3779136 140
3764768 1
3763200 861
3750705 8
3750000 14
3732480 1736
3704400 500
3687936 34
3686400 907
3675000 57
3674160 662
3670016 15
3645000 232
3630312 5
3628800 3744
3612672 233
3601500 19
3600000 445
3584000 349
3572100 291
3556224 310
3543750 10
3542940 46
3538944 119
3529470 1
3528000 1192
3512320 70
3500658 19
3500000 39
3499200 1426
3483648 783
3472875 9
3457440 143
3456000 2167
3444525 10
3440640 314
3430000 47
3429216 391
3402000 1279
3386880 1677
3375000 38
3361400 12
3360000 788
3359232 417
3333960 332
3317760 1216
3307500 130
3306744 88
3292800 428
3281250 2
3280500 106
3276800 79
3265920 2315
3241350 18
3240000 1099
3226944 15
3225600 2128
3214890 54
3211264 18
3200000 112
3189375 5
3188646 1
3175200 1685
3161088 162
3150000 223
3149280 497
3145728 18
3136000 288
3125000 2
3111696 77
3110400 2870
3096576 355
3087000 196
3073280 38
3072000 606
3062500 5
3061800 711
3048192 718
3037500 51
3025260 9
3024000 2670
3010560 445
3001250 3
3000564 51
3000000 92
2985984 471
2976750 94
2963520 659
2953125 1
2952450 37
2949120 367
2940000 307
2939328 490
2917215 8
2916000 1134
2903040 2667
2881200 87
2880000 1078
2867200 237
2857680 848
2835000 365
2834352 57
2822400 1705
2812500 6
2809856 22
2800000 146
2799360 1468
2778300 163
2765952 72
2764800 1911
2756250 7
2755620 123
2752512 57
2744000 106
2733750 20
2722734 2
2721600 2973
2709504 497
2701125 2
2700000 335
2689120 6
2688000 1160
2679075 20
2667168 254
2657205 2
2654208 249
2646000 832
2634240 292
2625000 23
2624400 573
2621440 19
2612736 953
2593080 115
2592000 2340
2580480 1019
2572500 27
2571912 179
2560000 201
2551500 271
2540160 1797
2531250 2
2521050 3
2520000 1053
2519424 277
2508800 267
2500470 67
2500000 7
2488320 1812
2480625 7
2480058 8
2469600 537
2460375 8
2458624 7
2457600 358
2450000 42
2449440 1296
2430000 457
2420208 14
2419200 3349
2408448 97
2401000 23
2400000 279
2381400 688
2370816 297
2362500 77
2361960 141
2359296 51
2352000 735
2333772 37
2332800 2184
2322432 712
2315250 49
2304960 86
2304000 1445
2296350 64
2293760 86
2286144 577
2278125 2
2268945 1
2268000 1874
2257920 1146
2250423 7
2250000 59
2240000 292
2239488 556
2222640 499
2211840 914
2205000 194
2204496 205
2195200 136
2187000 317
2177280 2915
2160900 50
2160000 1276
2151296 2
2150400 994
2143750 1
2143260 236
2126250 36
2125764 10
2116800 1826
2107392 75
2100000 179
2099520 859
2097152 2
2083725 10
2074464 76
2073600 2784
2066715 9
2064384 222
2058000 175
2048000 182
2041200 1416
2032128 686
2025000 108
2016840 15
2016000 2136
2007040 130
2000376 114
2000000 39
1990656 462
1984500 264
1975680 522
1968750 5
1968300 95
1966080 134
1960000 150
1959552 737
1944810 33
1944000 1773
1935360 2125
1928934 20
1920800 36
1920000 596
1913625 10
1905120 1293
1890000 610
1889568 120
1881600 899
1875000 6
1866240 1889
1852200 299
1843968 37
1843200 1128
1837500 15
1837080 422
1835008 9
1822500 104
1815156 11
1814400 3564
1806336 304
1800750 4
1800000 357
1792000 403
1786050 93
1778112 311
1771875 2
1771470 12
1769472 172
1764000 905
1756160 97
1750329 6
1750000 15
1749600 1153
1741824 942
1728720 120
1728000 2165
1720320 466
1715000 28
1714608 294
1701000 705
1693440 1670
1687500 11
1680700 1
1680000 704
1679616 426
1666980 186
1658880 1612
1653750 35
1653372 40
1646400 336
1640250 28
1638400 89
1632960 2019
1620675 4
1620000 784
1613472 13
1612800 2374
1607445 7
1605632 30
1600000 110
1594323 1
1587600 1180
1580544 179
1575000 132
1574640 271
1572864 21
1568000 295
1555848 48
1555200 2714
1548288 482
1543500 81
1536640 33
1536000 691
1530900 299
1524096 741
1518750 6
1512630 4
1512000 2198
1505280 532
1500625 1
1500282 27
1500000 59
1492992 575
1488375 20
1481760 531
1476225 6
1474560 509
1470000 229
1469664 401
1458000 732
1451520 2827
1440600 51
1440000 1003
1433600 258
1428840 490
1417500 183
1417176 38
1411200 1521
1404928 24
1400000 94
1399680 1406
1389150 77
1382976 66
1382400 2193
1377810 49
1376256 77
1372000 95
1366875 3
1361367 2
1360800 2275
1354752 574
1350000 188
1344560 9
1344000 1152
1333584 211
1327104 350
1323000 466
1317120 297
1312500 10
1312200 313
1310720 34
1306368 1043
1296540 60
1296000 2128
1290240 1257
1286250 9
1285956 77
1280000 179
1275750 80
1270080 1606
1260525 1
1260000 667
1259712 213
1254400 283
1250235 16
1250000 4
1244160 1970
1240029 2
1234800 335
1229312 9
1228800 491
1225000 18
1224720 919
1215000 237
1210104 6
1209600 3217
1204224 114
1200500 7
1200000 236
1190700 331
1185408 276
1181250 18
1180980 68
1179648 98
1176490 1
1176000 599
1166886 11
1166400 1857
1161216 824
1157625 6
1152480 81
1152000 1546
1148175 8
1146880 108
1143072 456
1134000 1129
1128960 1193
1125000 34
1120000 249
1119744 562
1111320 268
1105920 1132
1102500 93
1102248 126
1097600 141
1093500 146
1088640 2612
1080450 17
1080000 883
1075648 1
1075200 1067
1071875 1
1071630 81
1063125 6
1062882 3
1058400 1359
1053696 83
1050000 115
1049760 663
1048576 3
1037232 68
1036800 2846
1032192 238
1029000 113
1024000 193
1020600 756
1016064 802
1012500 39
1008420 4
1008000 1859
1003520 134
1000188 57
1000000 33
995328 566
992250 70
987840 505
984150 32
983040 209
980000 124
979776 650
972405 3
972000 1218
967680 2247
964467 8
960400 25
960000 535
952560 927
945000 356
944784 92
940800 868
937500 2
933120 1849
926100 161
921984 31
921600 1322
918750 6
918540 204
917504 20
911250 25
907578 4
907200 2868
903168 331
900375 1
900000 253
896000 345
893025 18
889056 253
885735 2
884736 201
882000 561
878080 105
875000 13
874800 681
870912 1056
864360 68
864000 2027
860160 578
857500 11
857304 195
850500 270
846720 1559
843750 1
840350 2
840000 525
839808 371
833490 60
829440 1735
826875 4
826686 15
823200 257
820125 2
819200 121
816480 1581
810000 460
806736 6
806400 2299
802816 29
800000 86
793800 672
790272 179
787500 33
787320 206
786432 43
784000 208
777924 25
777600 2337
774144 624
771750 32
768320 30
768000 746
765450 98
762048 595
756000 1607
752640 643
750141 5
750000 34
746496 637
740880 371
737280 591
735000 117
734832 250
729000 371
725760 2752
720300 29
720000 823
716800 291
714420 255
708750 59
708588 12
705894 1
705600 1224
702464 25
700000 71
699840 1070
694575 6
691488 50
691200 2187
688905 6
688128 110
686000 57
680400 1412
677376 593
675000 105
672280 4
672000 1039
666792 109
663552 466
661500 214
658560 264
656250 2
656100 135
655360 60
653184 855
648270 28
648000 1579
645120 1451
642978 30
640000 167
637875 8
635040 1163
630000 417
629856 188
627200 296
622080 2102
617400 216
614656 7
614400 554
612500 7
612360 499
607500 95
605052 2
604800 2835
602112 151
600250 6
600000 169
595350 111
592704 219
590625 2
590490 24
589824 107
588000 429
583443 4
583200 1315
580608 1012
576240 52
576000 1471
573440 131
571536 320
567000 625
564480 1078
562500 6
560000 204
559872 574
555660 120
552960 1270
551250 26
551124 59
548800 85
546750 39
544320 1990
540225 3
540000 591
537824 4
537600 1072
535815 13
531441 1
529200 826
526848 91
525000 50
524880 392
524288 6
518616 39
518400 2441
516096 350
514500 33
512000 197
510300 305
508032 635
506250 9
504210 2
504000 1427
501760 146
500094 18
500000 22
497664 635
496125 10
493920 352
492075 3
491520 251
490000 54
489888 467
486000 744
483840 2177
480200 8
480000 447
476280 496
472500 118
472392 57
470400 753
466560 1564
463050 44
460992 21
460800 1373
459270 63
458752 20
455625 4
453789 1
453600 2030
451584 371
450000 111
448000 337
444528 137
442368 301
441000 303
439040 86
437500 4
437400 406
435456 1013
432180 38
432000 1606
430080 575
428750 2
428652 86
425250 75
423360 1156
420000 349
419904 300
416745 3
414720 1826
413343 6
411600 146
409600 160
408240 929
405000 181
403368 1
403200 1965
401408 36
400000 62
396900 278
395136 176
393750 12
393660 73
393216 33
392000 193
388962 13
388800 1832
387072 683
385875 6
384160 26
384000 703
382725 12
381024 442
378000 834
376320 514
375000 14
373248 663
370440 229
368640 712
367500 38
367416 141
364500 142
362880 2265
360150 9
360000 537
358400 293
357210 94
354375 5
354294 5
352947 1
352800 844
351232 33
350000 30
349920 763
345744 37
345600 2042
344064 115
343000 26
340200 689
338688 549
337500 28
336140 3
336000 834
333396 60
331776 521
330750 49
329280 181
328050 37
327680 52
326592 697
324135 4
324000 1038
322560 1388
321489 5
320000 138
317520 782
315000 192
314928 122
313600 243
311040 1771
308700 80
307328 8
307200 612
306180 218
303750 30
302526 5
302400 2006
301056 139
300125 1
300000 101
297675 16
296352 138
295245 1
294912 136
294000 234
291600 741
290304 869
288120 24
288000 1206
286720 158
285768 203
283500 233
282240 917
281250 3
280000 132
279936 440
277830 44
276480 1473
275625 1
275562 18
274400 57
273375 4
272160 1416
270000 347
268912 4
268800 1016
264600 436
263424 91
262500 16
262440 219
262144 7
259308 17
259200 1983
258048 383
257250 14
256000 196
255150 92
254016 506
253125 1
252000 876
250880 130
250047 6
250000 15
248832 630
246960 221
245760 295
245000 23
244944 309
243000 360
241920 1967
240100 10
240000 326
238140 225
236250 40
236196 18
235200 501
233280 1157
231525 12
230496 19
230400 1340
229635 7
229376 26
226800 1127
225792 343
225000 49
224000 255
222264 77
221184 316
220500 122
219520 67
218750 1
218700 140
217728 776
216090 11
216000 1133
215040 558
214326 22
212625 12
211680 759
210000 165
209952 195
207360 1681
205800 76
204800 147
204120 468
202500 72
201684 2
201600 1600
200704 31
200000 53
198450 86
197568 135
196830 21
196608 46
196000 110
194481 1
194400 1136
193536 670
192080 8
192000 615
190512 292
189000 377
188160 441
187500 4
186624 565
185220 94
184320 733
183750 11
183708 78
182250 31
181440 1722
180075 1
180000 338
179200 259
178605 13
176400 494
175616 18
175000 16
174960 469
172872 23
172800 1688
172032 144
171500 10
170100 269
169344 446
168750 12
168000 525
166698 29
165888 522
165375 6
164640 114
164025 5
163840 64
163296 473
162000 569
161280 1256
160000 105
158760 403
157500 69
157464 60
156800 183
155520 1346
154350 31
153664 7
153600 558
153090 55
151875 3
151200 1296
150528 141
150000 44
148176 123
147456 171
147000 96
145800 321
145152 836
144060 10
144000 837
143360 153
142884 72
141750 56
141120 669
140000 93
139968 331
138915 7
138240 1178
137781 4
137200 41
136080 817
135000 126
134400 741
132300 153
131712 64
131250 5
131220 71
131072 8
129654 8
129600 1377
129024 386
128625 1
128000 155
127575 13
127008 318
126000 472
125440 126
125000 4
124416 563
123480 104
122880 249
122500 8
122472 136
121500 131
120960 1532
120000 239
119070 58
118125 2
118098 6
117600 309
116640 706
115248 15
115200 1128
114688 20
113400 521
112896 307
112500 22
112000 211
111132 28
110592 346
110250 28
109760 34
109350 42
108864 580
108045 4
108000 703
107520 532
107163 6
105840 459
105000 80
104976 131
103680 1381
102900 28
102400 117
102060 187
101250 23
100842 2
100800 955
100352 29
100000 20
99225 11
98784 79
98415 1
98304 50
98000 64
97200 556
96768 574
96040 7
96000 443
95256 141
94500 135
94080 331
93312 401
92610 22
92160 721
91875 3
91854 23
91125 7
90720 1058
90000 155
89600 221
88200 232
87808 20
87500 3
87480 202
86436 9
86400 1285
86016 113
85750 8
85050 83
84672 290
84375 2
84000 358
83349 3
82944 474
82320 80
81920 65
81648 273
81000 235
80640 925
80000 88
79380 150
78750 14
78732 20
78400 108
77760 861
77175 5
76832 3
76800 499
76545 4
75600 668
75264 140
75000 15
74088 37
73728 176
73500 39
72900 115
72576 540
72030 1
72000 545
71680 112
71442 24
70875 6
70560 387
70000 36
69984 215
69120 1076
68600 23
68040 394
67500 48
67200 585
66150 42
65856 53
65610 18
65536 13
64800 835
64512 303
64000 127
63504 188
63000 216
62720 73
62208 409
61740 40
61440 248
61250 1
61236 48
60750 31
60480 1026
60000 139
59535 17
59049 3
58800 178
58320 391
57624 4
57600 826
57344 26
56700 174
56448 216
56250 5
56000 132
55566 16
55296 352
55125 5
54880 29
54675 5
54432 355
54000 344
53760 465
52920 237
52500 23
52488 56
51840 982
51450 7
51200 133
51030 56
50625 3
50400 590
50176 27
50000 15
49392 50
49152 61
49000 21
48600 224
48384 479
48020 5
48000 330
47628 67
47250 35
47040 237
46656 297
46305 4
46080 626
45927 2
45360 559
45000 63
44800 161
44100 72
43904 11
43750 2
43740 75
43218 4
43200 781
43008 128
42875 1
42525 3
42336 161
42000 153
41472 367
41160 32
40960 53
40824 117
40500 83
40320 731
40000 30
39690 34
39375 3
39366 4
39200 74
38880 548
38416 3
38400 398
37800 286
37632 103
37500 3
37044 19
36864 162
36750 10
36450 30
36288 353
36000 275
35840 121
35721 4
35280 220
35000 24
34992 105
34560 804
34300 4
34020 152
33750 12
33600 339
33075 8
32928 26
32805 6
32768 13
32400 399
32256 291
32000 88
31752 90
31500 74
31360 59
31104 283
30870 10
30720 270
30618 20
30375 3
30240 569
30000 47
29400 88
29160 203
28812 2
28800 577
28672 21
28350 49
28224 134
28000 79
27783 4
27648 281
27440 11
27216 192
27000 138
26880 286
26460 79
26250 6
26244 9
25920 597
25725 1
25600 89
25515 8
25200 298
25088 30
25000 4
24696 21
24576 64
24500 7
24300 93
24192 261
24000 167
23814 18
23625 2
23520 124
23328 168
23040 502
22680 234
22500 25
22400 104
22050 14
21952 6
21870 20
21600 441
21504 129
21168 115
21000 63
20736 299
20580 13
20480 52
20412 56
20250 20
20160 428
20000 25
19845 9
19683 1
19600 27
19440 284
19208 3
19200 244
18900 113
18816 72
18750 2
18522 4
18432 131
18375 3
18225 6
18144 227
18000 141
17920 80
17640 84
17500 7
17496 47
17280 472
17150 4
17010 31
16875 3
16800 206
16464 7
16384 11
16200 197
16128 224
16000 63
15876 28
15750 14
15680 45
15552 195
15435 4
15360 185
15120 287
15000 16
14700 26
14580 56
14400 324
14336 26
14175 8
14112 76
14000 44
13824 217
13720 4
13608 80
13500 43
13440 223
13230 24
13125 1
13122 3
12960 317
12800 60
12600 118
12544 15
12348 11
12288 42
12250 1
12150 21
12096 201
12000 88
11760 70
11664 78
11520 318
11340 83
11250 3
11200 65
11025 2
10976 7
10935 2
10800 223
10752 88
10584 45
10500 14
10368 163
10290 3
10240 42
10206 10
10125 1
10080 197
10000 14
9800 17
9720 133
9604 1
9600 159
9450 27
9408 34
9375 1
9261 1
9216 116
9072 92
9000 45
8960 53
8820 34
8750 1
8748 17
8640 332
8505 4
8400 98
8232 6
8192 12
8100 41
8064 140
8000 31
7938 10
7840 27
7776 123
7680 137
7560 119
7500 6
7350 8
7290 16
7203 1
7200 192
7168 23
7056 44
7000 14
6912 147
6804 32
6750 8
6720 99
6615 4
6480 157
6400 42
6300 31
6272 14
6174 3
6144 37
6075 1
6048 123
6000 43
5880 33
5832 43
5760 224
5670 26
5625 1
5600 43
5488 2
5400 85
5376 75
5292 22
5250 1
5184 135
5120 29
5103 2
5040 107
5000 3
4900 4
4860 36
4800 102
4725 2
4704 19
4608 84
4536 43
4500 11
4480 40
4410 9
4374 3
4320 156
4200 38
4116 4
4096 9
4050 10
4032 80
4000 16
3969 3
3920 8
3888 57
3840 97
3780 44
3750 1
3675 1
3645 3
3600 76
3584 9
3528 10
3500 5
3456 77
3402 7
3360 57
3240 72
3200 32
3150 10
3136 7
3087 2
3072 32
3024 58
3000 12
2940 9
2916 12
2880 102
2835 3
2800 14
2700 25
2688 36
2646 1
2625 2
2592 59
2560 25
2520 51
2500 1
2450 1
2430 9
2401 1
2400 46
2352 7
2304 51
2268 21
2250 3
2240 14
2160 65
2100 18
2048 5
2025 2
2016 42
2000 4
1960 11
1944 19
1920 53
1890 9
1800 28
1792 5
1764 6
1750 2
1728 48
1701 1
1680 21
1620 19
1600 13
1575 1
1568 2
1536 21
1512 15
1500 2
1470 5
1458 5
1440 57
1400 5
1350 3
1344 18
1323 1
1296 15
1280 13
1260 8
1200 26
1176 4
1152 33
1134 6
1120 8
1080 26
1024 7
1008 14
1000 3
980 1
972 3
960 30
945 1
900 1
896 8
882 2
864 31
840 9
810 4
800 5
784 1
768 16
756 9
750 1
720 18
672 11
648 8
640 4
630 2
600 5
576 17
560 4
540 9
525 1
512 1
504 5
500 1
490 1
486 1
480 19
448 2
432 14
420 1
400 3
384 6
360 5
350 2
336 5
324 3
320 10
315 2
294 1
288 13
270 1
256 3
252 1
240 8
224 1
216 1
200 2
192 4
180 5
168 3
144 5
128 2
126 1
120 3
108 2
100 1
90 2
80 1
72 2
