3060 1
3049 1
3035 2
3032 1
3031 1
3028 1
3027 1
3023 1
3022 1
3020 2
3015 3
3014 2
3013 3
3012 3
3011 1
3010 1
3007 1
3005 2
3004 5
3003 2
3001 1
3000 2
2999 1
2998 2
2997 2
2996 3
2995 6
2994 3
2993 4
2992 4
2991 7
2990 4
2989 5
2988 6
2987 5
2986 5
2985 9
2984 5
2983 9
2982 11
2981 12
2980 13
2979 8
2978 9
2977 7
2976 9
2975 9
2974 14
2973 21
2972 12
2971 11
2970 22
2969 19
2968 18
2967 23
2966 21
2965 28
2964 23
2963 20
2962 34
2961 20
2960 31
2959 31
2958 31
2957 41
2956 45
2955 27
2954 35
2953 34
2952 43
2951 36
2950 48
2949 46
2948 62
2947 58
2946 46
2945 75
2944 78
2943 76
2942 84
2941 63
2940 77
2939 79
2938 94
2937 87
2936 80
2935 97
2934 92
2933 114
2932 112
2931 129
2930 134
2929 136
2928 126
2927 135
2926 143
2925 161
2924 158
2923 176
2922 167
2921 168
2920 179
2919 200
2918 195
2917 209
2916 226
2915 236
2914 255
2913 250
2912 252
2911 291
2910 237
2909 267
2908 274
2907 293
2906 297
2905 315
2904 352
2903 344
2902 370
2901 387
2900 423
2899 453
2898 417
2897 454
2896 477
2895 491
2894 511
2893 492
2892 556
2891 567
2890 585
2889 602
2888 608
2887 648
2886 638
2885 673
2884 697
2883 742
2882 771
2881 753
2880 821
2879 814
2878 828
2877 957
2876 969
2875 895
2874 921
2873 1000
2872 950
2871 1062
2870 1065
2869 1181
2868 1172
2867 1256
2866 1189
2865 1231
2864 1307
2863 1325
2862 1340
2861 1405
2860 1385
2859 1469
2858 1483
2857 1476
2856 1572
2855 1679
2854 1661
2853 1732
2852 1759
2851 1812
2850 1840
2849 1932
2848 1942
2847 1927
2846 1999
2845 2058
2844 2151
2843 2140
2842 2298
2841 2297
2840 2352
2839 2347
2838 2452
2837 2626
2836 2575
2835 2604
2834 2512
2833 2526
2832 2760
2831 2775
2830 2840
2829 2935
2828 3104
2827 2967
2826 3062
2825 3174
2824 3185
2823 3262
2822 3294
2821 3332
2820 3561
2819 3500
2818 3474
2817 3612
2816 3695
2815 3735
2814 3825
2813 3786
2812 3888
2811 3975
2810 4035
2809 4083
2808 4201
2807 4214
2806 4300
2805 4281
2804 4409
2803 4469
2802 4601
2801 4449
2800 4580
2799 4593
2798 4679
2797 4642
2796 4837
2795 4930
2794 4871
2793 5013
2792 5001
2791 4999
2790 5167
2789 5219
2788 5219
2787 5261
2786 5469
2785 5386
2784 5389
2783 5421
2782 5504
2781 5494
2780 5489
2779 5670
2778 5764
2777 5680
2776 5717
2775 5663
2774 5786
2773 5653
2772 5742
2771 5845
2770 5866
2769 6003
2768 6005
2767 6011
2766 6025
2765 6008
2764 6044
2763 6090
2762 5974
2761 6124
2760 6201
2759 6120
2758 6229
2757 6195
2756 6101
2755 6226
2754 6344
2753 6218
2752 6209
2751 6136
2750 6158
2749 6219
2748 6117
2747 6069
2746 6161
2745 6040
2744 6174
2743 6091
2742 6266
2741 6016
2740 6022
2739 6134
2738 6048
2737 6120
2736 6086
2735 5874
2734 6039
2733 6185
2732 6090
2731 6013
2730 5967
2729 5861
2728 5714
2727 5798
2726 5677
2725 5865
2724 5695
2723 5705
2722 5726
2721 5596
2720 5569
2719 5551
2718 5487
2717 5481
2716 5451
2715 5410
2714 5340
2713 5175
2712 5166
2711 5038
2710 5088
2709 5036
2708 5019
2707 4998
2706 4870
2705 4835
2704 4705
2703 4930
2702 4786
2701 4614
2700 4604
2699 4514
2698 4335
2697 4610
2696 4494
2695 4379
2694 4284
2693 4211
2692 4229
2691 4190
2690 4120
2689 3995
2688 3820
2687 3930
2686 3715
2685 3706
2684 3653
2683 3529
2682 3624
2681 3527
2680 3311
2679 3403
2678 3294
2677 3239
2676 3191
2675 3221
2674 3064
2673 2994
2672 2975
2671 2942
2670 2943
2669 2796
2668 2768
2667 2667
2666 2577
2665 2626
2664 2530
2663 2484
2662 2480
2661 2435
2660 2298
2659 2343
2658 2256
2657 2173
2656 2099
2655 2107
2654 2023
2653 2014
2652 1909
2651 1880
2650 1896
2649 1916
2648 1794
2647 1832
2646 1688
2645 1606
2644 1597
2643 1489
2642 1545
2641 1458
2640 1379
2639 1385
2638 1363
2637 1308
2636 1302
2635 1191
2634 1193
2633 1168
2632 1146
2631 1113
2630 1094
2629 1090
2628 1013
2627 992
2626 983
2625 938
2624 891
2623 881
2622 800
2621 849
2620 770
2619 747
2618 714
2617 732
2616 690
2615 678
2614 647
2613 655
2612 591
2611 640
2610 543
2609 544
2608 522
2607 474
2606 540
2605 493
2604 459
2603 483
2602 427
2601 415
2600 422
2599 370
2598 349
2597 370
2596 351
2595 340
2594 321
2593 293
2592 301
2591 268
2590 255
2589 293
2588 243
2587 257
2586 232
2585 217
2584 246
2583 206
2582 202
2581 211
2580 185
2579 175
2578 187
2577 170
2576 159
2575 149
2574 128
2573 151
2572 136
2571 111
2570 117
2569 121
2568 102
2567 143
2566 112
2565 89
2564 90
2563 95
2562 88
2561 77
2560 74
2559 89
2558 58
2557 72
2556 63
2555 65
2554 64
2553 54
2552 64
2551 51
2550 45
2549 39
2548 47
2547 42
2546 39
2545 34
2544 44
2543 38
2542 21
2541 34
2540 33
2539 26
2538 33
2537 22
2536 30
2535 25
2534 30
2533 21
2532 11
2531 23
2530 18
2529 21
2528 19
2527 13
2526 14
2525 15
2524 11
2523 11
2522 14
2521 12
2520 9
2519 8
2518 11
2517 6
2516 10
2515 5
2514 12
2513 2
2512 6
2511 5
2510 8
2509 6
2508 2
2507 3
2506 9
2505 7
2504 4
2503 6
2502 6
2501 1
2500 2
2499 3
2497 1
2496 3
2495 1
2494 4
2491 1
2490 4
2489 2
2487 1
2486 2
2485 2
2482 2
2480 1
2474 1
2470 1
2467 1
2463 2
2462 1
2455 1
2449 1
2422 1
2420 1
2405 1
