3050 1
3044 1
3038 2
3035 1
3034 1
3032 2
3031 1
3028 2
3027 2
3025 1
3022 1
3020 1
3019 1
3018 2
3017 1
3016 2
3015 2
3014 1
3013 1
3012 4
3010 4
3009 1
3008 1
3007 1
3006 3
3005 2
3004 3
3003 2
3001 5
3000 4
2999 3
2997 2
2996 5
2995 6
2994 6
2993 6
2992 10
2991 9
2990 8
2989 5
2988 4
2987 6
2986 8
2985 10
2984 10
2983 8
2982 13
2981 8
2980 11
2979 10
2978 13
2977 8
2976 13
2975 10
2974 19
2973 14
2972 21
2971 17
2970 19
2969 13
2968 13
2967 19
2966 27
2965 22
2964 20
2963 32
2962 24
2961 29
2960 36
2959 31
2958 31
2957 40
2956 40
2955 37
2954 36
2953 49
2952 36
2951 38
2950 53
2949 50
2948 53
2947 70
2946 53
2945 60
2944 63
2943 85
2942 76
2941 75
2940 82
2939 76
2938 81
2937 86
2936 86
2935 84
2934 91
2933 102
2932 90
2931 132
2930 127
2929 132
2928 133
2927 130
2926 140
2925 141
2924 163
2923 169
2922 176
2921 185
2920 178
2919 186
2918 194
2917 209
2916 241
2915 243
2914 246
2913 251
2912 258
2911 249
2910 274
2909 275
2908 274
2907 318
2906 321
2905 355
2904 322
2903 358
2902 355
2901 374
2900 368
2899 378
2898 449
2897 443
2896 499
2895 467
2894 539
2893 537
2892 546
2891 539
2890 541
2889 584
2888 586
2887 648
2886 668
2885 673
2884 736
2883 772
2882 759
2881 778
2880 794
2879 823
2878 849
2877 904
2876 832
2875 895
2874 954
2873 980
2872 1040
2871 1088
2870 1028
2869 1174
2868 1159
2867 1151
2866 1200
2865 1274
2864 1267
2863 1330
2862 1316
2861 1390
2860 1445
2859 1460
2858 1518
2857 1575
2856 1648
2855 1716
2854 1650
2853 1624
2852 1801
2851 1809
2850 1854
2849 1838
2848 1968
2847 2000
2846 2104
2845 2105
2844 2160
2843 2203
2842 2193
2841 2315
2840 2297
2839 2455
2838 2471
2837 2468
2836 2483
2835 2709
2834 2672
2833 2636
2832 2783
2831 2767
2830 2796
2829 2960
2828 2968
2827 3021
2826 3031
2825 3168
2824 3169
2823 3245
2822 3258
2821 3384
2820 3356
2819 3444
2818 3502
2817 3609
2816 3761
2815 3738
2814 3660
2813 3700
2812 3987
2811 3846
2810 4076
2809 3998
2808 4260
2807 4254
2806 4231
2805 4396
2804 4495
2803 4502
2802 4451
2801 4474
2800 4667
2799 4614
2798 4544
2797 4829
2796 4829
2795 4948
2794 4899
2793 4985
2792 5113
2791 5070
2790 5066
2789 5082
2788 5294
2787 5360
2786 5247
2785 5472
2784 5250
2783 5450
2782 5479
2781 5474
2780 5599
2779 5702
2778 5677
2777 5648
2776 5789
2775 5854
2774 5859
2773 5810
2772 5766
2771 5721
2770 5840
2769 6005
2768 5891
2767 5988
2766 6019
2765 6209
2764 6076
2763 6059
2762 6057
2761 5938
2760 6083
2759 6031
2758 6149
2757 6202
2756 6192
2755 6165
2754 6185
2753 6178
2752 6178
2751 6087
2750 6260
2749 6293
2748 6150
2747 6242
2746 6161
2745 6274
2744 6246
2743 6272
2742 6112
2741 6087
2740 6049
2739 6187
2738 6223
2737 5989
2736 6095
2735 5921
2734 5961
2733 5931
2732 5877
2731 5881
2730 5882
2729 5909
2728 5914
2727 5739
2726 5809
2725 5781
2724 5631
2723 5728
2722 5599
2721 5588
2720 5647
2719 5518
2718 5569
2717 5530
2716 5386
2715 5505
2714 5226
2713 5297
2712 5330
2711 5122
2710 5114
2709 5093
2708 5104
2707 4971
2706 4823
2705 4965
2704 4744
2703 4821
2702 4702
2701 4688
2700 4590
2699 4533
2698 4505
2697 4461
2696 4386
2695 4363
2694 4181
2693 4250
2692 4135
2691 4166
2690 3921
2689 3891
2688 3831
2687 3813
2686 3802
2685 3848
2684 3631
2683 3604
2682 3534
2681 3498
2680 3512
2679 3360
2678 3290
2677 3304
2676 3170
2675 3098
2674 2999
2673 3013
2672 2908
2671 2870
2670 2861
2669 2747
2668 2702
2667 2716
2666 2665
2665 2618
2664 2443
2663 2634
2662 2388
2661 2392
2660 2385
2659 2290
2658 2253
2657 2237
2656 2050
2655 2044
2654 2049
2653 1982
2652 1935
2651 1931
2650 1890
2649 1799
2648 1780
2647 1681
2646 1587
2645 1635
2644 1612
2643 1545
2642 1526
2641 1440
2640 1453
2639 1370
2638 1377
2637 1346
2636 1300
2635 1310
2634 1223
2633 1149
2632 1117
2631 1132
2630 1076
2629 1085
2628 980
2627 986
2626 1014
2625 983
2624 922
2623 860
2622 884
2621 845
2620 790
2619 740
2618 747
2617 732
2616 692
2615 678
2614 661
2613 636
2612 607
2611 578
2610 578
2609 568
2608 564
2607 536
2606 484
2605 502
2604 505
2603 491
2602 438
2601 412
2600 414
2599 397
2598 394
2597 343
2596 333
2595 338
2594 348
2593 322
2592 299
2591 275
2590 276
2589 268
2588 272
2587 243
2586 233
2585 233
2584 210
2583 215
2582 222
2581 193
2580 181
2579 159
2578 177
2577 176
2576 152
2575 155
2574 123
2573 133
2572 115
2571 124
2570 112
2569 97
2568 129
2567 119
2566 119
2565 98
2564 100
2563 99
2562 93
2561 80
2560 80
2559 81
2558 75
2557 69
2556 71
2555 44
2554 68
2553 63
2552 43
2551 51
2550 45
2549 47
2548 56
2547 43
2546 45
2545 38
2544 40
2543 44
2542 33
2541 18
2540 25
2539 20
2538 19
2537 28
2536 23
2535 14
2534 18
2533 21
2532 20
2531 12
2530 20
2529 31
2528 20
2527 10
2526 13
2525 13
2524 18
2523 12
2522 10
2521 5
2520 7
2519 8
2518 6
2517 7
2516 7
2515 8
2514 6
2513 7
2512 6
2511 7
2510 3
2509 2
2508 5
2507 4
2506 7
2505 7
2504 6
2503 2
2502 1
2501 2
2500 4
2499 1
2498 1
2497 2
2496 2
2494 2
2493 2
2492 2
2491 4
2490 4
2489 2
2488 1
2486 2
2485 2
2484 1
2483 2
2482 1
2481 1
2479 2
2477 1
2474 1
2471 2
2466 1
2465 2
2457 1
