3077 1
3046 1
3040 1
3037 1
3034 1
3032 1
3031 1
3029 1
3028 1
3022 1
3021 1
3019 2
3018 1
3016 2
3015 1
3014 3
3013 3
3012 1
3010 2
3009 2
3008 1
3007 4
3005 1
3004 3
3003 5
3002 1
3000 5
2999 2
2998 3
2997 4
2996 1
2995 3
2994 7
2993 7
2992 2
2991 12
2990 2
2989 7
2988 8
2987 3
2986 10
2985 10
2984 10
2983 6
2982 10
2981 6
2980 7
2979 10
2978 12
2977 18
2976 13
2975 11
2974 20
2973 22
2972 15
2971 16
2970 16
2969 19
2968 19
2967 23
2966 24
2965 15
2964 23
2963 25
2962 26
2961 27
2960 29
2959 30
2958 28
2957 32
2956 40
2955 30
2954 41
2953 36
2952 36
2951 40
2950 54
2949 53
2948 56
2947 48
2946 48
2945 68
2944 64
2943 70
2942 60
2941 77
2940 75
2939 91
2938 74
2937 82
2936 90
2935 115
2934 104
2933 110
2932 98
2931 106
2930 132
2929 103
2928 136
2927 153
2926 134
2925 153
2924 166
2923 188
2922 164
2921 164
2920 177
2919 185
2918 230
2917 199
2916 214
2915 232
2914 256
2913 270
2912 256
2911 280
2910 298
2909 266
2908 315
2907 330
2906 318
2905 326
2904 391
2903 375
2902 339
2901 388
2900 422
2899 399
2898 426
2897 436
2896 457
2895 486
2894 537
2893 499
2892 519
2891 562
2890 573
2889 607
2888 587
2887 638
2886 646
2885 642
2884 673
2883 715
2882 756
2881 763
2880 815
2879 819
2878 834
2877 878
2876 854
2875 905
2874 1000
2873 955
2872 1022
2871 1068
2870 1128
2869 1118
2868 1195
2867 1171
2866 1300
2865 1290
2864 1250
2863 1370
2862 1315
2861 1437
2860 1412
2859 1452
2858 1529
2857 1548
2856 1656
2855 1736
2854 1735
2853 1712
2852 1666
2851 1810
2850 1798
2849 1991
2848 1937
2847 2020
2846 2075
2845 2058
2844 2091
2843 2169
2842 2286
2841 2301
2840 2327
2839 2419
2838 2482
2837 2529
2836 2549
2835 2525
2834 2618
2833 2760
2832 2850
2831 2769
2830 2944
2829 2856
2828 2937
2827 3075
2826 3115
2825 3174
2824 3234
2823 3251
2822 3338
2821 3326
2820 3375
2819 3536
2818 3546
2817 3583
2816 3685
2815 3706
2814 3746
2813 3770
2812 3832
2811 3900
2810 4093
2809 4019
2808 4081
2807 4082
2806 4224
2805 4342
2804 4397
2803 4367
2802 4365
2801 4511
2800 4564
2799 4641
2798 4766
2797 4732
2796 4753
2795 4889
2794 4944
2793 4842
2792 5157
2791 5226
2790 5194
2789 5158
2788 5346
2787 5219
2786 5295
2785 5320
2784 5395
2783 5495
2782 5487
2781 5441
2780 5610
2779 5661
2778 5560
2777 5794
2776 5694
2775 5777
2774 5736
2773 5947
2772 5874
2771 5935
2770 5964
2769 5936
2768 5836
2767 5962
2766 5989
2765 6091
2764 6094
2763 5996
2762 6142
2761 6112
2760 6090
2759 6142
2758 6122
2757 6167
2756 6150
2755 6267
2754 6155
2753 6187
2752 6310
2751 6163
2750 6167
2749 6272
2748 6250
2747 6155
2746 5997
2745 6097
2744 6295
2743 6220
2742 6260
2741 6100
2740 6120
2739 5969
2738 6152
2737 6309
2736 6045
2735 5738
2734 5985
2733 5849
2732 5971
2731 5850
2730 5936
2729 5879
2728 5999
2727 5891
2726 5787
2725 5796
2724 5828
2723 5675
2722 5656
2721 5674
2720 5535
2719 5609
2718 5464
2717 5432
2716 5415
2715 5346
2714 5214
2713 5252
2712 5216
2711 5127
2710 5083
2709 5120
2708 5050
2707 4968
2706 4955
2705 4874
2704 4644
2703 4882
2702 4727
2701 4634
2700 4561
2699 4545
2698 4478
2697 4480
2696 4448
2695 4318
2694 4258
2693 4159
2692 4202
2691 4033
2690 4105
2689 4082
2688 3943
2687 3903
2686 3749
2685 3710
2684 3609
2683 3552
2682 3591
2681 3439
2680 3446
2679 3412
2678 3226
2677 3179
2676 3124
2675 3184
2674 3077
2673 3000
2672 2912
2671 2927
2670 2770
2669 2838
2668 2722
2667 2696
2666 2681
2665 2604
2664 2602
2663 2440
2662 2416
2661 2305
2660 2226
2659 2208
2658 2241
2657 2147
2656 2180
2655 2126
2654 2038
2653 2036
2652 1911
2651 1861
2650 1837
2649 1767
2648 1760
2647 1719
2646 1666
2645 1647
2644 1613
2643 1559
2642 1531
2641 1450
2640 1429
2639 1364
2638 1338
2637 1312
2636 1275
2635 1253
2634 1237
2633 1210
2632 1158
2631 1100
2630 1090
2629 1054
2628 1024
2627 1017
2626 928
2625 945
2624 926
2623 873
2622 861
2621 843
2620 810
2619 782
2618 816
2617 687
2616 735
2615 677
2614 604
2613 618
2612 644
2611 572
2610 574
2609 531
2608 535
2607 564
2606 488
2605 475
2604 483
2603 449
2602 429
2601 420
2600 410
2599 400
2598 376
2597 364
2596 355
2595 320
2594 312
2593 337
2592 294
2591 300
2590 289
2589 267
2588 271
2587 259
2586 242
2585 241
2584 207
2583 206
2582 200
2581 192
2580 176
2579 205
2578 170
2577 140
2576 181
2575 158
2574 121
2573 136
2572 140
2571 113
2570 116
2569 107
2568 122
2567 122
2566 111
2565 110
2564 88
2563 101
2562 82
2561 75
2560 91
2559 76
2558 84
2557 66
2556 83
2555 44
2554 59
2553 53
2552 62
2551 61
2550 42
2549 46
2548 52
2547 41
2546 37
2545 36
2544 35
2543 32
2542 37
2541 26
2540 24
2539 30
2538 27
2537 29
2536 23
2535 25
2534 16
2533 17
2532 17
2531 26
2530 17
2529 13
2528 11
2527 14
2526 11
2525 13
2524 16
2523 5
2522 9
2521 13
2520 7
2519 8
2518 3
2517 8
2516 5
2515 4
2514 5
2513 5
2512 3
2511 1
2510 8
2509 7
2508 8
2507 6
2506 7
2505 3
2504 6
2503 5
2502 6
2500 3
2499 1
2498 3
2497 2
2496 2
2495 5
2494 1
2493 4
2492 1
2491 1
2490 2
2489 1
2488 2
2487 3
2486 3
2485 1
2484 1
2483 2
2482 1
2480 1
2479 1
2476 1
2473 2
2471 1
2467 1
2462 2
2459 1
2455 1
2454 1
2451 1
2442 1
