6300000000 1
4147200000 1
4082400000 1
3969000000 1
3936600000 1
3920000000 2
3732480000 1
3686400000 1
3674160000 1
3499200000 1
3317760000 2
3306744000 4
3265920000 1
3240000000 1
3225600000 1
3175200000 2
3136000000 1
3110400000 1
3061800000 1
2939328000 2
2916000000 1
2903040000 3
2857680000 2
2799360000 1
2764800000 1
2721600000 2
2688000000 1
2612736000 1
2592000000 2
2571912000 1
2551500000 1
2540160000 3
2519424000 1
2508800000 1
2500470000 1
2488320000 2
2480058000 1
2469600000 2
2430000000 1
2419200000 4
2380855680 1
2332800000 3
2322432000 1
2296350000 1
2286144000 6
2268000000 3
2267481600 1
2257920000 1
2239488000 3
2222640000 2
2204496000 1
2177280000 9
2160000000 2
2143260000 2
2116800000 3
2099520000 2
2090188800 3
2083248720 1
2073600000 3
2057529600 5
2048000000 1
2041200000 5
2032128000 4
2016000000 2
2000376000 1
1984046400 2
1975680000 1
1959552000 2
1944000000 2
1935360000 2
1928934000 1
1920000000 1
1905120000 2
1890000000 1
1889568000 1
1881600000 1
1881169920 1
1866240000 5
1857945600 1
1843200000 3
1837080000 4
1836660096 1
1828915200 2
1814400000 7
1806336000 1
1792000000 1
1778112000 2
1764000000 3
1763596800 2
1750329000 1
1749600000 2
1741824000 4
1728720000 1
1728000000 6
1715000000 2
1714608000 4
1701000000 3
1693440000 2
1679616000 10
1666980000 2
1658880000 6
1653372000 1
1651507200 1
1646400000 2
1646023680 1
1638400000 1
1632960000 12
1625702400 2
1620000000 2
1612800000 9
1607445000 2
1605632000 1
1600300800 3
1600000000 1
1592524800 1
1587600000 2
1587237120 2
1580544000 2
1575296100 1
1574640000 1
1567641600 7
1555848000 3
1555200000 7
1548288000 2
1543500000 1
1543147200 6
1530900000 2
1530550080 1
1524096000 6
1512000000 3
1511654400 2
1505280000 1
1500282000 6
1492992000 1
1488034800 7
1481760000 4
1474560000 3
1469664000 9
1458274104 1
1458000000 4
1451520000 12
1446700500 1
1445068800 1
1440270720 2
1440000000 2
1433600000 2
1433272320 1
1428840000 6
1428513408 2
1422489600 2
1411200000 7
1410877440 3
1399680000 12
1393459200 6
1389150000 1
1388832480 2
1382400000 4
1377810000 5
1376256000 1
1371686400 14
1360800000 12
1360488960 1
1354752000 3
1350253800 1
1344000000 2
1343692800 4
1339231320 1
1333584000 1
1323000000 2
1322697600 3
1317120000 2
1312200000 6
1306368000 15
1302030450 1
1296000000 4
1290240000 5
1285956000 10
1280000000 2
1275458400 1
1274019840 1
1270080000 13
1264435200 2
1259712000 10
1254400000 1
1254113280 2
1244678400 2
1244160000 11
1240029000 2
1238630400 1
1234800000 5
1234517760 4
1228800000 1
1224720000 22
1219276800 7
1209600000 8
1209323520 1
1204224000 1
1200225600 3
1194393600 5
1190700000 6
1190427840 2
1185408000 5
1180980000 3
1176000000 3
1175731200 13
1166886000 1
1166400000 10
1161216000 17
1157360400 3
1152000000 5
1148175000 2
1147912560 1
1146880000 1
1143072000 20
1134000000 11
1133740800 6
1128960000 12
1128701952 3
1125211500 1
1120210560 1
1120000000 1
1119744000 8
1116026100 2
1111320000 7
1111065984 1
1106380800 1
1105920000 8
1102248000 13
1101004800 1
1097600000 1
1097349120 2
1093500000 2
1089093600 1
1088640000 27
1083801600 4
1080203040 3
1080000000 4
1075200000 5
1074954240 1
1071630000 6
1066867200 5
1062882000 2
1061683200 1
1058400000 13
1058158080 3
1049760000 14
1045094400 18
1037232000 2
1036800000 20
1032192000 4
1028764800 14
1024000000 3
1020600000 6
1020366720 1
1016064000 13
1011548160 1
1008000000 7
1007769600 9
1003520000 2
1003290624 1
1000188000 8
995328000 16
992250000 2
992023200 8
990904320 1
987840000 6
984150000 2
983040000 1
980000000 1
979776000 35
975421440 2
972000000 11
968083200 3
967680000 13
967458816 3
964467000 5
960400000 1
960180480 5
960000000 3
952560000 21
952342272 1
948326400 2
945177660 2
945000000 3
944784000 7
943718400 1
940800000 9
940584960 5
933508800 6
933120000 24
928972800 2
926100000 3
925888320 4
921984000 4
921600000 11
918540000 15
917504000 1
914457600 16
907578000 1
907200000 31
906992640 3
903168000 8
900169200 5
900000000 1
896168448 1
896000000 4
895795200 10
893025000 2
892820880 4
889056000 14
884736000 6
882000000 5
881798400 32
878080000 2
877879296 2
875164500 1
874800000 14
871274880 1
870912000 43
868020300 3
867041280 1
864360000 3
864000000 7
860160000 7
857304000 34
853493760 1
850500000 8
850305600 6
846720000 29
846526464 2
842956800 1
840157920 2
840000000 3
839808000 29
836075520 7
833490000 10
833299488 1
829785600 7
829440000 23
826686000 9
825753600 3
823200000 4
823011840 15
819200000 2
816820200 1
816480000 65
812851200 16
810152280 1
810000000 5
806400000 28
806215680 8
803722500 2
802816000 3
800150400 24
796262400 8
793800000 16
793618560 4
790272000 12
787648050 3
787320000 12
786759680 1
786432000 2
784147392 1
784000000 4
783820800 41
781218270 2
777924000 5
777600000 32
774144000 17
771573600 16
768320000 3
768144384 2
768000000 3
765450000 10
762048000 54
758661120 2
756315000 2
756142128 1
756000000 16
755827200 16
752640000 6
752467968 3
750141000 5
746807040 4
746496000 33
744017400 1
743178240 4
740880000 14
740710656 1
738112500 1
737587200 1
737280000 13
735138180 3
734832000 46
731566080 23
729000000 8
726062400 2
725760000 59
725594112 3
723350250 3
722534400 4
720300000 1
720135360 10
720000000 4
716800000 4
716636160 6
714420000 26
714256704 3
711244800 17
708588000 6
707788800 3
705600000 22
705438720 20
702464000 3
700131600 2
700000000 1
699840000 35
697019904 1
696729600 29
694575000 1
694416240 8
691488000 6
691200000 37
688905000 9
688747536 1
688128000 3
685843200 45
682795008 1
680683500 1
680400000 36
680244480 4
677376000 42
675126900 5
675000000 1
674365440 1
672000000 7
671846400 27
669615660 1
666792000 23
663828480 2
663552000 19
661500000 1
661348800 28
660602880 2
658560000 8
658409472 1
656100000 10
655360000 3
653184000 86
650280960 7
648270000 6
648121824 1
648000000 19
645388800 1
645120000 26
642978000 14
642252800 2
640120320 12
640000000 3
637875000 3
637729200 4
637009920 6
635040000 61
634894848 3
632217600 16
630118440 4
630000000 5
629856000 30
627200000 9
627056640 11
625117500 4
622339200 12
622080000 38
619315200 16
617400000 13
617258880 21
614400000 9
612615150 1
612500000 1
612360000 51
609892416 1
609638400 59
607614210 1
607500000 2
606928896 1
605052000 2
604800000 49
604661760 17
602362880 1
602112000 8
600112800 27
600000000 2
597196800 26
595350000 10
595213920 4
592704000 37
590490000 7
590069760 1
589824000 8
588000000 13
587865600 76
587202560 1
585252864 1
583443000 12
583200000 40
580849920 1
580608000 70
578680200 14
578027520 2
576240000 5
576108288 3
576000000 19
573956280 2
573440000 8
573308928 2
571536000 81
568995840 12
567106596 2
567000000 17
566870400 13
566231040 1
564480000 57
564350976 1
561971200 1
560105280 8
560000000 4
559872000 72
558013050 3
557383680 7
555660000 20
555532992 3
553190400 4
552960000 41
551250000 2
551124000 45
550502400 2
548800000 8
548674560 27
546750000 6
544546800 4
544320000 119
544195584 1
541900800 28
540101520 8
540000000 4
537600000 19
537477120 14
535815000 10
535692528 1
533433600 33
531441000 5
531062784 1
530841600 11
529200000 34
529079040 23
526848000 4
525098700 4
525000000 1
524880000 34
522547200 69
520812180 3
520224768 1
518616000 6
518400000 47
516096000 38
514500000 2
514382400 56
513802240 1
512096256 3
512000000 1
510300000 22
510183360 2
509607936 1
508243680 2
508032000 106
506250000 1
505774080 5
504094752 3
504000000 20
503884800 52
501760000 10
501645312 4
500094000 21
497871360 9
497664000 60
496125000 2
496011600 20
495452160 1
493920000 41
493807104 6
492075000 5
491724800 4
491520000 5
490092120 1
490000000 3
489888000 121
487710720 24
486202500 3
486091368 2
486000000 15
484041600 2
483840000 73
483729408 4
482233500 8
481689600 2
480200000 2
480090240 19
480000000 5
478296900 3
477757440 15
476280000 75
476171136 6
474163200 24
472588830 1
472500000 5
472392000 19
470400000 24
470292480 46
466754400 24
466560000 74
465010875 1
464486400 61
463050000 7
462944160 16
460992000 5
460800000 22
459270000 30
459165024 1
458752000 2
457228800 110
455196672 1
453789000 3
453600000 96
453496320 18
451584000 54
450084600 19
450000000 3
448084224 6
448000000 10
447897600 55
446512500 2
446410440 3
445906944 1
444713220 1
444528000 81
442552320 2
442368000 20
441000000 9
440899200 78
439040000 10
438939648 10
437582250 3
437400000 23
435637440 4
435456000 171
434010150 1
433520640 9
432180000 16
432081216 3
432000000 37
430467210 1
430080000 18
429981696 2
428652000 71
426746880 28
425250000 6
425152800 11
424673280 5
423360000 99
423263232 3
421478400 9
420078960 5
420000000 6
419904000 82
418037760 31
416745000 15
416649744 3
414892800 21
414720000 69
413343000 14
412876800 19
411600000 10
411505920 46
409600000 5
408410100 4
408240000 139
408146688 5
406425600 89
405076140 6
405000000 12
404619264 1
403368000 5
403200000 72
403107840 22
401861250 1
401408000 8
400075200 64
398297088 3
398131200 39
396900000 24
396809280 21
395136000 53
393750000 1
393660000 29
393379840 2
393216000 9
392000000 11
391910400 150
390168576 5
388962000 16
388800000 75
387233280 1
387072000 92
385786800 48
385351680 2
384160000 8
384072192 5
384000000 14
382725000 7
382637520 3
382205952 5
381024000 179
379330560 11
378000000 38
377913600 48
377487360 1
376320000 44
376233984 13
375070500 18
373403520 18
373248000 150
372008700 7
371589120 31
370594350 1
370440000 40
370355328 4
368793600 4
368640000 30
367569090 1
367500000 4
367416000 124
365783040 60
364568526 1
364500000 9
363031200 9
362880000 191
362797056 6
361267200 35
360150000 3
360067680 17
360000000 14
358400000 19
358318080 28
357210000 57
357128352 2
355622400 73
354375000 3
354294000 20
354041856 2
353894400 5
352800000 60
352719360 55
351232000 15
350065800 12
350000000 1
349920000 91
348509952 3
348364800 120
347287500 2
347208120 13
346816512 4
345744000 23
345600000 74
344452500 11
344064000 17
343000000 1
342921600 166
341397504 8
340200000 81
340122240 12
338829120 1
338688000 124
337563450 1
337500000 1
337182720 2
336140000 1
336063168 9
336000000 31
335923200 98
334430208 8
333396000 62
331914240 16
331776000 97
330750000 9
330674400 61
330301440 3
329280000 26
329204736 8
328050000 4
327680000 6
326728080 5
326592000 217
325140480 42
324135000 5
324060912 3
324000000 43
322694400 1
322560000 97
322486272 8
321489000 43
321126400 4
320060160 68
320000000 6
318937500 1
318864600 6
318504960 18
317520000 182
317447424 12
316108800 54
315059220 1
315000000 13
314928000 85
314572800 3
313600000 18
313528320 95
312558750 1
311169600 31
311040000 168
310007250 2
309657600 84
308700000 16
308629440 37
307328000 4
307200000 18
306307575 1
306180000 107
304819200 173
303750000 1
303464448 1
302526000 2
302400000 111
302330880 28
301181440 1
301056000 28
300056400 52
300000000 3
298722816 5
298598400 92
297675000 10
297606960 14
297271296 5
296475480 1
296352000 87
295245000 6
295034880 5
294912000 32
294000000 10
293932800 209
292626432 21
291721500 3
291600000 58
290424960 8
290304000 248
289340100 15
289013760 16
288120000 13
288054144 15
288000000 31
287043750 1
286978140 2
286720000 20
286654464 2
285887070 1
285768000 173
284497920 53
283500000 26
283435200 25
283115520 2
282357600 2
282240000 134
282175488 26
280985600 5
280052640 19
280000000 9
279936000 160
278691840 66
277830000 39
277766496 11
276595200 25
276480000 94
275625000 2
275562000 61
275251200 11
274400000 10
274337280 118
273375000 1
272273400 7
272160000 283
272097792 9
270950400 116
270050760 19
270000000 12
269746176 1
268912000 4
268800000 63
268738560 58
267907500 10
267846264 1
266716800 133
265720500 3
265531392 4
265420800 40
264600000 69
264539520 72
264241152 1
263424000 36
262549350 4
262500000 2
262440000 79
262144000 4
261382464 5
261273600 274
260406090 4
260112384 4
259308000 29
259200000 121
258155520 3
258048000 96
257250000 3
257191200 102
256901120 2
256048128 14
256000000 11
255150000 49
255091680 9
254803968 3
254121840 1
254016000 268
252887040 25
252105000 1
252047376 8
252000000 42
251942400 91
250880000 21
250822656 19
250047000 33
248935680 33
248832000 182
248062500 1
248005800 31
247726080 20
246960000 76
246903552 22
246037500 2
245862400 2
245760000 23
245000000 7
244944000 295
243855360 96
243045684 3
243000000 25
242020800 6
241920000 261
241864704 11
241116750 5
240844800 19
240100000 5
240045120 86
240000000 7
239148450 1
238878720 34
238140000 116
238085568 10
237081600 105
236294415 1
236250000 5
236196000 53
236027904 1
235929600 11
235200000 33
235146240 140
233377200 35
233280000 204
232339968 2
232243200 181
231525000 12
231472080 33
231211008 1
230496000 22
230400000 77
229635000 38
229582512 3
229376000 9
228614400 271
227598336 8
226894500 3
226800000 131
226748160 41
225792000 153
225042300 17
225000000 2
224788480 3
224042112 9
224000000 10
223948800 180
223256250 1
223205220 5
222953472 10
222264000 151
221433750 1
221276160 17
221184000 98
220500000 24
220449600 167
219520000 21
219469824 29
218700000 47
217818720 15
217728000 444
216760320 54
216090000 15
216040608 10
216000000 70
215129600 5
215040000 77
214990848 19
214326000 124
213373440 76
212625000 12
212576400 20
212336640 15
211680000 247
211631616 30
210739200 28
210039480 12
210000000 15
209952000 199
209018880 154
208372500 15
208324872 5
207446400 46
207360000 242
206671500 15
206524416 1
206438400 54
205800000 22
205752960 116
205520896 1
204800000 10
204205050 2
204120000 257
204073344 6
203297472 1
203212800 287
202538070 6
202500000 7
202309632 1
201684000 6
201600000 138
201553920 59
200884698 1
200704000 27
200037600 118
200000000 2
199148544 9
199065600 131
198450000 37
198404640 65
198180864 4
197568000 117
196875000 2
196830000 37
196608000 19
196036848 4
196000000 17
195955200 384
195084288 16
194481000 28
194400000 161
193616640 14
193536000 275
192937500 1
192893400 52
192675840 10
192080000 7
192036096 31
192000000 26
191362500 5
191318760 7
191102976 8
190591380 3
190512000 357
189665280 47
189078750 1
189035532 1
189000000 62
188956800 99
188743680 5
188238400 2
188160000 107
188116992 28
187535250 6
186701760 38
186624000 293
186004350 5
185794560 66
185220000 84
185177664 28
184396800 21
184320000 91
183750000 1
183708000 183
183500800 10
182891520 228
182250000 15
181515600 9
181440000 457
181398528 21
180708864 1
180633600 109
180075000 3
180033840 62
180000000 29
179200000 44
179159040 77
178605000 52
178564176 5
177811200 186
177147000 8
177020928 3
176947200 46
176473500 1
176400000 112
176359680 168
176160768 1
175616000 23
175032900 15
175000000 1
174960000 192
174254976 5
174182400 416
173604060 11
173408256 9
172872000 46
172800000 154
172226250 3
172103680 3
172032000 67
171500000 5
171460800 263
170698752 31
170100000 129
170061120 27
169869312 4
169414560 2
169344000 347
168781725 3
168750000 1
168591360 13
168070000 3
168031584 7
168000000 60
167961600 217
167772160 1
167403915 1
167215104 25
166698000 109
165957120 41
165888000 214
165375000 6
165337200 95
165150720 19
164640000 86
164602368 58
164025000 15
163840000 10
163364040 3
163296000 540
162570240 159
162067500 3
162030456 9
162000000 66
161347200 6
161280000 251
161243136 21
160744500 34
160563200 15
160030080 124
160000000 10
159468750 2
159432300 5
159252480 51
158760000 259
158723712 34
158120256 1
158054400 107
157529610 6
157500000 13
157464000 146
157286400 7
156800000 48
156764160 247
156279375 1
156243654 2
155584800 59
155520000 328
154893312 3
154828800 184
154350000 21
154314720 109
154140672 3
153664000 24
153600000 51
153090000 104
153055008 2
152473104 2
152409600 511
151875000 2
151732224 15
151263000 3
151200000 251
151165440 107
150590720 1
150528000 126
150028200 68
150000000 4
149361408 18
149299200 251
148837500 15
148803480 20
148635648 11
148176000 213
147622500 5
147517440 9
147456000 73
147027636 2
147000000 26
146966400 384
146800640 2
146313216 57
145860750 8
145800000 120
145212480 12
145152000 593
144670050 9
144506880 42
144060000 15
144027072 27
144000000 79
143360000 40
143327232 16
142884000 257
142248960 115
141750000 29
141717600 65
141557760 13
141178800 1
141120000 281
141087744 51
140625000 1
140492800 12
140026320 42
140000000 11
139968000 373
139345920 181
138915000 49
138883248 17
138297600 72
138240000 260
137781000 84
137625600 28
137200000 23
137168640 281
136687500 2
136136700 9
136080000 474
136048896 13
135475200 317
135056250 1
135025380 19
135000000 18
134456000 4
134400000 119
134369280 135
133953750 6
133923132 3
133358400 216
132860250 2
132765696 13
132710400 127
132300000 105
132269760 124
132120576 3
131712000 85
131274675 1
131250000 3
131220000 109
131072000 4
130691232 9
130636800 647
130056192 32
129654000 43
129600000 215
129077760 3
129024000 279
128625000 4
128595600 184
128450560 10
128024064 62
128000000 20
127575000 44
127545840 14
127401984 7
127060920 1
127008000 565
126443520 60
126052500 3
126023688 7
126000000 84
125971200 195
125829120 1
125440000 70
125411328 55
125023500 31
125000000 1
124467840 65
124416000 417
124031250 3
124002900 21
123863040 73
123480000 118
123451776 67
122931200 16
122880000 60
122523030 1
122500000 5
122472000 474
121927680 297
121522842 1
121500000 35
121010400 17
120960000 506
120932352 28
120558375 1
120472576 1
120422400 85
120050000 4
120022560 124
120000000 29
119439360 120
119070000 167
119042784 18
118540800 230
118125000 6
118098000 58
118013952 2
117964800 45
117649000 1
117600000 93
117573120 320
117440512 1
116688600 42
116640000 346
116169984 6
116121600 492
115762500 6
115736040 44
115605504 6
115248000 43
115200000 169
114817500 36
114791256 1
114688000 26
114354828 1
114307200 511
113799168 46
113447250 1
113400000 217
113374080 68
113246208 1
112943040 1
112896000 323
112521150 17
112500000 3
112394240 5
112021056 26
112000000 19
111974400 381
111602610 9
111476736 30
111132000 212
110638080 39
110592000 265
110270727 1
110250000 16
110224800 254
110100480 7
109760000 43
109734912 92
109350000 32
108909360 19
108864000 903
108380160 155
108045000 11
108020304 20
108000000 102
107564800 6
107520000 174
107495424 36
107187500 2
107163000 126
106686720 212
106312500 1
106288200 24
106168320 52
105884100 1
105840000 390
105815808 70
105369600 84
105019740 14
105000000 12
104976000 299
104857600 2
104509440 384
104186250 8
104162436 4
103723200 95
103680000 462
103335750 12
103262208 4
103219200 145
102900000 22
102876480 245
102400000 28
102060000 309
102036672 10
101606400 639
101269035 1
101250000 7
101154816 8
100842000 8
100800000 277
100776960 165
100442349 1
100352000 50
100018800 142
100000000 2
99574272 30
99532800 350
99225000 41
99202320 68
99090432 11
98825160 1
98784000 263
98415000 37
98344960 9
98304000 45
98018424 3
98000000 17
97977600 709
97542144 63
97240500 20
97200000 240
96808320 12
96768000 652
96446700 48
96337920 35
96040000 20
96018048 59
96000000 75
95681250 2
95659380 3
95551488 20
95256000 528
94832640 143
94517766 2
94500000 63
94478400 165
94371840 13
94119200 1
94080000 182
94058496 107
93767625 3
93750000 2
93350880 72
93312000 647
93002175 1
92897280 201
92610000 81
92588832 36
92198400 40
92160000 214
91875000 1
91854000 235
91750400 13
91445760 475
91125000 7
90757800 13
90720000 671
90699264 26
90354432 1
90316800 254
90037500 2
90016920 63
90000000 30
89600000 76
89579520 197
89302500 36
89282088 7
88905600 359
88573500 12
88510464 14
88473600 135
88236750 1
88200000 136
88179840 308
88080384 2
87808000 55
87516450 17
87500000 1
87480000 241
87127488 5
87091200 897
86802030 12
86704128 27
86436000 62
86400000 298
86051840 3
86016000 152
85750000 3
85730400 365
85349376 59
85050000 122
85030560 43
84934656 12
84707280 6
84672000 703
84295680 46
84035000 2
84015792 15
84000000 92
83980800 416
83607552 83
83349000 113
82978560 72
82944000 527
82687500 4
82668600 105
82575360 55
82320000 96
82301184 99
82012500 7
81920000 20
81682020 12
81648000 895
81285120 374
81033750 4
81015228 7
81000000 77
80673600 16
80640000 523
80621568 45
80372250 21
80281600 29
80015040 242
80000000 8
79716150 2
79626240 137
79380000 351
79361856 49
79027200 250
78764805 1
78750000 17
78732000 167
78675968 2
78643200 27
78400000 57
78382080 555
77792400 97
77760000 608
77446656 6
77414400 472
77175000 20
77157360 150
77070336 3
76832000 23
76800000 75
76545000 112
76527504 6
76236552 3
76204800 840
75937500 2
75866112 48
75631500 7
75600000 338
75582720 144
75497472 1
75295360 3
75264000 211
75014100 75
75000000 2
74680704 44
74649600 542
74418750 7
74401740 14
74317824 35
74088000 292
73811250 4
73758720 24
73728000 197
73513818 2
73500000 24
73483200 546
73400320 5
73156608 127
72900000 117
72606240 23
72576000 1131
72335025 4
72253440 109
72030000 14
72013536 48
72000000 107
71680000 92
71663616 46
71442000 342
71124480 259
70875000 18
70858800 82
70778880 42
70589400 1
70560000 455
70543872 105
70246400 34
70013160 38
70000000 15
69984000 605
69672960 467
69457500 32
69441624 19
69148800 119
69120000 454
68890500 49
68841472 1
68812800 84
68600000 25
68584320 447
68068350 6
68040000 655
68024448 19
67765824 1
67737600 657
67512690 19
67500000 18
67436544 4
67228000 12
67200000 215
67184640 290
66961566 1
66706983 1
66679200 323
66382848 19
66355200 368
66150000 112
66134880 193
66060288 5
65883440 1
65856000 192
65610000 105
65536000 12
65345616 16
65318400 1256
65028096 93
64827000 61
64800000 290
64538880 12
64512000 544
64312500 2
64297800 172
64225280 12
64012032 93
64000000 29
63787500 18
63772920 9
63700992 22
63504000 846
63221760 131
63011844 11
63000000 114
62985600 351
62914560 5
62720000 114
62705664 143
62511750 19
62233920 113
62208000 830
62001450 12
61931520 227
61740000 133
61725888 102
61465600 29
61440000 116
61261515 1
61250000 5
61236000 586
60963840 633
60761421 1
60750000 42
60505200 31
60480000 856
60466176 59
60211200 166
60025000 4
60011280 182
60000000 23
59719680 255
59535000 169
59521392 23
59270400 435
59062500 3
59049000 52
59006976 6
58982400 87
58824500 1
58800000 116
58786560 568
58344300 44
58320000 520
58084992 9
58060800 1018
57881250 1
57868020 39
57802752 21
57624000 58
57600000 270
57408750 5
57395628 1
57344000 60
57177414 1
57153600 808
56899584 84
56700000 279
56687040 101
56623104 8
56471520 6
56448000 564
56260575 3
56250000 3
56197120 19
56010528 35
56000000 41
55987200 693
55801305 1
55738368 98
55566000 224
55319040 77
55296000 500
55125000 14
55112400 266
55050240 25
54880000 69
54867456 172
54675000 26
54454680 28
54432000 1427
54190080 321
54022500 6
54010152 21
54000000 132
53782400 10
53760000 326
53747712 82
53593750 1
53581500 102
53343360 347
53156250 3
53144100 15
53084160 145
52942050 2
52920000 493
52907904 86
52684800 174
52509870 17
52500000 14
52488000 435
52428800 4
52254720 771
52093125 1
52081218 6
51861600 134
51840000 775
51667875 1
51631104 8
51609600 381
51450000 28
51438240 361
51380224 3
51200000 49
51030000 329
51018336 9
50824368 1
50803200 1122
50625000 5
50577408 30
50421000 4
50400000 364
50388480 306
50331648 1
50176000 112
50009400 160
50000000 3
49787136 57
49766400 681
49612500 28
49601160 67
49545216 42
49392000 305
49207500 19
49172480 11
49152000 108
49009212 5
49000000 29
48988800 1099
48771072 135
48620250 8
48600000 268
48404160 29
48384000 1225
48234375 1
48223350 31
48168960 64
48020000 15
48009024 85
48000000 73
47829690 2
47775744 71
47628000 663
47416320 273
47258883 2
47250000 56
47239200 161
47185920 20
47059600 3
47040000 309
47029248 204
46675440 104
46656000 977
46448640 518
46305000 80
46294416 66
46099200 82
46080000 364
45937500 2
45927000 197
45875200 29
45722880 732
45562500 3
45378900 23
45360000 946
45349632 53
45177216 2
45158400 567
45018750 1
45008460 57
45000000 39
44800000 108
44789760 415
44651250 17
44641044 6
44452800 525
44286750 9
44255232 31
44236800 296
44100000 156
44089920 423
44040192 4
43904000 92
43758225 2
43750000 1
43740000 295
43563744 19
43545600 1586
43401015 5
43352064 73
43218000 76
43200000 421
43025920 2
43008000 288
42875000 1
42865200 468
42674688 144
42525000 80
42515280 46
42467328 23
42353640 2
42336000 1037
42187500 1
42147840 90
42007896 22
42000000 87
41990400 705
41943040 2
41803776 189
41674500 68
41489280 131
41472000 1040
41343750 1
41334300 75
41287680 106
41160000 99
41150592 169
41006250 3
40960000 47
40841010 6
40824000 1150
40642560 724
40516875 1
40507614 6
40500000 81
40336800 19
40320000 824
40310784 103
40186125 1
40140800 73
40007520 311
40000000 13
39813120 296
39690000 324
39680928 64
39513600 395
39375000 10
39366000 172
39337984 3
39321600 48
39200000 75
39191040 944
38896200 90
38880000 784
38723328 8
38707200 1011
38587500 9
38578680 114
38535168 7
38416000 36
38400000 143
38272500 86
38263752 3
38118276 1
38102400 1237
37933056 87
37815750 5
37800000 391
37791360 236
37748736 8
37647680 1
37632000 390
37507050 41
37500000 2
37340352 57
37324800 1086
37209375 1
37200870 12
37158912 114
37044000 371
36905625 1
36879360 54
36864000 371
36756909 2
36750000 32
36741600 700
36700160 11
36578304 251
36450000 107
36303120 36
36288000 1863
36126720 256
36015000 20
36006768 66
36000000 151
35840000 132
35831808 106
35721000 296
35562240 433
35437500 10
35429400 63
35389440 128
35280000 559
35271936 194
35123200 63
35006580 45
35000000 11
34992000 773
34836480 979
34728750 11
34720812 13
34574400 139
34560000 730
34445250 28
34420736 1
34406400 179
34300000 18
34292160 655
34034175 2
34020000 717
34012224 31
33882912 2
33868800 1148
33756345 5
33750000 15
33718272 9
33614000 4
33600000 281
33592320 486
33339600 345
33191424 47
33177600 698
33075000 74
33067440 200
33030144 17
32928000 232
32805000 63
32768000 39
32672808 13
32659200 1831
32514048 164
32413500 43
32400000 421
32269440 15
32256000 984
32156250 1
32148900 137
32112640 24
32006016 165
32000000 33
31893750 11
31886460 11
31850496 61
31752000 1084
31610880 224
31513125 1
31505922 4
31500000 105
31492800 456
31457280 9
31360000 161
31352832 271
31255875 4
31116960 149
31104000 1361
31000725 3
30965760 456
30870000 118
30862944 114
30732800 43
30720000 207
30618000 573
30481920 1012
30375000 21
30252600 26
30240000 1207
30233088 86
30118144 1
30105600 316
30012500 2
30005640 173
30000000 24
29859840 556
29767500 102
29760696 23
29635200 640
29524500 36
29503488 14
29491200 233
29400000 164
29393280 825
29172150 23
29160000 619
29042496 11
29030400 1941
28934010 23
28901376 44
28812000 62
28800000 368
28697814 1
28672000 125
28576800 945
28449792 164
28350000 232
28343520 121
28311552 21
28235760 2
28224000 952
28125000 2
28098560 35
28005264 45
28000000 81
27993600 1141
27869184 226
27783000 199
27659520 102
27648000 876
27562500 10
27556200 254
27525120 74
27440000 73
27433728 279
27337500 17
27227340 14
27216000 1855
27095040 673
27011250 3
27005076 18
27000000 125
26891200 8
26880000 516
26873856 142
26790750 34
26671680 485
26572050 8
26542080 311
26460000 557
26453952 129
26342400 262
26254935 5
26250000 7
26244000 395
26214400 17
26127360 1265
25930800 122
25920000 1112
25815552 9
25804800 726
25725000 25
25719120 344
25690112 4
25600000 64
25515000 228
25509168 7
25412184 3
25401600 1662
25312500 3
25288704 51
25210500 6
25200000 457
25194240 440
25165824 2
25088000 162
25004700 129
25000000 7
24893568 68
24883200 1275
24806250 7
24800580 40
24772608 75
24696000 391
24603750 7
24586240 20
24576000 170
24504606 2
24500000 25
24494400 1324
24385536 291
24310125 4
24300000 214
24202080 30
24192000 1843
24111675 13
24084480 139
24010000 17
24004512 118
24000000 103
23887872 125
23814000 671
23708160 465
23625000 38
23619600 166
23592960 62
23529800 1
23520000 400
23514624 318
23337720 90
23328000 1353
23224320 945
23152500 47
23147208 45
23049600 92
23040000 624
22968750 1
22963500 119
22937600 46
22861440 1037
22689450 9
22680000 1061
22674816 72
22588608 3
22579200 946
22504230 30
22500000 22
22478848 7
22400000 143
22394880 765
22325625 3
22320522 7
22235661 2
22226400 595
22143375 3
22127616 47
22118400 586
22050000 131
22044960 449
22020096 9
21952000 115
21875000 1
21870000 224
21781872 18
21772800 2490
21676032 129
21609000 56
21600000 493
21512960 5
21504000 529
21432600 364
21337344 216
21262500 43
21257640 38
21233664 55
21176820 2
21168000 1284
21073920 112
21008750 1
21003948 19
21000000 120
20995200 867
20971520 2
20901888 356
20837250 31
20744640 182
20736000 1531
20671875 1
20667150 36
20643840 281
20580000 115
20575296 229
20480000 73
20420505 5
20412000 1149
20321280 1132
20253807 1
20250000 64
20168400 21
20160000 1068
20155392 146
20070400 108
20003760 289
20000000 16
19906560 645
19845000 248
19840464 63
19756800 563
19687500 1
19683000 128
19668992 3
19660800 87
19600000 80
19595520 1277
19448100 63
19440000 932
19361664 12
19353600 1675
19293750 5
19289340 119
19267584 20
19208000 34
19200000 269
19136250 22
19131876 7
19059138 3
19051200 1533
18966528 118
18900000 393
18895680 271
18874368 9
18823840 4
18816000 577
18753525 6
18750000 3
18670176 66
18662400 1630
18579456 209
18522000 333
18439680 67
18432000 596
18375000 16
18370800 607
18350080 20
18289152 424
18225000 76
18151560 18
18144000 2490
18063360 462
18007500 14
18003384 59
18000000 163
17920000 208
17915904 170
17860500 165
17781120 667
17718750 3
17714700 42
17694720 211
17647350 1
17640000 599
17635968 261
17561600 121
17503290 27
17500000 7
17496000 940
17418240 1530
17364375 2
17360406 6
17287200 156
17280000 1114
17222625 2
17210368 1
17203200 370
17150000 23
17146080 694
17010000 546
17006112 31
16941456 3
16934400 1726
16875000 11
16859136 32
16807000 4
16800000 334
16796160 764
16777216 1
16669800 299
16595712 61
16588800 1245
16537500 37
16533720 159
16515072 36
16464000 288
16402500 40
16384000 59
16336404 6
16329600 2239
16257024 303
16206750 15
16200000 403
16134720 23
16128000 1436
16074450 44
16056320 30
16003008 205
16000000 50
15946875 1
15943230 1
15925248 108
15882615 2
15876000 1157
15805440 347
15750000 57
15746400 424
15728640 41
15680000 176
15676416 435
15558480 147
15552000 1871
15482880 751
15435000 89
15431472 127
15366400 50
15360000 305
15312500 1
15309000 433
15240960 1487
15187500 9
15126300 14
15120000 1371
15116544 123
15059072 1
15052800 484
15006250 1
15002820 101
15000000 23
14929920 917
14883750 45
14880348 6
14823774 1
14817600 739
14765625 1
14762250 8
14751744 12
14745600 385
14700000 141
14696640 905
14680064 4
14586075 6
14580000 534
14521248 17
14515200 2828
14467005 6
14450688 91
14406000 56
14400000 452
14348907 1
14336000 190
14288400 849
14224896 206
14175000 142
14171760 115
14155776 40
14117880 3
14112000 1219
14062500 1
14049280 37
14002632 48
14000000 58
13996800 1449
13934592 385
13891500 129
13829760 174
13824000 1334
13781250 3
13778100 150
13762560 121
13720000 74
13716864 393
13668750 5
13613670 6
13608000 1968
13547520 1013
13502538 10
13500000 115
13445600 19
13440000 649
13436928 263
13395375 8
13335840 523
13271040 525
13230000 439
13226976 140
13171200 345
13125000 9
13122000 364
13107200 25
13063680 1884
12965400 100
12960000 1219
12907776 11
12902400 1122
12862500 11
12859560 269
12845056 7
12800000 72
12757500 118
12754584 7
12706092 1
12700800 2016
12656250 1
12644352 102
12600000 438
12597120 610
12582912 1
12544000 250
12502350 58
12500000 3
12446784 80
12441600 1866
12403125 1
12400290 24
12386304 149
12348000 410
12293120 32
12288000 296
12250000 18
12247200 1295
12192768 501
12150000 184
12101040 27
12096000 2408
12042240 207
12005000 9
12002256 121
12000000 100
11943936 212
11907000 431
11854080 663
11812500 15
11809800 123
11796480 146
11760000 447
11757312 407
11668860 61
11664000 1496
11612160 1544
11576250 13
11573604 41
11524800 129
11520000 860
11481750 45
11468800 102
11430720 1146
11340000 981
11337408 71
11294304 3
11289600 1308
11252115 7
11250000 14
11239424 12
11200000 147
11197440 1053
11113200 518
11063808 55
11059200 979
11025000 73
11022480 401
11010048 16
10976000 149
10935000 155
10890936 15
10886400 3100
10838016 234
10804500 29
10800000 517
10756480 8
10752000 719
10718750 1
10716300 239
10668672 273
10631250 18
10628820 17
10616832 106
10588410 2
10584000 1422
10536960 180
10504375 1
10501974 15
10500000 60
10497600 935
10485760 15
10450944 554
10418625 9
10372320 178
10368000 2136
10333575 7
10321920 486
10290000 103
10287648 248
10240000 116
10206000 956
10160640 1585
10125000 30
10084200 12
10080000 1312
10077696 206
10035200 148
10001880 243
10000000 14
9953280 1049
9922500 123
9920232 58
9882516 1
9878400 689
9843750 2
9841500 90
9834496 12
9830400 152
9800000 97
9797760 1598
9724050 33
9720000 932
9680832 14
9676800 2393
9646875 2
9644670 40
9633792 41
9604000 37
9600000 291
9568125 7
9565938 1
9525600 1487
9483264 202
9450000 284
9447840 248
9437184 25
9411920 4
9408000 733
9375000 1
9335088 59
9331200 2068
9289728 346
9261000 216
9219840 112
9216000 907
9187500 2
9185400 474
9175040 29
9144576 557
9112500 42
9075780 21
9072000 2574
9031680 726
9003750 6
9001692 30
9000000 130
8960000 269
8957952 320
8930250 58
8890560 678
8857350 12
8847360 436
8820000 502
8817984 266
8780800 119
8751645 8
8750000 6
8748000 788
8709120 2179
8680203 4
8643600 133
8640000 1264
8605184 1
8601600 532
8575000 10
8573040 654
8505000 362
8503056 29
8470728 2
8467200 2041
8437500 6
8429568 34
8403500 4
8400000 335
8398080 962
8388608 1
8334900 179
8297856 83
8294400 1792
8268750 13
8266860 92
8257536 87
8232000 285
8201250 16
8192000 89
8168202 7
8164800 2346
8128512 448
8103375 1
8100000 327
8067360 28
8064000 1998
8037225 15
8028160 62
8001504 220
8000000 54
7971615 3
7962624 222
7938000 902
7902720 447
7875000 42
7873200 364
7864320 65
7840000 223
7838208 601
7779240 98
7776000 2130
7741440 1186
7717500 39
7715736 89
7683200 56
7680000 454
7654500 228
7620480 1650
7593750 4
7563150 6
7560000 1214
7558272 150
7529536 1
7526400 689
7501410 42
7500000 19
7464960 1351
7440174 10
7408800 650
7381125 4
7375872 28
7372800 605
7350000 81
7348320 886
7340032 7
7290000 370
7260624 16
7257600 3428
7225344 161
7203000 37
7200000 479
7168000 288
7144200 574
7112448 298
7087500 57
7085880 76
7077888 58
7058940 2
7056000 1302
7024640 65
7001316 26
7000000 48
6998400 1559
6967296 600
6945750 55
6914880 146
6912000 1897
6889050 51
6881280 221
6860000 52
6858432 424
6806835 5
6804000 1780
6773760 1399
6751269 4
6750000 65
6722800 8
6720000 767
6718464 332
6667920 444
6635520 846
6615000 265
6613488 120
6585600 440
6562500 3
6561000 221
6553600 51
6531840 2306
6482700 71
6480000 1299
6453888 8
6451200 1595
6431250 2
6429780 162
6422528 12
6400000 120
6378750 33
6377292 8
6350400 2003
6322176 131
6300000 337
6298560 570
6291456 7
6272000 288
6251175 11
6250000 2
6223392 80
6220800 2395
6200145 4
6193152 268
6174000 291
6146560 47
6144000 422
6125000 7
6123600 1030
6096384 632
6075000 105
6050520 22
6048000 2748
6021120 328
6002500 7
6001128 86
6000000 108
5971968 345
5953500 230
5927040 717
5904900 71
5898240 203
5882450 1
5880000 395
5878656 519
5834430 29
5832000 1387
5806080 2152
5788125 2
5786802 17
5762400 124
5760000 994
5740875 4
5734400 168
5715360 1126
5670000 671
5668704 58
5644800 1615
5625000 11
5619712 14
5600000 154
5598720 1408
5556600 368
5531904 68
5529600 1428
5512500 40
5511240 275
5505024 33
5488000 126
5467500 73
5445468 10
5443200 3183
5419008 350
5402250 20
5400000 494
5378240 8
5376000 1021
5358150 92
5334336 272
5315625 3
5314410 11
5308416 186
5294205 1
5292000 1132
5268480 272
5250987 4
5250000 45
5248800 794
5242880 10
5225472 774
5186160 161
5184000 2363
5160960 693
5145000 72
5143824 208
5120000 132
5103000 617
5080320 1865
5062500 14
5042100 11
5040000 1208
5038848 284
5017600 232
5000940 177
5000000 12
4976640 1367
4961250 36
4960116 24
4939200 632
4920750 32
4917248 11
4915200 247
4900000 57
4898880 1600
4862025 10
4860000 681
4840416 13
4838400 3060
4822335 10
4816896 62
4802000 23
4800000 341
4762800 1185
4741632 233
4725000 132
4723920 216
4718592 28
4705960 1
4704000 813
4687500 1
4667544 47
4665600 2309
4644864 548
4630500 96
4609920 101
4608000 1247
4593750 3
4592700 230
4587520 53
4572288 617
4556250 16
4537890 9
4536000 2435
4515840 959
4501875 1
4500846 23
4500000 101
4480000 283
4478976 454
4465125 10
4445280 598
4428675 2
4423680 639
4410000 363
4408992 283
4390400 171
4375000 5
4374000 605
4354560 2617
4321800 101
4320000 1351
4302592 16
4300800 842
4287500 5
4286520 453
4252500 140
4251528 12
4235364 2
4233600 2051
4218750 1
4214784 71
4200000 287
4199040 1029
4194304 1
4167450 76
4148928 108
4147200 2505
4134375 3
4133430 45
4128768 153
4116000 236
4100625 2
4096000 118
4084101 3
4082400 1885
4064256 633
4050000 234
4033680 19
4032000 2087
4014080 94
4000752 179
4000000 48
3981312 335
3969000 523
3951360 542
3937500 12
3936600 256
3932160 92
3920000 200
3919104 733
3889620 63
3888000 2140
3870720 1645
3858750 12
3857868 62
3841600 47
3840000 547
3827250 70
3810240 1587
3781575 1
3780000 1005
3779136 158
3763200 858
3750705 8
3750000 9
3732480 1685
3704400 523
3687936 39
3686400 921
3675000 39
3674160 659
3670016 7
3645000 212
3630312 12
3628800 3737
3612672 220
3601500 22
3600000 442
3584000 351
3572100 328
3556224 322
3543750 15
3542940 46
3538944 119
3528000 1217
3512320 85
3500658 10
3500000 37
3499200 1470
3483648 857
3472875 11
3457440 148
3456000 2073
3444525 13
3440640 329
3430000 48
3429216 379
3402000 1255
3386880 1583
3375000 33
3361400 6
3360000 832
3359232 440
3333960 287
3317760 1232
3307500 135
3306744 76
3292800 384
3280500 111
3276800 70
3265920 2374
3241350 41
3240000 1115
3226944 14
3225600 2077
3215625 1
3214890 73
3211264 19
3200000 140
3189375 4
3188646 2
3175200 1737
3161088 196
3150000 218
3149280 478
3145728 13
3136000 306
3111696 67
3110400 2742
3096576 407
3087000 193
3073280 37
3072000 627
3062500 3
3061800 653
3048192 736
3037500 52
3025260 23
3024000 2636
3010560 412
3000564 50
3000000 73
2985984 468
2976750 70
2963520 698
2953125 2
2952450 17
2949120 389
2940000 326
2939328 490
2917215 9
2916000 1161
2903040 2628
2893401 5
2881200 80
2880000 1090
2867200 240
2857680 826
2835000 398
2834352 56
2823576 3
2822400 1641
2812500 2
2809856 19
2800000 120
2799360 1496
2778300 159
2765952 65
2764800 1864
2756250 9
2755620 165
2752512 51
2744000 120
2733750 17
2722734 5
2721600 2973
2709504 459
2701125 3
2700000 324
2689120 8
2688000 1212
2679075 17
2667168 254
2657205 3
2654208 290
2646000 805
2634240 318
2625000 18
2624400 600
2621440 20
2612736 937
2593080 101
2592000 2491
2580480 1089
2572500 24
2571912 130
2560000 186
2551500 286
2540160 1908
2531250 2
2521050 5
2520000 1054
2519424 273
2508800 259
2500470 62
2500000 7
2488320 1836
2480625 5
2480058 12
2469600 501
2460375 5
2458624 11
2457600 377
2450000 32
2449440 1291
2430000 475
2420208 15
2419200 3422
2408448 77
2401000 20
2400000 278
2381400 748
2370816 276
2362500 74
2361960 121
2359296 62
2352000 745
2333772 33
2332800 2276
2322432 720
2315250 44
2304960 102
2304000 1480
2296875 1
2296350 71
2293760 81
2286144 538
2278125 1
2268945 3
2268000 1880
2257920 1104
2250423 3
2250000 74
2240000 288
2239488 562
2222640 468
2211840 900
2205000 200
2204496 221
2195200 142
2187000 347
2177280 2810
2160900 37
2160000 1238
2151296 3
2150400 1018
2143750 1
2143260 236
2126250 56
2125764 13
2116800 1971
2107392 88
2100000 223
2099520 874
2097152 5
2083725 7
2074464 92
2073600 2800
2066715 7
2064384 225
2058000 166
2048000 159
2041200 1431
2032128 701
2025000 102
2016840 14
2016000 2108
2007040 148
2000376 127
2000000 43
1990656 442
1984500 253
1975680 500
1968750 6
1968300 101
1966080 135
1960000 123
1959552 775
1944810 23
1944000 1751
1935360 2069
1929375 4
1928934 19
1920800 38
1920000 594
1913625 10
1905120 1332
1890000 639
1889568 138
1882384 2
1881600 898
1875000 11
1866240 1848
1852200 313
1843968 25
1843200 1150
1837500 25
1837080 419
1835008 19
1822500 88
1815156 6
1814400 3499
1806336 285
1800750 9
1800000 364
1792000 385
1786050 103
1778112 293
1771470 11
1769472 200
1764000 928
1756160 77
1750329 4
1750000 18
1749600 1157
1741824 1052
1728720 114
1728000 2157
1720320 452
1715000 20
1714608 286
1701000 699
1693440 1761
1687500 16
1680700 2
1680000 696
1679616 421
1666980 163
1658880 1609
1653750 32
1653372 48
1646400 315
1640250 41
1638400 93
1632960 2057
1620675 2
1620000 752
1613472 11
1612800 2395
1607445 13
1605632 32
1600000 119
1587600 1192
1580544 197
1575000 99
1574640 326
1572864 26
1568000 310
1562500 1
1555848 44
1555200 2795
1548288 509
1543500 77
1536640 32
1536000 706
1531250 2
1530900 310
1524096 740
1518750 10
1512630 6
1512000 2152
1505280 536
1500282 29
1500000 55
1492992 602
1488375 11
1481760 540
1476225 3
1474560 508
1470000 203
1469664 410
1458000 719
1451520 2872
1440600 46
1440000 1003
1433600 308
1428840 526
1417500 180
1417176 36
1411788 1
1411200 1554
1406250 2
1404928 25
1400000 119
1399680 1370
1389150 65
1382976 59
1382400 2243
1378125 5
1377810 53
1376256 88
1372000 104
1366875 4
1360800 2247
1354752 592
1350000 176
1344560 3
1344000 1210
1333584 176
1327104 334
1323000 423
1317120 300
1312500 10
1312200 326
1310720 46
1306368 969
1296540 54
1296000 2160
1290240 1312
1286250 13
1285956 81
1280000 162
1275750 85
1270080 1668
1260000 682
1259712 244
1254400 282
1250235 9
1250000 4
1244160 2085
1240029 5
1234800 377
1229312 13
1228800 508
1225000 18
1224720 934
1215000 241
1210104 6
1209600 3275
1204224 123
1200500 6
1200000 254
1190700 356
1185408 304
1181250 13
1180980 56
1179648 99
1176000 588
1166886 14
1166400 1763
1161216 839
1157625 7
1152480 80
1152000 1560
1148175 9
1146880 116
1143072 450
1134000 1246
1128960 1188
1125000 20
1120000 236
1119744 516
1111320 292
1105920 1099
1102500 97
1102248 120
1097600 121
1093750 2
1093500 137
1088640 2566
1080450 21
1080000 919
1075648 2
1075200 1103
1071875 1
1071630 77
1063125 8
1062882 5
1058400 1381
1053696 92
1050000 114
1049760 666
1048576 10
1037232 60
1036800 2750
1032192 285
1029000 94
1024000 186
1020600 757
1016064 715
1012500 33
1008420 8
1008000 1842
1003520 139
1000188 80
1000000 28
995328 571
992250 82
987840 479
984150 34
983040 212
980000 103
979776 657
972405 3
972000 1216
967680 2337
964467 5
960400 29
960000 540
952560 910
945000 345
944784 104
940800 825
937500 2
933120 1800
926100 147
921984 43
921600 1320
918750 5
918540 177
917504 17
911250 27
907578 2
907200 2733
903168 349
900000 228
896000 325
893025 17
889056 240
885735 2
884736 231
882000 567
878080 91
875000 9
874800 685
870912 1025
864360 80
864000 1988
860160 552
857500 8
857304 184
850500 292
846720 1561
843750 3
840000 476
839808 380
833490 63
829440 1860
826875 2
826686 9
823200 251
820125 4
819200 126
816480 1567
810000 429
806736 7
806400 2229
802816 25
800000 83
793800 633
790272 206
787500 41
787320 174
786432 34
784000 217
777924 19
777600 2395
774144 646
771750 20
768320 34
768000 686
765450 106
762048 652
759375 1
756000 1461
752640 526
750141 5
750000 31
746496 678
740880 396
737280 648
735000 104
734832 269
729000 366
725760 2744
720300 24
720000 765
716800 303
714420 259
708750 33
708588 16
705600 1222
702464 15
700000 66
699840 1186
694575 14
691488 43
691200 2299
688905 7
688128 109
686000 44
680400 1433
677376 572
675000 71
672280 6
672000 1060
666792 121
663552 456
661500 215
658560 279
656250 5
656100 147
655360 41
653184 846
648270 16
648000 1614
645120 1428
643125 2
642978 27
640000 154
637875 16
635040 1185
630000 448
629856 201
627200 259
622080 1957
617400 208
614656 11
614400 580
612500 9
612360 521
607500 114
605052 2
604800 2829
602112 153
600250 2
600000 154
595350 102
592704 241
590625 3
590490 26
589824 122
588000 414
583443 5
583200 1280
580608 948
576240 55
576000 1394
573440 120
571536 332
567000 619
564480 1042
562500 12
560000 211
559872 566
555660 143
552960 1284
551250 21
551124 61
548800 100
546750 26
544320 2095
540225 2
540000 599
537824 4
537600 1118
535815 15
529200 873
526848 75
525000 61
524880 454
524288 5
518616 36
518400 2560
516096 341
514500 49
512000 213
510300 308
508032 633
506250 7
504210 5
504000 1374
501760 163
500094 15
500000 25
497664 658
496125 8
493920 335
492075 2
491520 247
490000 62
489888 476
486000 696
483840 2258
480200 15
480000 423
476280 510
472500 112
472392 46
470400 658
466560 1525
463050 43
460992 32
460800 1408
459375 1
459270 63
458752 30
455625 2
453600 1965
451584 359
450000 119
448000 345
444528 150
442368 286
441000 278
439040 79
437500 2
437400 371
435456 948
432180 28
432000 1597
430080 595
428750 2
428652 80
425250 69
423360 1189
421875 2
420000 335
419904 314
416745 14
414720 1812
413343 1
411600 150
409600 133
408240 975
405000 213
403368 8
403200 1987
401408 23
400000 73
396900 282
395136 163
393750 12
393660 71
393216 48
392000 186
388962 4
388800 1799
387072 668
385875 6
384160 25
384000 739
382725 14
381024 458
378000 844
376320 500
375000 17
373248 588
370440 193
368640 657
367500 31
367416 129
364500 152
362880 2291
360150 9
360000 594
358400 291
357210 78
354375 5
354294 1
352800 798
351232 20
350000 34
349920 766
345744 24
345600 2114
344064 136
343000 25
340200 717
338688 553
337500 23
336140 1
336000 817
333396 54
331776 542
330750 61
329280 226
328125 1
328050 19
327680 44
326592 667
324135 3
324000 1046
322560 1389
321489 8
320000 140
317520 764
315000 202
314928 118
313600 233
311040 1784
308700 79
307328 6
307200 571
306250 2
306180 208
303750 22
302526 1
302400 2039
301056 143
300000 114
297675 21
296352 176
295245 5
294912 151
294000 216
291600 753
290304 862
288120 15
288000 1206
286720 145
285768 166
283500 258
282240 898
281250 3
280000 142
279936 425
277830 48
276480 1297
275625 3
275562 23
274400 78
273375 11
272160 1513
270000 316
268912 2
268800 987
264600 422
263424 87
262500 19
262440 239
262144 12
259308 11
259200 1933
258048 404
257250 10
256000 187
255150 98
254016 509
253125 2
252000 814
250880 147
250047 5
250000 14
248832 679
246960 206
245760 261
245000 28
244944 305
243000 360
241920 1965
240100 11
240000 312
238140 212
236250 21
236196 22
235200 499
233280 1106
231525 3
230496 26
230400 1297
229635 8
229376 36
226800 1129
225792 315
225000 58
224000 245
222264 82
221184 330
220500 124
219520 70
218750 1
218700 145
217728 827
216090 10
216000 1091
215040 584
214326 30
212625 17
211680 790
210000 161
209952 188
207360 1662
205800 90
204800 138
204120 511
202500 73
201684 2
201600 1542
200704 37
200000 51
198450 69
197568 129
196875 1
196830 14
196608 49
196000 98
194481 1
194400 1098
193536 642
192080 13
192000 564
190512 259
189000 406
188160 479
187500 7
186624 565
185220 75
184320 710
183750 13
183708 83
182250 41
181440 1640
180000 318
179200 263
178605 18
176400 459
175616 33
175000 14
174960 429
172872 19
172800 1740
172032 138
171500 13
170100 274
169344 442
168750 11
168000 551
166698 21
165888 496
165375 3
164640 136
164025 5
163840 67
163296 456
162000 580
161280 1231
160000 113
158760 393
157500 71
157464 56
156800 171
155520 1465
154350 15
153664 3
153600 548
153090 62
151875 4
151200 1294
150528 136
150000 58
148176 112
147456 161
147000 113
145800 347
145152 739
144060 17
144000 848
143360 134
142884 75
141750 73
141120 675
140000 71
139968 319
138915 7
138240 1205
137781 3
137200 33
136080 823
135000 147
134456 3
134400 752
132300 179
131712 60
131250 8
131220 82
131072 8
129600 1316
129024 359
128000 167
127575 12
127008 342
126000 436
125440 102
125000 4
124416 515
123480 98
122880 297
122500 12
122472 147
121500 100
120960 1445
120050 8
120000 213
119070 75
118125 2
118098 3
117600 314
116640 721
115248 10
115200 1089
114688 32
113400 567
112896 319
112500 22
112000 202
111132 36
110592 350
110250 25
109760 33
109350 37
108864 608
108045 4
108000 660
107520 550
107163 6
105840 447
105000 92
104976 123
103680 1353
102900 26
102400 147
102060 205
101250 16
100842 1
100800 986
100352 39
100000 26
99225 12
98784 93
98415 1
98304 49
98000 72
97200 580
96768 604
96040 5
96000 476
95256 137
94500 127
94080 328
93312 389
92610 23
92160 714
91875 2
91854 22
91125 2
90720 1055
90000 179
89600 196
88200 207
87808 8
87500 3
87480 218
86436 8
86400 1194
86016 142
85750 1
85050 66
84672 309
84375 1
84000 338
82944 508
82320 67
81920 58
81648 259
81000 251
80640 988
80000 71
79380 157
78750 16
78732 19
78400 97
77760 956
77175 4
76832 7
76800 469
76545 12
75600 660
75264 119
75000 19
74088 51
73728 167
73500 36
72900 128
72576 577
72030 6
72000 543
71680 134
71442 24
70875 3
70560 411
70000 40
69984 183
69120 1003
68600 23
68040 387
67500 46
67200 558
66150 53
65856 53
65610 14
65536 15
64800 789
64512 331
64000 115
63504 162
63000 182
62720 86
62208 415
61740 36
61440 277
61250 3
61236 68
60750 26
60480 991
60000 121
59535 4
59049 2
58800 198
58320 434
57624 9
57600 861
57344 28
56700 203
56448 218
56250 3
56000 122
55566 16
55296 316
55125 2
54880 32
54675 1
54432 347
54000 306
53760 456
52920 222
52500 21
52488 47
51840 974
51450 10
51200 115
51030 49
50625 1
50400 613
50176 35
50000 13
49392 45
49152 54
49000 27
48600 265
48384 471
48020 4
48000 287
47628 52
47250 35
47040 209
46656 310
46305 2
46080 605
45927 6
45360 532
45000 64
44800 166
44100 83
43904 13
43750 1
43740 76
43218 3
43200 769
43008 137
42525 14
42336 182
42000 157
41472 392
41160 38
40960 63
40824 118
40500 77
40320 707
40000 45
39690 43
39375 1
39366 4
39200 64
38880 548
38416 3
38400 401
37800 308
37632 113
37500 7
37044 25
36864 175
36750 7
36450 26
36288 418
36015 1
36000 309
35840 104
35721 8
35280 216
35000 17
34992 88
34560 789
34300 8
34020 141
33750 13
33600 363
33075 5
32928 27
32805 1
32768 18
32400 393
32256 265
32000 95
31752 107
31500 62
31360 80
31104 319
30870 12
30720 315
30618 13
30375 3
30240 560
30000 46
29400 84
29160 158
28812 2
28800 570
28672 29
28350 36
28224 145
28125 1
28000 59
27783 2
27648 278
27440 20
27216 212
27000 133
26880 348
26460 76
26250 6
26244 18
25920 644
25725 5
25600 80
25515 6
25200 270
25088 22
25000 8
24696 20
24576 69
24500 8
24300 83
24192 298
24000 194
23814 15
23625 4
23520 117
23328 177
23040 447
22680 241
22500 22
22400 109
22050 19
21952 8
21870 16
21600 405
21504 111
21168 104
21000 65
20736 304
20580 12
20480 59
20412 47
20250 10
20160 398
20000 33
19845 2
19600 30
19440 268
19208 2
19200 275
18900 104
18816 74
18750 2
18522 5
18432 126
18375 1
18225 6
18144 247
18000 143
17920 96
17640 104
17500 1
17496 47
17280 533
17150 2
17010 30
16800 200
16464 11
16384 18
16200 159
16128 175
16000 55
15876 39
15750 24
15680 47
15552 215
15435 1
15360 197
15309 4
15120 282
15000 17
14700 25
14580 68
14406 4
14400 332
14336 18
14175 3
14112 67
14000 33
13824 188
13720 5
13608 86
13500 35
13440 235
13230 19
13122 6
12960 356
12800 76
12600 115
12544 17
12500 3
12348 4
12288 44
12250 4
12150 21
12096 218
12005 1
12000 97
11907 3
11760 53
11664 93
11520 340
11340 88
11250 4
11200 55
10976 8
10935 2
10800 188
10752 68
10584 60
10500 25
10368 176
10290 4
10240 38
10206 11
10125 2
10080 250
10000 12
9800 14
9720 123
9600 164
9450 27
9408 39
9261 1
9216 104
9072 111
9000 61
8960 64
8820 34
8748 20
8640 300
8575 1
8505 6
8400 95
8232 7
8192 6
8100 43
8064 135
8000 25
7938 9
7875 2
7840 23
7776 122
7680 147
7560 128
7500 4
7350 8
7290 9
7200 188
7168 19
7056 56
7000 12
6912 136
6860 1
6804 18
6750 9
6720 139
6615 2
6480 163
6400 43
6300 47
6272 10
6250 2
6174 3
6144 51
6125 1
6075 3
6048 95
6000 45
5880 35
5832 35
5760 198
5670 22
5600 43
5488 1
5400 95
5376 56
5292 17
5250 4
5184 112
5120 37
5103 8
5040 113
5000 3
4900 5
4860 33
4800 81
4725 1
4704 24
4608 74
4536 50
4500 20
4480 41
4410 6
4374 3
4320 150
4200 32
4116 2
4096 9
4050 16
4032 76
4000 14
3920 13
3888 49
3840 96
3780 44
3750 2
3600 81
3584 16
3528 12
3500 1
3456 104
3402 5
3375 3
3360 71
3240 56
3200 34
3150 7
3136 5
3072 27
3024 34
3000 16
2940 7
2916 11
2880 116
2835 2
2800 11
2744 1
2700 26
2688 32
2646 4
2625 2
2592 70
2560 18
2520 34
2500 2
2450 1
2430 8
2400 46
2352 12
2304 60
2268 16
2250 7
2240 25
2160 72
2100 8
2048 9
2025 1
2016 38
2000 8
1960 1
1944 19
1920 60
1890 11
1800 32
1792 4
1764 5
1750 1
1728 56
1715 1
1701 1
1680 32
1620 9
1600 10
1575 2
1568 2
1536 20
1512 15
1500 3
1470 3
1458 2
1440 44
1400 4
1350 7
1344 18
1296 24
1280 18
1260 14
1215 1
1200 30
1176 4
1152 33
1134 6
1120 6
1080 24
1050 5
1024 2
1008 17
1000 3
972 5
960 28
900 7
896 6
882 1
875 1
864 25
840 10
810 1
800 3
784 2
768 18
756 9
750 2
735 1
720 24
700 1
672 9
648 4
640 8
630 6
600 5
588 1
576 21
560 4
540 13
504 5
500 2
486 1
480 14
448 3
432 10
420 4
405 1
400 4
392 1
384 10
378 3
360 14
350 1
336 3
324 3
320 4
315 1
300 1
288 10
280 1
270 2
256 2
250 1
240 7
224 1
216 5
200 1
196 1
192 1
180 4
168 4
162 1
160 2
144 5
140 1
128 2
108 2
84 1
64 1
27 1
