5904900000 1
5832000000 1
4032000000 1
3888000000 1
3779136000 2
3686400000 1
3628800000 5
3542940000 1
3499200000 1
3359232000 1
3265920000 1
3240000000 1
3150000000 1
3110400000 1
3061800000 1
3024000000 1
3023308800 1
2916000000 1
2857680000 2
2822400000 2
2764800000 1
2721600000 1
2687385600 1
2654208000 1
2645395200 1
2592000000 2
2580480000 1
2571912000 2
2550916800 2
2520000000 1
2519424000 4
2500470000 1
2488320000 1
2480058000 1
2469600000 1
2449440000 1
2419200000 1
2351462400 1
2332800000 1
2322432000 1
2304000000 1
2296350000 1
2286144000 1
2267481600 1
2250423000 1
2240000000 1
2239488000 1
2222640000 2
2211840000 1
2204496000 3
2187000000 1
2177280000 3
2143260000 2
2116800000 1
2116316160 1
2100000000 1
2099520000 1
2073600000 4
2057529600 7
2041200000 6
2032128000 4
2016000000 4
2008846980 1
2000376000 2
1990656000 1
1984046400 3
1975680000 2
1968300000 1
1959552000 8
1944000000 1
1935360000 2
1905120000 2
1889568000 5
1881600000 1
1881169920 2
1866240000 5
1852200000 2
1843200000 3
1837080000 3
1822500000 1
1814400000 10
1813985280 2
1806336000 1
1792000000 1
1791590400 1
1785641760 1
1778112000 4
1763596800 4
1756160000 1
1749600000 4
1741824000 6
1728000000 5
1719926784 1
1714608000 7
1701000000 2
1693440000 3
1693052928 1
1679616000 3
1672151040 1
1666980000 2
1658880000 2
1653372000 5
1646400000 1
1632960000 11
1625702400 4
1620000000 1
1612800000 4
1612431360 1
1607445000 3
1600300800 7
1592524800 1
1587600000 3
1587237120 3
1574640000 3
1568000000 1
1567641600 4
1555848000 3
1555200000 6
1548288000 6
1543500000 1
1543147200 8
1536000000 4
1530900000 3
1530550080 1
1524096000 9
1512000000 7
1511654400 3
1505280000 1
1500282000 1
1492992000 5
1481760000 3
1474560000 1
1469664000 7
1463132160 3
1458000000 1
1451520000 16
1446700500 1
1445068800 2
1440270720 1
1440000000 3
1428840000 1
1428513408 1
1422489600 5
1417500000 3
1417176000 2
1411200000 3
1410877440 1
1400000000 1
1399680000 8
1393459200 1
1389150000 2
1388832480 1
1382976000 1
1382400000 8
1377810000 3
1377495072 1
1371686400 9
1360800000 13
1360488960 3
1354752000 7
1350253800 3
1344560000 2
1344000000 1
1343692800 2
1333584000 3
1327104000 4
1323000000 1
1322697600 5
1312200000 4
1306368000 30
1300561920 2
1296540000 1
1296000000 8
1290240000 5
1289945088 1
1285956000 5
1280240640 5
1275750000 2
1275458400 1
1270080000 16
1269789696 2
1264435200 3
1260000000 1
1259712000 10
1254113280 1
1244160000 8
1240029000 1
1234800000 4
1234517760 5
1228800000 1
1224720000 13
1224440064 1
1219276800 5
1210104000 1
1209600000 14
1209323520 2
1200225600 4
1200000000 1
1194393600 3
1190700000 5
1190427840 3
1185408000 5
1180980000 1
1179648000 2
1176490000 1
1175731200 18
1170505728 1
1166400000 10
1161216000 17
1157360400 3
1156055040 1
1152000000 6
1148175000 5
1146880000 1
1143072000 29
1137991680 2
1134000000 7
1133740800 7
1128960000 2
1125211500 2
1123942400 1
1120000000 1
1119744000 10
1116026100 1
1111320000 5
1106380800 1
1105920000 9
1102248000 12
1097349120 6
1089093600 1
1088640000 33
1083801600 6
1080450000 1
1080203040 5
1080000000 1
1075200000 7
1074954240 3
1071630000 6
1066867200 4
1062882000 2
1061683200 3
1058400000 12
1058158080 3
1050197400 3
1049760000 16
1045094400 18
1041624360 2
1037232000 2
1036800000 11
1033357500 2
1032192000 4
1029000000 1
1028764800 10
1024000000 1
1020600000 23
1020366720 2
1016064000 21
1008189504 1
1008000000 7
1007769600 8
1003520000 1
1000188000 13
1000000000 1
995742720 1
995328000 14
992250000 1
992023200 10
987840000 9
987614208 1
984150000 1
980000000 2
979776000 31
975421440 5
972000000 13
968083200 1
967680000 15
964467000 7
963379200 3
960400000 1
960180480 7
960000000 1
955514880 1
952560000 23
948326400 1
945000000 3
944784000 8
940800000 5
940584960 11
933508800 5
933120000 20
928972800 10
926100000 3
925888320 5
921984000 2
921600000 7
918540000 16
918330048 1
917504000 1
914457600 25
907578000 2
907200000 35
906992640 1
903168000 14
900169200 2
900000000 1
896000000 2
895795200 12
892820880 2
889056000 22
884736000 1
882000000 6
881798400 16
878080000 3
874800000 13
871274880 1
870912000 36
868020300 2
867041280 1
864360000 5
864000000 13
860160000 5
857304000 28
853493760 5
850500000 6
850305600 9
846720000 26
846526464 1
840157920 2
840000000 4
839808000 23
836075520 7
833490000 6
829785600 2
829440000 27
826686000 10
823200000 3
823011840 12
820125000 2
819200000 3
816480000 41
812851200 22
810152280 1
810000000 7
806400000 22
806215680 8
802816000 5
800150400 22
800000000 1
796262400 9
793800000 20
793618560 7
790272000 14
787648050 1
787500000 1
787320000 8
786759680 2
784000000 6
783820800 42
780337152 1
777924000 4
777600000 22
774144000 22
771573600 12
768320000 3
768144384 3
768000000 6
765450000 9
765275040 1
762048000 56
758661120 6
756142128 2
756000000 16
755827200 19
752953600 1
752640000 6
752467968 2
750141000 6
746807040 3
746496000 25
744017400 4
743178240 3
740880000 13
740710656 1
737587200 4
737280000 7
735138180 1
734832000 39
731566080 8
729137052 1
729000000 3
726062400 2
725760000 65
723350250 1
722534400 6
720135360 8
720000000 7
716800000 7
716636160 4
714420000 20
714256704 4
711244800 13
708588000 9
707788800 2
705600000 18
705438720 20
702464000 3
700131600 6
700000000 2
699840000 41
696729600 40
694575000 2
694416240 4
691488000 9
691200000 13
688905000 4
688128000 1
686000000 1
685843200 35
682795008 2
680683500 1
680400000 43
680244480 6
677376000 46
675126900 6
672280000 1
672126336 1
672000000 12
671846400 22
669615660 1
666792000 35
663828480 1
663552000 22
661624362 1
661500000 2
661348800 24
660602880 1
658560000 8
658409472 3
656100000 9
653456160 1
653184000 101
651015225 1
650280960 6
648270000 3
648121824 1
648000000 23
645388800 1
645120000 36
644972544 2
642978000 8
642252800 1
640120320 10
640000000 3
637875000 1
637729200 3
635304600 1
635040000 46
634894848 2
632217600 12
630118440 2
630000000 9
629856000 44
629145600 1
627200000 14
627056640 19
625117500 2
624974616 1
622339200 11
622080000 57
620014500 3
619573248 1
619315200 11
617400000 10
617258880 15
614656000 4
614400000 6
612615150 2
612360000 50
609638400 42
607614210 2
607500000 3
606928896 1
604800000 55
604661760 10
602112000 14
600250000 2
600112800 25
600000000 1
597445632 2
597196800 26
595350000 8
595213920 9
594542592 1
592704000 27
590490000 7
589824000 4
588000000 7
587865600 52
585252864 5
583443000 3
583200000 31
580849920 1
580608000 57
578680200 11
578027520 1
576240000 3
576108288 2
576000000 18
574087500 4
573956280 1
573440000 4
573308928 1
571536000 74
568995840 13
567106596 1
567000000 16
566870400 22
566231040 1
564480000 60
564350976 4
562605750 2
561971200 3
560105280 8
560000000 4
559872000 48
557383680 13
555660000 22
555532992 3
553190400 7
552960000 25
551250000 2
551124000 31
550502400 1
548800000 7
548674560 37
546750000 1
544546800 5
544320000 114
544195584 2
541900800 33
540225000 3
540101520 5
540000000 11
537600000 10
537477120 11
535815000 15
535692528 2
533433600 36
531441000 4
531062784 2
530841600 10
529200000 30
529079040 20
526848000 14
525098700 3
525000000 1
524880000 50
522764928 3
522547200 71
520812180 2
518616000 7
518400000 55
516678750 1
516096000 24
514500000 3
514382400 51
512000000 4
510300000 35
510183360 3
508243680 1
508032000 98
506250000 1
505774080 3
504094752 2
504000000 31
503884800 39
501760000 11
501645312 1
500094000 25
497871360 9
497664000 51
496125000 1
496011600 16
495452160 8
493920000 36
493807104 10
492075000 2
491724800 1
491520000 8
490092120 3
490000000 3
489888000 122
487710720 27
486202500 2
486000000 18
484041600 3
483840000 92
483729408 3
482233500 5
481689600 7
480200000 3
480090240 28
480000000 4
478296900 2
477757440 12
476280000 72
476171136 6
474163200 34
472588830 1
472500000 7
472392000 31
472055808 1
470596000 1
470400000 27
470292480 46
466754400 11
466560000 77
464679936 1
464486400 47
463050000 3
462944160 19
460992000 7
460800000 28
459270000 28
459165024 1
458752000 5
457228800 111
455196672 2
453789000 2
453600000 87
453496320 11
451584000 41
450084600 12
450000000 2
448084224 1
448000000 8
447897600 50
446512500 4
446410440 4
445906944 4
444528000 58
442867500 1
442552320 5
442368000 21
441000000 13
440899200 72
440401920 1
439040000 11
438939648 8
437582250 1
437400000 23
435637440 6
435456000 172
433520640 21
432180000 9
432081216 4
432000000 29
430259200 1
430080000 23
429981696 3
428652000 68
426746880 30
425250000 7
425152800 11
424673280 4
423536400 2
423360000 90
423263232 6
421478400 12
420078960 5
420000000 6
419904000 74
419430400 1
418037760 43
416745000 23
416649744 5
414892800 17
414720000 88
413343000 18
412876800 15
411600000 7
411505920 54
409600000 7
408410100 1
408240000 121
408146688 3
406425600 86
405076140 8
405000000 10
404619264 2
403200000 58
403107840 18
401861250 1
401408000 5
400075200 72
400000000 2
398297088 2
398131200 36
396900000 36
396809280 23
396361728 1
395136000 54
393660000 14
393379840 3
393216000 3
392073696 1
392000000 10
391910400 145
390609135 1
390168576 6
388962000 11
388800000 74
387233280 8
387072000 101
385875000 2
385786800 42
385351680 6
384160000 7
384072192 13
384000000 9
382725000 7
382637520 4
382205952 1
381024000 144
379330560 28
378071064 1
378000000 30
377913600 46
377487360 1
376320000 39
376233984 12
375070500 14
373403520 18
373248000 108
372008700 6
371589120 23
370440000 47
370355328 9
368793600 9
368640000 25
367500000 2
367416000 119
367001600 1
365783040 70
364500000 8
363031200 4
362880000 169
362797056 7
361267200 32
360150000 6
360067680 29
360000000 11
358400000 12
358318080 24
357210000 48
357128352 3
355622400 77
354294000 13
354041856 2
353894400 16
352800000 73
352719360 61
351232000 16
350065800 22
350000000 2
349920000 118
348509952 2
348364800 143
347287500 1
347208120 12
346816512 2
345744000 24
345600000 64
344452500 5
344373768 1
344064000 16
343000000 3
342921600 158
341397504 4
340341750 1
340200000 89
340122240 13
338688000 145
337563450 2
337182720 3
336140000 3
336063168 9
336000000 28
335923200 94
334807830 1
334430208 10
333396000 61
331914240 11
331776000 83
330750000 11
330674400 47
330301440 7
329280000 33
329204736 10
328050000 8
327680000 1
326728080 6
326592000 314
325140480 33
324135000 5
324060912 6
324000000 42
322694400 5
322560000 121
322486272 9
321489000 37
321126400 9
320060160 54
320000000 1
318937500 2
318864600 6
318504960 12
317652300 1
317520000 127
317447424 13
316108800 36
315059220 4
315000000 10
314928000 85
314703872 1
314572800 1
313600000 14
313528320 87
312558750 2
311169600 39
311040000 152
309657600 77
308700000 22
308629440 60
307328000 8
307200000 21
306307575 2
306180000 109
306110016 3
304946208 1
304819200 182
303807105 1
303750000 2
303464448 3
302526000 4
302400000 133
302330880 40
301056000 41
300056400 49
300000000 1
298722816 4
298598400 83
297675000 10
297606960 13
297271296 5
296352000 114
295245000 10
294912000 27
294055272 1
294000000 15
293932800 189
293601280 1
292626432 24
291721500 4
291600000 64
290424960 5
290304000 231
289340100 8
289013760 12
288120000 12
288054144 12
288000000 44
286978140 1
286720000 25
286654464 4
285768000 193
284497920 57
283553298 2
283500000 30
283435200 39
283115520 9
282357600 2
282240000 129
282175488 17
281302875 1
280985600 7
280052640 28
280000000 6
279936000 157
278691840 58
277830000 36
277766496 8
276595200 23
276480000 101
275625000 1
275562000 65
275251200 12
274400000 13
274337280 114
273375000 2
272273400 5
272160000 247
272097792 3
270950400 113
270112500 3
270050760 21
270000000 10
269746176 1
268912000 2
268800000 45
268738560 54
267907500 15
266716800 138
265720500 3
265531392 6
265420800 52
264600000 78
264539520 67
264241152 1
263424000 38
262549350 3
262500000 1
262440000 80
262144000 2
261382464 2
261273600 288
260406090 1
260112384 6
259308000 40
259200000 111
258339375 1
258280326 1
258155520 2
258048000 98
257250000 4
257191200 115
256048128 15
256000000 12
255150000 31
255091680 10
254803968 1
254121840 1
254016000 300
252887040 14
252105000 2
252047376 6
252000000 60
251942400 104
250880000 38
250822656 21
250047000 42
248935680 35
248832000 194
248062500 4
248005800 23
247726080 21
246960000 57
246903552 28
246037500 1
245862400 4
245760000 16
245046060 3
245000000 5
244944000 283
243855360 124
243101250 3
243045684 1
243000000 37
242020800 9
241920000 234
241864704 10
241116750 6
240945152 1
240844800 25
240100000 5
240045120 61
240000000 17
239148450 1
238878720 45
238140000 112
238085568 11
237081600 95
236294415 1
236250000 4
236196000 52
236027904 1
235929600 16
235200000 50
235146240 127
233377200 32
233280000 198
232339968 1
232243200 191
231525000 11
231472080 34
230496000 27
230400000 69
229635000 42
229376000 11
228614400 305
227598336 6
226894500 1
226800000 170
226748160 35
226492416 1
225886080 1
225792000 143
225042300 31
225000000 2
224788480 4
224042112 5
224000000 17
223948800 157
223256250 1
223205220 7
222953472 13
222264000 141
221433750 1
221276160 16
221184000 91
220541454 1
220500000 25
220449600 162
220200960 1
219520000 14
219469824 34
218791125 2
218700000 63
217818720 9
217728000 451
217005075 2
216760320 62
216090000 18
216040608 14
216000000 59
215129600 5
215040000 76
214990848 12
214375000 2
214326000 102
213373440 100
212625000 4
212576400 20
212336640 19
211768200 1
211680000 198
211631616 27
210739200 28
210087500 1
210039480 14
210000000 16
209952000 199
209715200 1
209018880 167
208372500 13
208324872 2
207446400 63
207360000 202
206671500 14
206524416 1
206438400 68
205800000 18
205752960 110
204800000 13
204205050 2
204120000 229
204073344 7
203297472 1
203212800 274
202538070 4
202500000 8
202309632 1
201684000 9
201600000 164
201553920 59
200704000 31
200037600 139
200000000 1
199148544 8
199065600 123
198450000 53
198404640 40
198180864 4
197568000 117
196830000 36
196689920 3
196608000 18
196036848 1
196000000 15
195955200 387
195084288 25
194481000 32
194400000 142
193616640 14
193536000 276
192893400 69
192675840 5
192080000 11
192036096 30
192000000 36
191362500 8
191318760 1
191102976 10
190591380 2
190512000 379
189665280 51
189078750 1
189035532 2
189000000 52
188956800 95
188743680 1
188238400 1
188160000 116
188116992 31
187535250 4
186701760 52
186624000 275
186004350 5
185794560 83
185220000 80
185177664 30
184396800 26
184320000 91
183750000 2
183708000 171
183500800 1
182891520 202
182250000 7
181515600 9
181440000 415
181398528 9
180633600 108
180075000 4
180033840 49
180000000 22
179200000 37
179159040 67
178605000 54
178564176 4
177811200 207
177187500 2
177147000 16
176947200 48
176400000 95
176359680 167
175616000 26
175032900 10
175000000 2
174960000 185
174254976 6
174182400 368
173643750 1
173604060 14
173408256 10
172872000 52
172800000 140
172226250 3
172103680 3
172032000 58
171532242 1
171500000 3
171460800 280
170698752 32
170100000 109
170061120 25
169869312 3
169414560 5
169344000 351
168781725 1
168591360 9
168070000 2
168031584 14
168000000 46
167961600 245
167215104 32
166698000 90
165957120 38
165888000 205
165375000 9
165337200 88
165150720 24
164640000 58
164602368 54
164025000 14
163840000 4
163364040 11
163296000 586
162570240 154
162067500 5
162030456 6
162000000 71
161347200 12
161280000 251
161243136 14
160744500 37
160563200 10
160030080 160
160000000 4
159432300 2
159252480 42
158760000 259
158723712 16
158054400 106
157529610 4
157500000 11
157464000 135
157286400 7
156800000 33
156764160 239
156279375 1
156243654 1
155584800 73
155520000 347
154893312 1
154828800 203
154350000 26
154314720 102
154140672 2
153664000 16
153600000 37
153090000 144
153055008 2
152409600 492
151875000 2
151732224 14
151263000 8
151200000 255
151165440 82
150528000 109
150028200 76
150000000 4
149361408 23
149299200 251
148837500 8
148803480 18
148635648 11
148176000 204
147622500 3
147517440 10
147456000 69
147027636 2
147000000 17
146966400 365
146800640 2
146313216 50
145860750 1
145800000 99
145212480 9
145152000 592
144670050 11
144506880 55
144060000 10
144027072 35
144000000 54
143360000 29
143327232 15
142884000 277
142248960 137
141776649 1
141750000 43
141717600 54
141557760 17
141178800 1
141120000 292
141087744 59
140492800 18
140026320 33
140000000 16
139968000 358
139345920 214
138915000 44
138883248 16
138297600 48
138240000 251
137812500 1
137781000 62
137682944 1
137625600 29
137200000 29
137168640 282
136136700 6
136080000 429
136048896 11
135475200 304
135025380 22
135000000 12
134873088 2
134456000 6
134400000 105
134369280 144
133953750 5
133358400 215
132765696 9
132710400 149
132300000 105
132269760 139
132120576 2
131712000 93
131274675 2
131250000 2
131220000 123
131072000 9
130691232 4
130636800 651
130203045 1
130056192 30
129654000 43
129600000 230
129077760 3
129024000 267
128625000 1
128595600 180
128450560 6
128024064 57
128000000 13
127575000 33
127545840 7
127401984 6
127060920 1
127008000 589
126443520 63
126052500 1
126023688 6
126000000 101
125971200 201
125829120 4
125440000 72
125411328 62
125023500 33
124467840 64
124416000 462
124002900 18
123863040 78
123480000 88
123451776 62
123018750 2
122931200 15
122880000 60
122523030 2
122500000 2
122472000 455
121927680 310
121522842 1
121500000 38
121010400 20
120960000 549
120932352 24
120558375 1
120422400 72
120050000 4
120022560 118
120000000 14
119439360 115
119070000 170
119042784 14
118540800 275
118125000 3
118098000 53
118013952 1
117964800 35
117649000 1
117600000 110
117573120 295
116688600 32
116640000 383
116169984 3
116121600 484
115762500 7
115736040 30
115605504 7
115248000 41
115200000 140
114817500 33
114791256 1
114688000 45
114307200 519
113799168 39
113447250 3
113400000 234
113374080 74
113246208 3
112943040 2
112896000 383
112521150 15
112500000 3
112394240 2
112021056 20
112000000 22
111974400 421
111602610 4
111476736 40
111132000 192
110638080 51
110592000 227
110250000 18
110224800 237
110100480 17
109760000 38
109734912 86
109350000 40
108909360 24
108864000 918
108380160 135
108045000 19
108020304 25
108000000 101
107564800 8
107520000 172
107495424 34
107187500 1
107163000 136
106686720 230
106312500 6
106288200 12
106168320 61
105884100 4
105840000 389
105815808 67
105369600 84
105019740 24
105000000 17
104976000 318
104857600 2
104509440 364
104186250 7
104162436 9
103723200 93
103680000 453
103335750 7
103262208 4
103219200 166
102900000 32
102876480 256
102760448 1
102400000 22
102060000 329
102036672 5
101606400 640
101269035 1
101250000 16
101154816 12
100842000 6
100800000 322
100776960 171
100352000 63
100018800 159
100000000 2
99574272 19
99532800 337
99225000 58
99202320 61
99090432 11
98784000 219
98415000 36
98344960 8
98304000 30
98018424 2
98000000 29
97977600 716
97542144 62
97240500 26
97200000 211
96808320 16
96768000 651
96468750 1
96446700 41
96337920 30
96040000 7
96018048 64
96000000 63
95681250 3
95659380 2
95551488 24
95295690 2
95256000 520
94832640 151
94500000 67
94478400 170
94371840 14
94119200 1
94080000 183
94058496 83
93767625 1
93350880 72
93312000 615
93002175 2
92897280 198
92610000 91
92588832 36
92198400 50
92160000 195
91854000 203
91750400 15
91445760 431
91125000 6
90757800 17
90720000 763
90699264 34
90316800 258
90037500 3
90016920 66
90000000 28
89915392 3
89600000 73
89579520 205
89302500 34
89282088 7
88905600 397
88573500 14
88510464 7
88473600 110
88236750 1
88200000 163
88179840 312
87808000 51
87516450 16
87500000 1
87480000 243
87127488 10
87091200 895
86802030 8
86704128 26
86436000 73
86400000 293
86093442 1
86051840 3
86016000 154
85750000 6
85730400 417
85349376 64
85050000 123
85030560 34
84934656 4
84707280 3
84672000 713
84375000 1
84295680 30
84035000 1
84015792 32
84000000 99
83980800 437
83607552 92
83349000 102
82978560 90
82944000 530
82687500 6
82668600 94
82575360 65
82320000 95
82301184 120
82012500 11
81920000 26
81682020 11
81648000 891
81285120 373
81033750 1
81015228 7
81000000 81
80673600 14
80640000 548
80621568 45
80372250 14
80281600 26
80015040 220
80000000 13
79626240 141
79413075 1
79380000 340
79361856 57
79027200 248
78764805 2
78750000 12
78732000 138
78675968 2
78643200 17
78400000 60
78382080 509
78121827 1
77792400 89
77760000 542
77446656 6
77414400 486
77175000 26
77157360 147
77070336 2
76832000 31
76800000 94
76545000 112
76527504 3
76236552 1
76204800 898
75866112 34
75631500 5
75600000 318
75582720 160
75497472 1
75264000 250
75014100 59
75000000 3
74680704 43
74649600 587
74418750 4
74401740 23
74317824 32
74088000 267
73811250 3
73758720 34
73728000 197
73513818 2
73500000 26
73483200 591
73400320 2
73156608 152
72930375 1
72900000 121
72606240 29
72576000 1148
72335025 5
72253440 112
72030000 21
72013536 47
72000000 114
71680000 85
71663616 32
71442000 365
71124480 286
70875000 29
70858800 64
70778880 48
70589400 1
70560000 434
70543872 119
70246400 31
70013160 36
70000000 14
69984000 588
69672960 489
69457500 31
69441624 22
69148800 110
69120000 483
68890500 64
68841472 3
68812800 78
68600000 23
68584320 473
68068350 5
68040000 624
68024448 22
67737600 672
67512690 14
67500000 17
67436544 5
67228000 1
67200000 206
67184640 303
67108864 1
66976875 3
66679200 350
66382848 26
66355200 361
66150000 98
66134880 172
66060288 7
65856000 159
65610000 99
65536000 19
65345616 15
65318400 1202
65028096 70
64827000 39
64800000 338
64538880 11
64512000 542
64312500 4
64297800 138
64225280 10
64012032 96
64000000 32
63787500 32
63772920 11
63700992 34
63530460 2
63504000 865
63221760 132
63011844 8
63000000 109
62985600 330
62914560 5
62720000 101
62705664 149
62511750 24
62233920 101
62208000 820
62001450 14
61931520 208
61740000 123
61725888 92
61465600 14
61440000 137
61261515 1
61250000 2
61236000 550
60963840 584
60750000 35
60505200 26
60480000 877
60466176 56
60211200 169
60011280 143
60000000 22
59719680 258
59535000 147
59521392 22
59295096 1
59270400 406
59062500 2
59049000 37
59006976 8
58982400 95
58824500 1
58800000 135
58786560 572
58344300 41
58320000 521
58084992 17
58060800 1063
57881250 1
57868020 43
57802752 27
57624000 62
57600000 257
57408750 10
57395628 5
57344000 67
57153600 846
56899584 71
56700000 260
56687040 94
56623104 8
56471520 3
56448000 607
56260575 4
56250000 2
56197120 11
56010528 33
56000000 45
55987200 756
55801305 1
55738368 113
55566000 212
55319040 80
55296000 461
55125000 17
55112400 246
55050240 26
54880000 63
54867456 170
54675000 39
54454680 26
54432000 1458
54190080 319
54022500 11
54010152 28
54000000 148
53782400 7
53760000 325
53747712 72
53581500 97
53343360 389
53144100 18
53084160 110
52942050 2
52920000 518
52907904 106
52684800 159
52509870 8
52500000 13
52488000 407
52428800 15
52254720 755
52093125 1
52081218 5
51861600 121
51840000 731
51667875 2
51631104 5
51609600 377
51450000 32
51438240 351
51380224 1
51200000 42
51030000 324
51018336 12
50824368 2
50803200 1080
50625000 10
50577408 31
50421000 7
50400000 407
50388480 281
50176000 106
50009400 171
50000000 6
49787136 49
49766400 701
49612500 23
49601160 62
49545216 28
49392000 328
49207500 15
49172480 12
49152000 108
49009212 1
49000000 24
48988800 1148
48771072 172
48620250 9
48600000 241
48404160 26
48384000 1281
48223350 32
48168960 47
48020000 17
48009024 93
48000000 76
47840625 3
47775744 44
47628000 651
47416320 311
47250000 61
47239200 209
47185920 31
47059600 2
47040000 332
47029248 185
46875000 1
46675440 77
46656000 915
46448640 500
46305000 75
46294416 50
46099200 80
46080000 365
45937500 1
45927000 198
45875200 28
45722880 766
45562500 7
45378900 14
45360000 1002
45349632 48
45177216 1
45158400 550
45008460 47
45000000 24
44957696 1
44800000 90
44789760 419
44651250 18
44641044 8
44452800 516
44286750 7
44255232 21
44236800 298
44100000 157
44089920 414
44040192 4
43904000 87
43758225 2
43750000 2
43740000 272
43563744 19
43545600 1563
43401015 2
43352064 73
43218000 67
43200000 433
43025920 6
43008000 299
42875000 1
42865200 443
42674688 148
42525000 90
42515280 46
42467328 20
42353640 2
42336000 1039
42147840 61
42017500 2
42007896 15
42000000 99
41990400 683
41943040 1
41803776 173
41674500 93
41489280 136
41472000 939
41343750 2
41334300 63
41287680 125
41160000 125
41150592 166
41006250 3
40960000 38
40841010 7
40824000 1125
40642560 739
40516875 1
40507614 5
40500000 68
40336800 30
40320000 798
40310784 112
40186125 3
40140800 57
40007520 308
40000000 16
39858075 1
39813120 296
39690000 368
39680928 62
39530064 1
39513600 430
39375000 4
39366000 151
39337984 3
39321600 56
39200000 87
39191040 927
38896200 93
38880000 824
38723328 11
38707200 981
38587500 5
38578680 125
38535168 6
38416000 43
38400000 174
38272500 66
38263752 4
38118276 1
38102400 1231
37968750 1
37933056 69
37815750 9
37800000 424
37791360 248
37748736 5
37632000 388
37507050 30
37500000 4
37340352 49
37324800 1037
37209375 2
37200870 6
37158912 89
37044000 376
36905625 2
36879360 51
36864000 385
36756909 2
36750000 32
36741600 722
36700160 12
36578304 241
36450000 97
36303120 22
36288000 1787
36126720 256
36015000 14
36006768 70
36000000 140
35840000 142
35831808 87
35721000 277
35562240 513
35437500 18
35429400 53
35389440 124
35294700 2
35280000 567
35271936 182
35123200 74
35006580 40
35000000 8
34992000 833
34836480 964
34728750 14
34720812 12
34574400 139
34560000 751
34445250 20
34420736 2
34406400 189
34300000 23
34292160 671
34034175 3
34020000 635
34012224 23
33882912 3
33868800 1179
33756345 5
33750000 20
33718272 10
33614000 7
33600000 296
33592320 508
33480783 1
33339600 384
33191424 51
33177600 715
33075000 78
33067440 176
33030144 20
32941720 1
32928000 265
32805000 83
32768000 28
32672808 6
32659200 1858
32514048 171
32413500 34
32400000 400
32269440 15
32256000 964
32156250 1
32148900 135
32112640 25
32006016 162
32000000 39
31893750 10
31886460 9
31850496 47
31765230 1
31752000 1104
31610880 261
31505922 3
31500000 106
31492800 449
31457280 17
31360000 140
31352832 314
31255875 4
31116960 135
31104000 1319
31000725 4
30965760 433
30870000 129
30862944 120
30732800 41
30720000 217
30625000 4
30618000 585
30481920 1048
30375000 20
30252600 13
30240000 1190
30233088 102
30105600 330
30012500 5
30005640 133
30000000 31
29859840 548
29767500 67
29760696 18
29647548 1
29635200 591
29524500 31
29503488 20
29491200 202
29400000 127
29393280 790
29360128 1
29172150 26
29160000 589
29042496 19
29030400 1846
28934010 32
28901376 50
28812000 57
28800000 391
28704375 3
28672000 109
28576800 919
28449792 160
28350000 212
28343520 118
28311552 14
28235760 2
28224000 995
28125000 1
28098560 25
28005264 36
28000000 57
27993600 1102
27869184 227
27783000 192
27659520 110
27648000 865
27562500 11
27556200 201
27525120 52
27440000 76
27433728 277
27337500 20
27227340 19
27216000 1757
27095040 631
27011250 5
27005076 14
27000000 114
26891200 14
26880000 525
26873856 147
26790750 38
26671680 475
26572050 4
26542080 272
26460000 503
26453952 122
26342400 255
26254935 2
26250000 14
26244000 442
26214400 12
26127360 1228
26040609 1
25930800 132
25920000 1031
25815552 8
25804800 704
25725000 29
25719120 319
25690112 4
25600000 68
25515000 223
25509168 9
25412184 2
25401600 1605
25312500 3
25288704 49
25210500 6
25200000 471
25194240 462
25165824 3
25088000 180
25004700 123
25000000 1
24893568 74
24883200 1244
24806250 7
24800580 39
24772608 88
24696000 386
24603750 9
24586240 14
24576000 189
24504606 2
24500000 17
24494400 1336
24385536 309
24300000 243
24202080 34
24192000 1918
24111675 9
24084480 116
24010000 16
24004512 124
24000000 87
23887872 122
23814000 688
23708160 472
23625000 37
23619600 150
23592960 67
23529800 3
23520000 415
23514624 331
23337720 92
23328000 1355
23224320 934
23152500 48
23147208 52
23049600 113
23040000 555
22963500 121
22937600 49
22861440 1070
22781250 1
22689450 4
22680000 1159
22674816 62
22588608 2
22579200 927
22504230 28
22500000 21
22478848 4
22400000 137
22394880 746
22325625 2
22320522 3
22226400 585
22127616 46
22118400 622
22050000 136
22044960 447
22020096 11
21952000 119
21870000 237
21781872 30
21772800 2441
21676032 133
21609000 64
21600000 489
21512960 9
21504000 531
21437500 1
21432600 364
21337344 210
21262500 40
21257640 28
21233664 51
21176820 4
21168000 1363
21073920 136
21003948 19
21000000 89
20995200 824
20971520 8
20901888 378
20837250 50
20744640 149
20736000 1503
20667150 22
20643840 288
20580000 135
20575296 221
20503125 1
20480000 86
20420505 1
20412000 1202
20321280 1191
20253807 2
20250000 58
20168400 21
20160000 1095
20155392 179
20070400 134
20003760 317
20000000 21
19906560 627
19845000 232
19840464 57
19756800 557
19687500 2
19683000 147
19668992 2
19660800 98
19600000 86
19595520 1322
19448100 62
19440000 976
19361664 9
19353600 1687
19293750 8
19289340 104
19267584 20
19208000 35
19200000 217
19136250 19
19131876 4
19059138 1
19051200 1479
18966528 104
18907875 1
18900000 386
18895680 251
18874368 8
18823840 1
18816000 569
18753525 4
18750000 3
18670176 61
18662400 1531
18600435 3
18579456 197
18522000 337
18439680 74
18432000 607
18375000 13
18370800 611
18350080 12
18289152 363
18225000 72
18151560 36
18144000 2441
18063360 409
18007500 6
18003384 58
18000000 150
17920000 197
17915904 186
17860500 180
17781120 639
17718750 8
17714700 43
17694720 192
17647350 1
17640000 510
17635968 260
17561600 105
17503290 32
17500000 6
17496000 914
17418240 1608
17364375 2
17360406 5
17287200 153
17280000 1062
17222625 4
17210368 4
17203200 371
17150000 23
17146080 690
17010000 554
17006112 28
16941456 1
16934400 1709
16875000 10
16859136 24
16807000 5
16800000 350
16796160 749
16777216 1
16669800 294
16595712 78
16588800 1307
16537500 39
16533720 160
16515072 49
16464000 290
16402500 41
16384000 59
16336404 7
16329600 2235
16257024 293
16206750 16
16200000 423
16134720 20
16128000 1467
16074450 69
16056320 37
16003008 195
16000000 43
15943230 5
15925248 128
15882615 1
15876000 1096
15805440 372
15752961 4
15750000 59
15746400 442
15728640 37
15680000 184
15676416 458
15558480 159
15552000 1790
15482880 767
15435000 93
15431472 111
15366400 43
15360000 340
15309000 394
15240960 1454
15187500 12
15126300 15
15120000 1310
15116544 130
15052800 516
15006250 2
15002820 101
15000000 22
14929920 933
14883750 43
14880348 16
14817600 687
14762250 8
14751744 22
14745600 342
14700000 129
14696640 926
14680064 2
14586075 4
14580000 511
14521248 15
14515200 2817
14467005 2
14450688 95
14406000 45
14400000 490
14336000 185
14288400 839
14224896 249
14175000 144
14171760 111
14155776 33
14117880 4
14112000 1220
14049280 42
14002632 30
14000000 55
13996800 1392
13934592 415
13891500 130
13829760 159
13824000 1346
13781250 7
13778100 154
13762560 121
13720000 81
13716864 377
13668750 8
13613670 9
13608000 2072
13547520 1036
13502538 8
13500000 112
13445600 16
13440000 747
13436928 237
13395375 3
13335840 560
13271040 554
13230000 445
13226976 134
13171200 359
13125000 8
13122000 339
13107200 31
13063680 1860
12965400 97
12960000 1307
12907776 4
12902400 1192
12862500 7
12859560 272
12845056 6
12800000 82
12757500 142
12754584 9
12706092 1
12700800 1963
12656250 1
12644352 94
12600000 432
12597120 544
12582912 7
12544000 260
12502350 35
12500000 1
12446784 104
12441600 1844
12403125 1
12400290 17
12386304 149
12348000 351
12293120 37
12288000 339
12252303 1
12250000 15
12247200 1330
12192768 476
12150000 189
12101040 22
12096000 2565
12042240 227
12005000 10
12002256 125
12000000 109
11943936 188
11907000 453
11854080 638
11812500 19
11809800 130
11796480 150
11760000 452
11757312 423
11718750 1
11668860 56
11664000 1497
11612160 1527
11576250 20
11573604 32
11524800 128
11520000 853
11481750 51
11468800 127
11430720 1229
11344725 2
11340000 942
11337408 86
11289600 1302
11252115 14
11250000 14
11239424 5
11200000 163
11197440 1036
11160261 1
11113200 497
11063808 56
11059200 970
11025000 73
11022480 412
11010048 23
10976000 116
10935000 177
10890936 16
10886400 2984
10838016 252
10804500 20
10800000 517
10756480 12
10752000 826
10718750 1
10716300 202
10668672 257
10631250 16
10628820 20
10616832 97
10588410 3
10584000 1420
10536960 198
10501974 12
10500000 73
10497600 898
10485760 11
10450944 584
10418625 3
10372320 170
10368000 2215
10333575 4
10321920 483
10290000 112
10287648 234
10240000 126
10206000 986
10160640 1554
10125000 29
10084200 15
10080000 1212
10077696 231
10035200 166
10001880 250
10000000 14
9953280 979
9922500 103
9920232 42
9878400 695
9843750 1
9841500 64
9834496 11
9830400 168
9800000 83
9797760 1615
9724050 25
9720000 929
9680832 17
9676800 2473
9646875 1
9644670 47
9633792 46
9604000 38
9600000 318
9568125 5
9525600 1488
9483264 190
9450000 255
9447840 262
9437184 21
9408000 779
9335088 61
9331200 2095
9289728 319
9261000 264
9219840 83
9216000 964
9187500 6
9185400 495
9175040 30
9144576 546
9112500 28
9075780 13
9072000 2680
9031680 703
9003750 2
9001692 32
9000000 141
8960000 230
8957952 283
8930250 74
8890560 684
8857350 21
8847360 438
8820000 539
8817984 290
8780800 123
8751645 5
8750000 10
8748000 755
8709120 2251
8680203 3
8643600 155
8640000 1346
8605184 1
8601600 602
8575000 17
8573040 615
8505000 364
8503056 30
8470728 3
8467200 2079
8437500 6
8429568 55
8403500 2
8400000 380
8398080 889
8334900 167
8297856 78
8294400 1743
8268750 9
8266860 93
8257536 90
8232000 286
8201250 14
8192000 91
8168202 6
8164800 2306
8128512 468
8103375 3
8100000 324
8067360 26
8064000 1852
8037225 10
8028160 72
8001504 182
8000000 54
7962624 223
7938000 894
7902720 492
7875000 31
7873200 324
7864320 59
7840000 207
7838208 626
7812500 1
7779240 100
7776000 2083
7741440 1176
7717500 48
7715736 75
7683200 52
7680000 455
7654500 190
7620480 1675
7593750 3
7563150 7
7560000 1281
7558272 166
7529536 1
7526400 720
7501410 53
7500000 19
7464960 1350
7441875 5
7440174 12
7408800 689
7381125 2
7375872 26
7372800 608
7350000 80
7348320 908
7340032 4
7290000 399
7260624 23
7257600 3373
7225344 144
7203000 44
7200000 489
7168000 242
7144200 583
7112448 306
7087500 78
7085880 80
7077888 64
7058940 2
7056000 1353
7031250 1
7024640 68
7001316 28
7000000 46
6998400 1585
6967296 609
6945750 60
6914880 172
6912000 1851
6889050 50
6881280 221
6860000 68
6858432 420
6834375 2
6806835 3
6804000 1683
6773760 1401
6751269 4
6750000 81
6722800 9
6720000 750
6718464 313
6667920 454
6635520 834
6615000 257
6613488 121
6588344 1
6585600 400
6562500 7
6561000 228
6553600 55
6531840 2287
6482700 66
6480000 1271
6453888 9
6451200 1686
6431250 1
6429780 173
6422528 16
6400000 103
6378750 33
6377292 10
6353046 2
6350400 2044
6322176 136
6300000 319
6298560 564
6291456 7
6272000 265
6251175 15
6250000 3
6223392 87
6220800 2438
6200145 1
6193152 236
6174000 304
6146560 34
6144000 448
6125000 11
6123600 1079
6096384 623
6075000 99
6050520 28
6048000 2819
6021120 340
6002500 5
6001128 90
6000000 91
5971968 346
5953500 231
5927040 698
5906250 3
5904900 56
5898240 249
5880000 387
5878656 464
5834430 32
5832000 1450
5806080 2219
5788125 3
5786802 11
5762400 99
5760000 1016
5740875 6
5734400 177
5715360 1134
5670000 691
5668704 66
5647152 2
5644800 1564
5625000 11
5619712 9
5600000 141
5598720 1448
5556600 368
5531904 75
5529600 1454
5512500 33
5511240 280
5505024 35
5488000 129
5468750 1
5467500 50
5445468 9
5443200 3327
5419008 369
5402250 16
5400000 475
5378240 15
5376000 1097
5358150 97
5334336 254
5315625 2
5314410 8
5308416 181
5292000 1161
5268480 237
5250987 3
5250000 47
5248800 832
5242880 11
5225472 786
5186160 141
5184000 2379
5160960 760
5145000 68
5143824 221
5120000 150
5103000 599
5080320 1916
5062500 12
5042100 7
5040000 1261
5038848 269
5017600 257
5000940 134
5000000 9
4976640 1424
4961250 37
4960116 24
4939200 638
4920750 16
4917248 9
4915200 275
4900000 70
4898880 1647
4862025 7
4860000 738
4840416 19
4838400 3091
4822335 17
4816896 63
4802000 26
4800000 309
4782969 1
4762800 1168
4741632 272
4725000 167
4723920 229
4718592 31
4705960 4
4704000 812
4667544 54
4665600 2328
4644864 540
4630500 124
4609920 95
4608000 1281
4593750 1
4592700 221
4587520 75
4572288 644
4556250 7
4537890 3
4536000 2392
4515840 989
4500846 17
4500000 86
4480000 334
4478976 468
4465125 11
4445280 657
4428675 1
4423680 634
4410000 372
4408992 275
4390400 158
4375000 2
4374000 591
4354560 2639
4321800 83
4320000 1298
4302592 4
4300800 836
4287500 7
4286520 446
4252500 165
4251528 22
4233600 2046
4218750 2
4214784 77
4201750 2
4200000 291
4199040 1050
4194304 3
4167450 70
4148928 93
4147200 2355
4133430 30
4128768 124
4116000 231
4100625 2
4096000 112
4084101 3
4082400 1987
4064256 638
4050000 233
4033680 25
4032000 2103
4014080 96
4000752 168
4000000 43
3981312 369
3969000 595
3951360 547
3937500 20
3936600 249
3932160 96
3920000 187
3919104 725
3889620 72
3888000 2085
3870720 1703
3858750 12
3857868 43
3841600 42
3840000 555
3827250 69
3810240 1590
3781575 2
3780000 1004
3779136 155
3764768 1
3763200 832
3750705 13
3750000 7
3732480 1686
3720087 4
3704400 510
3687936 35
3686400 868
3675000 59
3674160 707
3670016 11
3645000 214
3630312 13
3628800 3672
3612672 217
3601500 22
3600000 466
3584000 315
3572100 340
3556224 314
3543750 13
3542940 38
3538944 107
3529470 4
3528000 1148
3512320 80
3500658 11
3500000 32
3499200 1505
3483648 887
3472875 7
3457440 121
3456000 2125
3444525 7
3440640 344
3430000 38
3429216 383
3402000 1224
3386880 1748
3375000 35
3361400 6
3360000 780
3359232 377
3333960 301
3317760 1236
3307500 137
3306744 79
3292800 382
3280500 99
3276800 65
3265920 2363
3241350 29
3240000 1085
3226944 12
3225600 2095
3214890 64
3211264 19
3200000 126
3189375 6
3188646 2
3175200 1656
3161088 168
3150000 236
3149280 479
3145728 14
3136000 307
3125000 1
3111696 57
3110400 2724
3096576 387
3087000 229
3073280 36
3072000 587
3062500 6
3061800 667
3048192 698
3037500 41
3025260 16
3024000 2629
3010560 456
3001250 5
3000564 43
3000000 84
2985984 470
2976750 69
2963520 703
2953125 3
2952450 28
2949120 332
2940000 334
2939328 468
2917215 2
2916000 1118
2903040 2640
2893401 5
2881200 85
2880000 1078
2867200 223
2857680 893
2835000 407
2834352 63
2823576 2
2822400 1720
2812500 1
2809856 22
2800000 144
2799360 1448
2778300 182
2765952 86
2764800 1915
2756250 16
2755620 141
2752512 65
2744000 123
2733750 32
2722734 6
2721600 2890
2709504 486
2700000 335
2689120 6
2688000 1160
2679075 21
2667168 231
2657205 4
2654208 285
2646000 764
2634240 314
2625000 32
2624400 580
2621440 18
2612736 937
2593080 100
2592000 2454
2580480 1018
2572500 32
2571912 132
2560000 160
2551500 292
2540160 1910
2531250 2
2521050 2
2520000 1078
2519424 285
2508800 277
2500470 67
2500000 4
2488320 1819
2480625 6
2480058 8
2469600 491
2460375 7
2458624 19
2457600 363
2450000 29
2449440 1337
2430000 481
2420208 9
2419200 3349
2408448 89
2401000 18
2400000 302
2381400 752
2370816 288
2362500 63
2361960 135
2359296 57
2352980 1
2352000 751
2333772 23
2332800 2242
2322432 722
2315250 47
2304960 99
2304000 1476
2296875 2
2296350 79
2293760 73
2286144 557
2278125 1
2268945 1
2268000 1846
2257920 1131
2250423 3
2250000 56
2240000 287
2239488 560
2222640 462
2211840 905
2205000 190
2204496 190
2195200 153
2187000 301
2177280 2888
2160900 33
2160000 1134
2151296 2
2150400 958
2143260 243
2126250 38
2125764 9
2117682 2
2116800 1849
2107392 97
2100000 204
2099520 845
2083725 20
2074464 85
2073600 2787
2066715 14
2064384 193
2058000 158
2048000 160
2041200 1399
2032128 717
2025000 97
2016840 11
2016000 2123
2007040 113
2000376 99
2000000 37
1990656 434
1984500 244
1975680 581
1968750 7
1968300 110
1966080 138
1960000 147
1959552 709
1944810 23
1944000 1754
1935360 2128
1929375 2
1928934 31
1920800 34
1920000 557
1913625 9
1905120 1351
1890000 637
1889568 116
1882384 1
1881600 903
1875000 5
1866240 1945
1852200 297
1843968 44
1843200 1124
1837500 24
1837080 410
1835008 14
1822500 93
1815156 12
1814400 3581
1806336 295
1800750 8
1800000 366
1792000 390
1786050 99
1778112 310
1771875 2
1771470 15
1769472 174
1764000 868
1756160 82
1750329 5
1750000 23
1749600 1100
1741824 933
1728720 99
1728000 2234
1720320 423
1715000 30
1714608 282
1701000 680
1693440 1756
1687500 13
1680700 2
1680000 670
1679616 434
1666980 160
1658880 1643
1653750 31
1653372 40
1646400 337
1640250 28
1638400 112
1632960 2074
1620675 3
1620000 779
1613472 10
1612800 2395
1607445 15
1605632 30
1600000 111
1594323 2
1587600 1137
1580544 189
1575000 126
1574640 356
1572864 19
1568000 276
1555848 48
1555200 2735
1548288 517
1543500 98
1536640 37
1536000 683
1530900 315
1524096 686
1518750 13
1512630 5
1512000 2176
1505280 553
1500282 25
1500000 50
1492992 559
1488375 12
1481760 620
1476225 2
1474560 458
1470000 203
1469664 418
1458000 706
1451520 2871
1440600 44
1440000 954
1433600 266
1428840 510
1417500 172
1417176 44
1411200 1510
1406250 1
1404928 16
1400000 111
1399680 1343
1389150 77
1382976 62
1382400 2210
1378125 4
1377810 48
1376256 81
1372000 70
1366875 1
1360800 2229
1354752 606
1350000 206
1344560 6
1344000 1175
1333584 205
1327104 356
1323000 476
1317120 316
1312500 3
1312200 285
1310720 33
1306368 964
1296540 56
1296000 2104
1290240 1267
1286250 8
1285956 69
1280000 189
1275750 88
1270080 1620
1260000 734
1259712 246
1254400 293
1250235 8
1250000 9
1244160 2045
1240029 3
1234800 354
1229312 5
1228800 483
1225000 16
1224720 947
1215000 246
1210104 10
1209600 3254
1204224 142
1200500 8
1200000 242
1190700 336
1185408 276
1181250 20
1180980 76
1179648 94
1176490 2
1176000 631
1166886 15
1166400 1842
1161216 871
1157625 8
1152480 77
1152000 1495
1148175 11
1146880 101
1143072 459
1134000 1203
1128960 1220
1125000 24
1120000 250
1119744 559
1111320 260
1105920 1136
1102500 93
1102248 120
1097600 117
1093500 156
1088640 2636
1080450 18
1080000 983
1075648 1
1075200 1106
1071630 82
1063125 2
1062882 2
1058400 1400
1053696 92
1050000 122
1049760 700
1048576 3
1037232 69
1036800 2854
1032192 319
1029000 91
1024000 181
1020600 770
1016064 681
1012500 36
1008420 3
1008000 1767
1003520 154
1000188 67
1000000 31
995328 537
992250 63
987840 502
984150 38
983040 174
980000 101
979776 631
972405 3
972000 1232
967680 2297
964467 5
960400 26
960000 592
952560 941
945000 321
944784 83
940800 868
933120 1812
926100 138
921984 33
921600 1333
918750 5
918540 202
917504 18
911250 28
907578 6
907200 2804
903168 332
900375 1
900000 236
896000 374
893025 19
889056 248
885735 1
884736 238
882000 518
878080 96
875000 6
874800 751
870912 1014
864360 66
864000 2086
860160 564
857500 7
857304 179
850500 277
846720 1558
843750 4
840350 2
840000 525
839808 371
833490 56
829440 1732
826875 4
826686 24
823200 270
820125 2
819200 121
816480 1454
810000 442
806736 5
806400 2307
802816 27
800000 67
793800 680
790272 191
787500 46
787320 179
786432 31
784000 234
777924 24
777600 2394
774144 626
771750 34
768320 32
768000 743
765450 83
762048 623
759375 1
756315 3
756000 1593
752640 528
750141 1
750000 32
746496 649
740880 383
737280 643
735000 102
734832 262
729000 379
725760 2667
720300 18
720000 795
716800 336
714420 271
708750 36
708588 14
705600 1262
702464 33
700000 60
699840 1146
694575 13
691488 41
691200 2201
688905 12
688128 117
686000 63
680400 1340
677376 622
675000 91
672280 7
672000 1071
666792 116
663552 438
661500 202
658560 258
656250 3
656100 131
655360 50
653184 912
648270 21
648000 1622
645120 1340
643125 2
642978 26
640000 147
637875 15
635040 1251
630000 406
629856 190
627200 276
625000 1
622080 2064
617400 208
614656 14
614400 558
612500 6
612360 496
607500 82
605052 8
604800 2827
602112 143
600250 2
600000 177
595350 112
592704 222
590625 1
590490 29
589824 120
588000 430
583443 3
583200 1301
580608 892
576240 51
576000 1418
573440 125
571536 281
567000 621
564480 1100
562500 11
560000 181
559872 559
555660 122
552960 1304
551250 33
551124 53
548800 103
546750 34
544320 2082
540225 4
540000 604
537824 1
537600 1138
535815 16
531441 1
529200 858
526848 107
525000 65
524880 456
524288 5
518616 35
518400 2495
516096 354
514500 44
512000 185
510300 328
508032 662
506250 10
504210 4
504000 1368
501760 141
500094 23
500000 10
497664 621
496125 7
493920 342
492075 8
491520 253
490000 70
489888 497
486000 719
483840 2251
480200 17
480000 457
476280 517
472500 126
472392 52
470400 681
466560 1564
463050 38
460992 23
460800 1385
459375 2
459270 67
458752 25
455625 2
453600 2011
451584 394
450000 124
448000 301
444528 158
442368 295
441000 275
439040 73
437500 1
437400 385
435456 1004
432180 32
432000 1550
430080 613
428750 4
428652 92
425250 77
423360 1219
420175 1
420000 312
419904 270
416745 14
414720 1830
413343 1
411600 147
409600 142
408240 982
405000 218
403368 6
403200 1987
401408 36
400000 72
396900 286
395136 159
393750 16
393660 64
393216 36
392000 166
388962 12
388800 1750
387072 688
385875 2
384160 22
384000 696
382725 17
381024 461
378000 881
376320 573
375000 4
373248 633
370440 210
368640 698
367500 40
367416 141
364500 123
362880 2330
360150 7
360000 562
358400 299
357210 96
354375 4
354294 5
352800 810
351232 31
350000 39
349920 725
345744 31
345600 2062
344064 125
343000 26
340200 705
338688 544
337500 31
336000 805
333396 69
331776 500
330750 55
329280 200
328125 1
328050 41
327680 48
326592 672
324135 2
324000 1018
322560 1414
321489 7
320000 156
317520 702
315000 177
314928 129
313600 228
312500 1
311040 1794
308700 72
307328 11
307200 582
306250 2
306180 227
303750 26
302526 2
302400 2040
301056 138
300000 99
297675 10
296352 162
295245 5
294912 155
294000 228
291600 742
290304 906
288120 25
288000 1158
286720 141
285768 161
283500 244
282240 915
281250 1
280000 133
279936 486
277830 54
276480 1272
275625 2
275562 26
274400 68
273375 5
272160 1430
270000 322
268912 1
268800 959
264600 475
263424 95
262500 16
262440 213
262144 11
259308 16
259200 2057
258048 362
257250 13
256000 182
255150 81
254016 476
253125 3
252000 891
250880 125
250047 2
250000 7
248832 605
246960 224
245760 266
245000 29
244944 305
243000 330
241920 1985
240100 6
240000 328
238140 229
236250 39
236196 21
235200 470
233280 1225
231525 7
230496 20
230400 1265
229635 11
229376 22
226800 1137
225792 336
225000 63
224000 261
222264 83
221184 313
220500 109
219520 59
218700 153
217728 772
216090 13
216000 1123
215040 599
214326 26
212625 8
211680 839
210000 179
209952 205
207360 1609
205800 87
204800 128
204120 504
202500 78
201684 2
201600 1578
200704 31
200000 46
198450 76
197568 128
196830 32
196608 56
196000 104
194481 1
194400 1111
193536 660
192080 14
192000 597
190512 288
189000 405
188160 467
187500 3
186624 532
185220 112
184320 730
183750 7
183708 61
182250 31
181440 1704
180075 2
180000 367
179200 277
178605 19
176400 472
175616 20
175000 15
174960 499
172872 18
172800 1707
172032 122
171500 15
170100 273
169344 450
168750 5
168000 528
166698 24
165888 534
165375 12
164640 110
164025 6
163840 62
163296 493
162000 524
161280 1339
160000 132
158760 406
157500 58
157464 54
156800 170
155520 1452
154350 19
153664 6
153600 568
153090 58
151200 1341
150528 154
150000 46
148176 83
147456 153
147000 128
145800 372
145152 756
144060 8
144000 894
143360 127
142884 71
141750 63
141120 646
140000 83
139968 316
138915 7
138240 1277
137781 5
137200 44
136080 831
135000 144
134400 796
132300 149
131712 59
131250 3
131220 83
131072 8
129654 10
129600 1376
129024 377
128625 4
128000 154
127575 17
127008 336
126000 432
125440 131
125000 2
124416 516
123480 110
122880 266
122500 6
122472 145
121500 108
120960 1511
120050 2
120000 223
119070 70
118125 4
118098 8
117600 314
116640 714
115248 13
115200 1107
114688 23
113400 520
112896 272
112500 20
112000 183
111132 47
110592 331
110250 26
109760 38
109350 32
108864 547
108045 1
108000 662
107520 498
107163 5
105840 469
105000 81
104976 137
103680 1340
102900 31
102400 132
102060 211
101250 20
100800 1105
100352 30
100000 20
99225 8
98784 85
98415 1
98304 67
98000 58
97200 610
96768 623
96040 2
96000 444
95256 114
94500 143
94080 351
93312 415
92610 19
92160 673
91854 14
91125 1
90720 961
90000 172
89600 220
88200 200
87808 14
87500 6
87480 195
86436 6
86400 1253
86016 135
85750 1
85050 63
84672 303
84000 340
83349 5
82944 470
82320 69
81920 64
81648 244
81000 231
80640 1007
80000 76
79380 142
78750 10
78732 22
78400 105
77760 905
77175 2
76832 5
76800 465
76545 7
75600 660
75264 137
75000 19
74088 63
73728 153
73500 38
72900 113
72576 547
72030 5
72000 538
71680 136
71442 25
70875 7
70560 419
70000 34
69984 191
69120 996
68600 17
68040 371
67500 50
67228 2
67200 553
66150 47
65856 41
65625 1
65610 23
65536 8
64800 789
64512 347
64000 120
63504 175
63000 173
62720 96
62500 1
62208 472
61740 56
61440 298
61250 3
61236 66
60750 22
60480 1026
60000 121
59535 11
59049 1
58800 152
58320 390
57624 9
57600 847
57344 37
56700 181
56448 224
56250 3
56000 135
55566 9
55296 298
55125 6
54880 34
54675 5
54432 363
54000 334
53760 468
52920 222
52500 31
52488 52
51840 982
51450 7
51200 108
51030 47
50625 4
50400 608
50176 26
50000 12
49392 53
49152 71
49000 28
48600 288
48384 434
48020 1
48000 318
47628 39
47250 32
47040 236
46875 1
46656 302
46305 1
46080 623
45360 531
45000 63
44800 176
44100 84
43904 13
43740 76
43218 1
43200 735
43008 128
42875 2
42525 7
42336 180
42000 158
41472 405
41160 31
40960 50
40824 127
40500 82
40320 685
40000 49
39690 31
39366 4
39200 66
38880 545
38416 2
38400 368
37800 306
37632 100
37500 9
37044 15
36864 150
36750 18
36450 30
36288 385
36015 1
36000 307
35840 97
35721 5
35280 214
35000 18
34992 113
34560 766
34300 4
34020 140
33750 5
33600 360
33075 5
32928 33
32805 2
32768 10
32400 411
32256 280
32000 81
31752 89
31500 59
31360 78
31104 339
30870 16
30720 209
30625 1
30618 10
30375 3
30240 596
30000 54
29400 71
29160 168
28812 1
28800 562
28672 24
28350 35
28224 145
28000 80
27648 265
27440 12
27216 197
27000 142
26880 342
26460 76
26250 8
26244 19
25920 655
25725 2
25600 90
25515 16
25200 304
25088 22
25000 6
24696 19
24576 59
24500 8
24300 85
24192 352
24000 188
23814 17
23625 2
23520 115
23328 138
23040 472
22680 222
22500 23
22400 102
22050 21
21952 9
21870 14
21600 424
21504 102
21168 114
21000 59
20736 280
20580 17
20480 43
20412 46
20250 17
20160 376
20000 32
19845 8
19683 3
19600 31
19440 260
19200 263
18900 87
18816 67
18750 1
18522 8
18432 134
18375 1
18225 4
18144 231
18000 151
17920 77
17640 78
17500 7
17496 53
17280 490
17150 3
17010 28
16800 196
16464 17
16384 9
16200 154
16128 200
16000 58
15876 33
15750 24
15680 45
15552 216
15360 204
15309 3
15120 287
15000 23
14700 23
14580 46
14406 1
14400 352
14336 27
14175 7
14112 83
14000 33
13824 202
13720 7
13608 89
13500 36
13440 240
13230 20
13122 12
12960 343
12800 77
12600 120
12544 20
12500 2
12348 7
12288 43
12250 3
12150 20
12096 202
12000 72
11907 3
11760 60
11664 81
11520 338
11340 93
11250 4
11200 59
11025 3
10976 5
10935 2
10800 198
10752 81
10584 39
10500 17
10368 188
10290 4
10240 44
10206 9
10125 4
10080 220
10000 9
9800 13
9720 111
9600 169
9450 27
9408 39
9261 2
9216 110
9072 106
9000 72
8960 57
8820 37
8750 2
8748 17
8640 321
8505 9
8400 84
8232 10
8192 14
8100 51
8064 138
8000 41
7938 10
7875 2
7840 20
7776 106
7680 142
7560 103
7500 5
7350 7
7290 14
7200 166
7168 19
7056 36
7000 13
6912 152
6860 3
6804 31
6750 9
6720 133
6615 3
6480 164
6400 46
6300 50
6272 15
6174 4
6144 38
6075 5
6048 121
6000 42
5880 22
5832 24
5760 206
5670 15
5625 1
5600 35
5488 2
5400 81
5376 57
5292 6
5250 5
5184 86
5145 1
5120 37
5103 1
5040 109
5000 4
4900 5
4860 38
4800 91
4725 2
4704 17
4608 78
4536 42
4500 17
4480 44
4410 11
4374 2
4320 148
4200 36
4116 2
4096 6
4050 16
4032 83
4000 16
3920 6
3888 62
3840 75
3780 39
3750 2
3645 1
3600 70
3584 13
3528 16
3500 5
3456 95
3402 10
3360 74
3240 58
3200 27
3150 8
3136 4
3072 24
3024 53
3000 17
2940 8
2916 11
2880 111
2835 2
2800 6
2700 23
2688 25
2646 3
2625 1
2592 38
2560 20
2520 28
2450 1
2430 5
2400 43
2352 6
2304 51
2268 10
2250 6
2240 13
2205 2
2187 1
2160 66
2100 10
2048 5
2016 39
2000 8
1960 3
1944 21
1920 61
1890 5
1800 30
1792 7
1764 3
1728 59
1701 1
1680 32
1620 20
1600 11
1568 3
1536 20
1512 20
1500 3
1470 2
1458 3
1440 57
1400 3
1350 2
1344 9
1323 1
1296 20
1280 16
1260 6
1215 1
1200 18
1176 2
1152 31
1134 2
1120 14
1080 25
1050 3
1024 4
1008 14
1000 1
980 2
972 3
960 39
945 2
900 6
896 7
882 1
864 25
840 16
810 3
800 8
784 4
768 15
756 5
750 1
720 23
700 5
675 1
672 12
648 12
640 6
630 2
600 6
576 23
560 6
540 5
525 1
512 3
504 4
486 3
480 12
450 3
448 4
432 10
420 4
400 3
384 11
378 2
360 17
336 6
324 2
320 3
300 2
288 7
280 1
270 1
256 2
252 4
240 5
224 4
216 2
192 1
180 4
168 3
162 1
160 2
144 2
120 2
105 1
96 1
84 1
48 1
