3044 1
3043 1
3040 1
3037 1
3036 2
3035 2
3025 1
3024 1
3023 1
3022 1
3019 1
3018 1
3014 5
3012 1
3011 1
3010 1
3009 1
3008 3
3007 3
3006 5
3005 3
3004 5
3003 6
3001 3
3000 7
2999 1
2998 3
2997 3
2996 3
2995 2
2994 5
2993 5
2992 2
2991 6
2990 6
2989 4
2988 10
2987 8
2986 8
2985 5
2984 6
2983 9
2982 5
2981 9
2980 17
2979 18
2978 11
2977 11
2976 10
2975 14
2974 13
2973 12
2972 20
2971 12
2970 17
2969 15
2968 22
2967 25
2966 17
2965 27
2964 16
2963 17
2962 19
2961 28
2960 26
2959 38
2958 33
2957 37
2956 32
2955 36
2954 30
2953 37
2952 51
2951 34
2950 55
2949 56
2948 53
2947 54
2946 64
2945 55
2944 59
2943 75
2942 60
2941 75
2940 76
2939 82
2938 108
2937 82
2936 92
2935 87
2934 98
2933 104
2932 121
2931 127
2930 120
2929 141
2928 120
2927 124
2926 155
2925 165
2924 164
2923 161
2922 178
2921 177
2920 183
2919 199
2918 200
2917 210
2916 221
2915 214
2914 249
2913 279
2912 241
2911 231
2910 303
2909 287
2908 289
2907 298
2906 306
2905 324
2904 390
2903 358
2902 364
2901 395
2900 427
2899 418
2898 424
2897 450
2896 489
2895 480
2894 532
2893 526
2892 570
2891 572
2890 583
2889 615
2888 634
2887 587
2886 679
2885 673
2884 694
2883 683
2882 782
2881 809
2880 796
2879 852
2878 875
2877 908
2876 927
2875 927
2874 984
2873 958
2872 1059
2871 1023
2870 1164
2869 1079
2868 1090
2867 1178
2866 1178
2865 1288
2864 1261
2863 1356
2862 1388
2861 1397
2860 1434
2859 1473
2858 1468
2857 1549
2856 1643
2855 1617
2854 1704
2853 1681
2852 1789
2851 1716
2850 1869
2849 1849
2848 1930
2847 1979
2846 1944
2845 2040
2844 2054
2843 2232
2842 2260
2841 2366
2840 2328
2839 2386
2838 2368
2837 2446
2836 2587
2835 2666
2834 2627
2833 2732
2832 2788
2831 2752
2830 2778
2829 2931
2828 3081
2827 2963
2826 3137
2825 3240
2824 3273
2823 3304
2822 3393
2821 3437
2820 3454
2819 3482
2818 3592
2817 3599
2816 3660
2815 3665
2814 3788
2813 3765
2812 3888
2811 4016
2810 3979
2809 4034
2808 4006
2807 4161
2806 4162
2805 4424
2804 4317
2803 4483
2802 4433
2801 4480
2800 4653
2799 4652
2798 4689
2797 4797
2796 4846
2795 4731
2794 4888
2793 4940
2792 4945
2791 5103
2790 5259
2789 5118
2788 5139
2787 5204
2786 5331
2785 5357
2784 5410
2783 5388
2782 5411
2781 5594
2780 5516
2779 5651
2778 5768
2777 5480
2776 5677
2775 5692
2774 5813
2773 5808
2772 5807
2771 5846
2770 6118
2769 5929
2768 5900
2767 6039
2766 6022
2765 6060
2764 6061
2763 5972
2762 6270
2761 6274
2760 5997
2759 6070
2758 6090
2757 6161
2756 6265
2755 6268
2754 6338
2753 6258
2752 6114
2751 6236
2750 6219
2749 6162
2748 6206
2747 6151
2746 6240
2745 6266
2744 6182
2743 6096
2742 6084
2741 6126
2740 6113
2739 6164
2738 6176
2737 6019
2736 5964
2735 6040
2734 6002
2733 5935
2732 5946
2731 6000
2730 5803
2729 5837
2728 5999
2727 5852
2726 5798
2725 5619
2724 5713
2723 5711
2722 5711
2721 5655
2720 5478
2719 5408
2718 5417
2717 5435
2716 5368
2715 5408
2714 5273
2713 5150
2712 5126
2711 5203
2710 5154
2709 5158
2708 4934
2707 4931
2706 5044
2705 4772
2704 4737
2703 4646
2702 4793
2701 4736
2700 4539
2699 4571
2698 4506
2697 4365
2696 4433
2695 4417
2694 4158
2693 4240
2692 4116
2691 3990
2690 3989
2689 4029
2688 3876
2687 3845
2686 3853
2685 3758
2684 3618
2683 3575
2682 3533
2681 3597
2680 3437
2679 3373
2678 3248
2677 3269
2676 3273
2675 3306
2674 3003
2673 3005
2672 2905
2671 2902
2670 2791
2669 2905
2668 2745
2667 2743
2666 2665
2665 2514
2664 2572
2663 2521
2662 2489
2661 2461
2660 2349
2659 2334
2658 2254
2657 2171
2656 2129
2655 1990
2654 2037
2653 1993
2652 1944
2651 1826
2650 1912
2649 1802
2648 1795
2647 1613
2646 1649
2645 1579
2644 1521
2643 1587
2642 1502
2641 1464
2640 1482
2639 1414
2638 1381
2637 1307
2636 1297
2635 1303
2634 1261
2633 1210
2632 1121
2631 1117
2630 1074
2629 1053
2628 943
2627 1021
2626 962
2625 978
2624 910
2623 905
2622 795
2621 869
2620 821
2619 821
2618 755
2617 765
2616 713
2615 718
2614 628
2613 649
2612 635
2611 594
2610 600
2609 549
2608 504
2607 510
2606 501
2605 502
2604 454
2603 454
2602 424
2601 425
2600 381
2599 448
2598 366
2597 379
2596 375
2595 332
2594 332
2593 318
2592 303
2591 286
2590 269
2589 283
2588 267
2587 231
2586 262
2585 238
2584 224
2583 201
2582 217
2581 186
2580 200
2579 176
2578 174
2577 167
2576 161
2575 146
2574 160
2573 155
2572 135
2571 131
2570 99
2569 121
2568 93
2567 95
2566 107
2565 85
2564 88
2563 97
2562 72
2561 84
2560 73
2559 81
2558 67
2557 72
2556 68
2555 58
2554 50
2553 63
2552 54
2551 48
2550 56
2549 45
2548 38
2547 50
2546 33
2545 38
2544 40
2543 40
2542 36
2541 36
2540 30
2539 27
2538 28
2537 26
2536 36
2535 26
2534 22
2533 26
2532 22
2531 20
2530 16
2529 15
2528 12
2527 12
2526 10
2525 13
2524 16
2523 9
2522 17
2521 9
2520 7
2519 10
2518 14
2517 19
2516 12
2515 13
2514 6
2513 11
2512 7
2511 4
2510 5
2509 6
2508 5
2507 2
2506 5
2505 2
2504 5
2503 1
2502 6
2501 2
2500 5
2499 7
2498 4
2497 3
2496 2
2495 3
2494 2
2493 1
2492 1
2491 2
2487 5
2486 2
2485 2
2483 1
2480 3
2478 2
2471 1
2470 1
2466 1
2463 1
2456 2
