5760000000 1
4082400000 1
3686400000 1
3628800000 1
3542940000 1
3456000000 1
3306744000 1
3280500000 1
3265920000 2
3214890000 1
3175200000 2
3024000000 1
3023308800 1
2939328000 1
2916000000 1
2903040000 1
2857680000 1
2822400000 1
2799360000 2
2778300000 1
2755620000 2
2721600000 3
2688000000 2
2624400000 1
2612736000 2
2592000000 2
2571912000 1
2551500000 3
2540160000 2
2519424000 2
2488320000 1
2480058000 2
2449440000 2
2430000000 1
2419200000 1
2361960000 1
2352000000 1
2332800000 3
2322432000 2
2314720800 2
2304000000 1
2286144000 3
2268000000 1
2267481600 1
2240000000 2
2239488000 1
2222640000 2
2211840000 1
2205000000 1
2204496000 5
2187000000 1
2177280000 3
2160000000 1
2143260000 2
2123366400 1
2099520000 6
2073600000 2
2064384000 1
2041200000 2
2032128000 4
2025380700 1
2025000000 1
2016000000 4
2015539200 2
2000376000 1
1990656000 2
1984500000 1
1984046400 1
1975680000 1
1968300000 2
1959552000 3
1944000000 2
1935360000 2
1928934000 2
1905120000 2
1889568000 2
1881600000 1
1866240000 6
1860043500 1
1857945600 1
1852200000 1
1851776640 1
1837080000 2
1828915200 3
1814400000 1
1813985280 4
1806336000 1
1800338400 1
1791590400 1
1786050000 2
1778112000 3
1764000000 1
1763596800 2
1749600000 3
1741824000 4
1728720000 1
1728000000 4
1714608000 1
1701000000 2
1700611200 1
1693440000 3
1679616000 4
1658880000 3
1653372000 4
1646400000 1
1646023680 1
1632960000 10
1632586752 1
1625702400 3
1620000000 1
1612800000 7
1600300800 4
1600000000 1
1587600000 7
1580544000 3
1574640000 3
1572864000 1
1568000000 1
1567641600 7
1555848000 1
1555200000 13
1548288000 4
1543500000 1
1543147200 3
1530900000 1
1524096000 5
1512000000 3
1511654400 1
1505280000 1
1500282000 2
1492992000 6
1488034800 1
1481760000 2
1476225000 1
1474560000 1
1469664000 7
1463132160 2
1458000000 1
1451520000 16
1446700500 4
1440000000 1
1428840000 7
1422489600 3
1417500000 1
1417176000 2
1411200000 8
1404928000 1
1400263200 2
1399680000 8
1393459200 6
1389150000 2
1388832480 1
1382976000 2
1382400000 7
1377810000 2
1371686400 7
1360800000 11
1360488960 1
1354752000 2
1350253800 3
1350000000 1
1344000000 1
1343692800 5
1333584000 6
1327104000 4
1323000000 1
1322697600 5
1317120000 1
1316818944 1
1312200000 3
1306368000 16
1300561920 1
1296000000 7
1290240000 9
1285956000 5
1280240640 4
1280000000 2
1275750000 1
1275458400 2
1270080000 17
1269789696 2
1260000000 1
1259712000 14
1254400000 2
1254113280 3
1250235000 4
1244678400 1
1244160000 15
1240029000 1
1238630400 3
1234800000 3
1234517760 3
1229312000 1
1228800000 3
1225230300 1
1224720000 19
1219276800 6
1215228420 1
1215000000 1
1209600000 19
1209323520 1
1200225600 4
1200000000 1
1194393600 3
1190700000 4
1190427840 3
1185408000 5
1180980000 1
1179648000 1
1176000000 3
1175731200 11
1170505728 1
1166886000 1
1166400000 10
1161216000 8
1157360400 4
1152480000 1
1152216576 2
1152000000 9
1148175000 2
1146880000 3
1143072000 17
1137991680 1
1134000000 9
1133740800 5
1128960000 13
1125211500 2
1123942400 1
1120210560 1
1120000000 3
1119744000 13
1116026100 1
1114767360 1
1111320000 8
1106380800 2
1105920000 4
1102707270 1
1102248000 12
1097600000 2
1097349120 5
1088640000 24
1083801600 5
1080450000 2
1080203040 3
1080000000 1
1075648000 1
1075200000 6
1074954240 1
1071630000 9
1066867200 5
1062882000 1
1061683200 1
1058400000 19
1058158080 4
1053696000 3
1050000000 1
1049760000 14
1045094400 9
1037232000 2
1036800000 22
1033357500 1
1032192000 8
1029000000 1
1028764800 21
1024000000 1
1020600000 12
1020366720 3
1016064000 15
1008000000 13
1007769600 4
1003520000 1
1003290624 1
1000188000 7
995742720 1
995328000 10
992250000 1
992023200 9
990904320 1
987840000 12
984150000 1
983040000 1
979776000 31
975421440 7
972405000 2
972000000 10
968083200 1
967680000 18
964467000 6
960180480 4
960000000 4
955514880 5
952560000 18
952342272 3
948326400 5
945177660 2
944784000 8
943718400 1
940800000 9
940584960 5
933508800 3
933120000 26
928972800 11
926100000 3
925888320 1
921984000 1
921600000 10
918540000 13
918330048 1
917504000 2
914457600 29
911421315 1
910393344 1
907200000 20
906992640 4
903168000 11
900169200 6
900000000 1
896168448 1
896000000 2
895795200 8
893025000 4
892820880 8
889056000 16
885735000 1
885104640 1
884736000 4
882000000 2
881798400 30
878080000 4
877879296 1
875164500 1
874800000 9
871274880 1
870912000 49
868020300 1
867041280 1
864162432 1
864000000 10
860934420 1
860518400 1
860160000 7
859963392 2
857304000 23
853493760 2
850500000 4
850305600 8
847072800 1
846720000 21
846526464 2
842956800 2
840157920 2
840000000 1
839808000 21
836075520 10
833490000 9
833299488 2
829785600 2
829440000 26
826686000 11
825753600 6
823200000 1
823011840 11
816820200 1
816480000 45
816293376 1
812851200 21
810152280 1
810000000 4
806736000 1
806400000 20
806215680 3
803722500 2
802816000 1
800150400 15
796262400 4
793800000 19
793618560 13
790272000 16
787320000 8
784000000 2
783820800 32
777924000 7
777600000 22
774466560 1
774144000 28
771750000 1
771573600 14
770703360 1
768320000 2
768144384 3
768000000 5
765450000 8
764411904 2
762048000 45
758661120 5
756142128 3
756000000 15
755827200 18
754974720 1
752640000 7
750141000 6
746807040 4
746496000 30
744017400 4
743178240 2
740880000 20
740710656 2
737587200 1
737280000 12
735138180 1
735000000 1
734832000 48
731566080 20
729137052 1
729000000 6
726062400 2
725760000 62
722534400 7
720300000 2
720135360 6
720000000 6
716800000 13
716636160 2
714420000 34
714256704 2
711244800 18
708588000 8
708083712 1
705600000 35
705438720 14
702464000 4
700131600 9
699840000 29
696729600 32
694575000 1
694416240 4
693633024 1
691488000 6
691200000 33
688905000 4
688128000 9
686000000 2
685843200 57
680683500 2
680400000 32
680244480 3
677376000 39
672280000 1
672126336 1
672000000 10
671846400 42
669615660 1
666792000 26
663828480 1
663552000 12
661500000 4
661348800 25
660602880 1
658560000 9
658409472 5
656100000 11
655360000 1
653456160 1
653184000 84
650280960 10
648270000 2
648121824 1
648000000 21
645120000 26
644972544 4
642978000 24
642252800 1
640120320 9
637875000 3
637729200 7
637009920 4
635040000 71
632217600 12
630118440 2
630000000 9
629856000 31
627200000 5
627056640 17
625117500 4
624974616 2
622339200 15
622080000 47
620014500 2
619315200 13
617400000 14
617258880 16
614656000 3
614400000 7
612360000 55
612220032 1
609638400 54
607500000 1
604800000 62
604661760 6
602362880 1
602112000 14
600112800 29
600000000 2
597445632 3
597196800 23
595350000 9
595213920 4
592704000 34
590490000 6
589824000 10
588000000 7
587865600 66
585252864 7
583443000 6
583200000 35
580849920 1
580608000 78
578680200 8
578027520 4
576240000 5
576108288 1
576000000 11
574087500 1
573440000 10
571536000 77
568995840 9
567000000 12
566870400 20
564480000 52
564350976 8
562605750 1
561971200 1
560105280 12
560000000 3
559872000 64
557383680 16
555660000 27
555532992 3
553190400 10
552960000 29
551250000 1
551124000 29
550502400 2
548800000 5
548674560 31
546750000 2
544546800 3
544320000 123
544195584 3
541900800 28
540225000 1
540101520 7
540000000 8
537824000 2
537600000 18
537477120 11
535815000 11
535692528 1
533433600 55
531441000 1
530841600 16
529200000 31
529079040 25
526848000 14
525098700 4
524880000 35
524288000 1
522547200 76
520812180 2
520224768 1
518616000 14
518400000 47
516678750 2
516311040 1
516096000 26
514596726 1
514500000 3
514382400 49
512096256 7
512000000 6
510300000 33
510183360 4
508032000 118
505774080 3
504210000 1
504000000 21
503884800 52
501760000 10
501645312 2
500094000 21
497871360 12
497664000 65
496125000 2
496011600 10
495452160 2
493920000 34
493807104 6
492075000 5
491724800 1
491520000 6
490092120 2
490000000 3
489888000 107
487710720 32
486202500 2
486091368 2
486000000 16
484041600 2
483840000 102
483729408 3
482233500 9
481689600 8
480200000 5
480090240 25
480000000 6
478296900 1
477757440 9
476280000 70
476171136 5
474163200 29
472588830 2
472500000 2
472392000 34
471859200 6
470596000 1
470400000 23
470292480 46
466754400 15
466560000 92
464486400 52
463050000 11
462944160 30
462422016 2
460992000 8
460800000 24
459270000 35
458752000 3
457228800 100
455196672 2
453789000 1
453600000 76
453496320 14
451584000 46
450084600 9
448084224 2
448000000 8
447897600 48
446410440 6
445906944 2
444713220 1
444528000 55
442867500 1
442552320 9
442368000 25
441082908 1
441000000 12
440899200 89
439040000 12
438939648 9
437582250 2
437400000 22
435637440 2
435456000 163
434010150 3
433520640 11
432180000 8
432081216 7
432000000 33
430259200 1
430080000 24
429981696 3
428652000 61
426746880 22
425329947 1
425250000 8
425152800 13
424673280 1
423536400 2
423360000 109
423263232 11
421478400 12
420078960 7
420000000 6
419904000 71
418037760 33
416745000 16
416649744 2
414892800 15
414720000 94
413343000 12
413048832 1
412876800 19
411600000 16
411505920 62
408410100 4
408240000 146
408146688 3
406425600 90
405076140 5
405000000 6
403368000 4
403200000 75
403107840 21
401861250 1
401408000 10
400075200 56
400000000 2
398580750 1
398297088 1
398131200 38
396900000 33
396809280 18
396361728 2
395300640 1
395136000 49
393660000 21
393379840 1
393216000 9
392073696 1
392000000 7
391910400 152
390168576 9
388962000 18
388800000 66
387420489 1
387233280 4
387072000 86
385875000 3
385786800 42
385351680 3
384160000 5
384072192 11
384000000 15
382725000 10
382637520 1
381024000 166
379330560 7
378071064 1
378000000 43
377913600 49
377487360 1
376476800 3
376320000 49
376233984 14
375070500 5
373403520 18
373248000 104
372008700 6
371589120 12
370440000 35
370355328 10
368793600 9
368640000 30
367569090 2
367500000 3
367416000 118
365783040 63
364500000 8
363031200 5
362880000 208
362797056 6
361267200 31
360150000 2
360067680 22
360000000 14
359661568 1
358400000 20
358318080 22
357210000 45
357128352 3
355770576 1
355622400 77
354375000 1
354294000 18
354041856 1
353894400 14
352800000 56
352719360 70
351232000 15
350065800 16
350000000 1
349920000 91
348509952 1
348364800 132
347287500 1
347208120 11
346816512 2
345744000 25
345600000 72
344452500 14
344373768 1
344064000 18
343000000 4
342921600 127
341397504 7
340341750 2
340200000 88
340122240 11
338688000 147
337563450 4
337500000 2
337182720 6
336063168 7
336000000 28
335923200 94
334807830 2
334430208 7
333396000 75
331914240 13
331776000 84
330750000 9
330674400 50
330301440 6
329280000 21
329204736 21
328050000 11
327680000 5
326728080 4
326592000 259
325140480 46
324135000 3
324060912 7
324000000 52
322694400 8
322560000 104
322486272 6
321489000 32
321126400 2
320060160 48
318864600 2
318504960 18
317652300 2
317520000 150
317447424 7
316108800 48
315059220 3
315000000 5
314928000 76
314572800 3
313600000 20
313528320 84
312558750 4
312487308 2
311169600 36
311040000 156
310007250 3
309786624 1
309657600 69
308700000 19
308629440 61
307328000 5
307200000 28
306180000 97
304819200 213
303807105 2
303750000 3
303464448 3
302526000 8
302400000 136
302330880 42
301181440 1
301056000 35
300125000 1
300056400 51
300000000 2
298722816 4
298598400 92
297675000 16
297606960 19
297271296 5
296352000 84
295245000 15
295034880 6
294912000 19
294055272 5
294000000 17
293932800 209
293601280 1
292626432 19
291721500 8
291600000 58
290424960 8
290304000 226
289340100 9
289013760 22
288120000 11
288054144 17
288000000 26
287043750 3
286978140 1
286720000 15
286654464 10
285768000 171
284497920 46
283553298 1
283500000 35
283435200 39
283115520 1
282357600 1
282240000 115
282175488 30
280985600 4
280052640 25
280000000 3
279936000 149
278691840 68
277830000 34
277766496 13
276595200 21
276480000 103
275625000 2
275562000 69
275251200 8
274400000 8
274337280 117
273375000 4
272273400 6
272160000 277
272097792 6
270950400 100
270112500 2
270050760 20
270000000 9
268912000 3
268800000 51
268738560 43
267907500 13
267846264 1
266827932 1
266716800 109
265720500 2
265531392 2
265420800 48
264600000 82
264539520 76
264241152 2
263424000 31
262549350 2
262500000 3
262440000 80
262144000 2
261382464 4
261273600 233
260406090 5
260112384 9
259308000 23
259200000 120
258155520 3
258048000 104
257250000 3
257191200 103
256901120 2
256048128 21
256000000 11
255150000 52
255091680 7
254803968 3
254016000 288
252887040 24
252105000 1
252047376 1
252000000 41
251942400 115
251658240 1
250880000 22
250822656 18
250047000 42
250000000 1
248935680 31
248832000 187
248062500 2
248005800 25
247726080 16
246960000 78
246903552 28
246037500 1
245862400 4
245760000 22
245046060 5
245000000 5
244944000 275
243855360 110
243045684 2
243000000 28
242020800 17
241920000 253
241864704 12
241116750 6
240844800 21
240100000 1
240045120 53
240000000 11
239148450 1
238878720 46
238239225 1
238140000 120
238085568 9
237081600 112
236294415 1
236250000 5
236196000 43
236027904 1
235929600 13
235200000 51
235146240 141
234365481 1
233377200 29
233280000 197
232339968 3
232243200 216
231525000 13
231472080 43
231211008 1
230496000 27
230400000 75
229635000 25
229582512 2
229376000 18
228614400 278
227812500 1
227598336 10
226894500 3
226800000 163
226748160 36
226492416 2
225886080 1
225792000 169
225042300 19
225000000 4
224788480 2
224042112 12
224000000 17
223948800 156
223256250 4
223205220 2
222953472 9
222264000 135
221276160 11
221184000 80
220541454 1
220500000 27
220449600 149
220200960 1
219520000 22
219469824 27
218700000 41
217818720 14
217728000 462
216760320 52
216090000 15
216040608 14
216000000 59
215129600 4
215040000 88
214990848 8
214326000 113
213373440 100
212625000 7
212576400 26
212336640 17
211768200 1
211680000 247
211631616 22
210739200 33
210039480 15
210000000 12
209952000 170
209018880 114
208372500 11
208324872 4
207446400 56
207360000 223
206671500 14
206524416 1
206438400 58
205800000 27
205752960 128
204800000 13
204205050 5
204120000 218
204073344 3
203212800 295
202538070 6
202500000 5
202309632 4
201684000 3
201600000 149
201553920 73
200884698 1
200704000 31
200037600 110
200000000 3
199148544 10
199065600 126
198450000 50
198404640 53
198180864 4
197568000 125
196830000 36
196689920 3
196608000 9
196036848 5
196000000 20
195955200 369
195084288 20
194481000 34
194400000 157
193616640 8
193536000 286
192937500 2
192893400 55
192675840 3
192080000 10
192036096 29
192000000 25
191362500 13
191102976 4
190512000 335
189665280 60
189035532 2
189000000 71
188956800 112
188743680 2
188238400 1
188160000 89
188116992 37
187535250 9
186701760 29
186624000 320
186004350 4
185794560 73
185220000 78
185177664 29
184396800 21
184320000 82
183750000 1
183708000 189
183500800 4
182891520 228
182250000 10
181515600 12
181440000 453
181398528 17
180633600 105
180075000 1
180033840 50
180000000 14
179200000 27
179159040 76
178605000 52
178564176 10
177885288 1
177811200 187
177187500 1
177147000 16
177020928 6
176947200 38
176473500 3
176400000 111
176359680 173
175616000 34
175032900 16
174960000 181
174254976 3
174182400 421
173604060 22
173408256 7
172872000 59
172800000 167
172226250 4
172103680 1
172032000 52
171500000 2
171460800 267
170698752 34
170100000 110
170061120 32
169869312 1
169344000 345
168781725 2
168750000 1
168591360 12
168070000 3
168031584 17
168000000 49
167961600 213
167772160 1
167215104 34
166698000 104
165957120 48
165888000 205
165375000 9
165337200 87
165150720 12
164640000 67
164602368 49
164025000 10
163840000 12
163364040 3
163296000 612
162570240 143
162067500 8
162030456 8
162000000 62
161347200 8
161280000 241
161243136 9
160744500 43
160563200 11
160030080 128
160000000 7
159432300 8
159252480 48
158826150 2
158760000 272
158723712 26
158054400 107
157529610 7
157500000 11
157464000 129
157286400 16
156800000 32
156764160 239
156243654 2
155584800 66
155520000 321
154893312 1
154828800 201
154350000 27
154314720 108
154140672 1
153664000 15
153600000 43
153090000 110
153055008 7
152473104 2
152409600 461
151875000 1
151732224 14
151263000 5
151200000 228
151165440 76
150590720 2
150528000 129
150028200 65
150000000 1
149361408 18
149299200 252
148837500 9
148803480 24
148635648 7
148176000 219
147622500 3
147517440 10
147456000 78
147027636 1
147000000 29
146966400 359
146313216 57
145860750 4
145800000 96
145212480 12
145152000 595
144670050 13
144506880 44
144060000 11
144027072 30
144000000 77
143489070 1
143360000 46
143327232 12
142884000 271
142248960 155
141750000 26
141717600 73
141557760 17
141120000 268
141087744 53
140492800 15
140026320 38
140000000 6
139968000 395
139345920 172
138915000 48
138883248 8
138297600 71
138240000 229
137781000 69
137682944 1
137625600 28
137200000 18
137168640 299
136687500 1
136136700 4
136080000 464
136048896 18
135531648 1
135475200 336
135025380 22
135000000 17
134873088 2
134456000 5
134400000 127
134369280 137
133953750 3
133923132 3
133358400 228
132860250 2
132765696 12
132710400 137
132355125 1
132300000 113
132269760 122
131712000 95
131274675 1
131220000 104
131072000 5
130691232 10
130636800 599
130056192 29
129654000 55
129600000 206
129077760 4
129024000 274
128625000 5
128595600 160
128450560 8
128024064 53
128000000 19
127575000 38
127545840 19
127401984 14
127060920 1
127008000 569
126443520 49
126023688 9
126000000 88
125971200 218
125829120 2
125440000 66
125411328 77
125023500 48
124467840 72
124416000 429
124002900 23
123863040 75
123531450 1
123480000 119
123451776 57
122931200 16
122880000 64
122523030 2
122472000 444
121927680 326
121522842 3
121500000 41
121010400 15
120960000 502
120932352 29
120558375 1
120422400 71
120050000 4
120022560 118
120000000 18
119439360 120
119070000 170
119042784 16
118540800 251
118125000 1
118098000 61
118013952 2
117964800 42
117600000 105
117573120 300
117440512 1
116688600 41
116640000 343
116169984 4
116121600 479
115762500 9
115736040 54
115605504 12
115248000 47
115200000 194
114817500 25
114791256 1
114688000 26
114354828 2
114307200 512
113799168 36
113447250 3
113400000 254
113374080 73
113246208 1
112896000 366
112521150 13
112500000 2
112394240 7
112021056 27
112000000 36
111974400 390
111628125 1
111602610 6
111476736 37
111132000 202
110638080 58
110592000 248
110250000 25
110224800 285
110100480 12
109760000 44
109734912 85
109350000 46
108909360 13
108864000 923
108380160 122
108045000 13
108020304 18
108000000 99
107564800 10
107520000 166
107495424 32
107163000 145
106686720 223
106312500 8
106288200 10
106168320 40
105884100 1
105840000 374
105815808 66
105369600 81
105019740 21
105000000 19
104976000 300
104857600 3
104509440 344
104186250 3
104162436 5
103723200 83
103680000 457
103335750 6
103219200 166
102900000 31
102876480 242
102760448 1
102400000 21
102102525 2
102060000 299
102036672 5
101606400 661
101269035 3
101250000 7
101154816 7
100842000 8
100800000 267
100776960 177
100352000 54
100018800 176
100000000 4
99574272 22
99532800 308
99225000 51
99202320 62
99090432 10
98825160 1
98784000 243
98415000 35
98344960 5
98304000 47
98018424 5
98000000 25
97977600 731
97542144 73
97240500 21
97200000 201
96808320 27
96768000 651
96446700 56
96337920 24
96040000 14
96018048 55
96000000 64
95681250 3
95659380 3
95551488 27
95256000 547
94832640 147
94539375 1
94517766 3
94500000 55
94478400 151
94371840 13
94080000 208
94058496 110
93350880 74
93312000 608
93002175 2
92897280 213
92610000 98
92588832 49
92198400 43
92160000 218
91875000 2
91854000 220
91750400 14
91445760 439
91125000 9
90757800 10
90720000 730
90699264 28
90316800 274
90037500 4
90016920 68
90000000 31
89915392 2
89600000 62
89579520 222
89302500 35
89282088 7
88905600 338
88573500 12
88510464 7
88473600 138
88200000 151
88179840 293
87808000 65
87516450 15
87500000 3
87480000 236
87127488 11
87091200 907
86821875 1
86802030 6
86704128 21
86436000 64
86400000 276
86051840 4
86016000 159
85750000 5
85730400 399
85349376 65
85050000 111
85030560 36
84934656 6
84707280 3
84672000 705
84375000 1
84295680 37
84035000 2
84015792 15
84000000 69
83980800 436
83607552 83
83349000 114
82978560 82
82944000 497
82687500 4
82668600 111
82575360 56
82320000 87
82301184 102
82012500 9
81920000 18
81682020 5
81648000 885
81285120 349
81033750 3
81015228 8
81000000 84
80673600 13
80640000 516
80621568 52
80372250 20
80281600 31
80015040 253
80000000 18
79716150 2
79626240 152
79380000 325
79361856 40
79027200 266
78764805 6
78750000 14
78732000 195
78643200 25
78400000 59
78382080 540
78121827 1
77792400 83
77760000 580
77446656 8
77414400 492
77175000 25
77157360 140
77070336 6
76832000 34
76800000 97
76545000 128
76527504 5
76236552 2
76204800 901
75937500 3
75866112 38
75631500 6
75600000 346
75582720 134
75497472 1
75295360 1
75264000 252
75014100 52
75000000 1
74680704 38
74649600 595
74418750 2
74401740 15
74317824 34
74088000 332
73811250 3
73758720 24
73728000 165
73513818 1
73500000 36
73483200 551
73400320 6
73156608 140
72900000 116
72606240 32
72576000 1196
72335025 2
72253440 113
72030000 26
72013536 45
72000000 118
71680000 76
71663616 48
71442000 320
71124480 287
70875000 32
70858800 71
70778880 42
70589400 2
70560000 380
70543872 105
70246400 47
70013160 48
70000000 12
69984000 636
69672960 464
69457500 26
69441624 17
69148800 94
69120000 494
68890500 60
68841472 1
68812800 71
68600000 28
68584320 457
68343750 1
68068350 8
68040000 635
68024448 19
67737600 667
67512690 13
67500000 15
67436544 3
67228000 6
67200000 220
67184640 296
66976875 2
66961566 1
66679200 381
66382848 28
66355200 349
66150000 112
66134880 186
66060288 5
65856000 178
65625000 1
65610000 98
65536000 9
65345616 12
65318400 1172
65028096 62
64827000 41
64800000 341
64538880 14
64512000 568
64312500 3
64297800 209
64225280 8
64012032 95
64000000 24
63787500 25
63772920 14
63700992 37
63530460 4
63504000 857
63221760 123
63026250 2
63011844 14
63000000 109
62985600 360
62914560 4
62720000 117
62705664 131
62511750 21
62500000 1
62233920 99
62208000 855
62001450 9
61931520 188
61740000 133
61725888 73
61465600 31
61440000 113
61250000 5
61236000 603
60963840 543
60750000 40
60505200 25
60480000 906
60466176 60
60211200 168
60025000 4
60011280 143
60000000 20
59719680 297
59535000 135
59521392 27
59295096 1
59270400 473
59062500 1
59049000 53
59006976 3
58982400 99
58824500 1
58800000 130
58786560 533
58344300 41
58320000 518
58084992 18
58060800 1061
57881250 4
57868020 37
57802752 20
57624000 54
57600000 262
57408750 8
57395628 2
57344000 53
57177414 1
57153600 783
56899584 75
56700000 278
56687040 98
56623104 5
56471520 3
56448000 639
56260575 5
56250000 2
56197120 18
56010528 39
56000000 53
55987200 753
55801305 1
55738368 102
55566000 217
55319040 100
55296000 486
55125000 19
55112400 282
55050240 20
54880000 56
54867456 182
54675000 26
54454680 16
54432000 1415
54190080 356
54022500 16
54010152 18
54000000 119
53782400 13
53760000 303
53747712 66
53581500 70
53343360 357
53156250 1
53144100 20
53084160 139
52920000 471
52907904 91
52684800 147
52509870 16
52500000 20
52488000 469
52428800 7
52254720 741
52093125 2
52081218 3
51861600 132
51840000 770
51667875 1
51631104 1
51609600 382
51450000 18
51438240 321
51200000 56
51030000 315
51018336 16
50824368 3
50803200 1113
50625000 4
50577408 22
50421000 8
50400000 366
50388480 294
50176000 108
50009400 160
49787136 42
49766400 709
49612500 27
49601160 65
49545216 37
49392000 330
49218750 1
49207500 13
49172480 15
49152000 107
49009212 9
49000000 31
48988800 1137
48771072 151
48620250 11
48600000 285
48404160 29
48384000 1202
48234375 1
48223350 39
48168960 66
48020000 17
48009024 91
48000000 84
47840625 1
47829690 2
47775744 59
47647845 1
47628000 692
47416320 278
47258883 4
47250000 65
47239200 184
47185920 25
47059600 3
47040000 340
47029248 178
46675440 94
46656000 1004
46448640 495
46305000 61
46294416 56
46099200 68
46080000 376
45937500 1
45927000 212
45875200 41
45722880 766
45562500 11
45378900 10
45360000 981
45349632 58
45177216 1
45158400 576
45008460 54
45000000 31
44957696 4
44800000 92
44789760 451
44651250 22
44641044 5
44452800 495
44286750 9
44255232 22
44236800 301
44100000 155
44089920 412
44040192 6
43904000 92
43758225 3
43750000 2
43740000 340
43563744 9
43545600 1632
43401015 4
43352064 61
43218000 69
43200000 415
43025920 3
43008000 330
42875000 1
42865200 459
42674688 126
42525000 90
42515280 45
42467328 24
42353640 3
42336000 1081
42147840 72
42007896 20
42000000 101
41990400 662
41943040 3
41803776 188
41674500 101
41489280 148
41472000 984
41343750 1
41334300 68
41287680 141
41160000 128
41150592 158
41006250 2
40960000 43
40841010 6
40824000 1143
40642560 717
40507614 13
40500000 77
40336800 30
40320000 853
40310784 82
40186125 3
40140800 81
40007520 307
40000000 16
39858075 2
39813120 312
39690000 303
39680928 61
39530064 1
39513600 439
39375000 5
39366000 181
39337984 1
39321600 50
39200000 69
39191040 964
38896200 72
38880000 806
38723328 12
38707200 990
38587500 11
38578680 140
38535168 10
38416000 25
38400000 161
38272500 71
38263752 2
38118276 1
38102400 1271
37933056 76
37815750 3
37800000 398
37791360 213
37748736 2
37647680 1
37632000 389
37507050 26
37340352 57
37324800 1029
37200870 6
37158912 91
37059435 1
37044000 358
36905625 2
36879360 45
36864000 384
36756909 1
36750000 17
36741600 675
36700160 14
36578304 230
36450000 101
36303120 21
36288000 1831
36126720 267
36015000 14
36006768 62
36000000 160
35840000 131
35831808 111
35721000 279
35562240 482
35437500 16
35429400 49
35389440 106
35294700 2
35280000 560
35271936 183
35123200 69
35006580 43
35000000 17
34992000 837
34836480 940
34728750 15
34720812 11
34574400 137
34560000 785
34445250 29
34406400 212
34300000 19
34292160 630
34020000 647
34012224 33
33882912 3
33868800 1168
33756345 4
33750000 16
33718272 8
33614000 7
33600000 290
33592320 491
33480783 2
33339600 336
33191424 46
33177600 723
33075000 79
33067440 173
33030144 16
32928000 258
32805000 98
32768000 41
32672808 5
32659200 1843
32514048 137
32413500 31
32400000 409
32269440 22
32256000 998
32156250 2
32148900 105
32112640 23
32006016 161
32000000 45
31893750 7
31886460 5
31850496 54
31752000 1075
31610880 208
31505922 8
31500000 101
31492800 460
31457280 14
31360000 154
31352832 296
31255875 2
31250000 1
31116960 153
31104000 1367
31000725 3
30965760 393
30870000 133
30862944 112
30732800 35
30720000 207
30625000 2
30618000 539
30481920 1016
30375000 24
30252600 16
30240000 1192
30233088 110
30105600 340
30012500 2
30005640 140
30000000 30
29859840 537
29767500 96
29760696 23
29635200 652
29524500 24
29503488 13
29491200 201
29400000 156
29393280 799
29360128 1
29172150 16
29160000 548
29042496 18
29030400 1854
28940625 1
28934010 20
28901376 51
28812000 63
28800000 410
28704375 2
28697814 1
28672000 115
28588707 1
28576800 949
28449792 156
28350000 213
28343520 104
28311552 11
28235760 1
28224000 911
28125000 2
28098560 25
28005264 36
28000000 61
27993600 1127
27869184 213
27783000 199
27659520 138
27648000 885
27562500 7
27556200 245
27525120 55
27440000 66
27433728 302
27337500 28
27227340 10
27216000 1807
27095040 677
27011250 7
27005076 21
27000000 124
26891200 6
26880000 482
26873856 146
26790750 54
26671680 468
26572050 7
26542080 331
26460000 508
26453952 134
26342400 248
26254935 4
26250000 14
26244000 435
26214400 8
26127360 1306
26040609 2
25930800 106
25920000 1056
25815552 3
25804800 706
25725000 23
25719120 328
25690112 3
25600000 49
25515000 225
25509168 12
25401600 1694
25288704 50
25210500 9
25200000 484
25194240 452
25165824 1
25088000 147
25004700 131
25000000 5
24893568 61
24883200 1275
24806250 11
24800580 42
24772608 79
24696000 379
24603750 11
24586240 21
24576000 184
24504606 5
24500000 21
24494400 1293
24385536 302
24310125 6
24300000 254
24202080 42
24192000 1856
24111675 8
24084480 110
24010000 10
24004512 100
24000000 113
23914845 1
23887872 112
23814000 606
23708160 477
23625000 43
23619600 181
23592960 59
23529800 1
23520000 405
23514624 346
23337720 91
23328000 1312
23224320 943
23152500 54
23147208 42
23049600 106
23040000 638
22963500 133
22937600 52
22861440 1068
22689450 7
22680000 1082
22674816 54
22588608 2
22579200 932
22504230 26
22500000 17
22478848 6
22400000 124
22394880 722
22325625 3
22320522 2
22226400 574
22143375 2
22127616 46
22118400 567
22050000 132
22044960 485
22020096 13
21952000 114
21870000 258
21781872 12
21772800 2486
21676032 164
21609000 59
21600000 513
21512960 9
21504000 535
21437500 5
21432600 402
21337344 203
21262500 59
21257640 38
21233664 53
21176820 6
21168000 1334
21073920 130
21008750 1
21003948 17
21000000 105
20995200 907
20971520 8
20901888 364
20837250 37
20744640 196
20736000 1423
20667150 32
20643840 272
20580000 118
20575296 216
20503125 1
20480000 56
20420505 1
20412000 1120
20321280 1167
20253807 4
20250000 46
20168400 27
20160000 1152
20155392 140
20070400 119
20003760 327
20000000 18
19906560 629
19845000 241
19840464 56
19756800 539
19687500 7
19683000 128
19660800 93
19600000 98
19595520 1315
19448100 57
19440000 953
19361664 16
19353600 1679
19293750 2
19289340 104
19267584 26
19208000 33
19200000 217
19136250 16
19131876 6
19051200 1449
18966528 116
18900000 350
18895680 306
18874368 5
18823840 2
18816000 631
18753525 5
18750000 2
18670176 76
18662400 1596
18600435 2
18579456 198
18522000 379
18439680 97
18432000 643
18375000 18
18370800 618
18350080 16
18289152 381
18225000 63
18151560 29
18144000 2333
18063360 469
18007500 12
18003384 51
18000000 164
17920000 202
17915904 169
17860500 156
17781120 645
17718750 6
17714700 33
17694720 212
17647350 2
17640000 576
17635968 257
17561600 104
17503290 26
17500000 13
17496000 898
17418240 1539
17364375 3
17360406 9
17287200 142
17280000 1068
17222625 7
17203200 376
17150000 20
17146080 760
17010000 569
17006112 44
16941456 4
16934400 1653
16875000 10
16859136 30
16807000 5
16800000 296
16796160 768
16777216 1
16669800 278
16595712 72
16588800 1199
16537500 46
16533720 158
16515072 35
16464000 320
16402500 33
16384000 49
16336404 10
16329600 2296
16257024 281
16206750 11
16200000 386
16134720 30
16128000 1508
16074450 67
16056320 37
16003008 202
16000000 54
15943230 3
15925248 103
15876000 1070
15805440 397
15752961 3
15750000 81
15746400 456
15728640 37
15680000 194
15676416 419
15558480 165
15552000 1875
15482880 791
15435000 89
15431472 99
15366400 46
15360000 349
15309000 417
15240960 1346
15187500 14
15126300 15
15120000 1299
15116544 130
15059072 1
15052800 486
15006250 1
15002820 79
15000000 24
14929920 986
14883750 34
14880348 19
14817600 694
14762250 7
14751744 17
14745600 403
14700000 145
14696640 954
14680064 3
14586075 2
14580000 545
14521248 21
14515200 2703
14467005 6
14450688 94
14406000 54
14400000 488
14336000 179
14288400 788
14224896 223
14175000 137
14171760 108
14155776 24
14117880 4
14112000 1205
14049280 56
14002632 40
14000000 54
13996800 1441
13934592 433
13891500 106
13829760 178
13824000 1356
13781250 3
13778100 135
13762560 121
13720000 70
13716864 361
13668750 7
13613670 15
13608000 1943
13547520 1030
13502538 21
13500000 113
13445600 21
13440000 674
13436928 238
13395375 9
13335840 531
13271040 529
13230000 452
13226976 129
13171200 333
13125000 8
13122000 364
13107200 18
13063680 1855
12965400 106
12960000 1317
12907776 5
12902400 1156
12862500 6
12859560 269
12845056 1
12800000 94
12757500 118
12754584 6
12706092 1
12700800 1971
12644352 105
12605250 2
12600000 409
12597120 514
12582912 1
12544000 239
12502350 59
12500000 2
12446784 94
12441600 1922
12400290 14
12386304 155
12348000 382
12293120 31
12288000 308
12252303 1
12250000 18
12247200 1361
12192768 519
12150000 192
12101040 26
12096000 2439
12042240 234
12005000 8
12002256 109
12000000 110
11943936 223
11907000 483
11854080 588
11812500 22
11809800 114
11796480 110
11764900 1
11760000 451
11757312 438
11668860 81
11664000 1533
11612160 1523
11576250 16
11573604 41
11524800 119
11520000 911
11481750 41
11468800 126
11430720 1183
11344725 3
11340000 998
11337408 72
11289600 1337
11252115 6
11250000 11
11239424 13
11200000 170
11197440 1120
11160261 2
11113200 549
11063808 63
11059200 1029
11025000 67
11022480 411
11010048 19
10976000 140
10937500 1
10935000 153
10890936 18
10886400 3106
10838016 247
10804500 43
10800000 565
10756480 9
10752000 813
10716300 225
10668672 282
10631250 14
10628820 19
10616832 82
10588410 1
10584000 1353
10536960 230
10501974 12
10500000 93
10497600 956
10485760 12
10450944 568
10418625 4
10372320 174
10368000 2065
10333575 4
10321920 498
10290000 98
10287648 211
10240000 109
10206000 943
10160640 1454
10125000 39
10084200 18
10080000 1235
10077696 200
10035200 166
10001880 246
10000000 13
9953280 973
9922500 128
9920232 41
9878400 608
9843750 1
9841500 56
9834496 8
9830400 156
9800000 54
9797760 1665
9724050 24
9720000 951
9680832 15
9676800 2469
9646875 1
9644670 52
9633792 43
9604000 33
9600000 267
9568125 4
9565938 1
9525600 1503
9483264 225
9450000 285
9447840 247
9437184 20
9411920 1
9408000 795
9375000 5
9335088 71
9331200 2030
9289728 312
9261000 245
9219840 80
9216000 969
9187500 11
9185400 435
9175040 39
9144576 496
9112500 35
9075780 19
9072000 2558
9031680 720
9003750 3
9001692 36
9000000 153
8960000 268
8957952 321
8930250 75
8890560 700
8857350 16
8847360 401
8823675 1
8820000 548
8817984 304
8780800 126
8751645 6
8750000 14
8748000 779
8709120 2093
8680203 2
8643600 135
8640000 1330
8605184 4
8601600 579
8575000 11
8573040 601
8505000 351
8503056 27
8470728 5
8467200 2105
8437500 4
8429568 51
8403500 2
8400000 324
8398080 908
8334900 222
8297856 89
8294400 1740
8268750 11
8266860 96
8257536 85
8232000 281
8201250 10
8192000 90
8168202 6
8164800 2293
8128512 433
8103375 1
8100000 331
8067360 27
8064000 1876
8037225 16
8028160 79
8001504 196
8000000 51
7962624 209
7938000 825
7902720 536
7875000 38
7873200 357
7864320 57
7840000 212
7838208 642
7779240 115
7776000 2057
7741440 1209
7717500 54
7715736 102
7683200 48
7680000 471
7654500 199
7620480 1569
7593750 6
7563150 9
7560000 1277
7558272 160
7529536 2
7526400 708
7501410 55
7500000 24
7464960 1357
7441875 5
7440174 7
7408800 606
7381125 1
7375872 25
7372800 621
7350000 97
7348320 863
7340032 11
7290000 399
7260624 24
7257600 3496
7225344 140
7203000 33
7200000 517
7168000 243
7144200 603
7112448 312
7087500 60
7085880 70
7077888 70
7058940 2
7056000 1291
7024640 68
7001316 28
7000000 46
6998400 1600
6967296 598
6945750 47
6914880 151
6912000 1799
6889050 40
6881280 219
6860000 67
6858432 407
6834375 2
6806835 4
6804000 1747
6773760 1420
6751269 2
6750000 65
6722800 9
6720000 823
6718464 336
6667920 384
6635520 866
6615000 257
6613488 117
6585600 435
6562500 1
6561000 225
6553600 51
6531840 2223
6482700 58
6480000 1319
6453888 8
6451200 1653
6431250 4
6429780 174
6422528 11
6400000 100
6378750 40
6377292 3
6350400 1914
6322176 147
6300000 345
6298560 548
6291456 7
6272000 257
6251175 16
6250000 2
6223392 85
6220800 2471
6200145 3
6193152 266
6174000 319
6146560 33
6144000 413
6125000 6
6123600 1015
6096384 611
6075000 99
6050520 19
6048000 2685
6021120 338
6002500 5
6001128 93
6000000 113
5971968 345
5953500 254
5927040 744
5906250 6
5904900 69
5898240 231
5882450 1
5880000 402
5878656 471
5834430 26
5832000 1398
5806080 2237
5788125 2
5786802 16
5762400 114
5760000 1023
5740875 4
5734400 128
5715360 1142
5670000 692
5668704 77
5647152 2
5644800 1566
5625000 10
5619712 15
5600000 154
5598720 1343
5556600 358
5531904 66
5529600 1412
5512500 31
5511240 295
5505024 46
5488000 153
5467500 68
5445468 16
5443200 3320
5419008 394
5402250 11
5400000 454
5378240 12
5376000 1056
5358150 95
5334336 306
5315625 5
5314410 4
5308416 158
5292000 1177
5268480 269
5250987 1
5250000 43
5248800 812
5242880 10
5225472 744
5186160 154
5184000 2348
5160960 721
5145000 62
5143824 197
5120000 141
5103000 601
5080320 1850
5062500 11
5042100 5
5040000 1243
5038848 269
5017600 235
5000940 147
5000000 19
4976640 1372
4961250 52
4960116 23
4939200 637
4920750 18
4917248 5
4915200 249
4900000 51
4898880 1663
4862025 11
4860000 734
4840416 14
4838400 3041
4822335 6
4816896 64
4802000 36
4800000 318
4762800 1176
4741632 267
4725000 138
4723920 192
4718592 25
4705960 2
4704000 850
4667544 46
4665600 2259
4644864 542
4630500 118
4609920 93
4608000 1250
4593750 1
4592700 232
4587520 59
4572288 635
4556250 8
4537890 6
4536000 2479
4515840 985
4500846 25
4500000 97
4480000 283
4478976 445
4465125 11
4445280 651
4428675 1
4423680 625
4410000 386
4408992 296
4390400 157
4375000 2
4374000 624
4354560 2805
4321800 83
4320000 1326
4302592 4
4300800 791
4287500 5
4286520 462
4252500 168
4251528 12
4235364 1
4233600 2081
4218750 1
4214784 79
4201750 1
4200000 310
4199040 1012
4194304 3
4167450 79
4148928 87
4147200 2503
4134375 2
4133430 30
4128768 155
4116000 226
4100625 3
4096000 151
4084101 1
4082400 2032
4064256 615
4050000 223
4033680 13
4032000 2096
4014080 115
4000752 167
4000000 46
3981312 374
3969000 561
3951360 540
3937500 12
3936600 225
3932160 88
3920000 187
3919104 737
3889620 65
3888000 2079
3870720 1758
3858750 23
3857868 56
3841600 45
3840000 587
3827250 70
3810240 1707
3781575 1
3780000 1019
3779136 153
3764768 2
3763200 850
3750705 17
3750000 12
3732480 1802
3720087 3
3704400 493
3687936 27
3686400 915
3675000 56
3674160 700
3670016 9
3645000 217
3630312 15
3628800 3814
3612672 250
3601500 23
3600000 471
3584000 323
3572100 339
3556224 309
3543750 17
3542940 35
3538944 120
3528000 1187
3512320 62
3500658 16
3500000 29
3499200 1432
3483648 846
3472875 13
3457440 161
3456000 2235
3444525 7
3440640 344
3430000 39
3429216 410
3402000 1223
3386880 1662
3375000 46
3361400 9
3360000 737
3359232 398
3333960 279
3317760 1237
3307500 118
3306744 91
3292800 414
3281250 1
3280500 82
3276800 77
3265920 2325
3241350 19
3240000 1162
3226944 9
3225600 2072
3214890 75
3211264 10
3200000 141
3189375 6
3188646 3
3175200 1641
3161088 161
3150000 254
3149280 484
3145728 13
3136000 289
3125000 1
3111696 77
3110400 2845
3096576 389
3087000 174
3073280 42
3072000 627
3062500 1
3061800 658
3048192 710
3037500 44
3025260 11
3024000 2650
3010560 448
3000564 62
3000000 77
2985984 530
2976750 77
2963520 720
2952450 21
2949120 340
2940000 327
2939328 518
2917215 10
2916000 1105
2903040 2682
2893401 1
2881200 79
2880000 1083
2867200 211
2857680 835
2835000 403
2834352 44
2823576 3
2822400 1674
2812500 1
2809856 27
2800000 131
2799360 1400
2778300 176
2765952 68
2764800 1899
2756250 13
2755620 150
2752512 56
2744000 130
2733750 25
2722734 3
2721600 3118
2709504 494
2701125 3
2700000 348
2689120 5
2688000 1110
2679075 16
2667168 260
2657205 1
2654208 239
2646000 809
2634240 264
2625000 26
2624400 578
2621440 19
2612736 945
2593080 112
2592000 2452
2580480 1034
2572500 31
2571912 133
2560000 183
2551500 307
2540160 1942
2531250 4
2521050 1
2520000 1038
2519424 269
2508800 239
2500470 66
2500000 4
2488320 1828
2480625 4
2480058 18
2469600 504
2460375 3
2458624 15
2457600 409
2450000 36
2449440 1269
2430000 467
2420208 16
2419200 3415
2408448 97
2401000 11
2400000 301
2381400 680
2370816 261
2362500 62
2361960 137
2359296 58
2352980 1
2352000 742
2333772 30
2332800 2115
2322432 728
2315250 52
2304960 104
2304000 1433
2296350 82
2293760 76
2286144 568
2278125 1
2268945 3
2268000 1899
2257920 1122
2250423 4
2250000 54
2240000 290
2239488 484
2222640 488
2211840 915
2205000 205
2204496 177
2195200 120
2187000 363
2177280 2918
2160900 46
2160000 1191
2151296 2
2150400 974
2143750 2
2143260 230
2126250 34
2125764 9
2116800 1855
2107392 86
2100000 205
2099520 871
2083725 7
2074464 88
2073600 2896
2066715 3
2064384 226
2058000 161
2048000 192
2041200 1363
2032128 714
2025000 118
2016840 13
2016000 2138
2007040 107
2000376 125
2000000 39
1990656 471
1984500 283
1975680 586
1968750 3
1968300 114
1966080 150
1960000 140
1959552 766
1944810 29
1944000 1764
1935360 2061
1929375 3
1928934 21
1920800 46
1920000 598
1913625 7
1905120 1341
1890000 668
1889568 110
1882384 1
1881600 898
1875000 8
1866240 1841
1852200 301
1843968 37
1843200 1181
1837500 25
1837080 427
1835008 12
1822500 101
1815156 9
1814400 3667
1806336 281
1800750 5
1800000 357
1792000 351
1786050 117
1778112 282
1771875 2
1771470 9
1769472 193
1764000 915
1756160 94
1750329 2
1750000 20
1749600 1136
1741824 1001
1728720 110
1728000 2250
1720320 450
1715000 27
1714608 307
1701000 677
1693440 1669
1687500 5
1680700 5
1680000 622
1679616 413
1666980 164
1658880 1648
1653750 37
1653372 44
1646400 351
1640250 30
1638400 90
1632960 2094
1620675 2
1620000 751
1613472 10
1612800 2328
1607445 19
1605632 17
1600000 108
1587600 1193
1580544 234
1575000 124
1574640 308
1572864 27
1568000 284
1555848 46
1555200 2733
1548288 497
1543500 86
1536640 40
1536000 676
1530900 335
1524096 712
1518750 8
1512630 6
1512000 2179
1505280 526
1500282 26
1500000 47
1492992 586
1488375 10
1481760 502
1476225 3
1474560 474
1470000 198
1469664 409
1458000 740
1451520 2995
1440600 45
1440000 971
1433600 264
1428840 540
1417500 187
1417176 31
1411788 1
1411200 1535
1404928 15
1400000 104
1399680 1482
1389150 69
1382976 78
1382400 2176
1377810 44
1376256 80
1372000 89
1366875 2
1361367 1
1360800 2181
1354752 550
1350000 192
1344560 8
1344000 1167
1333584 203
1327104 382
1323000 482
1317120 295
1312500 9
1312200 294
1310720 32
1306368 940
1296540 44
1296000 2134
1290240 1292
1286250 15
1285956 64
1280000 178
1275750 88
1270080 1623
1265625 1
1260000 703
1259712 240
1254400 297
1250235 13
1250000 1
1244160 1980
1240029 1
1234800 363
1229312 16
1228800 480
1225000 25
1224720 914
1215000 223
1210104 13
1209600 3271
1204224 108
1200500 6
1200000 242
1190700 351
1185408 276
1181250 14
1180980 40
1179648 92
1176000 631
1166886 12
1166400 1754
1161216 845
1157625 9
1152480 73
1152000 1591
1148175 11
1146880 104
1143072 474
1134000 1217
1128960 1187
1125000 19
1120000 256
1119744 568
1111320 303
1105920 1121
1102500 89
1102248 116
1097600 156
1093500 134
1088640 2683
1080450 26
1080000 960
1075648 1
1075200 1154
1071630 64
1063125 5
1062882 5
1058400 1427
1053696 98
1050000 100
1049760 635
1048576 5
1037232 56
1036800 2827
1032192 277
1029000 106
1024000 195
1020600 813
1016064 699
1012500 40
1008420 6
1008000 1841
1003520 148
1000188 54
1000000 25
995328 554
992250 84
987840 479
984375 1
984150 40
983040 185
980000 104
979776 634
972405 2
972000 1193
967680 2275
964467 3
960400 23
960000 557
952560 943
945000 315
944784 83
940800 857
937500 2
933120 1782
926100 143
921984 35
921600 1314
918750 5
918540 186
917504 15
911250 24
907578 2
907200 2838
903168 342
900000 207
896000 344
893025 20
889056 245
884736 249
882000 551
878080 82
875000 10
874800 681
870912 1044
864360 60
864000 1969
860160 522
857500 11
857304 164
850500 311
846720 1584
843750 1
840350 3
840000 506
839808 367
833490 54
829440 1747
826875 3
826686 22
823200 268
820125 3
819200 126
816480 1541
810000 440
806736 4
806400 2347
802816 22
800000 97
793800 592
790272 205
787500 45
787320 172
786432 17
784000 229
777924 23
777600 2320
774144 630
771750 33
768320 32
768000 747
765450 92
762048 606
759375 1
756315 1
756000 1495
752640 563
750141 7
750000 34
746496 663
740880 395
737280 585
735000 106
734832 308
729000 364
725760 2727
720300 19
720000 800
716800 305
714420 256
708750 48
708588 16
705600 1265
703125 1
702464 28
700000 64
699840 1099
694575 6
691488 52
691200 2196
688905 9
688128 90
686000 54
680400 1371
677376 645
675000 95
672280 4
672000 1040
666792 136
663552 461
661500 171
658560 291
656250 1
656100 121
655360 43
653184 867
648270 21
648000 1577
645120 1444
643125 1
642978 31
640000 184
637875 16
635040 1154
630000 430
629856 173
627200 291
625000 2
622080 2022
617400 206
614656 11
614400 577
612500 12
612360 509
607500 66
605052 6
604800 2680
602112 146
600250 1
600000 181
595350 99
592704 217
590625 1
590490 12
589824 113
588000 361
583443 2
583200 1260
580608 908
576240 48
576000 1417
573440 135
571536 313
567000 559
564480 1110
562500 5
560000 210
559872 548
555660 142
552960 1278
551250 23
551124 52
548800 93
546750 39
544320 2079
540225 3
540000 545
537824 3
537600 1050
535815 14
531441 1
529200 830
526848 122
525000 57
524880 449
524288 9
518616 31
518400 2536
516096 328
514500 39
512000 181
510300 336
508032 656
506250 10
504210 1
504000 1298
501760 166
500094 14
500000 16
497664 618
496125 12
493920 331
492075 4
491520 235
490000 64
489888 478
486000 683
483840 2281
480200 14
480000 442
476280 522
472500 143
472392 51
470596 1
470400 733
468750 1
466560 1609
463050 43
460992 24
460800 1376
459375 1
459270 56
458752 28
455625 3
453600 1904
451584 351
450000 118
448000 332
444528 158
442368 296
441000 280
439040 92
437500 2
437400 373
435456 967
432180 38
432000 1623
430080 567
428750 3
428652 87
425250 94
423360 1176
420000 358
419904 308
416745 9
414720 1805
413343 5
411600 149
409600 132
408240 969
405000 226
403368 5
403200 1982
401408 44
400000 53
396900 299
395136 174
393750 14
393660 87
393216 34
392000 151
388962 14
388800 1812
387072 691
385875 4
384160 23
384000 733
382725 13
381024 486
378000 870
376320 518
375000 14
373248 622
370440 184
368640 713
367500 30
367416 133
364500 150
362880 2266
360150 10
360000 580
358400 298
357210 79
354375 9
354294 5
352800 852
351232 32
350000 33
349920 759
345744 32
345600 2106
344064 148
343000 26
340200 709
338688 492
337500 32
336140 2
336000 817
333396 44
331776 518
330750 61
329280 202
328125 1
328050 35
327680 44
326592 662
324135 1
324000 1075
322560 1347
321489 4
320000 136
317520 746
315000 198
314928 103
313600 241
312500 2
311040 1796
308700 87
307328 5
307200 633
306250 3
306180 224
303750 21
302526 4
302400 2037
301056 163
300125 1
300000 105
297675 19
296352 165
295245 4
294912 147
294000 241
291600 777
290304 863
288120 20
288000 1197
286720 143
285768 205
283500 228
282240 882
281250 2
280000 133
279936 449
277830 35
276480 1355
275625 2
275562 21
274400 85
273375 4
272160 1465
270000 310
268912 2
268800 1007
264600 437
263424 103
262500 21
262440 207
262144 8
259308 14
259200 2031
258048 366
257250 13
256000 203
255150 107
254016 474
253125 3
252000 811
250880 143
250047 5
250000 11
248832 636
246960 202
245760 298
245000 28
244944 290
243000 322
241920 1935
240100 5
240000 333
238140 221
236250 35
236196 21
235200 527
233280 1164
231525 10
230496 21
230400 1302
229635 14
229376 25
226800 1092
225792 358
225000 56
224000 250
222264 104
221184 322
220500 95
219520 73
218750 1
218700 137
217728 784
216090 10
216000 1068
215040 612
214326 35
212625 6
211680 801
210000 160
209952 189
207360 1682
205800 79
204800 129
204120 468
202500 82
201684 1
201600 1568
200704 36
200000 52
198450 79
197568 108
196875 3
196830 25
196608 60
196000 102
194481 1
194400 1159
193536 686
192080 12
192000 597
190512 277
189000 379
188160 461
187500 4
186624 532
185220 102
184320 712
183750 5
183708 69
182250 32
181440 1619
180075 2
180000 340
179200 265
178605 12
177147 4
176400 486
175616 27
175000 15
174960 438
172872 20
172800 1761
172032 149
171500 13
170100 261
169344 475
168750 6
168000 548
166698 12
165888 563
165375 7
164640 142
164025 3
163840 67
163296 466
162000 513
161280 1191
160000 120
158760 375
157500 78
157464 58
156800 175
155520 1396
154350 26
153664 7
153600 583
153090 62
151875 3
151200 1255
150528 135
150000 39
148176 129
147456 171
147000 97
145800 358
145152 734
144060 15
144000 924
143360 141
142884 69
141750 59
141120 663
140625 2
140000 84
139968 298
138915 5
138240 1272
137781 2
137200 28
136080 880
135000 145
134456 1
134400 778
132300 161
131712 55
131250 7
131220 76
131072 10
129654 8
129600 1359
129024 345
128625 3
128000 160
127575 11
127008 335
126000 476
125440 124
125000 2
124416 543
123480 105
122880 285
122500 6
122472 154
121500 100
120960 1457
120050 3
120000 263
119070 54
118125 4
118098 7
117600 275
116640 713
115248 12
115200 1098
114688 28
113400 510
112896 299
112500 23
112000 196
111132 32
110592 354
110250 22
109760 57
109350 35
108864 588
108045 3
108000 621
107520 549
107163 2
105840 468
105000 87
104976 110
103680 1353
102900 33
102400 171
102060 209
101250 20
100800 1045
100352 39
100000 27
99225 6
98784 82
98415 4
98304 84
98000 51
97200 647
96768 594
96040 3
96000 440
95256 140
94500 129
94080 349
93750 3
93312 393
92610 31
92160 716
91875 2
91854 13
91125 3
90720 1042
90000 169
89600 223
88200 209
87808 21
87500 5
87480 213
86436 8
86400 1270
86016 136
85750 2
85050 67
84672 273
84000 287
83349 1
82944 485
82320 72
81920 58
81648 268
81000 226
80640 947
80000 66
79380 147
78750 9
78732 28
78400 102
77760 996
77175 7
76832 6
76800 484
76545 5
75600 690
75264 139
75000 23
74088 52
73728 152
73500 37
72900 131
72576 583
72030 1
72000 547
71680 129
71442 16
70875 7
70560 449
70000 43
69984 184
69120 1017
68600 20
68040 374
67500 44
67200 551
66150 41
65856 38
65610 26
65536 15
64827 1
64800 796
64512 340
64000 122
63504 192
63000 213
62720 94
62500 1
62208 457
61740 38
61440 266
61250 4
61236 46
60750 24
60480 965
60000 142
59535 10
59049 1
58800 184
58320 407
57624 4
57600 835
57344 36
56700 180
56448 196
56250 3
56000 106
55566 11
55296 324
55125 2
54880 28
54675 2
54432 354
54000 276
53760 416
52920 224
52500 24
52488 55
51840 992
51450 7
51200 114
51030 54
50625 1
50400 651
50176 28
50000 8
49392 58
49152 69
49000 24
48600 278
48384 440
48020 4
48000 282
47628 49
47250 34
47040 231
46656 265
46305 9
46080 539
45927 7
45360 576
45000 77
44800 171
44100 90
43904 8
43750 2
43740 64
43218 3
43200 798
43008 133
42525 9
42336 194
42000 172
41472 386
41160 43
40960 53
40824 112
40500 76
40320 695
40000 47
39690 31
39366 4
39200 68
38880 547
38416 3
38400 390
37800 277
37632 102
37500 4
37044 18
36864 143
36750 9
36450 38
36288 430
36015 1
36000 311
35840 98
35721 2
35280 211
35000 15
34992 108
34560 778
34300 3
34020 144
33750 7
33600 345
33075 6
32928 28
32805 1
32768 9
32400 365
32256 296
32000 103
31752 78
31500 72
31360 57
31104 331
30870 16
30720 214
30618 16
30375 2
30240 604
30000 68
29400 56
29160 180
28812 2
28800 609
28672 30
28350 46
28224 113
28125 2
28000 74
27783 4
27648 268
27440 11
27216 199
27000 114
26880 318
26460 67
26250 9
26244 22
25920 615
25725 2
25600 102
25515 13
25200 311
25088 21
25000 5
24696 12
24576 77
24500 8
24300 98
24192 368
24000 170
23814 18
23625 3
23520 137
23328 168
23040 458
22680 225
22500 21
22400 92
22050 18
21952 5
21870 15
21609 1
21600 431
21504 97
21168 92
21000 75
20736 310
20580 7
20480 59
20412 52
20250 23
20160 420
20000 24
19845 6
19683 1
19600 36
19440 288
19208 1
19200 280
18900 96
18816 63
18750 1
18522 3
18432 154
18225 8
18144 212
18000 125
17920 71
17640 95
17500 8
17496 55
17280 533
17150 1
17010 43
16875 1
16800 169
16464 17
16384 10
16200 169
16128 175
16000 55
15876 37
15750 15
15680 44
15552 201
15435 4
15360 194
15309 3
15120 294
15000 20
14700 22
14580 49
14400 326
14336 18
14175 6
14112 82
14000 27
13824 197
13720 6
13608 88
13500 36
13440 188
13230 18
13125 1
13122 6
12960 361
12800 84
12600 137
12544 19
12500 1
12348 5
12288 33
12250 1
12150 13
12096 214
12005 1
12000 95
11907 3
11760 55
11664 73
11520 329
11340 74
11250 5
11200 66
11025 1
10976 6
10935 4
10800 215
10752 85
10584 51
10500 16
10368 164
10290 2
10240 49
10206 14
10125 2
10080 222
10000 11
9800 9
9720 112
9600 159
9450 22
9408 48
9216 110
9072 108
9000 47
8960 46
8820 35
8750 2
8748 15
8640 300
8505 6
8400 96
8232 5
8192 11
8100 55
8064 113
8000 30
7938 11
7840 23
7776 107
7680 146
7560 107
7500 1
7350 6
7290 13
7200 166
7168 26
7056 29
7000 12
6912 146
6860 2
6804 23
6750 5
6720 105
6480 159
6400 41
6300 41
6272 7
6250 1
6174 2
6144 50
6075 2
6048 112
6000 51
5880 38
5832 36
5760 213
5670 31
5625 1
5600 41
5488 2
5400 79
5376 56
5292 16
5250 4
5184 144
5120 31
5103 1
5040 102
5000 5
4900 3
4860 27
4800 100
4725 2
4704 32
4608 72
4536 53
4500 9
4480 37
4410 13
4374 2
4320 147
4200 36
4116 1
4096 4
4050 15
4032 59
4000 11
3969 2
3920 14
3888 56
3840 81
3780 30
3645 2
3600 84
3584 10
3528 11
3500 5
3456 104
3430 1
3402 9
3360 54
3240 61
3200 26
3150 11
3136 4
3087 1
3072 34
3024 49
3000 20
2940 12
2916 11
2880 102
2835 1
2800 8
2700 34
2688 27
2646 2
2592 51
2560 17
2520 44
2430 8
2400 55
2352 7
2304 54
2268 12
2250 3
2240 17
2205 1
2187 1
2160 67
2100 11
2048 2
2016 28
2000 10
1960 7
1944 25
1920 64
1890 5
1875 1
1800 30
1792 5
1764 4
1728 51
1701 2
1680 35
1620 20
1600 11
1568 1
1536 25
1512 20
1500 5
1470 2
1458 2
1440 51
1400 6
1350 3
1344 23
1323 1
1296 20
1280 9
1260 15
1215 2
1200 30
1176 1
1152 36
1134 1
1120 11
1080 23
1050 3
1024 6
1008 14
1000 3
980 1
972 6
960 22
945 2
900 11
882 2
875 1
864 28
840 11
810 3
800 7
784 1
768 13
756 4
750 1
720 19
700 1
672 11
648 14
640 7
630 4
600 12
588 1
576 14
567 2
560 2
540 5
525 1
512 2
504 4
480 18
448 4
432 8
420 6
405 1
400 4
384 5
378 1
360 6
336 4
324 6
320 2
300 2
288 14
280 3
270 2
256 1
252 1
240 4
224 3
216 5
192 3
180 4
168 2
160 1
144 3
128 1
80 1
72 1
60 1
56 1
32 1
24 2
18 1
