4723920000 1
4608000000 1
4592700000 1
3628800000 1
3572100000 2
3456000000 2
3265920000 1
3225600000 2
3214890000 1
3175200000 2
3023308800 1
2976069600 1
2939328000 3
2916000000 1
2903040000 2
2857680000 6
2835000000 1
2799360000 1
2764800000 1
2721600000 1
2720977920 1
2687385600 1
2645395200 1
2624400000 1
2612736000 3
2592000000 3
2571912000 1
2540160000 2
2520000000 1
2519424000 2
2488320000 1
2480058000 1
2469600000 1
2457600000 1
2449440000 3
2361960000 1
2352000000 1
2351462400 1
2332800000 1
2322432000 1
2314720800 2
2304000000 1
2296350000 3
2286144000 1
2268000000 1
2267481600 1
2257920000 1
2250423000 1
2239488000 1
2232052200 1
2211840000 1
2204496000 6
2177280000 1
2160000000 1
2150400000 1
2143260000 1
2116800000 4
2066715000 1
2064384000 1
2057529600 1
2041200000 5
2032128000 6
2016000000 2
2015539200 2
2000376000 1
1990656000 5
1959552000 3
1944000000 5
1935360000 3
1920000000 1
1913187600 1
1905120000 6
1890000000 1
1889568000 4
1881600000 1
1881169920 1
1866240000 8
1857945600 2
1852200000 2
1843200000 2
1837080000 3
1828915200 3
1814400000 3
1806336000 1
1800000000 1
1791590400 2
1786050000 4
1778112000 1
1764000000 1
1763596800 8
1749600000 5
1741824000 7
1736040600 1
1728000000 1
1714608000 3
1701000000 3
1700611200 5
1693440000 3
1679616000 7
1666980000 1
1658880000 4
1653372000 1
1632960000 9
1625702400 3
1612800000 6
1607445000 2
1600300800 1
1592524800 1
1587600000 7
1580544000 1
1574640000 5
1572864000 2
1567641600 8
1555848000 3
1555200000 3
1548288000 4
1543500000 1
1543147200 5
1536000000 2
1530900000 4
1524096000 6
1512000000 3
1511654400 5
1505280000 3
1500282000 2
1492992000 4
1488034800 2
1481760000 3
1476225000 1
1474560000 2
1469664000 10
1458000000 8
1451520000 14
1440270720 1
1428840000 13
1422489600 1
1417500000 2
1417176000 2
1411200000 5
1410877440 2
1404928000 1
1400263200 2
1399680000 7
1393459200 4
1389150000 2
1382976000 2
1382400000 3
1377810000 7
1371686400 10
1360800000 9
1354752000 4
1344560000 1
1344000000 1
1343692800 7
1333584000 4
1327104000 8
1322697600 9
1317120000 1
1316818944 1
1312200000 3
1306368000 21
1296540000 1
1296000000 7
1290240000 8
1285956000 8
1284505600 1
1280240640 3
1275750000 2
1275458400 2
1270080000 8
1260236880 1
1260000000 6
1259712000 10
1254400000 3
1254113280 3
1250235000 2
1244678400 1
1244160000 10
1240029000 2
1238630400 1
1234800000 4
1234517760 5
1229312000 1
1228800000 1
1224720000 16
1219276800 6
1209600000 11
1209323520 1
1200500000 1
1200225600 5
1200000000 1
1194393600 2
1190700000 3
1190427840 1
1185408000 1
1180980000 4
1176000000 2
1175731200 24
1166400000 10
1161216000 23
1157360400 4
1152480000 3
1152216576 1
1152000000 3
1148175000 3
1143072000 23
1137991680 2
1134000000 11
1133740800 2
1128960000 9
1128701952 1
1120210560 1
1120000000 2
1119744000 19
1114767360 5
1111320000 8
1111065984 2
1105920000 5
1102248000 16
1097600000 1
1097349120 6
1089093600 1
1088640000 32
1083801600 7
1080450000 1
1080203040 1
1080000000 2
1075200000 5
1074954240 3
1071630000 9
1066867200 9
1062882000 2
1061683200 1
1058400000 7
1058158080 6
1053696000 2
1050197400 1
1050000000 1
1049760000 12
1045094400 18
1041624360 1
1037232000 1
1036800000 19
1032192000 3
1028764800 15
1024192512 1
1020600000 18
1019215872 1
1016064000 30
1011548160 1
1008000000 14
1007769600 10
1003520000 1
1000188000 10
995742720 2
995328000 8
992250000 3
992023200 5
987840000 6
987614208 3
984150000 2
983040000 2
980000000 1
979776000 32
975421440 1
972405000 2
972000000 13
968083200 3
967680000 19
964467000 4
963379200 1
960180480 5
960000000 3
952560000 23
948326400 7
945000000 2
944784000 8
943718400 1
941192000 1
940800000 9
940584960 13
933508800 2
933120000 32
928972800 5
926100000 4
925888320 4
921600000 8
918540000 13
918330048 1
917504000 1
914457600 27
907200000 24
906992640 2
903168000 14
900169200 7
896168448 1
896000000 3
895795200 12
893025000 1
892820880 2
889056000 15
885735000 4
884736000 8
882000000 5
881798400 25
878080000 4
875164500 1
874800000 10
870912000 40
868020300 6
867041280 1
864360000 5
864000000 6
860934420 1
860160000 7
857304000 34
853493760 5
850659894 1
850500000 8
850305600 7
849346560 3
846720000 20
846526464 2
842956800 3
840157920 2
840000000 1
839808000 32
836075520 7
833490000 5
829785600 7
829440000 23
826686000 9
825753600 5
823200000 2
823011840 9
819200000 1
816820200 2
816480000 53
816293376 1
812851200 16
810152280 1
810000000 8
806736000 1
806400000 16
806215680 7
803722500 2
802816000 1
800150400 17
800000000 3
796262400 6
793800000 14
793618560 5
790272000 20
787648050 1
787500000 2
787320000 9
786432000 2
784000000 7
783820800 29
777924000 5
777600000 35
774144000 20
771750000 1
771573600 19
768320000 1
768144384 3
768000000 4
765450000 3
765275040 5
762048000 48
758661120 4
756000000 19
755827200 19
752640000 8
752467968 1
750141000 2
746807040 3
746496000 42
744017400 5
743178240 6
740880000 14
737587200 1
737280000 7
735138180 1
734832000 44
731566080 12
729000000 10
726062400 2
725760000 73
725594112 1
723350250 1
722534400 4
720135360 13
720000000 10
716800000 3
716636160 4
714420000 24
714256704 1
711244800 19
708750000 2
708588000 7
707788800 3
705600000 17
705438720 14
702464000 3
700131600 7
700000000 1
699840000 44
696729600 24
694575000 2
694416240 7
691488000 6
691200000 22
688905000 5
688414720 1
688128000 2
686000000 1
685843200 42
682795008 2
680400000 38
680244480 4
677658240 1
677376000 50
675126900 7
672280000 2
672000000 6
671846400 17
668860416 2
666792000 31
663828480 3
663552000 18
661500000 7
661348800 24
658560000 7
658409472 4
656100000 6
653456160 2
653184000 96
650280960 10
648270000 2
648000000 13
645120000 36
644972544 1
642978000 14
640120320 17
640000000 1
637875000 2
637729200 2
637009920 4
635040000 63
634894848 1
632217600 6
630118440 3
630000000 10
629856000 39
627200000 7
627056640 15
625117500 5
622339200 8
622080000 42
619573248 1
619315200 14
617400000 9
617258880 22
614656000 3
614400000 7
612615150 1
612500000 1
612360000 57
609892416 1
609638400 51
607500000 1
605052000 2
604800000 39
604661760 10
602654094 1
602112000 16
600112800 19
600000000 1
597445632 1
597196800 28
595350000 10
595213920 7
594542592 1
592704000 23
590490000 10
590069760 2
589824000 8
588245000 1
588000000 6
587865600 51
585252864 6
583443000 4
583200000 30
580849920 3
580608000 63
578680200 10
578027520 3
576240000 3
576108288 3
576000000 11
574087500 1
573440000 2
571774140 1
571536000 78
568995840 9
567106596 1
567000000 14
566870400 18
566231040 1
564715200 2
564480000 48
564350976 7
562605750 2
561971200 2
560105280 10
560000000 6
559872000 49
557383680 20
555660000 21
555532992 5
553190400 10
552960000 39
551250000 2
551124000 37
550502400 3
548800000 10
548674560 34
546750000 2
544320000 107
544195584 6
541900800 25
540225000 3
540101520 15
540000000 8
539492352 1
537600000 22
537477120 17
535815000 7
535692528 1
533433600 44
531441000 5
531062784 1
530841600 10
529200000 29
529079040 35
526848000 13
525098700 8
524880000 33
522547200 87
518616000 13
518400000 51
516678750 1
516311040 1
516096000 38
514500000 1
514382400 54
512096256 6
512000000 2
510300000 31
510183360 6
508243680 1
508032000 102
504210000 1
504094752 1
504000000 21
503884800 37
501760000 17
501645312 2
500094000 24
497871360 5
497664000 68
496125000 3
496011600 16
495452160 3
493920000 28
493807104 2
492075000 1
491724800 1
491520000 9
490092120 1
490000000 5
489888000 116
487710720 30
486202500 3
486091368 2
486000000 19
484041600 3
483840000 116
483729408 5
482233500 7
481689600 3
480200000 2
480090240 31
480000000 8
478296900 3
477757440 4
476280000 70
476171136 5
474163200 28
472588830 2
472500000 4
472392000 31
471859200 2
470400000 23
470292480 40
466754400 11
466560000 90
464486400 48
463050000 10
462944160 12
462422016 1
460992000 6
460800000 31
459270000 22
458752000 4
457228800 110
455196672 2
453789000 1
453600000 104
453496320 22
451584000 61
450084600 16
450000000 6
449576960 1
448084224 3
448000000 13
447897600 54
446512500 2
446410440 5
445906944 1
444528000 62
442867500 1
442552320 3
442368000 30
441000000 16
440899200 85
439040000 7
438939648 9
437400000 24
435637440 3
435456000 155
434010150 1
433520640 12
432180000 11
432081216 3
432000000 26
430259200 1
430080000 31
429981696 1
428652000 66
426746880 32
425250000 8
425152800 5
424673280 1
423536400 2
423360000 112
423263232 5
421478400 10
420175000 1
420078960 8
420000000 3
419904000 78
419430400 1
418037760 40
416745000 13
416649744 3
414892800 19
414720000 82
413343000 18
412876800 10
411600000 9
411505920 54
410062500 1
409600000 5
408410100 1
408240000 112
408146688 2
406425600 90
405076140 6
405000000 6
404619264 1
403368000 5
403200000 71
403107840 18
401861250 2
401769396 1
401408000 12
400075200 59
398580750 2
398297088 1
398131200 49
396900000 38
396809280 28
396361728 1
395136000 48
393824025 2
393660000 19
393379840 1
393216000 2
392073696 2
392000000 3
391910400 157
390168576 5
388962000 19
388800000 66
387233280 3
387072000 124
385875000 1
385786800 50
385351680 2
384160000 6
384072192 17
384000000 17
382725000 10
382637520 1
382205952 2
381024000 172
379330560 20
378157500 2
378071064 3
378000000 41
377913600 67
377487360 3
376320000 36
376233984 10
375070500 8
373403520 27
373248000 95
372008700 5
371589120 16
370440000 45
370355328 7
368793600 17
368640000 30
367569090 1
367500000 2
367416000 121
367001600 1
365783040 70
364568526 1
364500000 9
363031200 8
362880000 180
362797056 4
361267200 38
360150000 2
360067680 20
360000000 13
358400000 12
358318080 23
357210000 57
357128352 3
355622400 71
354294000 10
354041856 1
353894400 13
352800000 39
352719360 59
351232000 13
350065800 15
350000000 2
349920000 105
348509952 1
348364800 143
347287500 1
347208120 11
346816512 2
345744000 23
345600000 61
344452500 6
344373768 1
344064000 18
343000000 4
342921600 142
341397504 5
340341750 2
340200000 87
340122240 14
339738624 1
338829120 1
338688000 144
337563450 2
337182720 2
336140000 1
336063168 3
336000000 23
335923200 98
334807830 1
334430208 10
333396000 60
331914240 10
331776000 87
330750000 6
330674400 68
330301440 8
329280000 25
329204736 13
328050000 13
326728080 1
326592000 243
325140480 38
324135000 9
324060912 3
324000000 40
322694400 2
322560000 106
322486272 7
321489000 46
321126400 8
320060160 63
320000000 3
318937500 1
318864600 4
318504960 10
317652300 1
317520000 148
317447424 10
316108800 42
315059220 7
315000000 8
314928000 71
314572800 2
313600000 16
313528320 91
312558750 1
312500000 1
312487308 3
311169600 25
311040000 130
310007250 1
309786624 2
309657600 76
308700000 29
308629440 66
308281344 1
307328000 5
307200000 12
306307575 1
306180000 103
306110016 3
304819200 179
303750000 2
303464448 2
302526000 2
302400000 126
302330880 37
301989888 1
301056000 50
300125000 1
300056400 45
300000000 1
298722816 6
298598400 93
297675000 10
297606960 15
297271296 4
296352000 102
295245000 2
295034880 7
294912000 20
294055272 1
294000000 19
293932800 173
293601280 1
292626432 13
291721500 9
291600000 87
290424960 8
290304000 238
289340100 15
289013760 14
288120000 12
288054144 18
288000000 38
286978140 1
286720000 21
286654464 4
285768000 183
284497920 47
283500000 27
283435200 31
283115520 4
282357600 2
282240000 125
282175488 20
281302875 1
280985600 7
280052640 25
280000000 9
279936000 183
278691840 66
277830000 36
277766496 8
276595200 30
276480000 96
275625000 2
275562000 64
275251200 6
274400000 17
274337280 104
273375000 3
272273400 5
272160000 228
272097792 3
270950400 120
270112500 1
270050760 13
270000000 8
268912000 2
268800000 49
268738560 53
267907500 15
267846264 1
266716800 124
265720500 4
265531392 1
265420800 42
264600000 59
264539520 79
264241152 3
263424000 47
262549350 5
262500000 1
262440000 72
262144000 3
261382464 4
261273600 296
260406090 2
260112384 9
259308000 36
259200000 127
258155520 4
258048000 102
257250000 3
257191200 121
256901120 1
256048128 28
256000000 6
255150000 43
255091680 11
254803968 2
254121840 2
254016000 287
252887040 23
252105000 2
252047376 3
252000000 57
251942400 126
250880000 22
250822656 13
250047000 41
250000000 1
248935680 28
248832000 174
248062500 3
248005800 23
247726080 18
246960000 73
246903552 29
246037500 4
245862400 10
245760000 17
245046060 3
244944000 257
243855360 105
243101250 3
243045684 4
243000000 21
242020800 9
241920000 226
241864704 9
241116750 4
240844800 21
240100000 2
240045120 81
240000000 10
239148450 2
238878720 36
238140000 122
238085568 10
237081600 116
236294415 1
236250000 3
236196000 52
235929600 12
235200000 54
235146240 114
234365481 1
233377200 26
233280000 203
232339968 4
232243200 185
231525000 7
231472080 31
231211008 4
230496000 30
230400000 83
229635000 41
229582512 1
229376000 10
228709656 1
228614400 288
227812500 1
227598336 6
226894500 3
226800000 171
226748160 47
226492416 1
225886080 2
225792000 153
225042300 18
225000000 1
224042112 11
224000000 17
223948800 176
223256250 3
223205220 9
222953472 5
222264000 156
221433750 1
221276160 21
221184000 81
220541454 2
220500000 21
220449600 175
220200960 3
219520000 22
219469824 31
218791125 1
218700000 40
217818720 4
217728000 400
217005075 1
216760320 47
216090000 21
216040608 11
216000000 68
215129600 3
215040000 70
214990848 16
214326000 109
213373440 88
212625000 7
212576400 13
212336640 15
211768200 2
211680000 218
211631616 24
210739200 21
210039480 12
210000000 9
209952000 184
209018880 146
208372500 13
208324872 5
207446400 54
207360000 215
206671500 22
206438400 49
205800000 18
205752960 138
204800000 8
204205050 5
204120000 270
204073344 6
203297472 1
203212800 292
202538070 5
202500000 11
202309632 1
201684000 3
201600000 155
201553920 87
201326592 1
200704000 25
200037600 136
200000000 4
199148544 12
199065600 131
198450000 54
198404640 56
198180864 8
197568000 114
196875000 1
196830000 34
196689920 2
196608000 24
196036848 8
196000000 22
195955200 379
195084288 32
194481000 20
194400000 137
193616640 10
193536000 283
192937500 1
192893400 67
192675840 10
192080000 9
192036096 22
192000000 27
191362500 7
191318760 1
191102976 7
190591380 1
190512000 335
189665280 64
189078750 1
189035532 1
189000000 54
188956800 108
188743680 2
188238400 1
188160000 119
188116992 29
187535250 4
187500000 1
186701760 53
186624000 303
186004350 3
185794560 70
185220000 94
185177664 23
184396800 23
184320000 82
183750000 1
183708000 217
183500800 7
182891520 185
182250000 16
181515600 16
181440000 384
181398528 19
180633600 110
180075000 3
180033840 50
180000000 16
179200000 27
179159040 84
178605000 60
178564176 9
177811200 212
177187500 1
177147000 21
177020928 5
176947200 43
176400000 104
176359680 186
176160768 1
175616000 24
175032900 11
175000000 1
174960000 212
174254976 5
174182400 402
173643750 1
173604060 7
173408256 6
172872000 41
172800000 159
172226250 2
172103680 3
172032000 60
171500000 3
171460800 269
170698752 27
170170875 1
170100000 119
170061120 31
169869312 2
169414560 2
169344000 369
168781725 1
168750000 1
168591360 16
168070000 3
168031584 13
168000000 53
167961600 220
167215104 37
166698000 94
165957120 47
165888000 226
165375000 11
165337200 74
165150720 19
164640000 68
164602368 57
164025000 9
163840000 9
163364040 11
163296000 526
162570240 154
162067500 7
162030456 11
162000000 66
161347200 12
161280000 256
161243136 21
160744500 29
160563200 16
160030080 108
160000000 7
159468750 1
159432300 4
159252480 38
158826150 1
158760000 261
158723712 21
158054400 130
157529610 5
157500000 20
157464000 144
157351936 1
157286400 5
156800000 41
156764160 251
156243654 3
155584800 68
155520000 326
154893312 1
154828800 200
154350000 20
154314720 110
154140672 2
153664000 16
153600000 44
153090000 111
153055008 7
152473104 1
152409600 449
151875000 2
151732224 11
151263000 3
151200000 209
151165440 74
150590720 1
150528000 118
150062500 1
150028200 77
150000000 2
149361408 22
149299200 254
148837500 8
148803480 18
148635648 11
148176000 203
147622500 5
147517440 16
147456000 74
147000000 21
146966400 368
146800640 3
146313216 49
145860750 4
145800000 103
145212480 18
145152000 615
144670050 9
144506880 49
144060000 17
144027072 40
144000000 73
143360000 44
143327232 16
142884000 289
142248960 152
141776649 2
141750000 39
141717600 69
141557760 13
141120000 249
141087744 68
140492800 16
140026320 32
140000000 10
139968000 353
139345920 194
138915000 46
138883248 17
138297600 72
138240000 206
137781000 67
137625600 40
137200000 19
137168640 254
136687500 3
136136700 5
136080000 472
136048896 14
135531648 1
135475200 303
135025380 28
135000000 19
134873088 2
134456000 10
134400000 111
134369280 137
133953750 8
133923132 2
133358400 236
132860250 2
132765696 20
132710400 141
132355125 2
132300000 93
132269760 116
132120576 1
131712000 85
131274675 1
131250000 1
131220000 125
131072000 4
130691232 5
130636800 642
130203045 2
130056192 26
129654000 47
129600000 224
129077760 3
129024000 261
128625000 5
128595600 186
128450560 2
128024064 43
128000000 22
127575000 38
127545840 17
127401984 12
127060920 3
127008000 559
126443520 66
126052500 3
126023688 11
126000000 95
125971200 235
125829120 2
125440000 45
125411328 59
125023500 48
125000000 1
124467840 70
124416000 424
124002900 21
123863040 76
123480000 121
123451776 53
123018750 1
122931200 19
122880000 52
122523030 2
122500000 2
122472000 475
121927680 291
121522842 1
121500000 33
121010400 19
120960000 544
120932352 32
120558375 1
120472576 1
120422400 73
120050000 2
120022560 134
120000000 9
119439360 129
119070000 145
119042784 19
118540800 249
118125000 3
118098000 65
118013952 2
117964800 29
117649000 3
117600000 105
117573120 314
116688600 44
116640000 345
116169984 3
116121600 508
115762500 9
115736040 61
115605504 7
115248000 44
115200000 154
114817500 30
114791256 2
114688000 38
114354828 3
114307200 569
113799168 32
113447250 3
113400000 237
113374080 59
112943040 1
112896000 363
112521150 10
112500000 4
112394240 4
112021056 17
112000000 32
111974400 382
111602610 5
111476736 35
111178305 1
111132000 211
110638080 46
110592000 242
110250000 23
110224800 232
110100480 12
109760000 38
109734912 68
109350000 44
108909360 15
108864000 878
108380160 151
108045000 9
108020304 17
108000000 102
107564800 10
107520000 188
107495424 40
107163000 122
106686720 224
106312500 5
106288200 24
106168320 49
105884100 1
105840000 363
105815808 74
105369600 67
105019740 20
105000000 14
104976000 317
104857600 4
104509440 367
104186250 7
104162436 3
103723200 83
103680000 422
103335750 8
103262208 1
103219200 167
102900000 34
102876480 238
102400000 23
102060000 337
102036672 10
101606400 607
101269035 1
101250000 4
101154816 17
100842000 9
100800000 274
100776960 167
100352000 68
100018800 171
100000000 5
99574272 25
99532800 331
99225000 44
99202320 73
99090432 12
98784000 199
98415000 27
98344960 10
98304000 34
98018424 5
98000000 22
97977600 816
97542144 58
97240500 22
97200000 232
96808320 18
96768000 649
96468750 2
96446700 43
96337920 29
96040000 20
96018048 57
96000000 65
95681250 3
95659380 3
95551488 19
95295690 2
95256000 527
94832640 166
94517766 1
94500000 59
94478400 148
94371840 6
94119200 1
94080000 213
94058496 83
93767625 1
93350880 70
93312000 641
93002175 3
92897280 220
92610000 97
92588832 45
92198400 54
92160000 196
91875000 4
91854000 220
91750400 16
91445760 413
91125000 13
90757800 15
90720000 708
90699264 31
90354432 1
90316800 262
90037500 3
90016920 56
90000000 29
89915392 2
89600000 55
89579520 211
89302500 46
89282088 9
88942644 1
88905600 352
88573500 17
88510464 17
88473600 144
88200000 143
88179840 303
88080384 1
87808000 58
87516450 15
87500000 3
87480000 214
87127488 13
87091200 891
86802030 16
86704128 25
86436000 61
86400000 271
86051840 4
86016000 148
85766121 1
85750000 4
85730400 423
85349376 84
85050000 111
85030560 45
84934656 3
84707280 6
84672000 672
84375000 2
84295680 42
84035000 1
84015792 26
84000000 67
83980800 435
83607552 91
83349000 103
82978560 78
82944000 498
82687500 11
82668600 101
82575360 43
82320000 115
82301184 92
82012500 7
81920000 24
81682020 8
81648000 903
81285120 339
81033750 4
81015228 8
81000000 79
80673600 16
80640000 504
80621568 40
80372250 10
80281600 39
80015040 271
80000000 17
79716150 5
79626240 154
79380000 334
79361856 49
79027200 215
78750000 7
78732000 175
78643200 26
78400000 77
78382080 524
77792400 97
77760000 550
77446656 8
77414400 529
77175000 24
77157360 153
77070336 6
76832000 36
76800000 99
76545000 112
76527504 6
76204800 898
75866112 28
75631500 6
75600000 360
75582720 158
75497472 1
75295360 1
75264000 265
75014100 51
75000000 3
74680704 39
74649600 569
74401740 19
74317824 33
74088000 321
73811250 2
73758720 24
73728000 173
73500000 24
73483200 558
73400320 3
73156608 115
72930375 2
72900000 136
72606240 22
72576000 1176
72335025 2
72253440 104
72030000 23
72013536 61
72000000 114
71680000 93
71663616 43
71442000 321
71124480 283
70875000 25
70858800 71
70778880 33
70589400 1
70560000 390
70543872 111
70246400 32
70013160 37
70000000 14
69984000 609
69672960 422
69457500 33
69441624 24
69148800 112
69120000 505
68890500 42
68841472 1
68812800 87
68600000 24
68584320 488
68068350 4
68040000 607
68024448 27
67765824 3
67737600 654
67512690 11
67500000 23
67436544 8
67228000 4
67200000 215
67184640 254
66976875 3
66706983 1
66679200 337
66382848 33
66355200 359
66150000 97
66134880 154
66060288 5
65856000 194
65610000 109
65536000 15
65345616 7
65318400 1192
65028096 78
64827000 36
64800000 327
64538880 9
64512000 536
64312500 1
64297800 169
64225280 5
64012032 98
64000000 26
63787500 27
63772920 12
63700992 20
63530460 2
63504000 919
63221760 125
63026250 1
63011844 9
63000000 105
62985600 347
62914560 6
62720000 108
62705664 139
62511750 23
62233920 103
62208000 837
62001450 15
61931520 187
61740000 133
61725888 89
61465600 28
61440000 109
61261515 1
61250000 2
61236000 551
60963840 555
60761421 1
60750000 38
60505200 16
60480000 848
60466176 57
60236288 1
60211200 159
60025000 3
60011280 177
60000000 25
59719680 274
59535000 148
59521392 27
59295096 1
59270400 432
59062500 3
59049000 49
59006976 10
58982400 100
58824500 1
58800000 136
58786560 568
58344300 38
58320000 545
58084992 12
58060800 1072
57881250 1
57868020 33
57802752 23
57624000 49
57600000 241
57408750 10
57344000 50
57177414 1
57153600 754
56899584 100
56723625 1
56700000 252
56687040 101
56623104 8
56471520 1
56448000 662
56260575 4
56250000 2
56197120 19
56010528 37
56000000 61
55987200 734
55801305 2
55738368 96
55566000 241
55319040 91
55296000 483
55125000 18
55112400 267
55050240 40
54880000 59
54867456 181
54675000 32
54454680 15
54432000 1411
54190080 336
54022500 3
54010152 25
54000000 139
53782400 12
53760000 364
53747712 65
53581500 115
53343360 359
53156250 1
53144100 15
53084160 134
52920000 484
52907904 103
52684800 150
52509870 14
52500000 10
52488000 392
52428800 6
52254720 726
52093125 2
52081218 1
51861600 130
51840000 784
51667875 5
51631104 6
51609600 368
51450000 22
51438240 323
51380224 1
51200000 41
51030000 320
51018336 16
50824368 1
50803200 1094
50625000 2
50577408 30
50421000 7
50400000 405
50388480 318
50176000 107
50009400 161
50000000 4
49787136 41
49766400 710
49612500 28
49601160 58
49545216 30
49392000 360
49207500 22
49172480 15
49152000 101
49009212 6
49000000 17
48988800 1167
48771072 147
48620250 17
48600000 252
48404160 28
48384000 1162
48223350 37
48168960 49
48020000 15
48009024 98
48000000 83
47829690 4
47775744 57
47647845 2
47628000 693
47416320 299
47258883 1
47250000 70
47239200 177
47185920 37
47040000 291
47029248 218
46675440 83
46656000 1009
46448640 466
46305000 84
46294416 48
46099200 85
46080000 395
45927000 189
45875200 23
45722880 785
45562500 3
45378900 15
45360000 1023
45349632 37
45177216 1
45158400 544
45008460 63
45000000 20
44957696 2
44800000 107
44789760 410
44651250 18
44641044 6
44452800 522
44286750 3
44255232 27
44236800 321
44100000 161
44089920 408
44040192 3
43904000 91
43758225 2
43740000 278
43563744 7
43545600 1677
43401015 2
43352064 69
43218000 60
43200000 415
43025920 6
43008000 298
42875000 6
42865200 437
42674688 131
42525000 99
42515280 36
42467328 28
42353640 4
42336000 1065
42147840 77
42007896 31
42000000 85
41990400 661
41943040 2
41803776 200
41674500 94
41489280 126
41472000 974
41343750 4
41334300 69
41287680 120
41160000 121
41150592 178
41006250 7
40960000 42
40841010 5
40824000 1172
40642560 698
40507614 8
40500000 89
40336800 17
40320000 833
40310784 100
40186125 4
40140800 70
40007520 299
40000000 14
39813120 301
39690000 320
39680928 64
39513600 411
39375000 7
39366000 160
39337984 1
39321600 47
39200000 84
39191040 910
38896200 76
38880000 810
38723328 8
38707200 960
38587500 8
38578680 143
38535168 13
38416000 30
38400000 150
38272500 64
38263752 2
38118276 1
38102400 1299
37933056 73
37815750 1
37800000 414
37791360 228
37748736 3
37647680 1
37632000 401
37507050 41
37500000 1
37340352 67
37324800 1061
37209375 1
37200870 12
37158912 91
37044000 378
36879360 45
36864000 327
36750000 26
36741600 649
36700160 11
36578304 240
36450000 97
36303120 26
36288000 1845
36126720 247
36015000 11
36006768 62
36000000 137
35840000 142
35831808 116
35721000 274
35562240 473
35437500 16
35429400 67
35389440 105
35294700 2
35280000 586
35271936 175
35123200 64
35006580 40
35000000 9
34992000 875
34836480 922
34728750 16
34720812 17
34574400 132
34560000 773
34445250 34
34420736 2
34406400 180
34300000 21
34292160 646
34034175 3
34020000 631
34012224 29
33882912 3
33868800 1145
33756345 3
33750000 10
33718272 15
33614000 6
33600000 291
33592320 509
33339600 336
33191424 47
33177600 786
33075000 76
33067440 190
33030144 18
32928000 245
32805000 86
32768000 37
32672808 7
32659200 1883
32514048 177
32413500 32
32400000 435
32269440 16
32256000 963
32156250 1
32148900 129
32112640 21
32006016 163
32000000 46
31893750 9
31886460 12
31850496 51
31765230 2
31752000 1071
31610880 252
31505922 10
31500000 93
31492800 422
31457280 17
31360000 155
31352832 288
31255875 5
31116960 154
31104000 1346
31000725 2
30965760 427
30870000 116
30862944 103
30732800 38
30720000 222
30618000 567
30481920 1019
30375000 22
30252600 19
30240000 1195
30233088 109
30118144 1
30105600 344
30012500 2
30005640 170
30000000 25
29859840 553
29767500 80
29760696 20
29647548 1
29635200 607
29524500 35
29503488 16
29491200 195
29412250 2
29400000 147
29393280 798
29172150 13
29160000 572
29042496 20
29030400 1847
28940625 3
28934010 26
28901376 46
28812000 65
28800000 369
28704375 1
28672000 104
28576800 929
28449792 156
28350000 212
28343520 107
28311552 17
28235760 4
28224000 1012
28098560 27
28005264 45
28000000 43
27993600 1161
27869184 225
27783000 181
27659520 142
27648000 877
27562500 6
27556200 210
27525120 50
27440000 73
27433728 283
27337500 21
27227340 16
27216000 1880
27095040 621
27011250 8
27005076 23
27000000 134
26891200 16
26880000 484
26873856 150
26790750 37
26671680 462
26572050 8
26542080 297
26471025 3
26460000 559
26453952 159
26342400 241
26254935 4
26250000 11
26244000 401
26214400 12
26127360 1283
25930800 129
25920000 987
25815552 3
25804800 669
25725000 26
25719120 349
25690112 3
25600000 81
25515000 205
25509168 7
25412184 4
25401600 1632
25312500 1
25288704 60
25210500 6
25200000 488
25194240 472
25088000 187
25004700 119
25000000 5
24893568 68
24883200 1250
24806250 15
24800580 43
24772608 67
24696000 380
24603750 8
24586240 18
24576000 191
24504606 6
24500000 19
24494400 1341
24385536 282
24310125 2
24300000 226
24202080 31
24192000 1961
24111675 11
24084480 132
24010000 12
24004512 149
24000000 95
23887872 112
23814000 677
23708160 473
23625000 42
23619600 169
23592960 71
23529800 2
23520000 421
23514624 312
23337720 71
23328000 1334
23224320 926
23152500 42
23147208 47
23049600 93
23040000 599
22968750 1
22963500 117
22937600 65
22861440 1021
22781250 1
22689450 7
22680000 1167
22674816 69
22588608 1
22579200 968
22504230 36
22500000 22
22478848 2
22400000 146
22394880 757
22325625 2
22320522 5
22226400 562
22127616 50
22118400 595
22050000 110
22044960 471
22020096 12
21952000 122
21875000 2
21870000 215
21781872 14
21772800 2494
21676032 122
21609000 55
21600000 472
21512960 9
21504000 589
21437500 1
21432600 334
21337344 193
21262500 44
21257640 42
21233664 47
21176820 3
21168000 1348
21073920 134
21008750 2
21003948 16
21000000 87
20995200 839
20971520 3
20901888 355
20837250 35
20744640 172
20736000 1515
20671875 1
20667150 34
20643840 298
20580000 119
20575296 225
20480000 74
20420505 1
20412000 1235
20321280 1116
20253807 1
20250000 65
20168400 26
20160000 1054
20155392 147
20070400 122
20003760 314
20000000 16
19906560 571
19845000 226
19840464 52
19756800 574
19687500 1
19683000 133
19668992 3
19660800 101
19600000 86
19595520 1308
19448100 46
19440000 951
19361664 20
19353600 1599
19293750 2
19289340 100
19267584 21
19208000 36
19200000 228
19136250 30
19131876 3
19059138 1
19051200 1438
18966528 137
18900000 403
18895680 254
18874368 11
18823840 2
18816000 656
18753525 10
18750000 2
18670176 65
18662400 1626
18600435 2
18579456 198
18522000 350
18439680 79
18432000 615
18375000 12
18370800 621
18350080 18
18289152 436
18225000 63
18151560 29
18144000 2414
18063360 456
18007500 6
18003384 59
18000000 139
17920000 228
17915904 198
17860500 177
17781120 603
17718750 6
17714700 32
17694720 247
17647350 1
17640000 578
17635968 238
17561600 103
17503290 26
17500000 10
17496000 847
17418240 1509
17364375 3
17360406 8
17294403 1
17287200 145
17280000 1096
17222625 1
17210368 4
17203200 349
17150000 16
17146080 662
17010000 530
17006112 43
16941456 4
16934400 1673
16875000 9
16859136 29
16807000 3
16800000 342
16796160 756
16669800 308
16595712 71
16588800 1178
16537500 44
16533720 148
16515072 41
16464000 275
16406250 1
16402500 53
16384000 58
16336404 8
16329600 2188
16257024 317
16206750 14
16200000 412
16134720 23
16128000 1441
16074450 49
16056320 45
16003008 186
16000000 36
15946875 1
15943230 3
15925248 135
15876000 1138
15805440 364
15752961 2
15750000 80
15746400 441
15728640 22
15680000 202
15676416 451
15558480 108
15552000 1817
15482880 769
15435000 95
15431472 117
15366400 62
15360000 319
15309000 400
15240960 1451
15187500 5
15126300 21
15120000 1418
15116544 137
15059072 1
15052800 495
15006250 1
15002820 105
15000000 20
14929920 933
14883750 35
14880348 17
14823774 1
14817600 696
14762250 11
14751744 19
14745600 367
14700000 143
14696640 947
14680064 3
14586075 4
14580000 540
14521248 22
14515200 2790
14467005 1
14450688 92
14406000 64
14400000 463
14348907 1
14336000 195
14288400 853
14224896 257
14175000 159
14171760 105
14155776 41
14117880 2
14112000 1197
14062500 2
14049280 48
14002632 25
14000000 50
13996800 1384
13934592 405
13891500 112
13829760 168
13824000 1390
13781250 1
13778100 136
13762560 132
13720000 73
13716864 376
13668750 6
13613670 10
13608000 1988
13547520 984
13505625 1
13502538 5
13500000 113
13445600 7
13440000 702
13436928 237
13395375 5
13335840 481
13286025 1
13271040 522
13230000 421
13226976 141
13176688 1
13171200 364
13125000 3
13122000 362
13107200 25
13063680 1842
12965400 112
12960000 1281
12907776 13
12902400 1149
12862500 9
12859560 291
12845056 3
12800000 111
12757500 126
12754584 14
12706092 1
12700800 1991
12656250 2
12644352 96
12605250 3
12600000 443
12597120 571
12582912 3
12544000 234
12502350 42
12500000 3
12446784 85
12441600 1854
12403125 2
12400290 20
12386304 146
12348000 378
12293120 31
12288000 292
12250000 20
12247200 1341
12192768 437
12150000 176
12101040 31
12096000 2412
12042240 233
12005000 9
12002256 121
12000000 107
11943936 222
11907000 449
11854080 656
11812500 13
11809800 128
11796480 119
11760000 440
11757312 414
11668860 62
11664000 1552
11612160 1527
11576250 18
11573604 20
11524800 122
11520000 860
11481750 47
11468800 101
11430720 1225
11340000 916
11337408 71
11294304 3
11289600 1312
11252115 13
11250000 16
11239424 15
11200000 144
11197440 1060
11113200 493
11063808 68
11059200 985
11025000 83
11022480 424
11010048 21
10976000 143
10935000 160
10890936 16
10886400 3076
10838016 262
10804500 42
10800000 560
10756480 9
10752000 787
10716300 214
10668672 264
10631250 10
10628820 15
10616832 101
10588410 3
10584000 1352
10536960 179
10501974 13
10500000 75
10497600 884
10485760 5
10450944 584
10418625 8
10372320 182
10368000 2153
10333575 5
10321920 484
10290000 103
10287648 253
10240000 111
10206000 930
10160640 1696
10125000 42
10084200 21
10080000 1268
10077696 209
10035200 178
10001880 234
10000000 16
9953280 937
9922500 139
9920232 58
9878400 707
9843750 2
9841500 64
9834496 6
9830400 173
9800000 73
9797760 1627
9724050 42
9720000 910
9680832 20
9676800 2440
9646875 1
9644670 47
9633792 50
9604000 35
9600000 316
9568125 6
9565938 1
9525600 1458
9483264 202
9450000 280
9447840 276
9437184 19
9411920 3
9408000 767
9375000 2
9335088 60
9331200 1948
9289728 383
9261000 231
9219840 113
9216000 922
9187500 4
9185400 458
9175040 26
9144576 507
9112500 29
9075780 19
9072000 2677
9031680 682
9003750 6
9001692 43
9000000 129
8960000 271
8957952 270
8930250 65
8890560 641
8857350 13
8847360 410
8823675 1
8820000 493
8817984 310
8780800 130
8751645 6
8750000 5
8748000 772
8709120 2156
8680203 4
8643600 157
8640000 1332
8605184 2
8601600 550
8575000 23
8573040 555
8505000 348
8503056 27
8470728 1
8467200 2015
8437500 3
8429568 52
8403500 1
8400000 354
8398080 882
8388608 2
8334900 160
8297856 89
8294400 1844
8268750 12
8266860 96
8257536 74
8235430 1
8232000 283
8201250 18
8192000 93
8168202 8
8164800 2198
8128512 449
8103375 3
8100000 345
8067360 21
8064000 1870
8037225 7
8028160 56
8001504 209
8000000 43
7971615 1
7962624 191
7938000 825
7902720 500
7875000 35
7873200 353
7864320 53
7840000 200
7838208 589
7779240 111
7776000 2135
7741440 1175
7717500 57
7715736 73
7683200 48
7680000 434
7654500 204
7620480 1653
7593750 4
7563150 9
7560000 1300
7558272 148
7526400 775
7501410 42
7500000 10
7464960 1332
7441875 8
7440174 7
7408800 664
7381125 1
7375872 29
7372800 708
7350000 98
7348320 918
7340032 2
7290000 387
7260624 20
7257600 3456
7225344 146
7203000 42
7200000 539
7168000 262
7144200 604
7112448 293
7087500 75
7085880 84
7077888 62
7058940 3
7056000 1283
7024640 67
7001316 25
7000000 43
6998400 1634
6967296 619
6945750 38
6914880 156
6912000 1818
6890625 1
6889050 58
6881280 218
6860000 68
6858432 420
6834375 1
6806835 3
6804000 1693
6773760 1446
6751269 3
6750000 75
6722800 13
6720000 783
6718464 345
6667920 490
6635520 947
6615000 257
6613488 99
6585600 393
6562500 1
6561000 196
6553600 45
6531840 2255
6482700 60
6480000 1245
6453888 10
6451200 1604
6431250 4
6429780 172
6422528 10
6400000 107
6378750 44
6377292 8
6350400 2080
6322176 143
6300000 373
6298560 527
6291456 7
6272000 287
6251175 14
6250000 4
6223392 81
6220800 2461
6200145 6
6193152 261
6174000 295
6146560 50
6144000 445
6125000 6
6123600 1004
6096384 601
6075000 117
6050520 19
6048000 2820
6021120 302
6002500 8
6001128 85
6000000 108
5971968 348
5953500 268
5927040 750
5906250 5
5904900 64
5898240 233
5880000 426
5878656 482
5834430 25
5832000 1489
5806080 2200
5788125 6
5786802 12
5762400 112
5760000 996
5740875 5
5734400 146
5715360 1066
5670000 723
5668704 74
5647152 5
5644800 1571
5625000 7
5619712 12
5600000 157
5598720 1363
5556600 392
5531904 72
5529600 1450
5512500 37
5511240 297
5505024 42
5488000 112
5467500 65
5445468 8
5443200 3141
5419008 356
5402250 12
5400000 490
5378240 8
5376000 1056
5358150 93
5334336 282
5315625 2
5314410 12
5308416 200
5292000 1126
5268480 261
5250000 47
5248800 759
5242880 17
5225472 818
5186160 177
5184000 2374
5160960 739
5145000 69
5143824 228
5120000 149
5103000 597
5080320 1825
5062500 13
5042100 9
5040000 1204
5038848 284
5017600 246
5000940 155
5000000 19
4976640 1424
4961250 48
4960116 27
4939200 608
4921875 1
4920750 27
4917248 8
4915200 301
4900000 63
4898880 1642
4862025 2
4860000 719
4840416 16
4838400 3106
4822335 4
4816896 71
4802000 21
4800000 331
4782969 1
4762800 1120
4741632 234
4725000 174
4723920 211
4718592 46
4705960 1
4704000 801
4687500 3
4667544 48
4665600 2334
4644864 533
4630500 135
4609920 88
4608000 1329
4593750 1
4592700 212
4587520 44
4572288 593
4556250 5
4537890 10
4536000 2423
4515840 984
4501875 3
4500846 16
4500000 86
4480000 296
4478976 425
4465125 18
4445280 599
4428675 3
4423680 603
4410000 382
4408992 256
4390400 152
4375000 3
4374000 581
4354560 2620
4321800 91
4320000 1364
4302592 6
4300800 781
4287500 6
4286520 413
4252500 171
4251528 17
4235364 2
4233600 2116
4214784 70
4201750 5
4200000 286
4199040 975
4194304 3
4167450 72
4148928 79
4147200 2382
4134375 2
4133430 36
4128768 143
4116000 265
4096000 131
4084101 2
4082400 2016
4064256 667
4050000 190
4033680 20
4032000 2163
4014080 98
4000752 166
4000000 49
3981312 321
3969000 531
3951360 593
3937500 13
3936600 204
3932160 80
3920000 176
3919104 730
3889620 80
3888000 2178
3870720 1684
3858750 13
3857868 54
3841600 61
3840000 567
3827250 63
3810240 1654
3796875 1
3781575 1
3780000 991
3779136 142
3763200 869
3750705 11
3750000 11
3732480 1689
3720087 2
3704400 522
3687936 44
3686400 882
3675000 51
3674160 659
3670016 7
3645000 196
3630312 10
3628800 3725
3612672 232
3601500 21
3600000 471
3584000 317
3572100 309
3556224 326
3543750 16
3542940 51
3538944 106
3528000 1184
3512320 77
3500658 12
3500000 33
3499200 1489
3483648 869
3472875 9
3457440 171
3456000 2247
3444525 12
3440640 307
3430000 44
3429216 375
3402000 1181
3386880 1663
3375000 41
3361400 6
3360000 761
3359232 380
3333960 330
3317760 1297
3307500 117
3306744 84
3292800 432
3281250 1
3280500 103
3276800 75
3265920 2260
3241350 26
3240000 1059
3226944 11
3225600 2056
3215625 1
3214890 61
3211264 16
3200000 115
3189375 2
3188646 3
3175200 1660
3161088 170
3150000 249
3149280 466
3145728 9
3136000 290
3111696 57
3110400 2809
3096576 425
3087000 175
3073280 42
3072000 578
3062500 2
3061800 711
3048192 702
3037500 43
3025260 12
3024000 2670
3010560 448
3001250 2
3000564 52
3000000 84
2985984 471
2976750 71
2963520 701
2953125 1
2952450 12
2949120 383
2940000 316
2939328 480
2917215 3
2916000 1182
2903040 2670
2893401 8
2881200 87
2880000 1083
2867200 217
2857680 841
2835000 382
2834352 58
2823576 2
2822400 1666
2812500 7
2809856 18
2800000 141
2799360 1537
2778300 208
2765952 79
2764800 1921
2756250 17
2755620 159
2752512 60
2744000 114
2733750 18
2722734 2
2721600 2953
2709504 574
2701125 3
2700000 347
2689120 14
2688000 1212
2679075 17
2667168 251
2654208 272
2646000 773
2634240 313
2625000 19
2624400 575
2621440 32
2612736 920
2593080 101
2592000 2418
2580480 1035
2572500 34
2571912 129
2560000 166
2551500 272
2540160 1865
2531250 5
2521050 1
2520000 1029
2519424 259
2508800 276
2500470 59
2500000 5
2488320 1826
2480625 8
2480058 8
2469600 493
2460375 1
2458624 16
2457600 391
2450000 36
2449440 1335
2430000 478
2420208 14
2419200 3491
2408448 114
2401000 24
2400000 306
2381400 707
2370816 276
2362500 64
2361960 133
2359296 59
2352000 720
2333772 31
2332800 2246
2322432 742
2315250 35
2304960 100
2304000 1418
2296350 95
2293760 103
2286144 602
2268945 3
2268000 1875
2257920 1172
2250423 7
2250000 70
2240000 299
2239488 529
2222640 498
2211840 910
2205000 188
2204496 214
2195200 167
2187500 2
2187000 334
2177280 2878
2160900 46
2160000 1209
2151296 4
2150400 991
2143750 1
2143260 222
2126250 53
2125764 10
2116800 1892
2107392 84
2100875 1
2100000 190
2099520 917
2083725 13
2074464 91
2073600 2760
2066715 5
2064384 238
2058000 143
2048000 143
2041200 1386
2032128 699
2025000 119
2016840 12
2016000 2125
2007040 145
2000376 113
2000000 30
1990656 486
1984500 275
1975680 530
1968750 6
1968300 122
1966080 152
1960000 144
1959552 737
1944810 25
1944000 1659
1935360 2066
1928934 20
1920800 40
1920000 576
1913625 17
1905120 1383
1890000 604
1889568 110
1882384 1
1881600 932
1875000 2
1866240 1960
1852200 304
1843968 46
1843200 1186
1837500 24
1837080 420
1835008 16
1822500 100
1815156 7
1814400 3560
1806336 282
1800750 5
1800000 355
1792000 385
1786050 114
1778112 305
1771875 3
1771470 8
1769472 195
1764735 2
1764000 850
1756160 79
1750329 3
1750000 24
1749600 1111
1741824 1007
1728720 116
1728000 2179
1720320 472
1715000 27
1714608 280
1701000 644
1693440 1724
1687500 15
1680700 2
1680000 665
1679616 421
1666980 173
1658880 1511
1653750 48
1653372 57
1646400 340
1640250 34
1638400 85
1632960 2066
1620675 10
1620000 783
1613472 9
1612800 2455
1607445 12
1605632 31
1600000 92
1587600 1202
1580544 208
1575000 109
1574640 355
1572864 19
1568000 272
1555848 51
1555200 2735
1548288 519
1543500 81
1536640 31
1536000 705
1531250 1
1530900 296
1524096 747
1518750 10
1512630 6
1512000 2135
1505280 561
1500625 1
1500282 18
1500000 46
1492992 584
1488375 12
1481760 549
1476225 3
1474560 438
1470000 204
1469664 402
1458000 724
1451520 2887
1440600 50
1440000 1013
1433600 250
1428840 509
1417500 161
1417176 41
1411788 2
1411200 1574
1404928 23
1400000 108
1399680 1391
1389150 74
1382976 73
1382400 2208
1378125 2
1377810 51
1376256 85
1372000 80
1366875 4
1361367 1
1360800 2270
1354752 557
1350000 230
1344560 4
1344000 1195
1333584 192
1327104 397
1323000 422
1317120 296
1312500 15
1312200 292
1310720 41
1306368 944
1296540 46
1296000 2142
1290240 1291
1286250 16
1285956 88
1280000 184
1275750 88
1270080 1630
1260000 716
1259712 231
1254400 302
1250235 12
1250000 7
1244160 2077
1240029 1
1234800 361
1229312 10
1228800 496
1225000 21
1224720 897
1215000 268
1210104 6
1209600 3437
1204224 121
1200500 6
1200000 235
1190700 318
1185408 269
1181250 18
1180980 54
1179648 96
1176000 624
1166886 10
1166400 1797
1161216 876
1157625 4
1152480 73
1152000 1575
1148175 13
1146880 110
1143072 441
1134000 1276
1128960 1210
1125000 30
1120000 260
1119744 586
1111320 310
1105920 1143
1102500 81
1102248 123
1097600 143
1093500 153
1088640 2694
1080450 25
1080000 925
1075648 1
1075200 1098
1071875 1
1071630 77
1063125 13
1058841 1
1058400 1388
1053696 89
1050000 133
1049760 665
1048576 9
1037232 59
1036800 2832
1032192 255
1029000 103
1024000 177
1020600 759
1016064 721
1012500 41
1008420 8
1008000 1792
1003520 136
1000188 53
1000000 29
995328 534
992250 65
987840 459
984150 22
983040 199
980000 96
979776 645
972405 6
972000 1199
967680 2230
964467 9
960400 26
960000 549
952560 889
945000 338
944784 80
941192 2
940800 834
937500 2
933120 1837
926100 152
921984 39
921600 1385
918750 2
918540 204
917504 16
911250 21
907578 2
907200 2927
903168 328
900375 1
900000 232
896000 357
893025 17
889056 267
885735 1
884736 256
882000 560
878080 104
875000 9
874800 708
870912 1044
864360 73
864000 2066
860160 564
857500 13
857304 203
850500 319
846720 1620
843750 1
840000 526
839808 402
833490 63
829440 1824
826875 8
826686 21
823200 240
820125 5
819200 107
816480 1556
810000 424
806736 16
806400 2334
802816 30
800000 103
793800 629
790272 191
787500 40
787320 167
786432 20
784000 242
781250 1
777924 14
777600 2419
774144 607
771750 27
768320 24
768000 709
765450 84
762048 625
759375 1
756315 5
756000 1535
752640 612
750141 5
750000 32
746496 636
740880 381
737280 666
735000 125
734832 235
729000 343
725760 2680
720300 26
720000 776
716800 288
714420 247
708750 38
708588 9
705894 1
705600 1241
702464 28
700000 59
699840 1134
694575 19
691488 59
691200 2313
688905 13
688128 101
686000 41
680400 1389
677376 604
675000 88
672280 2
672000 1035
666792 129
663552 432
661500 182
658560 253
656250 2
656100 146
655360 46
653184 929
648270 16
648000 1590
645120 1362
643125 2
642978 26
640000 179
637875 9
635040 1194
630000 407
629856 170
627200 263
625000 1
622080 1929
617400 212
614656 15
614400 580
612500 5
612360 482
607500 118
605052 6
604800 2756
602112 172
600250 5
600000 179
595350 136
592704 222
590625 3
590490 13
589824 134
588000 423
583443 4
583200 1292
580608 856
576240 54
576000 1441
573440 128
571536 313
567000 567
564480 1098
562500 8
560000 217
559872 553
555660 149
552960 1259
551250 16
551124 50
548800 106
546750 29
544320 2130
540225 3
540000 595
537600 1141
535815 14
529200 839
526848 110
525000 58
524880 457
524288 7
518616 19
518400 2540
516096 343
514500 37
512000 232
510300 318
508032 684
506250 18
504210 2
504000 1368
501760 158
500094 26
500000 18
497664 585
496125 13
493920 357
492075 5
491520 243
490000 63
489888 457
486000 706
483840 2247
480200 10
480000 435
476280 479
472500 115
472392 62
470596 1
470400 640
466560 1567
463050 39
460992 27
460800 1364
459270 69
458752 26
455625 7
453600 1966
451584 350
450000 138
448000 317
444528 153
442368 295
441000 283
439040 76
437500 5
437400 367
435456 905
432180 40
432000 1590
430080 570
428750 8
428652 82
425250 77
423360 1262
420000 318
419904 321
416745 8
414720 1876
413343 2
411600 158
409600 103
408240 1023
405000 204
403368 2
403200 1988
401408 29
400000 63
396900 243
395136 161
393750 13
393660 90
393216 35
392000 168
388962 11
388800 1770
387072 644
385875 6
384160 28
384000 670
382725 12
381024 431
378000 873
376320 513
375000 16
373248 602
370440 210
368640 710
367500 34
367416 150
364500 136
362880 2272
360150 8
360000 590
358400 321
357210 91
354375 5
354294 6
352947 1
352800 816
351232 33
350000 36
349920 780
345744 24
345600 2154
344064 131
343000 23
340200 747
338688 506
337500 32
336140 1
336000 787
333396 48
331776 506
330750 44
329280 192
328050 28
327680 55
326592 689
324135 4
324000 1045
322560 1387
321489 4
320000 147
317520 706
315000 210
314928 114
313600 216
311040 1773
308700 75
307328 13
307200 649
306250 1
306180 243
303750 26
302526 3
302400 2039
301056 155
300000 103
297675 9
296352 148
295245 4
294912 168
294000 220
291600 710
290304 934
288120 26
288000 1177
286720 145
285768 195
283500 259
282240 920
280000 129
279936 431
277830 45
276480 1325
275625 4
275562 23
274400 61
273375 5
272160 1439
270000 333
268912 3
268800 1026
264600 424
263424 75
262500 24
262440 211
262144 4
259308 16
259200 1996
258048 366
257250 14
256000 186
255150 93
254016 462
253125 3
252105 2
252000 919
250880 148
250047 4
250000 10
248832 668
246960 200
245760 257
245000 38
244944 291
243000 333
241920 1953
240100 5
240000 340
238140 209
236250 35
236196 31
235200 486
233280 1104
231525 5
230496 23
230400 1292
229635 14
229376 22
226800 1136
225792 355
225000 54
224000 260
222264 88
221184 313
220500 102
219520 55
218700 158
217728 791
216090 11
216000 1098
215040 590
214375 1
214326 30
212625 4
211680 830
210000 175
209952 224
207360 1666
205800 66
204800 163
204120 510
202500 76
201684 3
201600 1511
200704 38
200000 42
198450 75
197568 126
196875 2
196830 19
196608 56
196000 87
194481 1
194400 1111
193536 692
192080 12
192000 642
190512 276
189000 391
188160 410
187500 5
186624 586
185220 97
184320 738
183750 9
183708 65
182250 28
181440 1638
180075 1
180000 338
179200 269
178605 20
176400 453
175616 20
175000 14
174960 478
172872 21
172800 1771
172032 136
171500 11
170100 312
169344 467
168750 4
168000 524
166698 25
165888 584
165375 6
164640 131
164025 5
163840 66
163296 479
162000 556
161280 1234
160000 123
158760 357
157500 68
157464 65
156800 166
155520 1362
154350 24
153664 6
153600 580
153090 63
151875 5
151200 1275
150528 131
150000 49
148176 105
147456 153
147000 116
145800 358
145152 773
144060 8
144000 890
143360 152
142884 75
141750 52
141120 607
140000 71
139968 372
138915 8
138240 1241
137781 2
137200 38
136080 816
135000 140
134456 1
134400 819
132300 184
131712 84
131250 2
131220 87
131072 11
129654 11
129600 1304
129024 357
128625 2
128000 174
127575 13
127008 374
126000 467
125440 115
125000 1
124416 561
123480 97
122880 266
122500 9
122472 148
121500 140
120960 1452
120050 1
120000 211
119070 66
118125 4
118098 9
117600 328
116640 709
115248 15
115200 1107
114688 29
113400 518
112896 275
112500 21
112000 167
111132 34
110592 350
110250 27
109760 47
109350 42
108864 584
108045 1
108000 697
107520 557
107163 2
105840 459
105000 73
104976 147
103680 1355
102900 28
102400 131
102060 186
101250 20
100800 1008
100352 31
100000 19
99225 12
98784 92
98415 5
98304 55
98000 52
97200 620
96768 589
96040 5
96000 446
95256 143
94500 124
94080 350
93312 410
92610 29
92160 695
91854 25
91125 3
90720 1006
90000 167
89600 226
88200 226
87808 14
87500 6
87480 217
86436 7
86400 1225
86016 128
85750 1
85050 70
84672 319
84000 333
83349 5
82944 432
82320 66
81920 66
81648 272
81000 237
80640 1000
80000 87
79380 157
78750 15
78732 27
78400 107
77760 959
77175 2
76832 7
76800 529
76545 5
75600 624
75264 138
75000 20
74088 41
73728 170
73500 36
72900 117
72576 549
72030 2
72000 538
71680 125
71442 24
70875 9
70560 381
70000 44
69984 222
69120 1019
68600 22
68040 388
67500 48
67200 564
66150 47
65856 51
65625 1
65610 29
65536 6
64827 1
64800 773
64512 361
64000 150
63504 212
63000 192
62720 95
62500 1
62208 426
61740 45
61440 269
61250 3
61236 59
60750 35
60480 946
60000 121
59535 6
58800 165
58320 406
57624 4
57600 856
57344 26
56700 181
56448 186
56250 2
56000 119
55566 14
55296 295
55125 3
54880 31
54675 6
54432 358
54000 323
53760 435
52920 213
52500 27
52488 54
51840 952
51450 9
51200 108
51030 50
50625 4
50400 606
50176 38
50000 12
49392 54
49152 63
49000 23
48600 260
48384 425
48020 1
48000 307
47628 57
47250 34
47040 206
46656 301
46305 6
46080 602
45927 3
45360 501
45000 70
44800 162
44100 71
43904 12
43750 1
43740 84
43218 3
43200 831
43008 133
42525 10
42336 203
42000 155
41472 361
41160 32
40960 59
40824 126
40500 82
40320 706
40000 51
39690 42
39375 1
39366 6
39200 78
38880 574
38416 1
38400 389
37800 280
37632 81
37500 6
37044 22
36864 152
36750 8
36450 27
36288 389
36015 1
36000 323
35840 105
35721 2
35280 170
35000 18
34992 123
34560 798
34300 8
34020 139
33750 9
33600 329
33075 3
32928 35
32805 3
32768 15
32400 413
32256 286
32000 85
31752 90
31500 56
31360 61
31104 336
30870 16
30720 241
30625 1
30618 7
30375 5
30240 581
30000 58
29400 62
29160 205
28812 2
28800 525
28672 22
28350 46
28224 124
28000 63
27783 5
27648 257
27440 17
27216 164
27000 112
26880 298
26460 70
26250 10
26244 25
25920 648
25725 2
25600 98
25515 9
25200 285
25088 17
25000 4
24696 31
24576 35
24500 6
24300 87
24192 344
24010 1
24000 175
23814 10
23520 114
23328 160
23040 523
22680 222
22500 14
22400 108
22050 21
21952 7
21870 22
21609 2
21600 428
21504 113
21168 99
21000 61
20736 292
20580 14
20480 43
20412 47
20250 20
20160 444
20000 24
19845 9
19683 1
19600 31
19440 278
19208 2
19200 274
18900 84
18816 61
18522 4
18432 114
18375 2
18225 4
18144 200
18000 162
17920 70
17640 84
17500 2
17496 42
17280 493
17150 3
17010 41
16875 2
16800 229
16464 20
16384 10
16200 157
16128 216
16000 56
15876 31
15750 16
15680 30
15552 195
15435 2
15360 178
15309 3
15120 276
15000 18
14700 17
14580 58
14400 355
14336 25
14175 1
14112 86
14000 34
13824 209
13720 4
13608 83
13500 32
13440 198
13230 23
13122 6
12960 298
12800 80
12600 117
12544 12
12500 1
12348 5
12288 44
12250 3
12150 28
12096 191
12000 105
11907 3
11760 57
11664 75
11520 327
11340 79
11250 3
11200 69
11025 3
10976 5
10935 1
10800 195
10752 102
10584 42
10500 18
10368 183
10290 2
10240 55
10206 10
10125 3
10080 226
10000 8
9800 15
9720 119
9600 166
9450 23
9408 44
9216 123
9072 107
9000 57
8960 67
8820 23
8750 1
8748 11
8640 288
8575 2
8505 2
8400 79
8232 6
8192 12
8100 56
8064 108
8000 48
7938 5
7875 3
7840 21
7776 112
7680 146
7560 111
7500 6
7350 4
7290 10
7200 190
7168 19
7056 52
7000 9
6912 139
6860 1
6804 29
6750 11
6720 120
6615 2
6480 171
6400 41
6300 40
6272 10
6174 1
6144 34
6075 2
6048 119
6000 40
5880 31
5832 30
5760 189
5670 20
5625 1
5600 41
5488 2
5400 84
5376 57
5292 12
5250 4
5184 114
5145 2
5120 32
5040 109
5000 2
4900 9
4860 45
4800 86
4725 2
4704 24
4608 77
4536 40
4500 20
4480 37
4410 4
4374 6
4320 149
4200 31
4116 1
4096 12
4050 9
4032 70
4000 13
3969 1
3920 12
3888 57
3840 95
3780 29
3645 2
3600 88
3584 11
3528 11
3500 4
3456 98
3402 12
3375 3
3360 59
3240 48
3200 32
3150 16
3136 4
3072 32
3024 62
3000 14
2940 3
2916 7
2880 117
2800 15
2700 19
2688 34
2646 1
2625 1
2592 56
2560 28
2520 40
2450 2
2430 6
2400 55
2352 12
2304 62
2268 16
2250 3
2240 17
2205 1
2160 55
2100 18
2058 1
2048 7
2025 1
2016 38
2000 6
1960 5
1944 16
1920 52
1890 7
1800 28
1792 5
1764 5
1728 51
1701 1
1680 27
1620 13
1600 18
1568 1
1536 29
1512 25
1500 5
1470 1
1458 3
1440 46
1400 4
1350 7
1344 23
1296 26
1280 11
1260 14
1215 1
1200 25
1176 3
1152 33
1134 5
1120 12
1080 29
1050 1
1029 1
1024 3
1008 19
1000 3
980 2
972 3
960 41
900 6
896 4
882 1
875 1
864 29
840 12
810 2
800 4
768 15
756 4
750 1
729 1
720 27
700 3
675 1
672 6
648 11
640 6
630 5
600 13
588 1
576 13
567 2
560 2
540 9
512 1
504 3
500 1
486 2
480 11
450 1
448 3
432 11
420 1
400 4
392 1
384 15
378 1
360 9
336 1
324 1
320 3
300 1
288 5
280 1
256 1
252 1
240 8
224 3
216 4
192 4
180 3
160 2
144 4
108 1
100 1
96 1
84 1
81 1
80 1
30 1
18 1
