3065 1
3041 1
3039 2
3032 1
3029 1
3025 3
3023 1
3022 1
3021 2
3019 1
3018 1
3017 1
3015 2
3014 2
3013 2
3012 1
3011 3
3010 1
3009 2
3008 2
3007 2
3006 3
3005 5
3004 2
3003 7
3002 4
3001 2
3000 8
2999 1
2998 8
2997 6
2996 4
2995 1
2994 5
2993 3
2992 5
2991 5
2990 7
2989 10
2988 5
2987 6
2986 4
2985 8
2984 8
2983 8
2982 17
2981 7
2980 11
2979 15
2978 11
2977 12
2976 13
2975 11
2974 15
2973 15
2972 15
2971 13
2970 22
2969 22
2968 15
2967 18
2966 14
2965 24
2964 28
2963 31
2962 16
2961 38
2960 21
2959 29
2958 32
2957 30
2956 35
2955 42
2954 41
2953 28
2952 46
2951 47
2950 56
2949 49
2948 68
2947 53
2946 57
2945 68
2944 70
2943 69
2942 83
2941 78
2940 72
2939 77
2938 83
2937 88
2936 67
2935 87
2934 91
2933 103
2932 132
2931 106
2930 122
2929 135
2928 129
2927 140
2926 154
2925 167
2924 139
2923 165
2922 196
2921 176
2920 186
2919 179
2918 196
2917 216
2916 203
2915 238
2914 249
2913 227
2912 261
2911 244
2910 302
2909 309
2908 286
2907 284
2906 311
2905 357
2904 384
2903 374
2902 379
2901 398
2900 395
2899 471
2898 455
2897 440
2896 484
2895 478
2894 452
2893 531
2892 534
2891 575
2890 589
2889 572
2888 608
2887 629
2886 651
2885 681
2884 659
2883 723
2882 770
2881 811
2880 840
2879 812
2878 829
2877 875
2876 951
2875 864
2874 943
2873 1051
2872 1020
2871 1047
2870 1104
2869 1128
2868 1133
2867 1233
2866 1221
2865 1302
2864 1325
2863 1324
2862 1322
2861 1366
2860 1498
2859 1433
2858 1440
2857 1534
2856 1599
2855 1573
2854 1751
2853 1772
2852 1782
2851 1820
2850 1818
2849 1915
2848 1943
2847 1992
2846 2056
2845 2103
2844 2061
2843 2228
2842 2151
2841 2218
2840 2381
2839 2304
2838 2399
2837 2471
2836 2568
2835 2602
2834 2680
2833 2692
2832 2816
2831 2830
2830 2866
2829 2904
2828 2969
2827 3061
2826 3126
2825 3140
2824 3189
2823 3281
2822 3351
2821 3489
2820 3451
2819 3421
2818 3547
2817 3641
2816 3640
2815 3741
2814 3845
2813 3872
2812 3904
2811 3972
2810 4020
2809 4068
2808 4113
2807 4253
2806 4157
2805 4291
2804 4337
2803 4419
2802 4595
2801 4521
2800 4610
2799 4562
2798 4627
2797 4692
2796 4995
2795 4921
2794 4911
2793 4917
2792 4824
2791 5058
2790 5176
2789 5049
2788 5222
2787 5198
2786 5295
2785 5467
2784 5497
2783 5440
2782 5473
2781 5573
2780 5446
2779 5530
2778 5739
2777 5818
2776 5623
2775 5644
2774 5792
2773 5967
2772 5866
2771 5891
2770 5915
2769 5967
2768 6108
2767 5991
2766 5891
2765 5987
2764 6128
2763 6161
2762 5940
2761 6070
2760 6036
2759 6166
2758 6092
2757 6182
2756 6194
2755 6055
2754 6212
2753 6098
2752 6204
2751 6142
2750 6199
2749 6121
2748 6152
2747 6320
2746 6252
2745 6141
2744 6143
2743 6272
2742 6250
2741 6217
2740 6280
2739 5897
2738 6104
2737 5994
2736 6152
2735 6109
2734 6042
2733 5975
2732 5884
2731 5982
2730 5898
2729 5940
2728 5739
2727 5821
2726 5804
2725 5853
2724 5834
2723 5690
2722 5708
2721 5616
2720 5631
2719 5514
2718 5364
2717 5458
2716 5372
2715 5353
2714 5198
2713 5204
2712 5017
2711 5206
2710 5067
2709 5084
2708 5113
2707 4860
2706 4944
2705 4826
2704 4876
2703 4803
2702 4744
2701 4603
2700 4582
2699 4672
2698 4627
2697 4465
2696 4331
2695 4377
2694 4248
2693 4184
2692 4103
2691 4163
2690 4091
2689 3937
2688 4060
2687 3753
2686 3882
2685 3701
2684 3615
2683 3577
2682 3539
2681 3486
2680 3362
2679 3388
2678 3235
2677 3248
2676 3244
2675 3017
2674 3096
2673 3039
2672 2935
2671 2883
2670 2793
2669 2784
2668 2735
2667 2750
2666 2641
2665 2637
2664 2505
2663 2441
2662 2484
2661 2372
2660 2354
2659 2362
2658 2173
2657 2271
2656 2035
2655 2205
2654 2021
2653 2005
2652 1879
2651 1843
2650 1822
2649 1707
2648 1817
2647 1714
2646 1691
2645 1671
2644 1638
2643 1545
2642 1524
2641 1493
2640 1350
2639 1368
2638 1384
2637 1334
2636 1347
2635 1289
2634 1214
2633 1131
2632 1111
2631 1108
2630 1012
2629 1038
2628 1036
2627 1014
2626 949
2625 887
2624 840
2623 879
2622 853
2621 849
2620 832
2619 816
2618 744
2617 701
2616 695
2615 694
2614 639
2613 604
2612 610
2611 623
2610 586
2609 611
2608 542
2607 527
2606 532
2605 465
2604 465
2603 416
2602 428
2601 413
2600 382
2599 400
2598 391
2597 343
2596 341
2595 362
2594 330
2593 286
2592 310
2591 256
2590 261
2589 259
2588 271
2587 247
2586 243
2585 220
2584 234
2583 224
2582 198
2581 182
2580 180
2579 176
2578 182
2577 174
2576 167
2575 139
2574 150
2573 141
2572 127
2571 133
2570 139
2569 91
2568 117
2567 129
2566 100
2565 114
2564 96
2563 90
2562 91
2561 75
2560 80
2559 72
2558 66
2557 48
2556 66
2555 55
2554 62
2553 69
2552 49
2551 50
2550 52
2549 50
2548 56
2547 45
2546 48
2545 36
2544 38
2543 33
2542 35
2541 32
2540 35
2539 21
2538 35
2537 27
2536 25
2535 24
2534 22
2533 18
2532 26
2531 19
2530 20
2529 14
2528 17
2527 14
2526 13
2525 13
2524 8
2523 11
2522 11
2521 16
2520 6
2519 10
2518 8
2517 12
2516 13
2515 9
2514 9
2513 8
2512 2
2511 5
2510 5
2509 7
2508 6
2507 5
2506 3
2505 3
2504 3
2503 2
2502 3
2501 3
2500 2
2499 7
2498 2
2497 1
2496 2
2495 3
2494 2
2493 3
2492 1
2491 4
2490 1
2489 3
2488 1
2485 1
2484 1
2483 1
2482 1
2481 2
2480 1
2479 2
2476 2
2473 1
2470 1
2468 1
2467 1
2463 1
2461 1
2460 1
2458 1
2456 1
2453 1
