3078 1
3073 1
3065 1
3063 1
3054 1
3047 1
3041 1
3036 1
3034 1
3032 1
3028 1
3026 2
3022 1
3020 1
3018 1
3017 1
3016 3
3015 1
3013 2
3012 1
3011 1
3010 1
3009 1
3008 2
3007 1
3006 5
3005 1
3004 2
3003 7
3002 5
3001 2
3000 4
2999 3
2998 2
2997 6
2996 8
2995 3
2993 4
2992 8
2991 4
2990 3
2989 7
2988 5
2987 8
2986 3
2985 13
2984 8
2983 8
2982 12
2981 13
2980 10
2979 12
2978 15
2977 10
2976 23
2975 12
2974 11
2973 11
2972 12
2971 16
2970 16
2969 20
2968 23
2967 19
2966 19
2965 18
2964 19
2963 31
2962 27
2961 25
2960 23
2959 30
2958 32
2957 41
2956 32
2955 35
2954 43
2953 46
2952 49
2951 45
2950 41
2949 53
2948 49
2947 53
2946 62
2945 68
2944 60
2943 58
2942 60
2941 80
2940 63
2939 77
2938 82
2937 82
2936 87
2935 109
2934 92
2933 114
2932 121
2931 94
2930 121
2929 120
2928 132
2927 126
2926 167
2925 138
2924 151
2923 167
2922 161
2921 192
2920 193
2919 176
2918 214
2917 193
2916 236
2915 240
2914 268
2913 251
2912 270
2911 273
2910 278
2909 302
2908 290
2907 288
2906 344
2905 332
2904 386
2903 345
2902 377
2901 390
2900 397
2899 421
2898 449
2897 415
2896 452
2895 510
2894 490
2893 478
2892 560
2891 578
2890 579
2889 583
2888 603
2887 582
2886 679
2885 720
2884 717
2883 700
2882 738
2881 792
2880 747
2879 809
2878 841
2877 944
2876 857
2875 890
2874 954
2873 982
2872 976
2871 1034
2870 1069
2869 1109
2868 1175
2867 1185
2866 1283
2865 1216
2864 1312
2863 1298
2862 1372
2861 1391
2860 1429
2859 1394
2858 1514
2857 1524
2856 1594
2855 1663
2854 1690
2853 1696
2852 1794
2851 1803
2850 1866
2849 1893
2848 1981
2847 1942
2846 1972
2845 2044
2844 2043
2843 2205
2842 2214
2841 2258
2840 2270
2839 2391
2838 2401
2837 2576
2836 2547
2835 2628
2834 2676
2833 2771
2832 2754
2831 2805
2830 2854
2829 2851
2828 2905
2827 2973
2826 3066
2825 3189
2824 3205
2823 3254
2822 3267
2821 3403
2820 3434
2819 3496
2818 3519
2817 3693
2816 3621
2815 3738
2814 3835
2813 3810
2812 3983
2811 3922
2810 3977
2809 4089
2808 4021
2807 4203
2806 4147
2805 4326
2804 4299
2803 4470
2802 4477
2801 4532
2800 4438
2799 4713
2798 4761
2797 4761
2796 4801
2795 4862
2794 4902
2793 5005
2792 4985
2791 5032
2790 5189
2789 5199
2788 5223
2787 5357
2786 5413
2785 5374
2784 5294
2783 5531
2782 5485
2781 5485
2780 5540
2779 5590
2778 5626
2777 5682
2776 5763
2775 5687
2774 5762
2773 5835
2772 5796
2771 5921
2770 6000
2769 5928
2768 6073
2767 6008
2766 6040
2765 6060
2764 6021
2763 6183
2762 6139
2761 6087
2760 6214
2759 6194
2758 6009
2757 6245
2756 6230
2755 6249
2754 6075
2753 6236
2752 6206
2751 6279
2750 6295
2749 6273
2748 6171
2747 6183
2746 6168
2745 6092
2744 6215
2743 6183
2742 6003
2741 6181
2740 6231
2739 6083
2738 6018
2737 6052
2736 6069
2735 6108
2734 6008
2733 6085
2732 6039
2731 5908
2730 5891
2729 5806
2728 5809
2727 5877
2726 5706
2725 5777
2724 5818
2723 5680
2722 5558
2721 5667
2720 5593
2719 5525
2718 5544
2717 5439
2716 5474
2715 5372
2714 5207
2713 5359
2712 5202
2711 5234
2710 5179
2709 5049
2708 5021
2707 5064
2706 4872
2705 4888
2704 4804
2703 4757
2702 4639
2701 4717
2700 4672
2699 4434
2698 4574
2697 4588
2696 4466
2695 4325
2694 4281
2693 4207
2692 4058
2691 4042
2690 3987
2689 4011
2688 3907
2687 3847
2686 3699
2685 3729
2684 3609
2683 3714
2682 3530
2681 3391
2680 3347
2679 3388
2678 3244
2677 3157
2676 3291
2675 3165
2674 3119
2673 3058
2672 2986
2671 2941
2670 2880
2669 2722
2668 2792
2667 2715
2666 2607
2665 2641
2664 2501
2663 2611
2662 2428
2661 2325
2660 2251
2659 2241
2658 2264
2657 2253
2656 2066
2655 2109
2654 1985
2653 1919
2652 1970
2651 1795
2650 1750
2649 1857
2648 1776
2647 1677
2646 1649
2645 1677
2644 1648
2643 1585
2642 1539
2641 1509
2640 1449
2639 1371
2638 1316
2637 1326
2636 1225
2635 1213
2634 1181
2633 1133
2632 1156
2631 1133
2630 1024
2629 1031
2628 1044
2627 1011
2626 991
2625 959
2624 910
2623 888
2622 806
2621 815
2620 795
2619 805
2618 769
2617 756
2616 701
2615 694
2614 670
2613 667
2612 646
2611 607
2610 584
2609 582
2608 520
2607 510
2606 490
2605 496
2604 468
2603 444
2602 416
2601 422
2600 387
2599 384
2598 345
2597 371
2596 324
2595 304
2594 324
2593 323
2592 306
2591 288
2590 257
2589 243
2588 269
2587 238
2586 238
2585 235
2584 212
2583 227
2582 221
2581 171
2580 183
2579 184
2578 157
2577 165
2576 168
2575 147
2574 147
2573 129
2572 133
2571 145
2570 124
2569 106
2568 95
2567 114
2566 95
2565 92
2564 87
2563 103
2562 73
2561 73
2560 91
2559 75
2558 71
2557 65
2556 55
2555 68
2554 67
2553 58
2552 51
2551 56
2550 48
2549 45
2548 44
2547 45
2546 51
2545 42
2544 35
2543 29
2542 24
2541 29
2540 32
2539 21
2538 26
2537 23
2536 20
2535 32
2534 25
2533 21
2532 18
2531 12
2530 28
2529 11
2528 14
2527 10
2526 22
2525 8
2524 12
2523 11
2522 20
2521 9
2520 9
2519 10
2518 7
2517 8
2516 5
2515 5
2514 4
2513 8
2512 4
2511 7
2510 7
2509 6
2508 6
2507 6
2506 5
2505 4
2504 7
2503 5
2502 1
2501 2
2500 2
2499 3
2498 2
2497 2
2496 4
2495 2
2494 2
2493 1
2492 2
2491 3
2490 1
2489 1
2488 3
2487 3
2484 1
2483 1
2482 1
2479 3
2478 2
2477 2
2476 1
2475 1
2473 1
2472 2
2463 1
2462 1
2451 1
2446 1
