6561000000 1
4374000000 1
4251528000 1
4199040000 1
3888000000 1
3628800000 2
3584000000 1
3317760000 1
3306744000 1
3280500000 1
3265920000 2
3200000000 1
3150000000 1
3149280000 1
3110400000 1
2976069600 1
2939328000 2
2916000000 2
2903040000 3
2857680000 1
2834352000 2
2764800000 1
2721600000 1
2654208000 1
2645395200 1
2612736000 1
2592000000 1
2580480000 2
2550916800 1
2540160000 3
2520000000 2
2500470000 1
2488320000 2
2469600000 1
2449440000 2
2430000000 1
2419200000 1
2381400000 1
2361960000 1
2352000000 1
2332800000 5
2322432000 2
2296350000 2
2293760000 1
2286144000 2
2250423000 1
2222640000 1
2204496000 4
2177280000 5
2150400000 1
2143260000 1
2099520000 5
2073600000 4
2057529600 4
2041200000 4
2032128000 3
2016000000 2
2007040000 1
2000000000 1
1990656000 1
1984500000 1
1975680000 3
1968300000 2
1966080000 1
1959552000 3
1944000000 1
1935360000 3
1905120000 3
1881600000 1
1866240000 3
1857945600 1
1852200000 1
1851776640 1
1837080000 4
1828915200 3
1814400000 9
1813985280 1
1806336000 2
1800338400 1
1792000000 3
1791590400 2
1786050000 2
1785641760 2
1778112000 3
1771470000 1
1769472000 1
1764000000 2
1763596800 6
1749600000 4
1741824000 8
1720320000 2
1714608000 5
1701000000 1
1700611200 3
1679616000 8
1658880000 6
1653372000 5
1646023680 1
1640250000 1
1632960000 4
1625702400 2
1620000000 1
1612800000 3
1612431360 1
1607445000 3
1600300800 1
1592524800 1
1587600000 1
1587237120 1
1580544000 1
1574640000 6
1567641600 6
1555200000 6
1548288000 3
1543500000 2
1543147200 2
1536640000 1
1536000000 1
1530900000 3
1524096000 11
1512000000 11
1511654400 1
1505280000 5
1492992000 8
1481760000 2
1469664000 8
1463132160 1
1458000000 2
1451520000 9
1445068800 1
1440270720 2
1440000000 2
1428840000 11
1422489600 5
1415577600 1
1411200000 8
1410877440 1
1400263200 1
1399680000 11
1393459200 6
1389150000 1
1382976000 1
1382400000 8
1377810000 5
1372000000 1
1371686400 6
1360800000 9
1354752000 6
1350253800 1
1344000000 3
1343692800 6
1339231320 1
1333584000 3
1327104000 9
1323000000 3
1322697600 6
1317120000 2
1312200000 7
1306368000 8
1302030450 1
1296540000 1
1296243648 1
1296000000 4
1290240000 8
1285956000 6
1280240640 2
1280000000 1
1275750000 5
1270080000 16
1260236880 1
1260000000 3
1259712000 14
1254400000 7
1250235000 1
1244678400 1
1244160000 10
1240029000 2
1238630400 1
1234800000 2
1234517760 3
1229312000 1
1228800000 1
1225230300 1
1224720000 16
1219276800 7
1215000000 2
1209600000 15
1204224000 2
1200225600 2
1200000000 1
1194393600 3
1190700000 5
1190427840 5
1185408000 4
1180980000 3
1176000000 4
1175731200 15
1170505728 1
1166886000 1
1166400000 14
1161216000 15
1157360400 5
1152000000 4
1143072000 18
1137991680 2
1134000000 10
1133740800 2
1132462080 1
1128960000 12
1128701952 2
1125211500 4
1120000000 3
1119744000 25
1114767360 3
1111320000 7
1106380800 2
1105920000 2
1102500000 2
1102248000 10
1101004800 1
1097600000 1
1097349120 6
1093500000 3
1089093600 1
1088640000 23
1088391168 1
1083801600 8
1080000000 1
1075200000 2
1074954240 2
1071630000 3
1071385056 2
1066867200 5
1062882000 2
1058400000 16
1058158080 6
1053696000 3
1050197400 1
1049760000 11
1045094400 11
1041624360 3
1040449536 1
1037232000 3
1036800000 18
1033357500 2
1032192000 4
1029000000 1
1028764800 20
1024000000 1
1020600000 10
1016064000 17
1012690350 1
1012500000 2
1008189504 1
1008000000 5
1007769600 6
1003520000 3
1000188000 9
1000000000 1
995742720 1
995328000 4
992250000 2
992023200 6
987840000 9
987614208 1
984150000 1
980184240 1
979776000 39
975421440 2
972182736 1
972000000 12
967680000 20
967458816 2
964467000 4
963379200 1
960180480 2
960000000 2
956593800 1
955514880 4
952560000 25
948326400 7
945177660 1
945000000 2
944784000 11
940800000 4
940584960 7
933508800 2
933120000 30
928972800 4
926100000 4
925888320 10
921984000 3
921600000 5
918540000 14
917504000 1
914457600 23
911250000 1
907200000 21
906992640 3
903168000 12
900169200 7
896168448 2
896000000 5
895795200 11
893025000 2
889056000 9
885735000 2
884736000 2
882165816 1
882000000 10
881798400 34
877879296 2
875164500 3
874800000 12
871274880 1
870912000 38
868020300 2
867041280 1
864360000 4
864162432 3
864000000 9
860160000 2
859963392 1
857500000 2
857304000 32
853493760 5
850500000 8
850305600 4
846720000 27
846526464 2
842956800 2
840157920 2
840000000 4
839808000 28
837019575 1
836075520 7
833490000 8
833299488 3
829785600 3
829440000 22
826686000 11
825753600 3
823200000 6
823011840 13
819200000 2
816820200 1
816480000 51
812851200 21
810152280 2
810000000 6
806736000 1
806400000 17
806215680 7
803722500 1
802816000 2
800150400 15
800000000 1
797161500 1
796262400 9
793800000 9
793618560 11
790272000 12
787320000 12
784000000 6
783820800 46
780337152 1
777924000 8
777600000 29
774144000 22
771573600 21
768320000 1
768144384 2
768000000 5
765450000 4
765275040 1
764411904 2
762048000 61
758661120 1
756142128 2
756000000 13
755827200 16
752640000 14
752467968 3
750141000 8
750000000 1
746807040 4
746496000 32
744017400 7
743178240 2
740880000 11
740710656 1
737280000 7
735000000 1
734832000 45
731566080 19
729000000 5
726062400 2
725760000 57
722534400 9
720135360 11
720000000 2
716800000 6
716636160 7
714420000 21
714256704 3
711244800 18
708750000 1
708588000 13
707788800 1
705600000 23
705438720 24
702464000 2
700131600 4
700000000 2
699840000 27
696729600 27
694416240 6
691488000 6
691200000 18
688905000 2
688747536 1
688414720 1
688128000 6
686000000 3
685843200 57
682795008 2
680400000 37
680244480 9
677376000 27
675126900 3
675000000 1
672280000 2
672000000 12
671846400 26
666792000 23
663828480 3
663552000 28
661500000 8
661348800 24
658560000 9
658409472 4
656100000 9
655360000 3
653456160 2
653184000 86
650280960 7
648270000 1
648121824 1
648000000 16
645120000 36
644972544 2
642978000 16
640120320 12
640000000 3
637875000 2
637729200 1
637009920 1
635304600 1
635040000 56
634894848 7
632217600 5
630118440 2
630000000 7
629856000 28
629145600 1
627200000 8
627056640 19
625117500 2
622339200 10
622080000 46
620014500 4
619315200 15
617400000 4
617258880 16
614656000 1
614400000 5
612500000 1
612360000 46
612220032 1
609638400 49
607500000 2
606928896 1
605052000 1
604800000 46
604661760 15
602362880 1
602112000 5
600250000 1
600112800 17
600000000 2
597445632 1
597196800 26
595350000 7
595213920 3
592704000 41
590490000 4
589824000 4
588110544 3
588000000 4
587865600 59
585252864 1
583443000 5
583200000 38
580849920 2
580608000 67
578680200 9
578027520 7
576240000 7
576108288 8
576000000 14
574087500 2
573440000 7
573308928 1
571536000 85
568995840 12
567106596 1
567000000 13
566870400 10
564715200 1
564480000 50
564350976 3
560105280 18
560000000 6
559872000 86
558013050 1
557383680 10
555660000 27
555532992 1
553190400 13
552960000 33
551250000 2
551124000 39
550502400 1
548800000 3
548674560 23
544546800 5
544320000 79
544195584 1
541900800 30
540225000 1
540101520 6
540000000 7
537600000 16
537477120 13
535815000 8
535692528 2
533433600 41
531441000 3
530841600 13
529420500 2
529200000 27
529079040 35
526848000 11
525098700 2
525000000 2
524880000 38
524288000 1
522764928 1
522547200 86
520812180 2
520224768 1
518616000 13
518400000 53
516678750 2
516096000 33
514500000 3
514382400 51
513802240 1
512096256 3
512000000 4
510300000 24
510183360 1
508032000 109
506250000 2
505774080 6
504210000 1
504094752 4
504000000 28
503884800 40
503316480 1
501760000 12
501645312 7
500094000 25
497871360 11
497664000 46
496125000 2
496011600 25
495452160 7
493920000 30
493807104 10
492075000 2
491520000 6
490092120 2
490000000 1
489888000 105
487710720 32
486202500 1
486091368 3
486000000 25
484041600 5
483840000 87
483729408 1
482233500 8
481689600 2
480200000 2
480090240 20
480000000 4
478296900 1
477757440 13
476280000 70
476171136 4
474163200 30
472500000 3
472392000 34
471859200 4
470400000 18
470292480 46
466754400 10
466560000 61
464486400 59
463050000 3
462944160 24
462422016 1
460992000 6
460800000 34
459270000 28
458752000 3
457228800 108
455196672 1
453600000 76
453496320 5
452984832 1
451584000 58
450084600 23
450000000 2
448084224 6
448000000 9
447897600 55
446512500 3
446410440 6
445906944 3
444528000 60
442867500 2
442552320 2
442368000 22
441000000 21
440899200 69
440401920 1
439040000 14
438939648 10
437400000 28
435637440 6
435456000 191
434010150 2
433520640 9
432180000 7
432081216 11
432000000 30
430080000 33
429981696 4
428652000 72
426746880 31
425250000 11
425152800 11
424673280 4
423536400 1
423360000 102
423263232 6
421654016 1
421478400 10
420078960 14
420000000 4
419904000 88
418037760 42
416745000 14
416649744 2
414892800 15
414720000 83
413343000 16
412876800 12
411600000 10
411505920 56
409600000 1
408410100 1
408240000 121
408146688 4
406425600 81
405076140 6
405000000 10
404619264 1
403368000 1
403200000 83
403107840 27
401861250 1
401408000 12
400075200 50
400000000 2
398297088 6
398131200 42
396900000 37
396809280 22
396361728 2
395136000 48
393660000 31
393379840 1
393216000 3
392073696 2
392000000 13
391910400 158
390168576 4
388962000 13
388800000 88
387233280 6
387072000 84
385875000 3
385786800 36
384160000 4
384072192 10
384000000 15
382725000 13
382637520 1
381024000 149
379330560 17
378157500 2
378071064 1
378000000 39
377913600 51
377487360 2
376476800 2
376320000 48
376233984 10
375070500 11
375000000 1
373403520 15
373248000 118
372008700 7
371589120 17
370440000 52
370355328 8
369056250 1
368793600 15
368640000 30
367569090 1
367500000 3
367416000 112
367001600 2
365783040 57
364568526 1
364500000 16
363031200 7
362880000 195
362797056 3
361675125 2
361267200 42
360150000 1
360067680 24
360000000 9
358400000 21
358318080 19
357210000 51
357128352 3
355622400 71
354375000 1
354294000 12
353894400 13
352800000 55
352719360 69
351232000 12
350065800 18
350000000 3
349920000 88
348364800 133
347208120 14
346816512 4
345744000 26
345600000 71
344452500 5
344207360 1
344064000 20
343000000 3
342921600 134
341397504 9
340341750 1
340200000 74
340122240 18
339738624 1
338688000 139
337563450 3
337182720 6
336140000 1
336063168 7
336000000 26
335923200 87
334430208 6
333396000 71
331914240 13
331776000 102
330750000 4
330674400 60
330301440 2
329280000 24
329204736 21
328050000 8
327680000 7
326728080 4
326592000 270
325140480 37
324135000 9
324060912 6
324000000 38
322694400 5
322560000 95
322486272 2
321489000 35
321126400 3
320060160 61
320000000 2
318937500 1
318864600 8
318504960 11
317652300 1
317520000 149
317447424 12
316240512 1
316108800 40
315059220 6
315000000 16
314928000 94
314572800 3
313600000 29
313528320 95
312558750 2
311169600 35
311040000 147
310007250 3
309657600 52
308700000 20
308629440 56
308281344 1
307328000 7
307200000 17
306250000 1
306180000 90
306110016 1
304819200 210
303750000 3
303464448 1
302526000 5
302400000 135
302330880 35
301056000 42
300056400 48
298722816 7
298598400 100
297675000 20
297606960 13
297271296 4
296352000 112
295245000 7
295034880 6
294912000 18
294055272 3
294000000 15
293932800 196
292626432 10
291721500 12
291600000 67
290424960 6
290304000 248
289340100 13
289013760 9
288120000 10
288054144 19
288000000 40
287043750 1
286978140 1
286720000 20
286654464 5
285768000 150
284497920 51
283500000 29
283435200 35
283115520 6
282357600 1
282240000 128
282175488 20
281302875 1
281250000 1
280985600 4
280052640 14
280000000 6
279936000 187
278691840 64
277830000 36
277766496 8
276595200 28
276480000 85
275625000 2
275562000 62
275251200 6
274400000 11
274337280 129
273375000 1
272273400 6
272160000 276
272097792 3
270950400 120
270112500 2
270050760 17
270000000 10
268912000 2
268800000 51
268738560 48
267907500 15
267846264 3
266716800 121
265720500 2
265531392 3
265420800 39
264600000 73
264539520 68
264241152 1
263424000 50
262549350 1
262500000 1
262440000 68
262144000 1
261382464 1
261273600 300
260406090 1
260112384 7
259308000 28
259200000 144
258280326 1
258155520 3
258048000 92
257298363 1
257250000 4
257191200 111
256048128 19
256000000 4
255150000 41
255091680 11
254803968 2
254121840 2
254016000 297
252887040 20
252105000 1
252047376 5
252000000 59
251942400 105
250880000 25
250822656 11
250047000 49
248935680 34
248832000 182
248062500 3
248005800 24
247726080 26
247062900 1
246960000 79
246903552 21
246037500 3
245862400 4
245760000 23
245046060 4
245000000 4
244944000 304
243855360 96
243101250 1
243045684 4
243000000 23
242020800 9
241920000 244
241864704 10
241116750 7
240844800 21
240100000 2
240045120 55
240000000 11
239148450 1
238878720 37
238140000 113
238085568 11
237081600 114
236250000 8
236196000 45
235929600 11
235200000 65
235146240 134
234365481 1
233377200 30
233280000 200
232339968 2
232243200 195
231525000 14
231472080 38
231211008 2
230496000 21
230400000 74
229635000 39
229376000 14
228709656 1
228614400 269
227598336 6
226894500 2
226800000 172
226748160 38
226492416 2
225886080 1
225792000 164
225042300 21
225000000 3
224788480 1
224042112 9
224000000 24
223948800 169
223256250 3
223205220 2
222953472 12
222264000 145
221276160 18
221184000 88
220500000 24
220449600 193
220200960 5
219520000 22
219469824 27
218700000 47
217818720 6
217728000 468
217005075 1
216760320 52
216090000 16
216040608 16
216000000 67
215129600 5
215040000 70
214990848 9
214375000 1
214326000 110
213373440 80
212625000 8
212576400 24
212336640 15
211768200 4
211680000 223
211631616 27
210739200 30
210039480 16
210000000 10
209952000 203
209715200 1
209018880 154
208372500 11
208324872 3
207446400 50
207360000 208
206671500 14
206524416 2
206438400 64
205800000 12
205752960 110
205520896 1
204800000 10
204205050 2
204120000 261
204073344 4
203297472 1
203212800 275
202538070 7
202500000 11
201684000 6
201600000 155
201553920 70
200930625 2
200884698 1
200704000 30
200037600 140
200000000 1
199148544 11
199065600 140
198450000 37
198404640 53
198180864 4
197568000 128
196830000 35
196689920 2
196608000 19
196036848 4
196000000 20
195955200 381
195084288 18
194481000 22
194400000 126
193616640 8
193536000 310
192893400 65
192675840 6
192080000 7
192036096 26
192000000 31
191362500 7
191318760 2
191102976 11
190591380 1
190512000 376
189665280 64
189078750 2
189035532 5
189000000 49
188956800 108
188743680 6
188238400 2
188160000 91
188116992 36
187535250 7
187500000 1
186701760 39
186624000 324
186004350 7
185794560 64
185220000 68
185177664 20
184396800 11
184320000 70
183750000 2
183708000 175
183500800 1
182891520 191
182250000 12
181515600 13
181440000 413
181398528 18
180633600 114
180075000 3
180033840 54
180000000 29
179200000 40
179159040 77
178605000 57
178564176 8
177811200 193
177147000 13
177020928 3
176947200 46
176400000 115
176359680 164
176160768 1
175616000 20
175032900 15
175000000 3
174960000 194
174254976 6
174182400 391
173643750 1
173604060 12
173408256 9
172872000 45
172800000 176
172226250 3
172186884 1
172103680 3
172032000 61
171532242 1
171500000 6
171460800 316
170698752 28
170100000 101
170061120 31
169869312 1
169414560 2
169344000 352
168781725 2
168750000 1
168591360 8
168070000 2
168031584 14
168000000 53
167961600 218
167772160 1
167215104 26
166698000 87
165957120 49
165888000 212
165375000 11
165337200 88
165150720 19
164640000 50
164602368 49
164025000 9
163840000 8
163364040 7
163296000 575
162570240 138
162067500 6
162030456 4
162000000 79
161347200 9
161280000 259
161243136 17
160744500 40
160563200 6
160030080 130
160000000 13
159432300 1
159252480 46
158760000 265
158723712 33
158054400 106
157529610 1
157500000 16
157464000 134
157351936 1
157286400 11
156800000 41
156764160 227
156243654 1
155584800 70
155520000 330
154893312 7
154828800 192
154350000 32
154314720 103
153664000 15
153600000 48
153125000 1
153090000 117
153055008 1
152473104 1
152409600 461
151732224 17
151263000 12
151200000 251
151165440 92
150590720 1
150528000 120
150028200 80
150000000 4
149361408 16
149299200 231
148837500 8
148803480 28
148635648 7
148176000 192
147622500 8
147517440 9
147456000 85
147000000 27
146966400 384
146800640 3
146313216 54
145860750 3
145800000 112
145212480 11
145152000 625
144670050 11
144506880 42
144060000 17
144027072 35
144000000 85
143360000 41
143327232 20
142943535 1
142884000 315
142248960 125
141750000 31
141717600 54
141557760 20
141120000 251
141087744 53
140492800 18
140026320 32
140000000 16
139968000 368
139345920 200
138915000 47
138883248 16
138297600 59
138240000 235
137812500 1
137781000 79
137625600 31
137200000 14
137168640 294
136136700 5
136080000 420
136048896 17
135475200 349
135025380 27
135000000 23
134873088 5
134456000 4
134400000 119
134369280 132
133953750 1
133923132 1
133358400 218
132860250 1
132765696 9
132710400 160
132300000 105
132269760 134
132120576 3
131712000 85
131274675 1
131250000 1
131220000 83
131072000 8
130691232 8
130636800 643
130203045 1
130056192 30
129654000 36
129600000 199
129077760 6
129024000 267
128625000 3
128595600 163
128450560 4
128024064 37
128000000 12
127575000 42
127545840 12
127401984 3
127060920 1
127008000 584
126443520 55
126052500 3
126023688 5
126000000 71
125971200 220
125440000 57
125411328 40
125023500 36
124467840 60
124416000 431
124002900 24
123863040 86
123480000 117
123451776 54
123018750 1
122931200 21
122880000 57
122523030 3
122500000 7
122472000 468
121927680 270
121500000 41
121010400 18
120960000 503
120932352 22
120558375 1
120422400 97
120050000 4
120022560 129
120000000 17
119439360 113
119070000 140
119042784 17
118590192 1
118540800 249
118125000 3
118098000 67
118013952 4
117964800 37
117600000 112
117573120 338
116688600 50
116640000 403
116169984 1
116121600 487
115762500 5
115736040 42
115605504 9
115248000 39
115200000 151
114817500 31
114688000 31
114354828 1
114307200 566
113799168 45
113447250 1
113400000 217
113374080 84
113246208 2
112943040 1
112896000 381
112521150 12
112500000 6
112394240 5
112021056 17
112000000 39
111974400 372
111628125 1
111602610 3
111476736 36
111132000 212
110638080 42
110592000 234
110250000 19
110224800 215
110100480 8
109760000 35
109734912 95
109350000 54
108909360 16
108864000 942
108380160 157
108045000 12
108020304 19
108000000 94
107564800 9
107520000 216
107495424 26
107163000 110
106686720 193
106312500 5
106288200 19
106168320 64
105884100 7
105840000 416
105815808 57
105369600 84
105043750 1
105019740 9
105000000 21
104976000 317
104857600 2
104509440 377
104186250 10
104162436 7
103723200 102
103680000 435
103335750 4
103262208 1
103219200 144
102900000 33
102876480 262
102400000 29
102102525 2
102060000 311
102036672 6
101648736 1
101606400 667
101250000 8
101154816 8
100842000 8
100800000 269
100776960 162
100663296 1
100352000 60
100018800 154
100000000 5
99574272 28
99532800 337
99225000 56
99202320 71
99090432 12
98784000 206
98415000 32
98344960 4
98304000 38
98018424 4
98000000 21
97977600 690
97542144 56
97240500 19
97200000 210
96808320 16
96768000 670
96446700 43
96337920 27
96040000 16
96018048 68
96000000 58
95681250 5
95659380 4
95551488 12
95295690 2
95256000 577
94832640 152
94517766 1
94500000 54
94478400 160
94371840 9
94119200 4
94080000 183
94058496 107
93767625 1
93350880 72
93312000 626
92897280 208
92610000 94
92588832 34
92236816 1
92198400 47
92160000 228
91854000 220
91750400 12
91445760 470
91125000 14
90757800 14
90720000 712
90699264 29
90354432 2
90316800 271
90037500 1
90016920 63
90000000 25
89600000 62
89579520 212
89302500 45
89282088 11
88942644 1
88905600 324
88573500 13
88510464 12
88473600 122
88200000 157
88179840 285
88080384 3
87808000 57
87516450 9
87480000 272
87127488 11
87091200 930
86802030 9
86704128 26
86436000 57
86400000 327
86113125 1
86051840 2
86016000 171
85750000 4
85730400 407
85349376 85
85050000 112
85030560 38
84934656 8
84707280 5
84672000 688
84295680 38
84035000 1
84015792 18
84000000 85
83980800 452
83886080 1
83607552 82
83349000 105
82978560 85
82944000 501
82687500 7
82668600 113
82575360 58
82320000 104
82301184 114
82012500 5
81920000 24
81682020 8
81648000 891
81285120 354
81015228 10
81000000 72
80673600 12
80640000 515
80621568 59
80372250 17
80281600 34
80015040 228
80000000 12
79716150 1
79626240 137
79380000 320
79361856 34
79027200 267
78764805 3
78750000 7
78732000 169
78643200 26
78400000 66
78382080 539
77792400 86
77760000 589
77446656 4
77414400 505
77175000 19
77157360 142
77070336 4
76832000 33
76800000 112
76545000 114
76527504 4
76236552 3
76204800 884
75937500 1
75866112 40
75631500 4
75600000 361
75582720 145
75497472 4
75264000 244
75014100 45
75000000 3
74680704 41
74649600 587
74418750 3
74401740 21
74317824 33
74088000 299
73811250 4
73758720 20
73728000 166
73500000 36
73483200 573
73156608 136
72930375 1
72900000 112
72606240 22
72576000 1095
72253440 107
72030000 15
72013536 43
72000000 101
71680000 64
71663616 52
71442000 313
71124480 275
70875000 20
70858800 60
70778880 35
70589400 1
70560000 422
70543872 94
70246400 46
70013160 35
70000000 14
69984000 603
69672960 472
69457500 28
69441624 18
69148800 95
69120000 432
68906250 1
68890500 62
68812800 83
68600000 15
68584320 418
68068350 5
68040000 619
68024448 25
67765824 1
67737600 622
67512690 19
67500000 22
67436544 2
67228000 4
67200000 207
67184640 277
66961566 1
66679200 329
66382848 24
66355200 349
66150000 89
66134880 171
66060288 6
65856000 150
65625000 1
65610000 111
65536000 16
65345616 14
65318400 1121
65028096 86
64827000 56
64800000 352
64538880 14
64512000 570
64297800 180
64225280 10
64012032 97
64000000 25
63787500 19
63772920 12
63700992 23
63530460 1
63504000 916
63221760 151
63011844 6
63000000 107
62985600 377
62914560 7
62720000 114
62705664 154
62511750 21
62233920 113
62208000 820
62001450 8
61931520 175
61740000 137
61725888 75
61465600 19
61440000 115
61261515 1
61250000 5
61236000 580
60963840 612
60761421 1
60750000 29
60505200 31
60480000 833
60466176 61
60236288 1
60211200 184
60025000 3
60011280 164
60000000 19
59719680 278
59535000 127
59521392 30
59295096 1
59270400 425
59062500 1
59049000 50
59006976 9
58982400 85
58824500 1
58800000 134
58786560 521
58720256 1
58344300 48
58320000 527
58084992 14
58060800 1026
57881250 3
57868020 48
57802752 26
57624000 68
57600000 249
57408750 12
57395628 2
57344000 53
57153600 827
56899584 92
56723625 1
56700000 246
56687040 81
56623104 6
56471520 4
56448000 658
56260575 4
56250000 4
56197120 18
56010528 43
56000000 42
55987200 718
55801305 1
55738368 110
55566000 233
55319040 81
55296000 475
55125000 19
55112400 266
55050240 25
54880000 56
54867456 187
54675000 32
54454680 22
54432000 1443
54190080 343
54022500 11
54010152 39
54000000 137
53782400 6
53760000 346
53747712 80
53581500 113
53343360 373
53156250 2
53144100 16
53084160 147
52942050 3
52920000 532
52907904 90
52684800 151
52509870 9
52500000 23
52488000 419
52428800 8
52254720 723
52093125 3
52081218 5
51861600 147
51840000 771
51667875 2
51631104 9
51609600 366
51450000 21
51438240 347
51380224 3
51200000 45
51030000 297
51018336 5
50824368 5
50803200 1180
50625000 10
50577408 31
50421000 6
50400000 376
50388480 281
50176000 113
50009400 160
50000000 4
49787136 49
49766400 770
49612500 42
49601160 63
49545216 34
49412580 2
49392000 329
49207500 20
49172480 17
49152000 104
49009212 4
49000000 27
48988800 1146
48771072 175
48620250 13
48600000 247
48404160 29
48384000 1200
48223350 25
48168960 51
48020000 12
48009024 90
48000000 66
47829690 1
47775744 45
47628000 677
47416320 326
47250000 48
47239200 182
47185920 25
47059600 6
47040000 315
47029248 186
46875000 1
46675440 93
46656000 964
46448640 498
46305000 95
46294416 56
46099200 56
46080000 415
45937500 2
45927000 215
45875200 41
45722880 757
45562500 5
45378900 7
45360000 1025
45349632 60
45177216 3
45158400 523
45018750 2
45008460 60
45000000 31
44957696 4
44800000 98
44789760 436
44651250 16
44641044 4
44452800 471
44286750 2
44255232 24
44236800 312
44100000 161
44089920 418
44040192 8
43904000 78
43758225 1
43750000 3
43740000 299
43563744 10
43545600 1598
43401015 2
43352064 74
43218000 75
43200000 417
43025920 9
43008000 327
42875000 1
42865200 438
42674688 147
42525000 69
42515280 45
42467328 23
42353640 2
42336000 1032
42187500 1
42147840 104
42007896 17
42000000 101
41990400 647
41943040 2
41803776 181
41674500 81
41489280 129
41472000 997
41343750 2
41334300 70
41287680 129
41160000 130
41150592 149
41006250 1
40960000 44
40841010 2
40824000 1142
40642560 648
40507614 8
40500000 60
40336800 19
40320000 824
40310784 82
40186125 4
40140800 61
40007520 329
40000000 21
39858075 2
39813120 305
39690000 289
39680928 53
39513600 460
39375000 9
39366000 174
39337984 2
39321600 53
39200000 84
39191040 924
38896200 101
38880000 837
38723328 11
38707200 993
38587500 17
38578680 148
38535168 12
38416000 31
38400000 182
38272500 66
38263752 4
38118276 1
38102400 1277
37968750 1
37933056 68
37815750 3
37800000 393
37791360 211
37748736 3
37647680 4
37632000 399
37507050 30
37500000 2
37340352 47
37324800 1073
37209375 1
37200870 6
37158912 92
37044000 353
36879360 50
36864000 355
36756909 2
36750000 25
36741600 681
36700160 5
36578304 262
36450000 116
36303120 26
36288000 1965
36126720 248
36015000 9
36006768 70
36000000 134
35840000 146
35831808 110
35721000 290
35562240 442
35437500 13
35429400 49
35389440 109
35294700 1
35280000 555
35271936 175
35123200 81
35006580 38
35000000 11
34992000 774
34836480 905
34728750 17
34720812 21
34574400 144
34560000 707
34445250 28
34420736 2
34406400 181
34300000 29
34292160 642
34034175 1
34020000 657
34012224 30
33882912 1
33868800 1110
33756345 5
33750000 13
33718272 20
33614000 7
33600000 274
33592320 522
33554432 2
33339600 357
33191424 48
33177600 666
33075000 69
33067440 213
33030144 13
32941720 1
32928000 261
32812500 1
32805000 67
32768000 36
32672808 12
32659200 1790
32514048 171
32413500 43
32400000 415
32269440 19
32256000 953
32156250 1
32148900 115
32112640 16
32006016 150
32000000 44
31893750 5
31886460 7
31850496 41
31752000 1125
31610880 228
31505922 7
31500000 105
31492800 440
31457280 12
31360000 162
31352832 309
31255875 4
31116960 159
31104000 1391
30965760 429
30870000 131
30862944 122
30732800 44
30720000 249
30625000 5
30618000 539
30481920 981
30375000 26
30252600 27
30240000 1150
30233088 78
30105600 315
30012500 1
30005640 165
30000000 19
29859840 539
29767500 85
29760696 25
29635200 627
29524500 24
29503488 9
29491200 203
29400000 141
29393280 825
29360128 1
29172150 17
29160000 578
29042496 14
29030400 1834
28934010 35
28901376 41
28812000 71
28800000 384
28704375 2
28697814 1
28672000 120
28576800 898
28449792 131
28350000 213
28343520 127
28311552 17
28235760 7
28224000 947
28125000 2
28098560 45
28005264 45
28000000 51
27993600 1093
27869184 201
27783000 186
27659520 123
27648000 856
27562500 7
27556200 216
27525120 65
27440000 73
27433728 302
27337500 13
27227340 22
27216000 1793
27095040 656
27011250 8
27005076 21
27000000 132
26891200 13
26880000 491
26873856 133
26790750 42
26671680 496
26572050 6
26542080 287
26460000 489
26453952 139
26342400 253
26254935 7
26250000 10
26244000 391
26214400 14
26127360 1344
26040609 2
25930800 125
25920000 1058
25815552 3
25804800 721
25725000 29
25719120 321
25600000 64
25515000 231
25509168 10
25401600 1617
25312500 3
25288704 61
25210500 10
25200000 453
25194240 477
25165824 4
25088000 190
25004700 138
24893568 65
24883200 1249
24806250 11
24800580 42
24772608 64
24706290 1
24696000 390
24603750 4
24586240 23
24576000 182
24504606 4
24500000 28
24494400 1353
24385536 308
24310125 2
24300000 267
24202080 37
24192000 1820
24111675 6
24084480 132
24010000 16
24004512 126
24000000 96
23887872 112
23814000 651
23708160 498
23625000 39
23619600 158
23592960 76
23529800 1
23520000 406
23514624 357
23337720 93
23328000 1321
23224320 951
23152500 54
23147208 53
23049600 100
23040000 620
22963500 124
22937600 74
22861440 1024
22781250 2
22689450 7
22680000 1087
22674816 70
22588608 1
22579200 964
22504230 29
22500000 19
22478848 5
22400000 148
22394880 767
22325625 4
22320522 3
22226400 587
22127616 35
22118400 598
22050000 138
22044960 452
22020096 7
21952000 116
21875000 1
21870000 211
21781872 14
21772800 2430
21676032 142
21609000 56
21600000 518
21512960 11
21504000 568
21437500 5
21432600 357
21337344 195
21262500 42
21257640 27
21233664 46
21176820 5
21168000 1344
21073920 137
21003948 21
21000000 86
20995200 888
20971520 5
20901888 343
20837250 27
20744640 167
20736000 1529
20667150 22
20643840 282
20580000 133
20575296 249
20503125 1
20480000 70
20420505 1
20412000 1205
20321280 1151
20253807 1
20250000 67
20168400 18
20160000 1103
20155392 147
20070400 103
20003760 267
20000000 21
19906560 579
19845000 209
19840464 49
19756800 569
19687500 2
19683000 125
19668992 2
19660800 97
19600000 98
19595520 1369
19448100 65
19440000 970
19361664 17
19353600 1725
19293750 3
19289340 97
19267584 15
19208000 32
19200000 209
19136250 29
19131876 1
19059138 1
19051200 1469
18966528 123
18907875 2
18900000 319
18895680 256
18874368 10
18823840 2
18816000 580
18753525 13
18750000 5
18670176 70
18662400 1625
18600435 3
18579456 189
18522000 332
18439680 60
18432000 652
18375000 17
18370800 642
18350080 20
18289152 416
18225000 78
18151560 22
18144000 2420
18063360 481
18007500 10
18003384 41
18000000 138
17920000 208
17915904 214
17860500 165
17781120 642
17718750 4
17714700 33
17694720 225
17647350 2
17640000 597
17635968 269
17561600 110
17503290 15
17500000 7
17496000 880
17418240 1514
17364375 3
17360406 9
17287200 148
17280000 1110
17222625 3
17210368 2
17203200 354
17150000 27
17146080 714
17010000 597
17006112 34
16941456 3
16934400 1657
16875000 9
16859136 38
16807000 7
16800000 335
16796160 739
16669800 283
16595712 68
16588800 1233
16537500 49
16533720 138
16515072 50
16464000 260
16402500 40
16384000 54
16336404 8
16329600 2199
16257024 318
16206750 10
16200000 391
16134720 33
16128000 1442
16074450 46
16056320 34
16003008 187
16000000 44
15946875 1
15943230 2
15925248 111
15882615 1
15876000 1138
15805440 352
15752961 1
15750000 62
15746400 459
15728640 29
15680000 201
15676416 441
15558480 158
15552000 1802
15482880 738
15435000 85
15431472 112
15366400 52
15360000 362
15312500 1
15309000 399
15240960 1448
15187500 11
15126300 14
15120000 1346
15116544 140
15052800 526
15002820 110
15000000 21
14929920 912
14883750 34
14880348 14
14817600 692
14762250 7
14751744 22
14745600 398
14700000 130
14696640 936
14586075 6
14580000 537
14521248 12
14515200 2682
14467005 9
14450688 91
14406000 59
14400000 480
14336000 192
14288400 799
14224896 210
14175000 140
14171760 100
14155776 29
14117880 2
14112000 1229
14062500 1
14049280 44
14002632 43
14000000 61
13996800 1549
13934592 388
13891500 135
13829760 158
13824000 1360
13781250 4
13778100 142
13762560 129
13720000 63
13716864 386
13668750 7
13613670 10
13608000 1958
13547520 1039
13502538 19
13500000 126
13445600 12
13440000 670
13436928 194
13395375 7
13335840 510
13286025 1
13271040 572
13230000 426
13226976 138
13171200 386
13125000 1
13122000 381
13107200 37
13063680 1865
12965400 102
12960000 1277
12907776 9
12902400 1124
12862500 10
12859560 302
12845056 6
12800000 86
12757500 122
12754584 4
12706092 1
12700800 1940
12644352 94
12605250 4
12600000 427
12597120 546
12582912 2
12544000 214
12502350 58
12500000 4
12446784 72
12441600 1889
12400290 23
12386304 146
12348000 346
12301875 1
12293120 35
12288000 331
12252303 1
12250000 7
12247200 1347
12192768 479
12150000 181
12101040 37
12096000 2454
12042240 230
12005000 8
12002256 117
12000000 120
11943936 218
11907000 496
11854080 651
11812500 20
11809800 126
11796480 109
11764900 1
11760000 426
11757312 441
11668860 58
11664000 1588
11612160 1581
11576250 12
11573604 27
11524800 116
11520000 876
11481750 39
11468800 101
11430720 1223
11344725 3
11340000 1024
11337408 70
11294304 2
11289600 1343
11252115 10
11250000 14
11239424 9
11200000 148
11197440 1080
11160261 2
11113200 526
11063808 61
11059200 1006
11025000 81
11022480 416
11010048 19
10976000 142
10937500 1
10935000 166
10890936 14
10886400 3086
10838016 247
10804500 28
10800000 540
10756480 9
10752000 802
10716300 224
10668672 300
10631250 15
10628820 17
10616832 92
10584000 1378
10536960 184
10501974 5
10500000 71
10497600 894
10485760 7
10450944 565
10418625 4
10372320 223
10368000 2069
10333575 8
10321920 492
10290000 95
10287648 244
10240000 109
10206000 954
10160640 1584
10125000 41
10084200 23
10080000 1241
10077696 203
10035200 176
10001880 263
10000000 19
9953280 1004
9922500 136
9920232 45
9878400 675
9841500 59
9834496 9
9830400 145
9800000 78
9797760 1556
9724050 22
9720000 934
9680832 15
9676800 2367
9644670 37
9633792 32
9604000 36
9600000 283
9525600 1471
9483264 190
9450000 256
9447840 286
9437184 22
9411920 1
9408000 720
9375000 1
9335088 63
9331200 2122
9289728 335
9261000 220
9219840 116
9216000 904
9187500 5
9185400 439
9175040 31
9144576 555
9112500 36
9075780 25
9072000 2569
9031680 735
9003750 1
9001692 39
9000000 115
8960000 290
8957952 282
8930250 70
8890560 666
8857350 5
8847360 378
8823675 1
8820000 561
8817984 263
8780800 134
8751645 8
8750000 7
8748000 797
8709120 2235
8680203 1
8643600 143
8640000 1274
8605184 1
8601600 573
8575000 19
8573040 645
8505000 343
8503056 31
8470728 3
8467200 2077
8437500 2
8429568 44
8403500 4
8400000 370
8398080 951
8334900 193
8297856 88
8294400 1841
8268750 13
8266860 101
8257536 93
8232000 332
8201250 9
8192000 91
8168202 9
8164800 2240
8128512 468
8103375 3
8100000 316
8067360 21
8064000 1907
8037225 13
8028160 66
8001504 226
8000000 58
7962624 205
7938000 895
7902720 507
7875000 36
7873200 351
7864320 46
7840000 185
7838208 651
7779240 123
7776000 2113
7741440 1200
7717500 54
7715736 91
7683200 47
7680000 466
7654500 238
7620480 1700
7593750 1
7563150 5
7560000 1305
7558272 149
7529536 1
7526400 740
7501410 55
7500000 20
7464960 1389
7441875 6
7440174 7
7408800 704
7381125 2
7375872 34
7372800 614
7350000 106
7348320 864
7340032 2
7290000 398
7260624 17
7257600 3394
7225344 145
7203000 36
7200000 500
7168000 264
7144200 574
7112448 292
7087500 67
7085880 71
7077888 51
7058940 1
7056000 1322
7024640 78
7001316 23
7000000 44
6998400 1600
6967296 577
6945750 58
6914880 183
6912000 1841
6889050 51
6881280 216
6860000 55
6858432 405
6834375 1
6806835 3
6804000 1721
6773760 1457
6751269 3
6750000 85
6722800 8
6720000 751
6718464 323
6667920 486
6635520 835
6615000 268
6613488 134
6585600 406
6562500 1
6561000 230
6553600 48
6531840 2240
6482700 71
6480000 1295
6453888 6
6451200 1684
6431250 6
6429780 157
6422528 6
6400000 93
6378750 42
6377292 6
6353046 2
6350400 2006
6328125 1
6322176 135
6300000 329
6298560 520
6291456 9
6272000 307
6251175 5
6223392 97
6220800 2487
6200145 8
6193152 277
6174000 285
6146560 36
6144000 419
6125000 12
6123600 1063
6096384 639
6075000 111
6050520 26
6048000 2772
6021120 357
6002500 8
6001128 106
6000000 101
5971968 331
5953500 232
5927040 699
5906250 8
5904900 65
5898240 216
5880000 449
5878656 457
5834430 43
5832000 1411
5806080 2140
5788125 3
5786802 16
5762400 104
5760000 1046
5740875 15
5734400 149
5715360 1096
5670000 723
5668704 76
5647152 1
5644800 1605
5625000 10
5619712 12
5600000 162
5598720 1355
5556600 359
5531904 61
5529600 1456
5512500 46
5511240 303
5505024 29
5488000 141
5467500 66
5445468 3
5443200 3336
5419008 399
5402250 9
5400000 457
5378240 11
5376000 987
5358150 93
5334336 285
5315625 2
5314410 15
5308416 166
5294205 1
5292000 1133
5268480 290
5250987 2
5250000 45
5248800 782
5242880 12
5225472 751
5186160 161
5184000 2386
5160960 748
5145000 59
5143824 211
5120000 127
5103000 614
5080320 1890
5062500 16
5042100 9
5040000 1234
5038848 293
5017600 232
5000940 165
5000000 16
4976640 1483
4961250 32
4960116 35
4939200 648
4920750 22
4917248 13
4915200 280
4900000 62
4898880 1600
4862025 8
4860000 772
4840416 17
4838400 3079
4822335 8
4816896 80
4802000 19
4800000 291
4762800 1152
4741632 233
4725000 152
4723920 177
4718592 38
4705960 2
4704000 782
4667544 37
4665600 2248
4644864 511
4630500 112
4609920 105
4608000 1312
4593750 2
4592700 247
4587520 58
4572288 610
4556250 11
4537890 8
4536000 2490
4515840 971
4501875 1
4500846 19
4500000 107
4480000 276
4478976 444
4465125 8
4445280 641
4428675 2
4423680 605
4410000 349
4408992 287
4390400 173
4375000 3
4374000 594
4354560 2835
4321800 99
4320000 1348
4302592 3
4300800 757
4287500 4
4286520 440
4252500 178
4251528 31
4233600 2047
4218750 1
4214784 56
4201750 1
4200000 327
4199040 995
4167450 78
4148928 84
4147200 2475
4133430 38
4128768 131
4116000 259
4100625 2
4096000 139
4084101 5
4082400 2051
4064256 678
4050000 220
4033680 23
4032000 2124
4014080 99
4000752 168
4000000 42
3981312 320
3969000 574
3951360 570
3937500 18
3936600 234
3932160 81
3920000 209
3919104 677
3889620 76
3888000 2028
3870720 1726
3858750 16
3857868 48
3841600 50
3840000 523
3827250 89
3810240 1622
3796875 1
3781575 2
3780000 1002
3779136 151
3764768 1
3763200 846
3750705 14
3750000 12
3732480 1722
3720087 1
3704400 523
3687936 29
3686400 858
3675000 52
3674160 717
3670016 5
3645000 215
3630312 14
3628800 3745
3612672 238
3601500 16
3600000 469
3584000 320
3572100 304
3556224 306
3543750 15
3542940 45
3538944 120
3529470 3
3528000 1175
3512320 87
3500658 8
3500000 36
3499200 1472
3483648 832
3472875 10
3457440 164
3456000 2147
3444525 10
3440640 334
3430000 46
3429216 435
3402000 1218
3386880 1620
3375000 33
3361400 7
3360000 846
3359232 416
3333960 292
3317760 1233
3307500 114
3306744 96
3292800 393
3280500 107
3276800 57
3265920 2382
3241350 33
3240000 1002
3226944 12
3225600 2045
3215625 1
3214890 86
3211264 18
3200000 146
3189375 4
3188646 3
3176523 2
3175200 1699
3161088 201
3150000 229
3149280 480
3145728 17
3136000 313
3111696 79
3110400 2806
3096576 388
3087000 213
3073280 39
3072000 595
3061800 701
3048192 723
3037500 40
3025260 10
3024000 2753
3010560 416
3001250 3
3000564 59
3000000 75
2985984 504
2976750 95
2963520 687
2953125 1
2952450 19
2949120 334
2940000 315
2939328 525
2917215 9
2916000 1190
2903040 2635
2893401 8
2881200 79
2880000 1072
2867200 221
2857680 858
2835000 387
2834352 53
2823576 2
2822400 1631
2809856 17
2800000 111
2799360 1477
2778300 174
2765952 78
2764800 1909
2756250 13
2755620 168
2752512 56
2744000 121
2733750 16
2722734 3
2721600 3014
2709504 482
2701125 2
2700000 356
2689120 13
2688000 1206
2679075 16
2667168 258
2657205 1
2654208 272
2646000 854
2634240 295
2625000 22
2624400 567
2621440 17
2612736 943
2593080 118
2592000 2321
2580480 1042
2572500 31
2571912 115
2560000 175
2551500 277
2540160 1814
2531250 2
2521050 5
2520000 1043
2519424 288
2508800 283
2500470 56
2500000 7
2488320 1842
2480625 4
2480058 11
2469600 550
2460375 2
2458624 18
2457600 384
2450000 39
2449440 1329
2430000 489
2420208 16
2419200 3338
2408448 91
2401000 19
2400000 294
2381400 703
2370816 292
2362500 80
2361960 119
2359296 53
2352000 684
2333772 29
2332800 2139
2322432 735
2315250 29
2304960 120
2304000 1427
2296350 76
2293760 88
2286144 555
2268945 1
2268000 1865
2257920 1150
2250423 5
2250000 48
2240000 322
2239488 562
2222640 525
2211840 956
2205000 209
2204496 187
2195200 131
2187500 3
2187000 291
2177280 2915
2160900 34
2160000 1210
2151296 2
2150400 1038
2143260 243
2126250 45
2125764 8
2117682 1
2116800 1813
2107392 90
2100875 1
2100000 207
2099520 839
2097152 5
2083725 16
2074464 85
2073600 2791
2066715 10
2064384 229
2058000 183
2048000 163
2041200 1404
2032128 792
2025000 118
2016840 9
2016000 2111
2007040 136
2000376 123
2000000 29
1990656 465
1984500 263
1975680 600
1968750 1
1968300 119
1966080 130
1960000 149
1959552 773
1944810 35
1944000 1754
1935360 2085
1929375 5
1928934 29
1920800 43
1920000 584
1913625 12
1905120 1331
1890000 661
1889568 108
1882384 1
1881600 884
1875000 6
1866240 1922
1852200 331
1843968 56
1843200 1176
1837500 22
1837080 434
1835008 15
1822500 74
1815156 10
1814400 3477
1806336 307
1800750 12
1800000 349
1792000 380
1786050 91
1778112 290
1771875 1
1771470 20
1769472 140
1764000 892
1756160 102
1750329 3
1750000 12
1749600 1067
1741824 1010
1728720 115
1728000 2148
1720320 463
1715000 24
1714608 306
1701000 703
1693440 1682
1687500 20
1680700 5
1680000 614
1679616 399
1666980 159
1658880 1605
1653750 41
1653372 29
1646400 358
1640250 33
1638400 101
1632960 2056
1620675 6
1620000 754
1613472 7
1612800 2382
1607445 19
1605632 20
1600000 130
1587600 1113
1580544 183
1575000 117
1574640 360
1572864 27
1568000 274
1555848 46
1555200 2736
1548288 511
1543500 78
1536640 36
1536000 650
1531250 1
1530900 277
1524096 668
1518750 9
1512630 8
1512000 2199
1505280 524
1500282 24
1500000 48
1492992 550
1488375 13
1481760 504
1476225 3
1474560 527
1470000 205
1469664 378
1458000 743
1451520 2918
1440600 51
1440000 1014
1433600 233
1428840 549
1417500 153
1417176 41
1411788 1
1411200 1544
1404928 26
1400000 91
1399680 1396
1389150 65
1382976 70
1382400 2185
1378125 2
1377810 52
1376256 73
1372000 86
1366875 3
1361367 3
1360800 2317
1354752 566
1350000 183
1344560 3
1344000 1156
1333584 220
1327104 387
1323000 487
1317120 296
1312500 6
1312200 277
1310720 27
1306368 996
1296540 60
1296000 2095
1290240 1315
1286250 6
1285956 81
1280000 170
1275750 92
1270080 1616
1260525 1
1260000 731
1259712 243
1254400 292
1250235 17
1250000 3
1244160 1987
1240029 3
1234800 358
1229312 10
1228800 488
1225000 14
1224720 951
1215000 254
1210104 9
1209600 3167
1204224 123
1200500 7
1200000 235
1190700 328
1185408 281
1181250 19
1180980 62
1179648 95
1176000 553
1166886 18
1166400 1797
1161216 896
1157625 13
1152480 77
1152000 1554
1148175 21
1146880 123
1143072 453
1134000 1181
1128960 1205
1125000 18
1120000 271
1119744 560
1111320 300
1105920 1156
1102500 85
1102248 110
1097600 146
1093500 149
1088640 2687
1080450 13
1080000 889
1075648 3
1075200 1106
1071630 89
1063125 5
1062882 4
1058400 1347
1053696 75
1050000 105
1049760 658
1048576 7
1037232 64
1036800 2835
1032192 282
1029000 109
1024000 207
1020600 795
1016064 721
1012500 36
1008420 6
1008000 1788
1003520 135
1000188 62
1000000 24
995328 538
992250 82
987840 468
984375 1
984150 31
983040 189
980000 115
979776 673
972405 4
972000 1242
967680 2233
964467 4
960400 20
960000 581
952560 906
945000 302
944784 98
941192 1
940800 872
937500 2
933120 1792
926100 135
921984 48
921600 1364
918750 3
918540 201
917504 17
911250 22
907578 6
907200 2824
903168 340
900375 3
900000 217
896000 368
893025 14
889056 246
884736 224
882000 565
878080 90
875000 5
874800 678
870912 1076
864360 71
864000 2052
860160 549
857500 5
857304 206
850500 275
846720 1605
843750 4
840350 2
840000 496
839808 397
833490 52
829440 1754
826875 7
826686 8
823200 240
820125 4
819200 81
816480 1475
810000 475
806736 11
806400 2314
802816 33
800000 89
793800 668
790272 211
787500 50
787320 153
786432 39
784000 230
777924 35
777600 2373
774144 601
771750 25
768320 28
768000 728
765625 1
765450 97
762048 653
759375 2
756315 1
756000 1463
752640 554
750141 2
750000 37
746496 674
740880 355
737280 635
735000 97
734832 290
729000 340
725760 2657
720300 20
720000 840
716800 312
714420 249
708750 57
708588 12
705600 1233
702464 30
700000 68
699840 1167
694575 9
691488 51
691200 2366
688905 9
688128 103
686000 62
680400 1340
677376 608
675000 96
672280 2
672000 1041
666792 103
663552 428
661500 189
658560 299
656250 1
656100 142
655360 37
653184 836
648270 24
648000 1591
645120 1350
643125 1
642978 27
640000 177
637875 12
635040 1169
630000 432
629856 177
627200 274
625000 1
622080 2026
617400 206
614656 10
614400 564
612500 7
612360 516
607500 93
605052 6
604800 2814
602112 130
600250 3
600000 168
595350 91
592704 236
590625 2
590490 20
589824 108
588000 446
583443 5
583200 1218
580608 931
576240 56
576000 1437
573440 154
571536 302
567000 581
564480 1148
562500 7
560000 171
559872 533
555660 135
552960 1339
551250 27
551124 61
548800 125
546750 37
544320 2180
540225 5
540000 607
537824 2
537600 1025
535815 14
529200 882
526848 90
525000 56
524880 385
524288 17
518616 31
518400 2474
516096 353
514500 34
512000 203
510300 298
508032 636
506250 12
504210 6
504000 1418
501760 156
500094 16
500000 16
497664 642
496125 16
493920 331
492075 4
491520 230
490000 64
489888 482
486000 683
483840 2228
480200 12
480000 461
476280 467
472500 115
472392 45
470400 719
468750 2
466560 1529
463050 47
460992 23
460800 1412
459270 63
458752 19
455625 4
453600 1907
451584 335
450000 121
448000 323
444528 177
442368 348
441000 290
439040 90
437500 3
437400 367
435456 1042
432180 23
432000 1569
430080 618
428750 7
428652 79
425250 65
423360 1194
420000 320
419904 313
416745 12
414720 1842
413343 3
411600 147
409600 109
408240 945
405000 214
403368 3
403200 2027
401408 31
400000 74
396900 260
395136 159
393750 12
393660 72
393216 32
392000 178
388962 7
388800 1787
387072 671
385875 5
384160 27
384000 731
382725 11
381024 432
378000 869
376320 527
375000 9
373248 641
370440 196
368640 711
367500 40
367416 145
364500 145
362880 2246
360150 13
360000 550
358400 282
357210 82
354375 4
354294 4
352800 842
351232 21
350000 24
349920 812
345744 25
345600 2088
344064 130
343000 24
340200 756
338688 524
337500 27
336140 2
336000 795
333396 48
331776 498
330750 51
329280 233
328050 50
327680 46
326592 680
324135 4
324000 1003
322560 1365
321489 9
320000 145
317520 768
315000 211
314928 120
313600 209
311040 1816
308700 88
307328 11
307200 605
306250 3
306180 222
303750 21
302526 1
302400 2085
301056 155
300000 105
297675 17
296352 184
295245 1
294912 132
294000 210
291600 723
290304 874
288120 23
288000 1192
286720 138
285768 165
283500 239
282240 913
281250 3
280000 155
279936 450
277830 44
276480 1300
275625 3
275562 14
274400 69
273375 3
272160 1420
270000 297
268800 955
264600 434
263424 80
262500 17
262440 205
262144 5
259308 11
259200 1935
258048 350
257250 8
256000 185
255150 88
254016 479
253125 3
252000 845
250880 132
250047 2
250000 11
248832 621
246960 201
245760 279
245000 33
244944 329
243000 374
241920 1856
240100 5
240000 328
238140 211
236250 33
236196 27
235200 479
233280 1133
231525 4
230496 33
230400 1283
229635 9
229376 25
226800 1078
225792 319
225000 50
224000 263
222264 96
221184 297
220500 114
219520 64
218750 1
218700 155
217728 796
216090 17
216000 1116
215040 602
214326 20
212625 9
211680 828
210000 151
209952 201
207360 1680
205800 74
204800 134
204120 494
202500 75
201600 1488
200704 36
200000 39
198450 85
197568 158
196875 1
196830 22
196608 55
196000 95
194481 5
194400 1075
193536 686
192080 11
192000 579
190512 244
189000 403
188160 477
187500 4
186624 583
185220 103
184320 741
183750 8
183708 72
182250 30
181440 1690
180000 334
179200 243
178605 8
176400 446
175616 22
175000 14
174960 438
172872 17
172800 1734
172032 144
171500 9
170100 315
169344 389
168750 5
168070 1
168000 562
166698 23
165888 534
165375 12
164640 115
164025 2
163840 50
163296 454
162000 574
161280 1195
160000 127
158760 346
157500 73
157464 57
156800 158
155520 1422
154350 16
153664 7
153600 556
153125 1
153090 50
151875 1
151200 1314
150528 170
150000 47
148176 111
147456 163
147000 112
145800 357
145152 800
144060 15
144000 884
143360 141
142884 75
141750 76
141120 621
140625 1
140000 78
139968 348
138915 11
138240 1250
137781 3
137200 48
136080 855
135000 119
134456 1
134400 789
132300 177
131712 55
131250 8
131220 87
131072 15
129654 5
129600 1352
129024 371
128625 1
128000 165
127575 8
127008 344
126000 463
125440 112
125000 3
124416 524
123480 112
122880 256
122500 12
122472 130
121500 113
120960 1514
120050 1
120000 234
119070 54
118125 2
118098 5
117600 312
116640 756
115248 17
115200 1081
114688 30
113400 537
112896 280
112500 14
112000 187
111132 43
110592 342
110250 32
109760 47
109350 38
108864 591
108045 3
108000 637
107520 539
107163 3
105840 449
105000 73
104976 133
103680 1346
102900 35
102400 136
102060 203
101250 13
100842 1
100800 1084
100352 31
100000 29
99225 10
98784 85
98415 3
98304 53
98000 41
97200 590
96768 613
96040 7
96000 451
95256 150
94500 127
94080 321
93750 1
93312 468
92610 21
92160 647
91875 1
91854 22
91125 3
90720 1028
90000 171
89600 218
88200 226
87808 21
87500 5
87480 197
86436 7
86400 1212
86016 126
85750 3
85050 68
84672 339
84375 2
84000 317
83349 4
82944 454
82320 85
81920 57
81648 257
81000 233
80640 976
80000 90
79380 152
78750 17
78732 16
78400 114
77760 969
77175 6
76832 7
76800 468
76545 7
75600 723
75264 121
75000 20
74088 54
73728 170
73500 41
72900 127
72576 555
72030 4
72000 531
71680 139
71442 23
70875 10
70560 417
70000 48
69984 211
69120 1064
68600 14
68040 390
67500 46
67200 555
66150 43
65856 55
65625 1
65610 28
65536 15
64827 1
64800 807
64512 364
64000 121
63504 193
63000 194
62720 94
62208 426
61740 47
61440 245
61236 57
60750 26
60480 1036
60000 122
59535 10
59049 1
58800 164
58320 377
57624 11
57600 931
57344 36
56700 181
56448 206
56250 4
56000 116
55566 10
55296 310
55125 2
54880 20
54675 5
54432 374
54000 341
53760 473
52920 203
52500 27
52488 45
51840 994
51450 6
51200 111
51030 41
50625 1
50400 602
50176 37
50000 12
49392 50
49152 55
49000 24
48600 269
48384 454
48020 2
48000 296
47628 47
47250 32
47040 240
46656 300
46305 3
46080 583
45927 2
45360 548
45000 87
44800 159
44100 73
43904 12
43740 64
43218 2
43200 830
43008 147
42525 10
42336 185
42000 165
41472 409
41160 30
40960 50
40824 123
40500 85
40320 725
40000 45
39690 37
39375 3
39366 9
39200 49
38880 547
38416 3
38400 384
37800 278
37632 96
37500 9
37044 29
36864 167
36750 6
36450 33
36288 380
36015 1
36000 324
35840 108
35721 5
35280 198
35000 19
34992 112
34560 802
34300 9
34020 144
33750 11
33614 1
33600 350
33075 6
32928 33
32805 3
32768 12
32400 362
32256 286
32000 89
31752 88
31500 60
31360 74
31104 330
30870 14
30720 245
30618 17
30375 5
30240 552
30000 54
29400 68
29160 163
28812 1
28800 564
28672 27
28350 45
28224 135
28000 66
27783 1
27648 216
27440 18
27216 181
27000 130
26880 322
26460 87
26250 7
26244 27
25920 644
25600 104
25515 6
25200 322
25088 27
25000 4
24696 26
24576 47
24500 10
24300 94
24192 315
24000 202
23814 20
23625 2
23520 126
23328 163
23040 475
22680 238
22500 20
22400 110
22050 13
21952 11
21870 16
21600 460
21504 110
21168 110
21000 70
20736 325
20580 16
20480 37
20412 36
20250 17
20160 472
20000 30
19845 9
19600 38
19440 271
19208 1
19200 255
18900 90
18816 60
18750 1
18522 6
18432 156
18375 1
18225 2
18144 223
18000 152
17920 66
17640 86
17500 4
17496 43
17280 515
17150 1
17010 36
16800 162
16464 13
16384 20
16200 174
16128 188
16000 55
15876 35
15750 13
15680 52
15552 200
15435 2
15360 180
15309 2
15120 291
15000 29
14700 37
14580 54
14400 347
14336 25
14175 8
14112 92
14000 27
13824 208
13720 7
13608 76
13500 40
13440 195
13230 26
13122 5
12960 364
12800 63
12600 118
12544 19
12500 3
12348 11
12288 40
12250 1
12150 16
12096 203
12000 85
11907 1
11760 71
11664 86
11520 327
11340 86
11250 3
11200 53
11025 3
10976 7
10800 199
10752 92
10584 49
10500 29
10368 180
10290 2
10240 43
10206 14
10080 238
10000 5
9800 11
9720 89
9600 145
9450 20
9408 30
9216 98
9072 127
9000 61
8960 53
8820 23
8750 1
8748 19
8640 304
8505 6
8400 103
8232 7
8192 17
8100 53
8064 136
8000 38
7938 10
7840 23
7776 103
7680 134
7560 124
7500 8
7350 6
7290 13
7200 169
7168 25
7056 40
7000 17
6912 128
6860 2
6804 32
6750 10
6720 120
6615 4
6480 139
6400 43
6300 42
6272 7
6174 7
6144 56
6075 3
6048 122
6000 34
5880 39
5832 44
5760 194
5670 23
5625 1
5600 28
5488 6
5400 81
5376 62
5292 15
5250 3
5184 117
5145 2
5120 28
5103 2
5040 116
4900 2
4860 37
4802 1
4800 91
4725 1
4704 21
4608 80
4536 53
4500 19
4480 29
4410 4
4374 4
4320 138
4200 46
4116 1
4096 6
4050 14
4032 68
4000 18
3969 2
3920 6
3888 40
3840 89
3780 41
3750 1
3645 1
3600 86
3584 12
3528 16
3500 4
3456 95
3402 10
3375 2
3360 61
3240 64
3200 21
3150 11
3136 9
3072 23
3024 51
3000 12
2940 10
2916 15
2880 102
2835 2
2800 13
2700 31
2688 41
2646 5
2592 57
2560 23
2520 35
2500 1
2450 1
2430 11
2400 47
2352 12
2304 54
2268 20
2250 3
2240 20
2187 2
2160 63
2100 9
2048 8
2025 2
2016 59
2000 2
1960 6
1944 21
1920 45
1890 9
1800 30
1792 4
1764 1
1728 44
1680 27
1620 15
1600 13
1575 2
1568 5
1536 29
1512 20
1500 9
1470 3
1458 6
1440 50
1400 8
1350 4
1344 21
1323 1
1296 28
1280 11
1260 15
1200 21
1176 3
1152 35
1134 4
1120 9
1080 20
1050 3
1024 4
1008 12
1000 5
972 7
960 21
900 12
896 3
882 4
864 20
840 8
810 5
800 6
784 2
768 16
756 3
720 22
700 4
672 14
648 9
640 13
630 3
600 9
576 17
560 1
540 10
512 3
504 8
480 20
450 2
448 2
432 11
420 6
405 1
400 1
392 1
384 3
375 1
360 9
350 2
336 7
324 3
320 5
300 2
288 9
280 2
270 1
256 3
252 3
240 8
224 2
216 8
200 1
192 6
180 1
150 1
144 2
128 1
120 2
108 1
96 3
84 1
80 1
72 1
64 1
56 1
48 2
32 1
