3050 1
3045 1
3042 1
3038 1
3035 1
3029 1
3027 1
3023 2
3022 1
3021 1
3019 1
3018 2
3017 1
3016 2
3015 2
3014 1
3013 1
3012 3
3011 1
3010 3
3007 1
3006 1
3004 1
3003 6
3002 5
3000 2
2999 5
2998 5
2997 4
2996 6
2995 4
2994 5
2993 6
2992 4
2991 4
2990 10
2989 8
2988 5
2987 9
2986 5
2985 5
2984 11
2983 12
2982 12
2981 9
2980 4
2979 8
2978 14
2977 17
2976 17
2975 13
2974 13
2973 13
2972 10
2971 17
2970 12
2969 15
2968 15
2967 16
2966 16
2965 20
2964 28
2963 25
2962 31
2961 32
2960 35
2959 38
2958 26
2957 33
2956 38
2955 41
2954 36
2953 43
2952 47
2951 43
2950 36
2949 51
2948 50
2947 57
2946 54
2945 52
2944 64
2943 79
2942 75
2941 70
2940 82
2939 86
2938 84
2937 107
2936 91
2935 99
2934 112
2933 100
2932 129
2931 119
2930 115
2929 113
2928 127
2927 144
2926 148
2925 164
2924 162
2923 199
2922 182
2921 191
2920 191
2919 207
2918 187
2917 210
2916 235
2915 244
2914 234
2913 266
2912 252
2911 300
2910 286
2909 249
2908 316
2907 317
2906 318
2905 313
2904 359
2903 342
2902 363
2901 409
2900 430
2899 442
2898 437
2897 455
2896 478
2895 514
2894 501
2893 537
2892 528
2891 616
2890 597
2889 576
2888 609
2887 647
2886 623
2885 691
2884 704
2883 733
2882 751
2881 796
2880 792
2879 830
2878 820
2877 840
2876 941
2875 956
2874 951
2873 965
2872 1072
2871 1097
2870 1114
2869 1080
2868 1201
2867 1211
2866 1227
2865 1169
2864 1256
2863 1293
2862 1450
2861 1309
2860 1475
2859 1531
2858 1488
2857 1574
2856 1605
2855 1647
2854 1609
2853 1665
2852 1779
2851 1845
2850 1836
2849 1966
2848 1976
2847 2040
2846 2032
2845 2068
2844 2166
2843 2179
2842 2164
2841 2265
2840 2430
2839 2344
2838 2451
2837 2497
2836 2621
2835 2611
2834 2671
2833 2701
2832 2768
2831 2705
2830 2826
2829 2930
2828 2980
2827 3049
2826 3179
2825 3122
2824 3160
2823 3215
2822 3370
2821 3318
2820 3408
2819 3418
2818 3489
2817 3724
2816 3604
2815 3718
2814 3722
2813 3881
2812 3957
2811 3932
2810 4059
2809 3940
2808 4218
2807 4204
2806 4330
2805 4324
2804 4288
2803 4539
2802 4475
2801 4539
2800 4642
2799 4555
2798 4638
2797 4773
2796 4787
2795 4803
2794 5023
2793 4979
2792 5040
2791 5126
2790 5153
2789 5073
2788 5232
2787 5276
2786 5224
2785 5459
2784 5240
2783 5471
2782 5487
2781 5435
2780 5717
2779 5424
2778 5630
2777 5630
2776 5713
2775 5858
2774 5803
2773 5831
2772 5851
2771 5748
2770 5860
2769 5919
2768 6016
2767 5894
2766 6151
2765 5938
2764 6055
2763 6091
2762 6263
2761 6071
2760 6186
2759 6163
2758 6349
2757 6188
2756 6213
2755 6106
2754 6148
2753 6246
2752 6251
2751 6187
2750 6122
2749 6177
2748 6217
2747 6196
2746 6125
2745 6201
2744 6257
2743 6110
2742 6195
2741 6185
2740 6178
2739 5973
2738 6127
2737 6125
2736 6121
2735 6169
2734 5990
2733 6147
2732 5949
2731 5914
2730 5824
2729 5887
2728 5897
2727 5859
2726 5903
2725 5784
2724 5717
2723 5693
2722 5662
2721 5541
2720 5525
2719 5447
2718 5578
2717 5461
2716 5364
2715 5230
2714 5175
2713 5225
2712 5186
2711 5259
2710 5189
2709 5013
2708 5032
2707 4980
2706 4768
2705 4835
2704 4807
2703 4800
2702 4635
2701 4576
2700 4630
2699 4548
2698 4526
2697 4265
2696 4322
2695 4239
2694 4195
2693 4194
2692 4105
2691 4085
2690 4076
2689 4007
2688 3812
2687 3878
2686 3769
2685 3791
2684 3656
2683 3590
2682 3467
2681 3427
2680 3329
2679 3384
2678 3299
2677 3258
2676 3231
2675 3026
2674 3166
2673 3066
2672 2892
2671 2902
2670 2846
2669 2804
2668 2779
2667 2663
2666 2597
2665 2698
2664 2461
2663 2512
2662 2476
2661 2411
2660 2358
2659 2240
2658 2261
2657 2234
2656 2100
2655 2061
2654 2037
2653 1934
2652 1976
2651 1919
2650 1813
2649 1811
2648 1709
2647 1723
2646 1735
2645 1630
2644 1579
2643 1523
2642 1504
2641 1420
2640 1445
2639 1361
2638 1318
2637 1375
2636 1290
2635 1272
2634 1220
2633 1217
2632 1151
2631 1146
2630 1098
2629 1090
2628 1039
2627 1045
2626 958
2625 951
2624 938
2623 969
2622 831
2621 839
2620 836
2619 804
2618 707
2617 751
2616 704
2615 677
2614 636
2613 648
2612 622
2611 575
2610 547
2609 585
2608 531
2607 549
2606 498
2605 454
2604 490
2603 435
2602 424
2601 409
2600 394
2599 418
2598 365
2597 361
2596 359
2595 317
2594 331
2593 337
2592 291
2591 281
2590 291
2589 257
2588 234
2587 249
2586 225
2585 196
2584 212
2583 245
2582 204
2581 190
2580 183
2579 183
2578 159
2577 157
2576 154
2575 169
2574 134
2573 135
2572 128
2571 135
2570 112
2569 111
2568 120
2567 116
2566 99
2565 85
2564 79
2563 113
2562 93
2561 69
2560 102
2559 79
2558 66
2557 68
2556 49
2555 61
2554 44
2553 48
2552 71
2551 46
2550 64
2549 37
2548 33
2547 42
2546 43
2545 28
2544 39
2543 43
2542 31
2541 37
2540 20
2539 23
2538 20
2537 22
2536 25
2535 20
2534 24
2533 35
2532 20
2531 23
2530 16
2529 21
2528 17
2527 12
2526 17
2525 18
2524 8
2523 8
2522 9
2521 6
2520 11
2519 13
2518 15
2517 8
2516 11
2515 5
2514 9
2513 10
2512 9
2511 6
2510 3
2509 5
2508 3
2507 4
2506 3
2505 4
2504 3
2503 6
2502 10
2501 3
2500 1
2499 4
2498 5
2497 2
2496 4
2495 3
2494 3
2493 2
2492 4
2491 4
2490 1
2489 1
2487 1
2486 2
2485 2
2484 1
2482 1
2479 1
2475 3
2474 1
2473 1
2472 1
