3075 1
3073 1
3036 1
3035 1
3033 1
3031 1
3028 1
3021 1
3018 2
3017 2
3016 2
3015 1
3013 1
3012 1
3011 1
3010 3
3009 1
3007 3
3006 1
3005 2
3004 1
3003 2
3002 4
3001 3
3000 1
2999 2
2998 4
2997 1
2996 2
2995 6
2994 5
2993 7
2992 10
2991 8
2990 5
2989 6
2988 7
2987 3
2986 4
2985 7
2984 9
2983 8
2982 12
2981 9
2980 9
2979 11
2978 14
2977 16
2976 17
2975 12
2974 14
2973 22
2972 15
2971 17
2970 7
2969 17
2968 15
2967 21
2966 23
2965 17
2964 30
2963 28
2962 29
2961 28
2960 24
2959 33
2958 38
2957 30
2956 29
2955 39
2954 44
2953 52
2952 42
2951 47
2950 52
2949 50
2948 54
2947 59
2946 60
2945 67
2944 71
2943 83
2942 55
2941 71
2940 72
2939 89
2938 76
2937 77
2936 99
2935 97
2934 84
2933 116
2932 129
2931 112
2930 151
2929 131
2928 121
2927 143
2926 159
2925 152
2924 161
2923 157
2922 164
2921 171
2920 201
2919 191
2918 225
2917 215
2916 197
2915 233
2914 214
2913 259
2912 236
2911 284
2910 278
2909 288
2908 314
2907 312
2906 315
2905 371
2904 369
2903 383
2902 380
2901 418
2900 422
2899 398
2898 461
2897 438
2896 460
2895 481
2894 464
2893 524
2892 542
2891 561
2890 584
2889 611
2888 616
2887 644
2886 638
2885 666
2884 708
2883 716
2882 778
2881 737
2880 794
2879 819
2878 840
2877 864
2876 894
2875 964
2874 962
2873 987
2872 1046
2871 1067
2870 1021
2869 1153
2868 1121
2867 1196
2866 1228
2865 1271
2864 1324
2863 1383
2862 1342
2861 1398
2860 1505
2859 1430
2858 1503
2857 1555
2856 1564
2855 1611
2854 1592
2853 1687
2852 1740
2851 1826
2850 1861
2849 1817
2848 1944
2847 2051
2846 2085
2845 2044
2844 2171
2843 2165
2842 2267
2841 2239
2840 2198
2839 2322
2838 2409
2837 2479
2836 2490
2835 2564
2834 2714
2833 2631
2832 2799
2831 2786
2830 2864
2829 2931
2828 3004
2827 2964
2826 3057
2825 3192
2824 3117
2823 3321
2822 3274
2821 3358
2820 3486
2819 3424
2818 3520
2817 3601
2816 3647
2815 3693
2814 3789
2813 3853
2812 3863
2811 3986
2810 3941
2809 3922
2808 4104
2807 4223
2806 4209
2805 4291
2804 4278
2803 4467
2802 4600
2801 4511
2800 4569
2799 4558
2798 4681
2797 4749
2796 4834
2795 4878
2794 5054
2793 4986
2792 5022
2791 5038
2790 5158
2789 5122
2788 4973
2787 5175
2786 5324
2785 5418
2784 5464
2783 5447
2782 5480
2781 5608
2780 5499
2779 5619
2778 5618
2777 5684
2776 5667
2775 5760
2774 5714
2773 5790
2772 5891
2771 5943
2770 5796
2769 6059
2768 5960
2767 5974
2766 6063
2765 6016
2764 6182
2763 6173
2762 6033
2761 6149
2760 6134
2759 6153
2758 6287
2757 6223
2756 6113
2755 6139
2754 6315
2753 6165
2752 6320
2751 6116
2750 6194
2749 6147
2748 6444
2747 6322
2746 6276
2745 6100
2744 6287
2743 6189
2742 6008
2741 6065
2740 6169
2739 6215
2738 6044
2737 6051
2736 6037
2735 6049
2734 5921
2733 5892
2732 5918
2731 5922
2730 5946
2729 5852
2728 5826
2727 5842
2726 5787
2725 5690
2724 5713
2723 5663
2722 5604
2721 5687
2720 5632
2719 5666
2718 5529
2717 5494
2716 5461
2715 5315
2714 5359
2713 5251
2712 5244
2711 5150
2710 5371
2709 4983
2708 5093
2707 4852
2706 4947
2705 4824
2704 4826
2703 4677
2702 4688
2701 4657
2700 4616
2699 4608
2698 4406
2697 4449
2696 4414
2695 4334
2694 4409
2693 4258
2692 4195
2691 4083
2690 4022
2689 3970
2688 3919
2687 3880
2686 3754
2685 3655
2684 3751
2683 3521
2682 3471
2681 3511
2680 3354
2679 3333
2678 3289
2677 3218
2676 3171
2675 3158
2674 3221
2673 3069
2672 2972
2671 2977
2670 2988
2669 2754
2668 2740
2667 2628
2666 2658
2665 2595
2664 2552
2663 2493
2662 2454
2661 2422
2660 2409
2659 2253
2658 2192
2657 2180
2656 2114
2655 2072
2654 1959
2653 1933
2652 1878
2651 1881
2650 1836
2649 1832
2648 1767
2647 1738
2646 1670
2645 1637
2644 1596
2643 1619
2642 1475
2641 1409
2640 1496
2639 1398
2638 1418
2637 1295
2636 1212
2635 1207
2634 1183
2633 1172
2632 1124
2631 1108
2630 1065
2629 1055
2628 1007
2627 993
2626 1009
2625 896
2624 933
2623 908
2622 818
2621 820
2620 870
2619 805
2618 701
2617 711
2616 719
2615 692
2614 663
2613 626
2612 588
2611 606
2610 568
2609 567
2608 520
2607 501
2606 521
2605 534
2604 472
2603 476
2602 433
2601 439
2600 422
2599 380
2598 379
2597 377
2596 336
2595 328
2594 304
2593 310
2592 284
2591 266
2590 313
2589 271
2588 289
2587 251
2586 228
2585 199
2584 239
2583 198
2582 217
2581 185
2580 193
2579 192
2578 150
2577 161
2576 149
2575 145
2574 152
2573 124
2572 134
2571 127
2570 120
2569 111
2568 101
2567 107
2566 94
2565 103
2564 88
2563 87
2562 86
2561 63
2560 80
2559 64
2558 56
2557 77
2556 50
2555 60
2554 59
2553 55
2552 53
2551 51
2550 63
2549 52
2548 47
2547 40
2546 43
2545 42
2544 46
2543 29
2542 27
2541 29
2540 26
2539 35
2538 28
2537 35
2536 19
2535 22
2534 27
2533 23
2532 24
2531 15
2530 21
2529 21
2528 14
2527 7
2526 13
2525 15
2524 13
2523 10
2522 13
2521 11
2520 10
2519 8
2518 4
2517 9
2516 3
2515 11
2514 11
2513 10
2512 9
2511 5
2510 7
2509 8
2508 3
2507 7
2506 3
2504 2
2503 4
2502 3
2501 2
2500 5
2499 3
2498 2
2497 4
2496 2
2495 2
2494 1
2493 1
2492 4
2491 4
2490 1
2489 2
2488 1
2487 1
2486 1
2485 2
2484 1
2483 2
2482 2
2481 1
2480 2
2479 1
2478 2
2476 2
2474 1
2472 1
2470 1
2468 2
2467 1
2466 1
2455 1
2451 1
