3062 1
3057 1
3043 1
3040 1
3035 1
3032 1
3031 1
3028 1
3025 1
3023 1
3021 2
3017 1
3015 2
3014 3
3013 4
3012 1
3011 3
3010 3
3009 2
3008 4
3007 4
3006 2
3005 5
3004 4
3003 6
3002 3
3000 4
2998 3
2997 1
2996 4
2994 3
2993 9
2992 7
2991 4
2990 3
2989 9
2988 3
2987 2
2986 7
2985 7
2984 10
2983 6
2982 12
2981 5
2980 12
2979 14
2978 12
2977 4
2976 15
2975 23
2974 13
2973 13
2972 10
2971 18
2970 23
2969 16
2968 19
2967 20
2966 28
2965 15
2964 25
2963 19
2962 40
2961 36
2960 24
2959 35
2958 37
2957 39
2956 29
2955 39
2954 42
2953 38
2952 46
2951 65
2950 72
2949 53
2948 57
2947 51
2946 38
2945 38
2944 71
2943 71
2942 64
2941 90
2940 97
2939 97
2938 78
2937 104
2936 81
2935 84
2934 89
2933 93
2932 103
2931 128
2930 112
2929 133
2928 138
2927 122
2926 153
2925 127
2924 162
2923 173
2922 160
2921 174
2920 185
2919 187
2918 199
2917 251
2916 223
2915 243
2914 246
2913 264
2912 270
2911 269
2910 284
2909 281
2908 286
2907 317
2906 325
2905 331
2904 332
2903 362
2902 401
2901 450
2900 430
2899 419
2898 430
2897 431
2896 447
2895 476
2894 538
2893 567
2892 550
2891 506
2890 568
2889 574
2888 662
2887 621
2886 650
2885 629
2884 717
2883 741
2882 763
2881 771
2880 785
2879 870
2878 848
2877 901
2876 888
2875 953
2874 978
2873 980
2872 1057
2871 1045
2870 1134
2869 1130
2868 1154
2867 1130
2866 1223
2865 1221
2864 1315
2863 1339
2862 1385
2861 1361
2860 1424
2859 1517
2858 1453
2857 1606
2856 1551
2855 1634
2854 1621
2853 1734
2852 1759
2851 1813
2850 1841
2849 1923
2848 1948
2847 1965
2846 1967
2845 2135
2844 2179
2843 2195
2842 2183
2841 2315
2840 2302
2839 2344
2838 2367
2837 2470
2836 2561
2835 2599
2834 2595
2833 2674
2832 2745
2831 2842
2830 2848
2829 2845
2828 3040
2827 3044
2826 3226
2825 3126
2824 3254
2823 3279
2822 3334
2821 3405
2820 3353
2819 3621
2818 3652
2817 3652
2816 3648
2815 3729
2814 3754
2813 3882
2812 3855
2811 3973
2810 4081
2809 4140
2808 4158
2807 4191
2806 4180
2805 4357
2804 4296
2803 4367
2802 4440
2801 4502
2800 4558
2799 4723
2798 4720
2797 4702
2796 4854
2795 4820
2794 4901
2793 4971
2792 5043
2791 5044
2790 5160
2789 5147
2788 5191
2787 5331
2786 5285
2785 5359
2784 5483
2783 5218
2782 5435
2781 5497
2780 5554
2779 5611
2778 5699
2777 5674
2776 5644
2775 5763
2774 5734
2773 5819
2772 5891
2771 5872
2770 5911
2769 5819
2768 5878
2767 5921
2766 5942
2765 6000
2764 5962
2763 5898
2762 6051
2761 6122
2760 6221
2759 6261
2758 6239
2757 6208
2756 6226
2755 6173
2754 6167
2753 6155
2752 6295
2751 6334
2750 6208
2749 6413
2748 6328
2747 5972
2746 6073
2745 6268
2744 6036
2743 6169
2742 6022
2741 6202
2740 6139
2739 6180
2738 6168
2737 6039
2736 6105
2735 5982
2734 5976
2733 5998
2732 6034
2731 6010
2730 5753
2729 5933
2728 5853
2727 5912
2726 5849
2725 5803
2724 5768
2723 5620
2722 5588
2721 5657
2720 5527
2719 5572
2718 5579
2717 5455
2716 5561
2715 5309
2714 5331
2713 5231
2712 5357
2711 5096
2710 5017
2709 5117
2708 4960
2707 4983
2706 4904
2705 4722
2704 4785
2703 4795
2702 4583
2701 4683
2700 4630
2699 4519
2698 4423
2697 4338
2696 4391
2695 4220
2694 4268
2693 4183
2692 4178
2691 4045
2690 3996
2689 3899
2688 3897
2687 3863
2686 3843
2685 3622
2684 3647
2683 3649
2682 3588
2681 3526
2680 3391
2679 3416
2678 3246
2677 3245
2676 3281
2675 3263
2674 3043
2673 3020
2672 2940
2671 2897
2670 2946
2669 2730
2668 2770
2667 2789
2666 2662
2665 2458
2664 2568
2663 2511
2662 2467
2661 2380
2660 2297
2659 2269
2658 2174
2657 2174
2656 2065
2655 2091
2654 2020
2653 1980
2652 1935
2651 1874
2650 1855
2649 1788
2648 1734
2647 1690
2646 1696
2645 1597
2644 1618
2643 1655
2642 1520
2641 1457
2640 1441
2639 1378
2638 1304
2637 1283
2636 1230
2635 1250
2634 1276
2633 1191
2632 1154
2631 1160
2630 1099
2629 1104
2628 1034
2627 989
2626 975
2625 896
2624 890
2623 899
2622 833
2621 837
2620 781
2619 787
2618 745
2617 728
2616 712
2615 645
2614 671
2613 670
2612 583
2611 610
2610 596
2609 550
2608 501
2607 540
2606 512
2605 497
2604 464
2603 462
2602 448
2601 442
2600 432
2599 395
2598 399
2597 376
2596 365
2595 364
2594 306
2593 364
2592 314
2591 302
2590 292
2589 273
2588 239
2587 270
2586 238
2585 224
2584 217
2583 212
2582 179
2581 228
2580 179
2579 184
2578 174
2577 153
2576 178
2575 146
2574 122
2573 152
2572 126
2571 113
2570 108
2569 138
2568 104
2567 101
2566 92
2565 112
2564 88
2563 97
2562 78
2561 72
2560 92
2559 65
2558 60
2557 82
2556 51
2555 65
2554 58
2553 55
2552 54
2551 50
2550 42
2549 47
2548 43
2547 43
2546 39
2545 50
2544 30
2543 32
2542 35
2541 44
2540 23
2539 33
2538 21
2537 25
2536 22
2535 26
2534 20
2533 25
2532 31
2531 22
2530 17
2529 19
2528 15
2527 14
2526 16
2525 15
2524 24
2523 11
2522 12
2521 12
2520 10
2519 14
2518 11
2517 13
2516 12
2515 6
2514 10
2513 7
2512 2
2511 12
2510 8
2509 5
2508 9
2507 4
2506 6
2505 5
2504 6
2503 2
2502 3
2501 3
2500 4
2499 7
2498 2
2497 3
2496 1
2495 4
2494 1
2493 6
2492 3
2491 3
2488 1
2487 3
2486 2
2485 4
2484 1
2483 1
2482 2
2481 2
2480 2
2479 1
2478 2
2477 1
2476 1
2475 1
2474 1
2470 2
2463 1
2462 1
2444 1
