4723920000 1
4536000000 1
4251528000 1
3969000000 1
3780000000 1
3674160000 1
3628800000 2
3584000000 1
3499200000 2
3402000000 1
3317760000 1
3306744000 1
3150000000 2
3149280000 1
3136000000 1
3110400000 1
3061800000 2
2985984000 1
2939328000 2
2903040000 2
2893401000 1
2880000000 1
2799360000 3
2778300000 2
2721600000 4
2645395200 2
2624400000 1
2621440000 1
2612736000 3
2592000000 1
2580480000 1
2551500000 2
2550916800 1
2519424000 1
2508800000 1
2488320000 3
2449440000 1
2419200000 2
2381400000 2
2351462400 3
2332800000 2
2314720800 2
2304000000 1
2286144000 2
2268000000 3
2267481600 1
2257920000 1
2250423000 1
2240000000 1
2239488000 3
2222640000 1
2204496000 2
2195200000 1
2177280000 2
2150400000 1
2143260000 2
2116800000 1
2099520000 2
2057529600 1
2041200000 6
2040733440 1
2032128000 4
2016000000 4
2015539200 1
2007040000 1
2000376000 1
1990656000 1
1984500000 1
1984046400 1
1975680000 3
1968300000 3
1966080000 1
1959552000 7
1944000000 1
1935360000 3
1911029760 1
1905120000 7
1889568000 4
1887436800 1
1881600000 1
1866240000 3
1857945600 1
1843200000 1
1837080000 2
1828915200 3
1814400000 2
1806336000 1
1800338400 3
1791590400 1
1786050000 3
1785641760 1
1778112000 2
1771470000 1
1769472000 1
1764000000 4
1763596800 8
1756160000 1
1749600000 4
1741824000 6
1728720000 1
1728000000 2
1714608000 5
1701000000 4
1693440000 2
1693052928 2
1679616000 1
1666980000 2
1658880000 7
1653372000 4
1646023680 2
1640250000 1
1632960000 6
1625702400 1
1620304560 2
1620000000 2
1612800000 4
1612431360 1
1607445000 1
1600300800 3
1594323000 1
1592524800 1
1587600000 4
1575296100 2
1574640000 4
1567641600 5
1555848000 2
1555200000 5
1548288000 5
1543147200 4
1536640000 1
1536000000 2
1530900000 2
1524096000 8
1512000000 5
1511654400 1
1500282000 2
1492992000 9
1488034800 2
1481760000 3
1474560000 1
1470000000 1
1469664000 9
1463132160 2
1458000000 3
1451520000 15
1445068800 1
1440270720 2
1434890700 1
1428840000 5
1422489600 3
1417766490 1
1417500000 1
1417176000 7
1411200000 8
1410877440 3
1400263200 2
1399680000 14
1393459200 1
1389150000 1
1388832480 1
1382976000 1
1382400000 8
1377810000 1
1376256000 1
1372000000 2
1371686400 5
1360800000 10
1360488960 1
1354752000 7
1350253800 2
1350000000 1
1344000000 5
1343692800 4
1333584000 5
1327104000 4
1323000000 3
1322697600 4
1317120000 2
1312200000 7
1310720000 1
1306368000 17
1300561920 1
1296000000 4
1290240000 5
1285956000 7
1284505600 1
1280240640 1
1275750000 3
1275458400 1
1270080000 18
1264435200 2
1260000000 4
1259712000 11
1254400000 3
1254113280 2
1250235000 3
1244160000 14
1240029000 2
1238630400 1
1234800000 2
1234517760 2
1229312000 2
1228800000 2
1224720000 15
1219276800 6
1215000000 1
1209600000 9
1209323520 1
1204224000 1
1200225600 9
1200000000 1
1194393600 8
1190700000 8
1190427840 3
1185408000 4
1180980000 3
1179648000 1
1176000000 4
1175731200 13
1170505728 1
1166886000 1
1166400000 16
1161216000 18
1157360400 4
1152000000 6
1148175000 1
1146880000 2
1143072000 21
1137991680 3
1134000000 8
1133740800 3
1128960000 5
1128701952 1
1119744000 6
1114767360 4
1111320000 7
1111065984 1
1106380800 3
1105920000 9
1102500000 2
1102248000 16
1101004800 1
1097600000 4
1097349120 3
1089093600 1
1088640000 36
1083801600 5
1080450000 1
1080203040 1
1080000000 10
1075200000 5
1074954240 1
1071630000 5
1066867200 7
1062882000 1
1061683200 3
1058400000 10
1058158080 2
1053696000 1
1050197400 2
1049760000 9
1045094400 10
1037232000 4
1036800000 19
1033121304 1
1032192000 7
1029000000 2
1028764800 13
1024000000 2
1020600000 12
1020366720 4
1019215872 1
1016064000 29
1012690350 2
1011548160 1
1008000000 6
1007769600 10
1003520000 2
1000188000 9
995328000 15
992250000 5
992023200 8
990904320 1
987840000 8
984150000 2
983040000 1
980000000 1
979776000 42
975421440 3
972405000 1
972182736 1
972000000 11
968083200 2
967680000 18
964467000 9
960400000 2
960180480 3
960000000 2
956593800 2
955514880 3
952560000 13
952342272 2
948326400 9
945000000 4
944784000 11
943718400 2
941192000 1
940800000 7
940584960 6
933508800 5
933120000 25
930021750 1
928972800 7
926100000 1
925888320 7
921984000 2
921600000 8
918540000 12
914457600 25
907200000 27
906992640 3
903168000 12
900169200 5
896000000 1
895795200 19
893025000 2
892820880 2
891813888 1
889056000 20
884736000 9
882000000 5
881798400 22
878080000 1
877879296 2
875164500 2
874800000 15
870912000 44
868020300 2
867041280 4
864360000 4
864162432 1
864000000 9
860160000 9
857304000 32
853493760 5
850659894 1
850500000 3
850305600 6
849346560 1
846720000 38
846526464 3
842956800 1
840157920 5
840000000 5
839808000 28
836075520 7
833490000 7
829785600 1
829440000 16
826686000 11
825753600 1
823200000 4
823011840 16
819200000 1
816820200 1
816480000 45
812851200 21
810152280 4
810000000 4
806400000 24
806215680 2
803722500 4
802816000 4
800150400 21
800000000 1
796262400 10
793800000 24
793618560 10
792723456 1
790272000 7
787320000 14
786432000 1
784000000 1
783820800 42
780337152 2
777924000 8
777600000 18
774144000 26
771750000 4
771573600 16
768320000 1
768144384 2
768000000 3
765450000 5
765275040 1
762365520 3
762048000 47
758661120 1
756315000 1
756142128 1
756000000 18
755827200 24
752640000 7
750141000 5
746807040 2
746496000 30
744017400 3
743178240 7
740880000 15
740710656 1
737587200 2
737280000 7
734832000 50
734003200 1
731566080 16
729000000 6
726062400 3
725760000 57
725594112 1
723350250 2
722534400 7
720135360 11
720000000 4
716800000 5
716636160 3
714420000 33
714256704 2
711244800 16
708750000 2
708588000 7
707788800 2
705600000 26
705438720 15
702464000 1
700131600 7
699840000 41
696729600 25
694575000 2
694416240 14
691488000 8
691200000 28
688905000 6
688128000 5
686000000 1
685843200 57
680683500 1
680400000 43
680244480 7
677376000 38
675126900 5
672280000 1
672126336 1
672000000 14
671846400 23
669615660 1
668860416 2
666792000 17
663828480 2
663552000 13
661500000 4
661348800 24
658560000 11
658409472 1
656100000 4
655360000 1
653184000 89
650280960 9
648270000 1
648121824 1
648000000 15
645120000 34
644972544 3
642978000 20
642252800 2
640120320 9
640000000 2
637875000 1
637729200 3
637009920 2
635040000 48
634894848 2
632217600 11
630118440 2
629856000 28
629145600 1
627200000 9
627056640 22
625117500 1
624974616 1
622339200 14
622080000 53
620014500 3
619315200 13
617400000 14
617258880 24
614656000 3
614400000 8
612615150 1
612360000 52
609638400 62
607500000 3
605052000 2
604800000 38
604661760 9
602112000 13
600112800 21
600000000 1
597871125 1
597196800 14
595350000 10
595213920 8
592704000 20
590490000 8
589824000 7
588110544 1
588000000 8
587865600 61
583443000 5
583200000 31
580849920 3
580608000 79
578680200 9
578027520 6
576240000 4
576108288 3
576000000 13
573440000 1
573308928 1
571536000 93
568995840 14
567000000 18
566870400 12
566231040 1
564480000 47
564350976 3
562605750 1
561971200 3
560105280 7
560000000 2
559872000 59
558013050 1
557383680 11
555660000 18
555532992 3
553190400 3
552960000 28
551250000 2
551124000 45
550502400 2
548800000 3
548674560 34
546750000 2
544546800 3
544320000 126
544195584 2
542126592 1
541900800 26
540225000 2
540101520 4
540000000 3
537824000 1
537600000 22
537477120 13
535815000 11
535692528 2
533433600 42
531441000 2
530841600 9
529200000 30
529079040 23
526848000 18
525098700 3
525000000 2
524880000 37
524288000 1
522764928 1
522547200 92
520812180 2
520224768 6
518616000 11
518400000 54
516096000 21
514500000 1
514382400 62
512096256 6
512000000 1
510300000 28
510183360 7
508243680 1
508032000 85
505774080 2
504210000 3
504094752 1
504000000 36
503884800 45
502211745 1
501645312 3
500094000 24
497871360 6
497664000 55
496125000 2
496011600 19
495452160 8
493920000 27
493807104 10
492075000 1
491724800 1
491520000 5
490000000 2
489888000 126
487710720 18
486202500 2
486091368 1
486000000 18
484041600 4
483840000 79
483729408 2
482233500 6
481689600 7
480090240 33
480000000 5
477757440 13
476280000 61
476171136 7
474163200 38
472588830 1
472500000 4
472392000 33
471859200 3
470400000 20
470292480 42
466754400 20
466560000 68
465010875 1
464679936 1
464486400 57
463050000 4
462944160 17
462422016 1
460992000 8
460800000 18
459270000 21
458752000 5
457228800 95
455625000 1
455196672 3
453789000 2
453600000 75
453496320 12
451584000 53
450084600 11
450000000 3
449576960 1
448084224 4
448000000 10
447897600 58
446512500 3
446410440 5
445906944 2
444528000 63
442867500 2
442552320 4
442368000 20
441082908 1
441000000 12
440899200 70
439040000 12
438939648 6
437582250 2
437400000 31
435637440 2
435456000 184
434010150 1
433520640 14
432180000 6
432081216 7
432000000 38
430259200 2
430080000 31
429981696 2
428652000 66
426746880 27
425250000 8
425152800 16
424673280 5
423536400 1
423360000 101
423263232 6
421478400 7
420175000 1
420078960 2
420000000 8
419904000 85
418037760 48
416745000 13
416649744 3
414892800 24
414720000 93
413343000 18
412876800 14
411600000 10
411505920 55
409600000 7
408410100 1
408240000 118
408146688 3
406425600 89
405076140 4
405000000 8
404619264 1
403368000 3
403200000 67
403107840 15
401861250 2
401408000 11
400075200 52
400000000 3
398297088 3
398131200 38
396900000 43
396809280 21
396361728 3
395136000 53
393824025 1
393660000 20
393216000 5
392000000 8
391910400 136
390168576 5
388962000 18
388800000 74
387233280 5
387072000 90
385875000 5
385786800 41
385351680 2
384160000 5
384072192 8
384000000 17
382725000 9
382637520 1
382205952 1
381024000 193
379330560 18
378157500 1
378071064 1
378000000 31
377913600 45
377487360 2
376476800 3
376320000 38
376233984 6
375070500 11
373403520 10
373248000 113
372008700 6
371589120 21
370440000 47
370355328 11
368793600 11
368640000 31
367569090 1
367500000 4
367416000 100
367001600 5
365783040 63
364500000 16
363031200 4
362880000 189
362797056 6
361675125 2
361267200 43
360150000 2
360067680 21
360000000 9
358400000 14
358318080 31
357210000 46
357128352 3
355622400 72
354375000 1
354294000 12
353894400 17
352800000 58
352719360 66
352321536 1
351232000 12
350065800 19
350000000 4
349920000 104
348509952 2
348364800 149
347287500 4
347208120 12
346816512 3
345744000 29
345600000 57
344452500 2
344064000 18
343000000 5
342921600 140
341397504 12
340200000 86
340122240 16
339738624 1
338829120 1
338688000 148
337563450 10
337500000 1
337182720 1
336063168 3
336000000 22
335923200 81
334807830 1
334430208 7
333396000 73
331914240 14
331776000 87
330750000 11
330674400 45
330301440 6
329280000 28
329204736 21
328050000 10
327680000 5
326728080 6
326592000 244
325140480 43
324135000 3
324060912 3
324000000 43
322694400 5
322560000 112
322486272 1
321489000 46
321126400 2
320060160 53
320000000 5
318937500 3
318864600 4
318504960 12
317652300 2
317520000 155
317447424 17
316108800 35
315059220 7
315000000 11
314928000 102
314572800 2
313600000 19
313528320 101
312558750 1
312487308 2
311169600 32
311040000 141
310007250 5
309657600 60
308700000 11
308629440 49
307328000 3
307200000 19
306250000 1
306180000 100
306110016 1
304946208 2
304819200 188
303750000 1
303464448 3
302526000 5
302400000 127
302330880 41
301327047 1
301056000 37
300056400 64
300000000 2
298722816 4
298598400 93
297675000 11
297606960 19
297271296 5
296352000 99
295245000 7
294912000 31
294000000 11
293932800 202
293601280 1
292626432 17
291721500 6
291600000 61
290424960 10
290304000 240
289340100 12
289013760 14
288120000 7
288054144 13
288000000 38
287043750 1
286978140 2
286720000 14
286654464 6
285768000 176
284497920 44
283553298 3
283500000 26
283435200 29
283115520 5
282357600 1
282240000 133
282175488 11
281302875 1
281250000 1
280985600 5
280052640 22
280000000 4
279936000 168
278691840 77
277830000 38
277766496 4
276595200 34
276480000 103
275562000 63
275251200 11
274400000 18
274337280 142
273375000 5
272273400 6
272160000 248
272097792 6
270950400 122
270050760 20
270000000 9
269746176 1
268912000 3
268800000 55
268738560 66
267907500 15
267846264 1
266716800 118
265720500 2
265531392 2
265420800 49
264600000 61
264539520 68
264241152 1
263424000 36
262549350 2
262500000 3
262440000 69
262144000 3
261382464 1
261273600 284
260406090 5
260112384 5
259308000 32
259200000 124
258155520 1
258048000 100
257250000 1
257191200 134
256048128 13
256000000 9
255150000 39
255091680 7
254803968 4
254121840 1
254016000 290
252887040 23
252105000 1
252047376 4
252000000 53
251942400 127
250880000 26
250822656 20
250047000 37
248935680 37
248832000 180
248005800 35
247726080 21
246960000 56
246903552 28
245862400 5
245760000 19
245046060 2
245000000 2
244944000 281
243855360 97
243101250 2
243045684 2
243000000 35
242020800 12
241920000 229
241864704 9
241116750 2
240844800 22
240100000 5
240045120 56
240000000 10
239148450 1
238878720 38
238140000 130
238085568 10
237081600 109
236294415 1
236250000 6
236196000 41
235929600 7
235200000 51
235146240 160
233377200 34
233280000 201
232339968 1
232243200 190
231525000 11
231472080 34
231211008 3
230496000 17
230400000 93
229635000 31
229582512 1
229376000 6
228614400 272
227812500 1
227598336 15
226894500 2
226800000 162
226748160 42
225886080 1
225792000 176
225042300 18
225000000 5
224788480 3
224042112 4
224000000 25
223948800 141
223205220 9
222953472 11
222264000 137
221276160 13
221184000 91
220500000 17
220449600 153
220200960 3
219520000 32
219469824 26
218791125 1
218700000 43
217818720 7
217728000 408
216760320 48
216090000 18
216040608 12
216000000 54
215129600 2
215040000 75
214990848 11
214375000 1
214326000 116
213373440 103
212625000 7
212576400 24
212336640 11
211768200 1
211680000 232
211631616 25
210739200 27
210039480 16
210000000 13
209952000 192
209018880 137
208372500 16
208324872 3
207446400 48
207360000 243
206671500 13
206524416 1
206438400 56
205800000 18
205752960 135
205520896 1
204800000 13
204205050 3
204120000 247
204073344 2
203297472 1
203212800 277
202538070 3
202500000 7
202309632 2
201684000 4
201600000 150
201553920 85
200884698 2
200704000 30
200037600 133
200000000 2
199148544 11
199065600 127
198450000 49
198404640 40
198180864 3
197568000 127
196830000 32
196689920 1
196608000 12
196036848 1
196000000 11
195955200 380
195084288 25
194481000 20
194400000 151
193616640 4
193536000 275
192937500 1
192893400 43
192675840 6
192080000 13
192036096 23
192000000 26
191362500 4
191318760 4
191102976 10
190591380 2
190512000 332
189665280 56
189078750 1
189035532 7
189000000 45
188956800 120
188743680 2
188238400 2
188160000 92
188116992 40
187535250 7
186701760 41
186624000 279
186004350 2
185794560 100
185220000 62
185177664 26
184396800 24
184320000 91
183784545 2
183750000 2
183708000 184
183500800 5
182891520 181
182284263 1
182250000 17
181515600 15
181440000 423
181398528 11
180633600 114
180075000 1
180033840 39
180000000 22
179200000 39
179159040 112
178605000 63
178564176 4
177811200 204
177187500 1
177147000 20
177020928 7
176947200 54
176473500 3
176400000 115
176359680 153
175616000 21
175032900 17
175000000 2
174960000 184
174254976 4
174182400 397
173604060 18
173408256 10
172872000 41
172800000 172
172226250 4
172103680 4
172032000 59
171500000 2
171460800 274
170698752 31
170100000 124
170061120 33
169869312 2
169414560 3
169344000 359
168781725 2
168750000 2
168591360 17
168070000 2
168031584 15
168000000 52
167961600 211
167403915 1
167215104 29
166698000 89
165957120 27
165888000 224
165375000 11
165337200 99
165150720 22
164640000 63
164602368 44
164025000 8
163840000 9
163364040 6
163296000 550
162570240 140
162067500 3
162030456 7
162000000 77
161347200 13
161280000 256
161243136 23
160744500 32
160563200 16
160030080 128
160000000 4
159432300 4
159252480 46
158760000 266
158723712 33
158054400 122
157529610 3
157500000 10
157464000 131
157351936 1
157286400 7
156800000 40
156764160 269
156243654 3
155584800 76
155520000 339
154893312 4
154828800 203
154350000 26
154314720 98
153664000 16
153600000 44
153090000 125
153055008 2
152473104 2
152409600 480
151875000 1
151732224 8
151263000 8
151200000 260
151165440 105
150994944 1
150590720 2
150528000 111
150028200 70
150000000 1
149361408 14
149299200 298
148837500 15
148803480 19
148635648 19
148176000 181
147622500 6
147517440 10
147456000 65
147061250 1
147027636 3
147000000 17
146966400 423
146313216 51
145860750 4
145800000 111
145212480 21
145152000 665
144670050 6
144506880 43
144060000 14
144027072 28
144000000 61
143360000 43
143327232 10
142884000 289
142248960 145
141750000 32
141717600 51
141557760 14
141178800 2
141120000 290
141087744 51
140492800 15
140026320 48
140000000 12
139968000 423
139345920 186
138915000 46
138883248 14
138297600 62
138240000 227
137781000 82
137625600 29
137200000 14
137168640 254
136687500 1
136136700 10
136080000 418
136048896 12
135531648 2
135475200 344
135056250 1
135025380 19
135000000 21
134873088 1
134456000 3
134400000 105
134369280 142
133953750 8
133923132 1
133358400 224
132860250 3
132765696 6
132710400 155
132300000 109
132269760 130
132120576 7
131712000 99
131274675 1
131250000 2
131220000 124
131072000 6
130691232 8
130636800 692
130056192 36
129654000 42
129600000 243
129077760 9
129024000 293
128625000 2
128595600 168
128450560 6
128024064 43
128000000 14
127575000 29
127545840 17
127401984 4
127060920 4
127008000 634
126443520 67
126023688 7
126000000 81
125971200 221
125440000 55
125411328 62
125023500 51
124467840 60
124416000 449
124031250 1
124002900 20
123863040 68
123480000 103
123451776 56
122931200 17
122880000 63
122523030 2
122500000 6
122472000 486
121927680 313
121550625 1
121522842 2
121500000 37
121010400 16
120960000 507
120932352 30
120558375 1
120472576 1
120422400 88
120050000 3
120022560 117
120000000 22
119439360 98
119070000 170
119042784 16
118540800 247
118125000 8
118098000 61
118013952 2
117964800 32
117649000 1
117600000 92
117573120 324
116688600 42
116640000 367
116169984 11
116121600 524
115762500 7
115736040 43
115605504 4
115248000 35
115200000 151
114817500 27
114688000 36
114354828 1
114307200 496
113799168 28
113447250 2
113400000 213
113374080 78
113246208 1
112943040 3
112896000 392
112521150 10
112500000 3
112394240 8
112021056 20
112000000 36
111974400 400
111628125 1
111602610 1
111476736 43
111132000 219
110638080 30
110592000 212
110250000 23
110224800 256
110100480 17
109760000 49
109734912 90
109350000 43
108909360 20
108864000 903
108380160 131
108045000 16
108020304 23
108000000 97
107564800 7
107520000 188
107495424 31
107187500 1
107163000 133
106686720 206
106312500 7
106288200 17
106168320 55
105884100 4
105840000 379
105815808 57
105369600 73
105019740 21
105000000 18
104976000 316
104857600 1
104509440 326
104186250 6
104162436 6
103723200 86
103680000 443
103335750 8
103262208 1
103219200 151
102900000 30
102876480 214
102760448 1
102400000 30
102060000 311
102036672 11
101648736 3
101606400 633
101250000 8
101154816 15
100842000 8
100800000 255
100776960 178
100352000 62
100018800 176
100000000 4
99574272 32
99532800 348
99225000 56
99202320 72
99090432 12
98784000 215
98415000 36
98344960 4
98304000 42
98018424 9
98000000 21
97977600 722
97542144 62
97240500 24
97200000 221
96808320 17
96768000 644
96468750 2
96446700 44
96337920 33
96040000 20
96018048 52
96000000 52
95681250 3
95659380 3
95551488 24
95295690 1
95256000 549
94832640 155
94517766 1
94500000 69
94478400 150
94371840 9
94119200 2
94080000 198
94058496 108
93767625 1
93350880 61
93312000 591
93002175 3
92897280 222
92610000 116
92588832 40
92198400 54
92160000 204
91875000 2
91854000 239
91750400 10
91445760 440
91125000 4
90757800 17
90720000 727
90699264 27
90316800 287
90037500 2
90016920 64
90000000 24
89915392 1
89600000 66
89579520 208
89302500 38
89282088 6
88905600 388
88573500 13
88510464 11
88473600 123
88236750 1
88200000 160
88179840 299
88080384 3
87808000 51
87516450 14
87500000 1
87480000 266
87127488 11
87091200 898
86821875 2
86802030 7
86704128 37
86436000 65
86400000 278
86113125 1
86051840 2
86016000 164
85750000 2
85730400 410
85349376 74
85050000 122
85030560 48
84934656 7
84707280 4
84672000 675
84375000 1
84295680 32
84035000 3
84015792 18
84000000 71
83980800 467
83607552 83
83349000 116
82978560 83
82944000 537
82687500 3
82668600 99
82575360 62
82320000 88
82301184 110
82012500 6
81920000 26
81682020 10
81648000 893
81285120 375
81033750 2
81015228 8
81000000 92
80673600 8
80640000 475
80621568 43
80372250 16
80281600 24
80015040 246
80000000 11
79734375 1
79716150 2
79626240 137
79380000 352
79361856 34
79027200 232
78764805 1
78750000 14
78732000 162
78675968 1
78643200 23
78400000 64
78382080 513
78121827 2
77792400 86
77760000 594
77446656 5
77414400 476
77175000 22
77157360 153
77070336 5
76832000 33
76800000 82
76545000 102
76527504 2
76204800 898
75937500 1
75866112 30
75631500 2
75600000 357
75582720 159
75497472 1
75295360 2
75264000 263
75014100 59
75000000 1
74680704 25
74649600 573
74418750 2
74401740 22
74317824 32
74088000 311
73811250 3
73758720 29
73728000 187
73513818 3
73500000 27
73483200 621
73400320 6
73156608 125
72900000 109
72606240 34
72576000 1220
72335025 3
72253440 110
72030000 17
72013536 54
72000000 112
71680000 77
71663616 34
71442000 353
71124480 303
70875000 31
70858800 52
70778880 50
70589400 3
70560000 433
70543872 123
70246400 44
70013160 48
70000000 12
69984000 637
69672960 478
69457500 38
69441624 17
69148800 120
69120000 484
68890500 56
68841472 1
68812800 105
68600000 30
68584320 488
68068350 2
68040000 631
68024448 26
67765824 1
67737600 668
67512690 12
67500000 23
67436544 5
67228000 4
67200000 198
67184640 276
66976875 2
66961566 4
66679200 316
66430125 1
66382848 20
66355200 396
66150000 96
66134880 191
66060288 9
65856000 171
65625000 1
65610000 116
65536000 23
65345616 8
65318400 1185
65028096 71
64827000 40
64800000 339
64538880 10
64512000 553
64297800 175
64225280 16
64012032 99
64000000 31
63787500 24
63772920 14
63700992 26
63504000 888
63221760 130
63026250 1
63011844 6
63000000 101
62985600 352
62914560 3
62720000 94
62705664 152
62511750 24
62233920 102
62208000 866
62001450 10
61931520 207
61740000 130
61725888 87
61465600 21
61440000 110
61250000 6
61236000 593
60963840 598
60761421 3
60750000 40
60505200 22
60480000 846
60466176 53
60211200 144
60025000 3
60011280 140
60000000 22
59719680 299
59535000 155
59521392 23
59270400 403
59062500 1
59049000 58
59006976 6
58982400 84
58800000 133
58786560 579
58720256 1
58344300 36
58320000 557
58084992 13
58060800 1068
57881250 2
57868020 39
57802752 24
57624000 56
57600000 282
57408750 8
57395628 1
57344000 57
57177414 1
57153600 736
56899584 76
56723625 1
56700000 292
56687040 98
56623104 6
56471520 5
56448000 653
56260575 6
56197120 21
56010528 38
56000000 51
55987200 692
55801305 3
55738368 102
55566000 245
55319040 89
55296000 505
55125000 10
55112400 281
55050240 34
54880000 59
54867456 187
54675000 31
54454680 17
54432000 1403
54190080 325
54022500 14
54010152 29
54000000 111
53782400 16
53760000 317
53747712 63
53581500 101
53343360 361
53144100 9
53084160 135
52920000 564
52907904 94
52684800 159
52509870 10
52500000 19
52488000 404
52428800 11
52254720 732
52081218 7
51861600 148
51840000 756
51631104 3
51609600 357
51450000 27
51438240 296
51200000 43
51030000 306
51018336 13
50824368 6
50803200 1110
50625000 6
50577408 27
50421000 6
50400000 422
50388480 306
50331648 1
50176000 90
50009400 171
50000000 4
49787136 43
49766400 684
49612500 21
49601160 68
49545216 37
49392000 340
49207500 11
49172480 16
49152000 103
49009212 3
49000000 26
48988800 1102
48771072 173
48620250 6
48600000 293
48404160 24
48384000 1179
48223350 31
48168960 58
48020000 20
48009024 100
48000000 70
47840625 1
47775744 52
47628000 637
47416320 283
47250000 57
47239200 196
47185920 45
47059600 2
47040000 288
47029248 215
46875000 1
46675440 89
46656000 1003
46448640 537
46305000 78
46294416 48
46099200 73
46080000 363
45937500 2
45927000 211
45875200 38
45722880 797
45562500 3
45378900 16
45360000 1021
45349632 51
45177216 1
45158400 543
45008460 57
45000000 33
44957696 1
44800000 93
44789760 433
44651250 10
44641044 4
44471322 2
44452800 524
44286750 5
44255232 22
44236800 305
44100000 147
44089920 424
44040192 6
43904000 72
43758225 4
43740000 284
43563744 6
43545600 1646
43401015 3
43352064 67
43218000 68
43200000 411
43025920 3
43008000 326
42875000 4
42865200 467
42674688 135
42525000 109
42515280 46
42467328 15
42336000 1082
42187500 1
42147840 62
42017500 1
42007896 15
42000000 90
41990400 648
41943040 3
41803776 196
41674500 89
41489280 130
41472000 943
41343750 1
41334300 60
41287680 121
41160000 108
41150592 175
41006250 4
40960000 54
40841010 6
40824000 1194
40642560 724
40516875 1
40507614 2
40500000 87
40336800 25
40320000 790
40310784 90
40186125 4
40140800 83
40007520 311
40000000 18
39813120 293
39690000 331
39680928 62
39513600 416
39375000 5
39366000 181
39337984 2
39321600 36
39200000 91
39191040 949
38896200 81
38880000 791
38723328 10
38707200 932
38587500 12
38578680 155
38535168 10
38416000 37
38400000 156
38272500 57
38263752 3
38118276 1
38102400 1304
37933056 70
37815750 4
37800000 391
37791360 250
37748736 6
37632000 423
37507050 40
37500000 2
37340352 49
37324800 1065
37209375 1
37200870 15
37158912 110
37044000 342
36905625 1
36879360 45
36864000 355
36756909 1
36750000 20
36741600 665
36700160 11
36578304 256
36450000 112
36303120 31
36288000 1869
36126720 266
36015000 15
36006768 53
36000000 157
35840000 143
35831808 108
35721000 276
35562240 461
35437500 13
35429400 63
35389440 105
35294700 3
35280000 552
35271936 210
35123200 61
35006580 41
35000000 17
34992000 815
34836480 942
34728750 12
34720812 24
34574400 148
34560000 763
34445250 15
34420736 1
34406400 198
34300000 18
34292160 660
34020000 633
34012224 25
33882912 4
33868800 1171
33756345 5
33750000 15
33718272 16
33614000 8
33600000 312
33592320 521
33339600 343
33191424 47
33177600 731
33075000 100
33067440 205
33030144 18
32928000 264
32812500 1
32805000 74
32768000 31
32672808 11
32659200 1840
32514048 180
32413500 33
32400000 402
32269440 17
32256000 923
32148900 144
32112640 21
32006016 144
32000000 43
31893750 6
31886460 9
31850496 57
31752000 1083
31610880 262
31505922 6
31500000 91
31492800 453
31457280 19
31360000 157
31352832 271
31255875 4
31116960 150
31104000 1309
31000725 2
30965760 434
30870000 132
30862944 109
30732800 40
30720000 196
30625000 1
30618000 573
30481920 1028
30375000 15
30252600 22
30240000 1191
30233088 85
30105600 295
30012500 2
30005640 149
30000000 22
29859840 613
29767500 88
29760696 21
29647548 2
29635200 609
29531250 2
29524500 35
29503488 15
29491200 209
29400000 138
29393280 814
29360128 1
29172150 26
29160000 583
29042496 17
29030400 1862
28940625 1
28934010 24
28901376 35
28812000 63
28800000 406
28704375 1
28672000 114
28576800 975
28449792 139
28350000 217
28343520 126
28311552 17
28235760 5
28224000 964
28125000 3
28098560 29
28005264 41
28000000 61
27993600 1112
27869184 234
27783000 178
27659520 126
27648000 928
27562500 7
27556200 231
27525120 68
27440000 64
27433728 277
27337500 22
27227340 25
27216000 1879
27095040 629
27011250 3
27005076 20
27000000 125
26891200 13
26880000 513
26873856 119
26790750 41
26671680 462
26578125 1
26572050 6
26542080 298
26460000 534
26453952 138
26342400 219
26254935 4
26250000 7
26244000 438
26214400 15
26127360 1351
25930800 135
25920000 1034
25815552 8
25804800 703
25725000 19
25719120 339
25690112 5
25600000 63
25515000 255
25509168 11
25412184 2
25401600 1567
25312500 3
25288704 55
25210500 5
25200000 448
25194240 430
25165824 1
25088000 172
25004700 115
24893568 77
24883200 1315
24806250 8
24800580 52
24772608 75
24696000 377
24603750 10
24586240 17
24576000 191
24504606 3
24500000 21
24494400 1312
24385536 326
24310125 3
24300000 217
24202080 39
24192000 1888
24111675 3
24084480 117
24010000 16
24004512 119
24000000 120
23887872 119
23814000 665
23708160 504
23625000 36
23619600 185
23592960 53
23529800 1
23520000 401
23514624 302
23337720 77
23328000 1326
23224320 956
23152500 54
23147208 52
23049600 106
23040000 605
22963500 104
22937600 56
22861440 1007
22781250 2
22689450 6
22680000 1080
22674816 61
22588608 1
22579200 918
22504230 33
22500000 25
22478848 4
22400000 132
22394880 728
22325625 3
22320522 2
22226400 566
22143375 1
22127616 27
22118400 604
22050000 133
22044960 510
22020096 9
21952000 123
21875000 1
21870000 242
21781872 16
21772800 2483
21676032 149
21609000 60
21600000 513
21512960 7
21504000 560
21437500 2
21432600 353
21337344 231
21262500 48
21257640 40
21233664 51
21176820 2
21168000 1364
21073920 142
21003948 11
21000000 84
20995200 878
20971520 1
20901888 361
20837250 26
20744640 159
20736000 1505
20667150 23
20643840 284
20580000 135
20575296 214
20480000 62
20412000 1182
20321280 1128
20253807 4
20250000 60
20168400 16
20160000 1099
20155392 131
20070400 102
20003760 302
20000000 24
19906560 640
19845000 236
19840464 54
19756800 553
19687500 3
19683000 125
19668992 1
19660800 93
19600000 85
19595520 1360
19448100 71
19440000 964
19361664 14
19353600 1635
19293750 2
19289340 98
19267584 20
19208000 32
19200000 257
19136250 22
19131876 4
19059138 1
19051200 1476
18966528 146
18907875 1
18900000 378
18895680 285
18874368 11
18823840 3
18816000 630
18753525 4
18750000 1
18670176 66
18662400 1610
18600435 2
18579456 183
18522000 313
18439680 78
18432000 614
18375000 18
18370800 617
18350080 19
18289152 416
18225000 68
18151560 29
18144000 2380
18063360 495
18007500 13
18003384 60
18000000 178
17920000 216
17915904 169
17860500 177
17781120 606
17718750 1
17714700 27
17694720 244
17640000 604
17635968 272
17561600 107
17503290 17
17500000 7
17496000 917
17418240 1581
17364375 1
17360406 12
17287200 158
17280000 1061
17222625 5
17210368 2
17203200 345
17150000 18
17146080 670
17010000 511
17006112 30
16941456 4
16934400 1792
16875000 8
16859136 30
16807000 4
16800000 324
16796160 824
16669800 306
16595712 99
16588800 1257
16537500 42
16533720 153
16515072 42
16464000 286
16402500 44
16384000 64
16336404 7
16329600 2196
16257024 321
16206750 13
16200000 434
16134720 20
16128000 1468
16074450 57
16056320 35
16003008 206
16000000 50
15946875 3
15943230 3
15925248 118
15876000 1106
15805440 395
15752961 4
15750000 72
15746400 430
15728640 31
15680000 206
15676416 420
15558480 159
15552000 1860
15482880 756
15435000 81
15431472 137
15366400 54
15360000 367
15312500 1
15309000 381
15240960 1422
15187500 9
15126300 15
15120000 1327
15116544 128
15059072 2
15052800 512
15002820 101
15000000 18
14929920 937
14883750 25
14880348 14
14823774 1
14817600 717
14762250 18
14751744 21
14745600 381
14700000 137
14696640 896
14680064 3
14586075 3
14580000 537
14521248 19
14515200 2735
14467005 2
14450688 108
14406000 59
14400000 471
14336000 183
14288400 874
14224896 254
14175000 136
14171760 113
14155776 23
14117880 5
14112000 1242
14062500 1
14049280 49
14002632 36
14000000 46
13996800 1425
13934592 400
13891500 118
13829760 170
13824000 1331
13781250 3
13778100 141
13762560 146
13720000 65
13716864 389
13668750 6
13613670 13
13608000 2012
13547520 1071
13505625 2
13502538 11
13500000 122
13445600 9
13440000 706
13436928 245
13395375 9
13335840 510
13286025 3
13271040 535
13230000 391
13226976 151
13171200 369
13125000 7
13122000 368
13107200 25
13063680 1819
12965400 93
12960000 1301
12907776 8
12902400 1215
12862500 4
12859560 294
12845056 6
12800000 75
12757500 137
12754584 10
12706092 1
12700800 2017
12656250 3
12644352 90
12605250 2
12600000 434
12597120 536
12582912 1
12544000 205
12502350 69
12500000 4
12446784 87
12441600 1861
12400290 19
12386304 154
12348000 403
12301875 1
12293120 44
12288000 315
12252303 2
12250000 14
12247200 1318
12192768 471
12150000 173
12101040 28
12096000 2481
12042240 253
12005000 10
12002256 110
12000000 126
11943936 213
11907000 460
11854080 626
11812500 15
11809800 108
11796480 146
11764900 1
11760000 474
11757312 460
11668860 58
11664000 1498
11612160 1539
11576250 18
11573604 29
11524800 99
11520000 889
11481750 46
11468800 109
11430720 1264
11344725 4
11340000 971
11337408 72
11294304 1
11289600 1317
11252115 6
11250000 12
11239424 15
11200000 153
11197440 1065
11160261 1
11113200 482
11063808 41
11059200 991
11025000 104
11022480 445
11010048 23
10976000 129
10935000 136
10890936 13
10886400 3090
10838016 245
10804500 40
10800000 533
10756480 9
10752000 801
10718750 1
10716300 215
10668672 307
10631250 11
10628820 17
10616832 97
10588410 2
10584000 1327
10536960 216
10501974 7
10500000 63
10497600 928
10485760 9
10450944 570
10418625 8
10372320 188
10368000 2022
10333575 3
10321920 510
10290000 105
10287648 242
10240000 102
10206000 972
10160640 1533
10125000 44
10084200 20
10080000 1262
10077696 205
10035200 167
10001880 259
10000000 15
9953280 1037
9922500 135
9920232 47
9878400 657
9841500 77
9834496 9
9830400 164
9800000 95
9797760 1543
9724050 30
9720000 881
9680832 18
9676800 2436
9644670 43
9633792 45
9604000 31
9600000 283
9568125 3
9565938 1
9525600 1496
9483264 193
9450000 291
9447840 264
9437184 27
9411920 2
9408000 746
9375000 2
9335088 69
9331200 2067
9289728 366
9261000 209
9219840 107
9216000 979
9187500 5
9185400 431
9175040 26
9144576 507
9112500 36
9075780 16
9072000 2692
9031680 715
9003750 5
9001692 55
9000000 137
8960000 281
8957952 343
8930250 44
8890560 692
8857350 11
8847360 378
8820000 515
8817984 293
8780800 123
8751645 4
8750000 1
8748000 805
8709120 2207
8680203 2
8643600 154
8640000 1363
8605184 4
8601600 538
8575000 10
8573040 624
8505000 348
8503056 36
8470728 1
8467200 1980
8437500 3
8429568 48
8403500 2
8400000 323
8398080 909
8334900 166
8297856 82
8294400 1794
8268750 11
8266860 102
8257536 94
8232000 275
8201250 13
8192000 82
8168202 3
8164800 2293
8128512 454
8103375 1
8100000 335
8067360 26
8064000 1896
8037225 10
8028160 76
8001504 205
8000000 61
7971615 1
7962624 209
7938000 892
7902720 498
7875000 28
7873200 343
7864320 58
7840000 188
7838208 647
7779240 108
7776000 2120
7741440 1273
7717500 37
7715736 107
7683200 66
7680000 460
7654500 206
7620480 1650
7593750 1
7563150 8
7560000 1252
7558272 158
7529536 2
7526400 722
7501410 40
7500000 17
7464960 1337
7441875 3
7440174 9
7408800 661
7381125 1
7375872 25
7372800 564
7350000 109
7348320 861
7340032 7
7290000 411
7260624 14
7257600 3400
7225344 162
7203000 43
7200000 521
7168000 246
7144200 571
7112448 307
7087500 58
7085880 66
7077888 84
7058940 2
7056000 1293
7024640 60
7001316 22
7000000 54
6998400 1569
6967296 616
6945750 51
6914880 153
6912000 1810
6889050 59
6881280 233
6860000 73
6858432 449
6806835 1
6804000 1749
6773760 1404
6751269 4
6750000 78
6722800 12
6720000 823
6718464 347
6667920 466
6635520 962
6615000 280
6613488 140
6588344 1
6585600 392
6562500 1
6561000 233
6553600 39
6531840 2269
6482700 65
6480000 1264
6453888 10
6451200 1733
6431250 4
6429780 156
6422528 7
6400000 110
6378750 44
6377292 4
6353046 1
6350400 2038
6322176 136
6302625 1
6300000 343
6298560 558
6291456 13
6272000 318
6251175 8
6250000 1
6223392 94
6220800 2555
6200145 2
6193152 252
6174000 276
6146560 35
6144000 471
6125000 8
6123600 1003
6096384 640
6075000 97
6050520 19
6048000 2702
6021120 366
6002500 3
6001128 109
6000000 102
5971968 319
5953500 237
5927040 752
5906250 5
5904900 55
5898240 212
5880000 425
5878656 523
5834430 24
5832000 1485
5806080 2133
5788125 5
5786802 12
5762400 100
5760000 1066
5740875 5
5734400 166
5715360 1118
5670000 740
5668704 61
5647152 2
5644800 1548
5625000 12
5619712 15
5600000 122
5598720 1371
5556600 357
5531904 69
5529600 1479
5512500 36
5511240 306
5505024 28
5488000 111
5467500 70
5445468 4
5443200 3305
5419008 331
5402250 22
5400000 452
5378240 11
5376000 1030
5358150 93
5334336 275
5315625 3
5314410 8
5308416 149
5294205 2
5292000 1164
5268480 279
5250987 3
5250000 48
5248800 737
5242880 13
5225472 758
5186160 166
5184000 2383
5160960 739
5145000 67
5143824 197
5120000 167
5103000 566
5080320 1796
5062500 17
5042100 11
5040000 1195
5038848 254
5017600 252
5000940 155
5000000 11
4976640 1375
4961250 41
4960116 27
4939200 637
4921875 1
4920750 24
4917248 5
4915200 269
4900000 67
4898880 1652
4862025 8
4860000 771
4840416 23
4838400 3111
4822335 12
4816896 71
4802000 30
4800000 296
4762800 1135
4741632 288
4725000 158
4723920 200
4718592 30
4705960 2
4704000 791
4667544 50
4665600 2287
4644864 502
4630500 122
4609920 111
4608000 1155
4593750 1
4592700 258
4587520 58
4572288 587
4556250 4
4537890 7
4536000 2491
4515840 963
4500846 20
4500000 88
4480000 279
4478976 433
4465125 6
4445280 592
4428675 2
4423680 607
4410000 374
4408992 275
4390400 138
4375000 1
4374000 556
4354560 2760
4321800 113
4320000 1399
4302592 4
4300800 786
4287500 8
4286520 417
4252500 155
4251528 20
4235364 2
4233600 2078
4218750 2
4214784 72
4201750 2
4200000 327
4199040 914
4194304 2
4167450 60
4148928 96
4147200 2391
4134375 2
4133430 32
4128768 139
4116000 249
4100625 2
4096000 142
4084101 2
4082400 1965
4064256 618
4050000 230
4033680 12
4032000 2137
4014080 85
4000752 143
4000000 52
3981312 326
3969000 543
3951360 528
3937500 20
3936600 220
3932160 103
3920000 175
3919104 714
3889620 63
3888000 2044
3870720 1653
3858750 17
3857868 46
3841600 33
3840000 525
3827250 58
3810240 1632
3781575 2
3780000 1026
3779136 161
3763200 868
3750705 16
3750000 11
3732480 1719
3720087 2
3704400 525
3687936 45
3686400 899
3675000 44
3674160 690
3670016 7
3645000 204
3630312 23
3628800 3642
3612672 231
3601500 18
3600000 439
3584000 325
3572100 301
3556224 309
3543750 19
3542940 29
3538944 123
3529470 1
3528000 1147
3512320 79
3500658 9
3500000 37
3499200 1460
3483648 868
3472875 6
3457440 126
3456000 2106
3444525 9
3440640 337
3430000 41
3429216 392
3402000 1226
3386880 1644
3375000 44
3361400 5
3360000 785
3359232 373
3333960 327
3317760 1258
3307500 148
3306744 88
3292800 383
3281250 1
3280500 97
3276800 63
3265920 2350
3241350 26
3240000 1120
3226944 8
3225600 2087
3215625 1
3214890 66
3211264 16
3200000 123
3189375 7
3188646 1
3175200 1685
3161088 181
3150000 231
3149280 462
3145728 18
3136000 297
3111696 78
3110400 2880
3096576 399
3087000 204
3073280 50
3072000 589
3062500 2
3061800 676
3048192 733
3037500 40
3025260 14
3024000 2596
3010560 495
3001250 3
3000564 43
3000000 87
2985984 478
2976750 96
2963520 660
2952450 29
2949120 354
2940000 356
2939328 438
2917215 5
2916000 1132
2903040 2676
2881200 70
2880000 1071
2867200 236
2857680 868
2835000 387
2834352 45
2822400 1674
2812500 3
2809856 15
2800000 131
2799360 1472
2778300 196
2765952 66
2764800 1909
2756250 6
2755620 159
2752512 61
2744000 122
2733750 19
2722734 2
2721600 2975
2709504 449
2700000 383
2689120 8
2688000 1197
2679075 18
2667168 257
2657205 1
2654208 267
2646000 792
2634240 280
2625000 26
2624400 606
2621440 24
2612736 944
2593080 84
2592000 2359
2580480 1025
2572500 32
2571912 135
2560000 183
2551500 258
2540160 1853
2531250 1
2521050 7
2520000 979
2519424 292
2508800 291
2500470 64
2500000 9
2488320 1768
2480625 8
2480058 14
2469600 541
2460375 2
2458624 16
2457600 374
2450000 43
2449440 1375
2430000 507
2420208 13
2419200 3407
2408448 94
2401000 20
2400000 300
2381400 729
2370816 279
2362500 68
2361960 123
2359296 51
2352980 1
2352000 745
2333772 32
2332800 2186
2322432 734
2315250 44
2304960 82
2304000 1467
2296350 86
2293760 89
2286144 593
2268945 3
2268000 1865
2257920 1154
2250423 12
2250000 76
2240000 291
2239488 525
2222640 450
2211840 909
2205000 205
2204496 191
2195200 160
2187000 331
2177280 2819
2160900 46
2160000 1207
2151296 2
2150400 1011
2143750 1
2143260 221
2126250 50
2125764 13
2117682 2
2116800 1877
2107392 85
2100000 235
2099520 923
2097152 2
2083725 21
2074464 83
2073600 2689
2066715 5
2064384 219
2058000 171
2048000 173
2041200 1344
2032128 712
2025000 123
2016840 7
2016000 2132
2007040 134
2000376 116
2000000 29
1990656 451
1984500 260
1975680 547
1968750 3
1968300 110
1966080 149
1960000 133
1959552 764
1944810 19
1944000 1771
1935360 2116
1929375 5
1928934 22
1920800 33
1920000 573
1913625 14
1905120 1350
1890000 645
1889568 133
1881600 933
1875000 2
1866240 1932
1852200 323
1843968 39
1843200 1171
1837500 25
1837080 400
1835008 14
1822500 91
1815156 9
1814400 3508
1806336 297
1800750 11
1800000 349
1792000 345
1786050 107
1778112 294
1771875 3
1771470 15
1769472 153
1764000 937
1756160 90
1750329 6
1750000 23
1749600 1076
1741824 914
1728720 125
1728000 2179
1720320 446
1715000 35
1714608 287
1701000 685
1693440 1783
1687500 18
1680700 1
1680000 738
1679616 429
1666980 165
1658880 1612
1653750 38
1653372 49
1646400 330
1640625 2
1640250 27
1638400 100
1632960 2031
1620675 3
1620000 744
1613472 10
1612800 2262
1607445 11
1605632 24
1600000 108
1594323 1
1587600 1171
1580544 190
1575000 118
1574640 305
1572864 25
1568000 283
1555848 43
1555200 2700
1548288 536
1543500 74
1536640 32
1536000 745
1530900 300
1524096 723
1518750 12
1512630 11
1512000 2159
1505280 497
1500625 1
1500282 23
1500000 56
1492992 559
1488375 16
1481760 553
1476225 4
1474560 471
1470000 194
1469664 392
1458000 718
1451520 2818
1440600 52
1440000 973
1433600 270
1428840 535
1417500 155
1417176 37
1411788 1
1411200 1493
1404928 21
1400000 94
1399680 1303
1389150 64
1382976 69
1382400 2182
1377810 65
1376256 87
1372000 92
1366875 3
1361367 2
1360800 2240
1354752 531
1350000 168
1344560 10
1344000 1225
1333584 212
1327104 384
1323000 468
1317120 291
1312500 9
1312200 314
1310720 32
1306368 973
1296540 58
1296000 2062
1290240 1286
1286250 5
1285956 84
1280000 160
1275750 81
1270080 1574
1260000 701
1259712 246
1254400 249
1250235 9
1250000 7
1244160 2021
1240029 3
1234800 343
1229312 9
1228800 477
1225000 20
1224720 958
1215000 250
1210104 6
1209600 3295
1204224 138
1200500 8
1200000 251
1190700 334
1185408 294
1181250 20
1180980 53
1179648 88
1176000 583
1166886 18
1166400 1803
1161216 930
1157625 5
1152480 90
1152000 1490
1148175 17
1146880 119
1143072 501
1134000 1221
1128960 1184
1125000 34
1120000 263
1119744 533
1111320 266
1105920 1179
1102500 100
1102248 132
1097600 116
1093500 128
1088640 2685
1080450 28
1080000 893
1075648 4
1075200 1109
1071630 83
1063125 5
1062882 5
1058400 1307
1053696 99
1050000 122
1049760 665
1048576 6
1037232 62
1036800 2819
1032192 310
1029000 108
1024000 191
1020600 774
1016064 722
1012500 44
1008420 5
1008000 1880
1003520 147
1000188 62
1000000 32
995328 572
992250 73
987840 454
984375 2
984150 29
983040 199
980000 122
979776 638
972405 5
972000 1247
967680 2309
964467 5
960400 23
960000 545
952560 849
945000 330
944784 77
940800 872
937500 3
933120 1792
926100 148
921984 31
921600 1334
918750 11
918540 187
917504 21
911250 21
907578 3
907200 2886
903168 310
900000 191
896000 367
893025 17
889056 257
885735 3
884736 248
882000 542
878080 87
875000 12
874800 728
870912 1058
864360 67
864000 2014
860160 523
857500 8
857304 167
850500 289
846720 1605
843750 1
840000 513
839808 424
833490 52
829440 1827
826875 4
826686 17
823200 266
820125 9
819200 132
816480 1519
810000 441
806736 4
806400 2334
802816 47
800000 72
793800 630
790272 187
787500 39
787320 179
786432 22
784000 240
777924 24
777600 2376
774144 622
771750 23
768320 28
768000 784
765450 108
762048 630
759375 2
756000 1485
752640 575
750141 4
750000 26
746496 651
740880 378
737280 637
735000 111
734832 250
729000 365
725760 2836
720300 25
720000 844
716800 301
714420 275
708750 49
708588 19
705894 2
705600 1164
702464 20
700000 67
699840 1057
694575 15
691488 49
691200 2295
688905 10
688128 111
686000 42
680400 1412
677376 582
675000 65
672280 4
672000 1022
666792 100
663552 464
661500 197
658560 286
656250 1
656100 140
655360 44
653184 820
648270 17
648000 1617
645120 1413
642978 22
640000 164
637875 11
635040 1182
630000 395
629856 169
627200 268
625000 2
622080 2032
617400 212
614656 13
614400 574
612500 14
612360 534
607500 88
605052 6
604800 2796
602112 145
600250 5
600000 178
595350 100
592704 223
590625 6
590490 22
589824 118
588000 430
583443 3
583200 1306
580608 872
576240 58
576000 1466
573440 137
571536 295
567000 586
564480 1089
562500 12
560000 194
559872 525
555660 147
552960 1250
551250 26
551124 80
548800 91
546750 40
544320 2066
540225 2
540000 609
537824 1
537600 1164
535815 11
531441 2
529200 852
526848 90
525000 50
524880 405
524288 4
518616 31
518400 2405
516096 292
514500 32
512000 209
510300 352
508032 664
506250 6
504210 2
504000 1409
501760 142
500094 25
500000 11
497664 605
496125 17
493920 361
492075 4
491520 226
490000 63
489888 453
486000 712
483840 2289
480200 19
480000 478
476280 495
472500 120
472392 39
470400 697
466560 1641
463050 44
460992 34
460800 1375
459375 2
459270 58
458752 24
455625 2
453789 2
453600 1985
451584 375
450000 118
448000 347
444528 137
442368 283
441000 301
439040 104
437500 2
437400 380
435456 987
432180 34
432000 1569
430080 581
428750 4
428652 92
425250 82
423360 1227
420175 2
420000 320
419904 299
416745 12
414720 1867
413343 6
411600 165
409600 134
408240 991
405000 222
403368 3
403200 1971
401408 33
400000 76
396900 250
395136 166
393750 13
393660 106
393216 52
392000 185
388962 5
388800 1831
387072 651
385875 4
384160 21
384000 742
382725 8
381024 440
378000 846
376320 538
375000 12
373248 615
370440 193
368640 684
367500 38
367416 146
364500 133
362880 2253
360150 8
360000 545
358400 294
357210 81
354375 8
354294 4
352800 859
351232 23
350000 37
349920 729
345744 41
345600 2092
344064 138
343000 23
340200 700
338688 544
337500 36
336140 1
336000 796
333396 59
331776 553
330750 54
329280 198
328050 42
327680 50
326592 697
324135 1
324000 1061
322560 1457
321489 3
320000 191
317520 744
315000 181
314928 103
313600 221
312500 2
311040 1847
308700 84
307328 8
307200 568
306250 2
306180 200
303750 18
302526 3
302400 2090
301056 161
300000 106
297675 11
296352 145
295245 6
294912 130
294000 224
291600 720
290304 930
288120 31
288000 1128
286720 133
285768 169
283500 227
282240 909
280000 147
279936 442
277830 44
276480 1380
275625 1
275562 19
274400 77
273375 7
272160 1419
270000 309
268912 5
268800 926
264600 433
263424 81
262500 19
262440 205
262144 9
259308 14
259200 1889
258048 322
257250 8
256000 172
255150 104
254016 481
253125 1
252000 858
250880 139
250047 7
250000 11
248832 627
246960 166
245760 276
245000 18
244944 310
243000 339
241920 1815
240100 6
240000 323
238140 226
236250 35
236196 20
235200 518
233280 1191
231525 8
230496 22
230400 1254
229635 6
229376 20
226800 1197
225792 351
225000 51
224000 252
222264 87
221184 319
220500 111
219520 49
218700 143
217728 846
216090 14
216000 1085
215040 611
214326 27
212625 15
211680 852
210000 164
209952 197
207360 1599
205800 78
204800 156
204120 500
202500 66
201600 1538
200704 29
200000 38
198450 78
197568 130
196830 27
196608 37
196000 100
194481 1
194400 1108
193536 610
192080 12
192000 583
190512 267
189000 457
188160 466
187500 3
186624 548
185220 86
184320 753
183750 11
183708 58
182250 27
181440 1715
180000 319
179200 272
178605 10
176400 506
175616 21
175000 19
174960 485
172872 14
172800 1780
172032 138
171500 7
170100 298
169344 438
168750 3
168000 514
166698 27
165888 487
165375 8
164640 149
164025 6
163840 54
163296 459
162000 560
161280 1225
160000 121
158760 356
157500 62
157464 46
156800 177
156250 1
155520 1409
154350 20
153664 9
153600 563
153090 51
151875 4
151200 1295
150528 145
150000 58
148176 87
147456 159
147000 107
145800 353
145152 756
144060 9
144000 851
143360 142
142884 72
141750 46
141120 696
140000 80
139968 332
138915 6
138240 1295
137781 2
137200 38
136080 830
135000 131
134456 2
134400 786
132300 166
131712 66
131250 2
131220 92
131072 7
129654 9
129600 1344
129024 354
128625 2
128000 158
127575 13
127008 348
126000 475
125440 120
125000 3
124416 579
123480 124
122880 297
122500 11
122472 136
121500 102
120960 1513
120050 2
120000 216
119070 61
118125 5
118098 6
117600 302
116640 721
115248 12
115200 1078
114688 31
113400 514
112896 262
112500 16
112000 190
111132 42
110592 308
110250 22
109760 45
109350 29
108864 636
108045 3
108000 676
107520 495
107163 6
105840 452
105000 75
104976 109
103680 1340
102900 33
102400 111
102060 204
101250 17
100800 1052
100352 38
100000 24
99225 11
98784 84
98415 3
98304 59
98000 62
97200 631
96768 558
96040 7
96000 455
95256 130
94500 138
94080 340
93750 1
93312 392
92610 38
92160 712
91854 22
91125 3
90720 1068
90000 168
89600 209
88200 230
87808 20
87500 5
87480 191
86436 3
86400 1267
86016 131
85050 78
84672 304
84375 5
84000 298
83349 4
82944 467
82320 96
81920 61
81648 233
81000 275
80640 970
80000 69
79380 156
78750 14
78732 18
78400 127
77760 916
77175 2
76832 6
76800 482
76545 14
75600 677
75264 127
75000 19
74088 53
73728 143
73500 40
72900 114
72576 559
72030 4
72000 511
71680 128
71442 24
70875 6
70560 421
70000 37
69984 219
69120 1043
68600 16
68040 377
67500 44
67200 544
66150 31
65856 50
65610 17
65536 11
64827 1
64800 814
64512 332
64000 104
63504 184
63000 201
62720 96
62500 1
62208 455
61740 36
61440 272
61250 5
61236 76
60750 26
60480 1001
60025 1
60000 134
59535 15
59049 1
58800 158
58320 370
57624 10
57600 820
57344 30
56700 183
56448 207
56250 2
56000 124
55566 14
55296 324
55125 3
54880 25
54675 3
54432 358
54000 320
53760 438
52920 198
52500 28
52488 56
51840 951
51450 8
51200 120
51030 57
50625 2
50400 588
50176 18
50000 15
49392 56
49152 53
49000 24
48600 282
48384 430
48020 1
48000 309
47628 54
47250 29
47040 219
46656 291
46305 4
46080 602
45927 2
45360 568
45000 59
44800 179
44100 70
43904 11
43740 85
43218 2
43200 755
43008 155
42525 10
42336 173
42000 162
41472 414
41160 33
40960 53
40824 139
40500 74
40320 693
40000 41
39690 34
39375 4
39366 4
39200 78
38880 531
38416 3
38400 376
37800 318
37632 88
37500 7
37044 19
36864 183
36750 12
36450 34
36288 354
36015 1
36000 314
35840 118
35721 5
35280 205
35000 13
34992 104
34560 766
34300 7
34020 146
33750 9
33600 371
33075 3
32928 31
32805 3
32768 14
32400 401
32256 261
32000 95
31752 80
31500 75
31360 66
31104 320
30870 17
30720 218
30625 1
30618 22
30375 3
30240 582
30000 44
29400 76
29160 160
28812 6
28800 574
28672 23
28350 45
28224 134
28000 73
27648 283
27440 17
27216 205
27000 146
26880 313
26460 79
26250 4
26244 26
25920 620
25725 2
25600 99
25515 9
25200 307
25088 24
25000 1
24696 25
24576 52
24500 3
24300 98
24192 353
24010 1
24000 173
23814 13
23625 2
23520 123
23328 176
23040 476
22680 225
22500 16
22400 96
22050 18
21952 7
21870 19
21609 1
21600 423
21504 99
21168 95
21000 48
20736 295
20580 12
20480 42
20412 44
20250 20
20160 446
20000 19
19845 3
19600 38
19440 247
19208 2
19200 264
18900 106
18816 59
18750 1
18522 6
18432 134
18375 5
18225 4
18144 233
18000 138
17920 92
17640 89
17500 6
17496 46
17280 517
17010 29
16875 1
16800 192
16464 9
16384 7
16200 153
16128 205
16000 54
15876 31
15750 14
15680 44
15552 195
15435 2
15360 176
15309 2
15120 278
15000 20
14700 29
14580 57
14400 335
14336 19
14175 5
14112 78
14000 29
13824 207
13720 5
13608 96
13500 37
13440 210
13230 16
13125 2
13122 2
12960 343
12800 63
12600 118
12544 17
12348 11
12288 48
12250 3
12150 18
12096 198
12000 109
11907 2
11760 63
11664 79
11520 318
11340 62
11250 7
11200 59
11025 5
10976 7
10935 3
10800 182
10752 71
10584 41
10500 15
10368 205
10290 3
10240 51
10206 16
10125 3
10080 224
10000 15
9800 11
9720 110
9600 144
9450 27
9408 37
9216 108
9072 122
9000 65
8960 65
8820 28
8748 10
8640 310
8505 3
8400 99
8232 5
8192 17
8100 47
8064 119
8000 28
7938 5
7840 16
7776 100
7680 160
7560 109
7500 4
7350 4
7290 15
7200 170
7168 23
7056 46
7000 11
6912 165
6860 3
6804 25
6750 5
6720 115
6615 1
6561 1
6480 180
6400 43
6300 42
6272 11
6174 1
6144 39
6075 1
6048 109
6000 39
5880 35
5832 32
5760 174
5670 23
5600 30
5488 1
5400 73
5376 57
5292 10
5250 5
5184 101
5120 32
5103 1
5040 103
5000 2
4900 7
4860 37
4800 97
4725 2
4704 19
4608 89
4536 45
4500 15
4480 32
4410 7
4374 1
4320 160
4200 41
4116 5
4096 9
4050 10
4032 63
4000 10
3920 10
3888 49
3840 99
3780 40
3675 1
3645 2
3600 92
3584 12
3528 22
3500 3
3456 100
3430 1
3402 9
3375 1
3360 66
3240 53
3200 20
3150 6
3136 5
3072 23
3024 41
3000 17
2940 6
2916 12
2880 134
2835 2
2800 12
2700 23
2688 30
2646 5
2625 1
2592 50
2560 18
2520 50
2500 1
2450 4
2430 7
2400 48
2352 9
2304 53
2268 20
2250 2
2240 13
2205 3
2160 68
2100 15
2048 7
2025 1
2016 47
2000 6
1960 4
1944 22
1920 60
1890 4
1875 1
1800 32
1792 2
1764 6
1750 1
1728 48
1680 32
1620 20
1600 12
1575 1
1568 5
1536 21
1512 20
1500 2
1470 1
1458 3
1440 56
1400 6
1372 1
1350 3
1344 18
1296 25
1280 12
1260 10
1250 2
1200 24
1176 2
1152 32
1134 1
1120 12
1080 27
1050 2
1024 5
1008 16
1000 2
972 3
960 33
945 1
900 5
896 1
882 2
875 1
864 29
840 6
810 2
800 4
784 1
768 12
756 9
750 1
720 21
700 3
672 6
648 8
640 2
630 4
600 8
588 1
576 12
560 2
540 4
512 1
504 7
486 1
480 16
450 2
448 3
432 10
420 2
400 3
392 2
384 9
360 9
336 9
324 3
320 6
300 3
288 9
280 1
270 4
256 1
252 4
240 5
225 1
224 2
216 5
192 7
180 1
168 3
160 1
150 1
144 2
128 1
120 3
100 2
96 2
90 1
72 1
42 1
24 1
9 1
