4374000000 1
3779136000 1
3674160000 1
3628800000 2
3456000000 1
3359232000 1
3265920000 2
3214890000 1
3175200000 2
3150000000 1
3110400000 1
3061800000 1
3023308800 1
2940000000 1
2916000000 1
2857680000 1
2822400000 2
2764800000 1
2721600000 1
2688000000 1
2687385600 1
2592000000 2
2580480000 2
2571912000 3
2560000000 1
2540160000 1
2450000000 1
2449440000 1
2419200000 2
2388787200 1
2381400000 1
2352000000 1
2332800000 4
2322432000 1
2304000000 1
2296350000 3
2293760000 1
2286144000 1
2268000000 3
2267481600 1
2239488000 1
2222640000 2
2204496000 4
2177280000 4
2160900000 1
2150400000 2
2143260000 1
2125764000 2
2116800000 2
2099520000 3
2097152000 1
2090188800 2
2073600000 3
2066715000 1
2057529600 1
2048000000 2
2041200000 4
2032128000 5
2016000000 5
2015539200 2
2000376000 2
1990656000 1
1975680000 1
1968300000 2
1960000000 1
1959552000 6
1944000000 4
1935360000 2
1928934000 3
1905120000 3
1890000000 2
1889568000 6
1881600000 1
1881169920 1
1866240000 4
1851776640 2
1843200000 3
1837080000 6
1828915200 4
1814400000 4
1806336000 3
1800338400 3
1800000000 1
1792000000 1
1786050000 2
1778112000 4
1771470000 1
1764000000 3
1763596800 2
1756160000 1
1750329000 2
1749600000 6
1741824000 6
1736040600 3
1720320000 1
1714608000 1
1701000000 2
1693440000 6
1693052928 1
1680000000 1
1679616000 3
1666980000 2
1666598976 1
1658880000 4
1653372000 3
1651507200 1
1632960000 13
1625702400 3
1620000000 4
1612800000 5
1607445000 1
1600300800 6
1594323000 1
1587600000 3
1587237120 2
1574640000 4
1567641600 5
1562436540 1
1555848000 1
1555200000 5
1548288000 1
1543147200 1
1536000000 2
1530900000 4
1524096000 12
1512000000 4
1511654400 2
1505280000 1
1500282000 2
1492992000 4
1488034800 1
1486356480 1
1481760000 2
1481421312 1
1474560000 1
1470000000 1
1469664000 9
1463132160 2
1458000000 3
1451520000 11
1446700500 1
1445068800 1
1440600000 1
1440000000 2
1434890700 1
1433600000 1
1428840000 7
1422489600 3
1411200000 2
1410877440 4
1400263200 2
1400000000 1
1399680000 9
1393459200 2
1389150000 2
1388832480 1
1382976000 1
1382400000 6
1377810000 1
1376256000 1
1372000000 1
1371686400 10
1361367000 2
1360800000 12
1354752000 7
1350253800 1
1344000000 4
1343692800 6
1333584000 5
1327104000 2
1323000000 2
1322697600 4
1317120000 1
1312200000 4
1306368000 18
1300561920 1
1296540000 1
1296000000 7
1290240000 5
1285956000 13
1280240640 2
1280000000 1
1275750000 1
1275458400 2
1270080000 15
1269789696 1
1264435200 1
1260000000 2
1259712000 8
1254400000 2
1254113280 4
1250235000 1
1244678400 2
1244160000 8
1240029000 1
1234800000 4
1234517760 2
1228800000 1
1224720000 17
1219276800 11
1215228420 1
1215000000 1
1209600000 15
1209323520 5
1204224000 1
1200225600 7
1194393600 5
1190700000 1
1190427840 2
1180980000 3
1179648000 1
1175731200 16
1170505728 1
1166886000 1
1166400000 13
1161216000 14
1157360400 6
1152000000 4
1143072000 22
1137991680 1
1134000000 9
1133740800 1
1128960000 5
1128701952 2
1125211500 2
1120000000 2
1119744000 19
1114767360 3
1111320000 7
1111065984 2
1105920000 10
1102248000 13
1101004800 1
1097600000 5
1097349120 6
1093500000 5
1089093600 1
1088640000 34
1083801600 4
1080203040 3
1080000000 2
1075648000 1
1075200000 2
1074954240 4
1071630000 6
1066867200 8
1062882000 4
1061683200 1
1058400000 7
1058158080 8
1049760000 16
1045094400 16
1037232000 2
1036800000 15
1033121304 1
1032192000 4
1029000000 1
1028764800 8
1020600000 16
1020366720 1
1016064000 29
1008189504 1
1008000000 9
1007769600 6
1003520000 2
1000188000 13
995742720 2
995328000 13
992250000 2
992023200 6
987840000 4
987614208 1
984150000 1
983040000 1
980184240 1
980000000 2
979776000 38
975421440 2
972405000 2
972182736 1
972000000 6
967680000 19
964467000 10
960180480 2
955514880 2
952560000 22
952342272 1
948326400 4
945177660 2
945000000 4
944784000 8
943718400 1
940800000 10
940584960 10
933508800 4
933120000 24
930021750 1
928972800 14
926100000 4
925888320 6
921600000 6
918540000 13
917504000 1
914457600 20
907200000 24
906992640 6
903168000 13
900169200 7
896000000 3
895795200 14
892820880 1
889056000 15
885104640 1
884736000 5
882000000 6
881798400 25
878080000 2
877879296 1
875164500 1
874800000 12
871274880 1
870912000 35
868020300 2
864360000 3
864162432 1
864000000 8
860160000 6
859963392 1
857304000 26
853493760 6
850500000 4
850305600 6
849346560 1
846720000 29
846526464 1
842956800 1
840157920 3
839808000 28
838860800 1
836075520 10
833490000 8
833299488 1
829785600 4
829440000 20
826686000 6
825753600 3
823200000 6
823011840 17
816820200 1
816480000 62
816293376 1
812851200 23
810152280 2
810000000 2
806400000 18
806215680 3
803722500 1
802816000 2
800150400 17
797161500 1
796594176 1
796262400 6
793800000 23
793618560 14
790272000 15
787320000 12
786759680 1
786432000 2
784000000 2
783820800 26
780337152 1
777924000 1
777600000 34
774144000 21
771750000 1
771573600 15
770703360 2
768320000 2
768000000 6
765450000 7
764411904 1
762048000 52
756315000 1
756000000 12
755827200 11
752640000 17
752467968 2
750141000 12
746807040 1
746496000 28
744017400 6
743178240 4
740880000 11
740710656 1
737587200 1
737280000 6
735138180 1
735000000 1
734832000 45
734003200 1
731566080 14
729000000 7
726062400 2
725760000 56
723350250 1
722534400 9
720135360 10
720000000 1
716800000 6
716636160 5
714420000 25
711244800 18
708750000 2
708588000 5
708083712 1
707788800 4
705600000 24
705438720 27
702464000 2
700131600 9
700000000 1
699840000 36
696729600 36
694575000 2
694416240 4
691488000 14
691200000 34
688905000 8
688128000 4
686000000 1
685843200 38
682795008 2
680683500 2
680400000 36
680244480 6
677376000 40
675126900 3
672280000 1
672000000 10
671846400 41
668860416 2
666792000 25
663828480 1
663552000 13
661500000 4
661348800 26
658560000 14
658409472 1
656100000 8
653456160 2
653184000 83
650280960 11
648270000 4
648121824 1
648000000 26
645388800 1
645120000 28
642978000 29
642252800 2
640120320 12
640000000 1
637875000 5
637729200 4
637009920 5
635304600 1
635040000 55
634894848 3
632217600 11
630118440 3
630000000 8
629856000 23
627200000 11
627056640 22
625117500 4
622339200 10
622080000 55
620014500 2
619315200 16
617400000 8
617258880 20
614656000 2
614400000 4
612615150 1
612500000 1
612360000 41
612220032 1
609638400 57
607614210 1
607500000 2
606928896 1
605052000 3
604800000 63
604661760 9
602362880 1
602112000 9
600250000 1
600112800 14
600000000 2
597445632 2
597196800 22
595350000 9
595213920 6
594542592 1
592704000 31
590490000 6
589824000 6
588110544 1
588000000 10
587865600 77
585252864 4
583443000 8
583200000 36
580608000 77
578680200 10
578027520 3
576240000 6
576108288 1
576000000 17
574087500 2
573956280 1
573440000 5
571536000 89
568995840 17
567000000 16
566870400 22
566231040 2
564480000 38
564350976 7
562500000 1
561971200 3
560105280 8
560000000 2
559872000 51
558013050 2
557383680 14
555660000 21
555532992 4
553190400 8
552960000 33
551353635 1
551250000 4
551124000 42
550502400 2
548800000 7
548674560 31
546750000 3
544546800 1
544320000 125
544195584 1
541900800 22
540101520 10
540000000 6
537824000 1
537600000 12
537477120 16
535815000 8
535692528 1
533433600 36
531441000 4
531062784 2
530841600 12
529200000 38
529079040 26
526848000 10
525098700 4
525000000 1
524880000 41
524288000 1
522547200 81
520812180 2
520224768 2
518616000 11
518400000 55
516678750 1
516096000 25
514500000 3
514382400 56
512096256 1
512000000 2
510300000 28
510183360 4
508032000 112
505774080 4
504094752 2
504000000 32
503884800 37
502211745 1
501760000 12
501645312 2
500094000 20
497871360 12
497664000 49
496125000 6
496011600 14
495452160 6
493920000 35
493807104 9
492075000 1
491724800 2
491520000 9
490092120 2
490000000 3
489888000 132
487710720 35
486091368 1
486000000 24
484041600 6
483840000 101
483729408 5
482233500 4
481689600 6
480200000 1
480090240 23
480000000 5
478296900 1
477757440 6
476280000 75
476171136 6
474163200 34
472500000 5
472392000 26
471859200 4
470400000 28
470292480 41
466754400 7
466560000 77
464486400 55
463050000 10
462944160 22
460992000 4
460800000 21
459270000 25
459165024 1
458752000 3
457228800 121
455196672 1
453789000 1
453600000 68
453496320 13
451772160 1
451584000 51
450084600 10
450000000 4
448084224 3
448000000 8
447897600 53
446410440 2
445906944 2
444528000 55
442552320 8
442368000 26
441000000 8
440899200 67
440401920 1
439040000 10
438939648 5
437582250 2
437400000 30
435637440 2
435456000 159
434010150 4
433520640 12
432180000 6
432081216 10
432000000 31
430467210 1
430259200 2
430080000 30
429981696 3
428750000 1
428652000 64
426746880 31
425250000 5
425152800 9
424673280 6
423536400 1
423360000 93
423263232 5
421478400 4
420078960 9
420000000 3
419904000 105
418037760 50
416745000 8
416649744 2
414892800 18
414720000 72
413343000 22
412876800 18
411600000 18
411505920 48
410062500 2
409600000 8
408410100 7
408240000 130
408146688 2
406425600 104
405076140 5
405000000 7
404619264 1
403368000 1
403200000 62
403107840 23
401861250 1
401769396 2
401408000 4
400075200 59
398297088 3
398131200 40
396900000 31
396809280 37
396361728 1
395136000 57
393824025 1
393660000 24
393379840 1
393216000 4
392073696 2
392000000 9
391910400 135
390168576 5
388962000 9
388800000 67
387233280 1
387072000 110
385875000 2
385786800 48
385351680 1
384160000 5
384072192 8
384000000 11
382725000 7
382637520 2
381024000 158
379330560 9
378157500 1
378071064 2
378000000 30
377913600 49
377487360 1
376320000 44
376233984 10
375070500 7
373403520 17
373248000 111
372008700 4
371589120 21
370440000 48
370355328 15
368793600 10
368640000 36
367569090 2
367416000 124
367001600 1
365783040 64
364568526 2
364500000 15
363031200 3
362880000 203
362797056 6
361417728 2
361267200 36
360150000 2
360067680 30
360000000 12
358400000 9
358318080 29
357210000 40
357128352 3
355622400 75
354294000 26
353894400 21
352800000 65
352719360 56
351232000 10
350065800 14
350000000 2
349920000 90
348509952 1
348364800 133
347287500 3
347208120 11
346816512 4
345744000 22
345600000 92
344452500 3
344207360 2
344064000 22
342921600 137
341397504 7
340341750 2
340200000 74
340122240 23
339738624 1
338829120 4
338688000 146
337563450 4
337500000 2
337182720 4
336140000 1
336063168 7
336000000 23
335923200 80
335544320 1
334807830 3
334430208 5
333396000 62
331914240 20
331776000 82
330750000 12
330674400 52
330301440 3
329280000 27
329204736 15
328050000 17
327680000 6
326728080 3
326592000 256
325140480 47
324135000 3
324060912 5
324000000 40
322694400 5
322560000 116
322486272 4
321489000 39
321126400 5
320060160 61
320000000 6
318937500 1
318864600 8
318504960 15
317652300 1
317520000 124
317447424 8
316108800 44
315059220 4
315000000 16
314928000 84
314572800 4
313600000 25
313528320 85
312558750 4
312487308 1
311169600 40
311040000 146
310007250 2
309786624 1
309657600 48
308700000 25
308629440 67
307328000 9
307200000 20
306307575 1
306180000 87
306110016 1
304819200 190
303807105 1
303750000 5
303464448 2
302526000 2
302400000 129
302330880 30
301056000 45
300056400 49
300000000 5
298722816 10
298598400 117
297675000 20
297606960 19
297271296 8
296352000 95
295245000 3
295034880 2
294912000 24
294055272 2
294000000 12
293932800 173
292626432 16
291721500 4
291600000 70
290424960 5
290304000 260
289340100 13
289013760 14
288120000 11
288054144 16
288000000 40
287043750 2
286720000 18
286654464 5
285887070 1
285768000 173
284497920 46
283553298 1
283500000 28
283435200 40
283115520 6
282357600 1
282240000 132
282175488 24
281302875 1
280985600 4
280052640 24
280000000 10
279936000 169
278691840 58
277830000 30
277766496 5
276595200 25
276480000 91
275625000 2
275562000 55
275251200 13
274400000 15
274337280 112
273375000 2
272273400 8
272160000 269
272097792 4
270950400 109
270050760 16
270000000 12
269746176 1
268912000 5
268800000 59
268738560 44
267907500 17
266827932 1
266716800 120
265720500 2
265531392 7
265420800 29
264600000 79
264539520 76
264241152 3
263424000 44
262549350 4
262500000 1
262440000 87
262144000 4
261382464 2
261273600 268
260406090 2
260112384 4
259308000 17
259200000 118
258155520 5
258048000 113
257250000 2
257191200 100
256048128 17
256000000 2
255150000 39
255091680 12
254803968 2
254016000 241
252887040 20
252105000 4
252047376 9
252000000 53
251942400 115
251658240 1
250880000 22
250822656 13
250047000 27
248935680 37
248832000 186
248062500 3
248005800 27
247726080 14
246960000 68
246903552 29
246037500 2
245862400 5
245760000 16
245046060 2
245000000 4
244944000 267
243855360 101
243045684 2
243000000 29
242020800 10
241920000 253
241864704 4
241116750 3
240844800 24
240100000 4
240045120 69
240000000 18
239148450 1
238878720 41
238140000 124
238085568 10
237081600 93
236294415 2
236250000 9
236196000 52
236027904 2
235929600 11
235298000 1
235200000 52
235146240 148
233377200 30
233280000 185
232339968 1
232243200 187
231525000 12
231472080 40
231211008 1
230496000 21
230400000 76
229635000 38
229376000 16
228614400 309
227598336 8
226894500 3
226800000 175
226748160 48
225792000 149
225042300 22
225000000 3
224788480 3
224042112 11
224000000 20
223948800 166
223205220 5
222953472 5
222356610 1
222264000 122
221433750 3
221276160 14
221184000 89
220500000 23
220449600 175
220200960 3
219520000 25
219469824 44
218700000 41
217818720 6
217728000 408
217005075 2
216760320 42
216090000 13
216040608 16
216000000 61
215129600 3
215040000 72
214990848 9
214326000 107
213373440 96
212625000 7
212576400 23
212336640 19
211768200 2
211680000 222
211631616 24
210739200 34
210039480 16
210000000 15
209952000 190
209715200 2
209018880 154
208372500 19
208324872 5
207446400 55
207360000 247
206671500 18
206524416 1
206438400 44
205800000 22
205752960 146
204800000 10
204205050 2
204120000 214
204073344 4
203297472 1
203212800 306
202538070 9
202500000 5
202309632 4
201684000 9
201600000 143
201553920 69
200884698 1
200704000 23
200037600 138
200000000 1
199148544 11
199065600 117
198450000 54
198404640 31
198180864 3
197650320 1
197568000 115
196830000 29
196689920 2
196608000 12
196036848 2
196000000 15
195955200 375
195084288 21
194481000 27
194400000 170
193616640 9
193536000 279
192893400 50
192675840 3
192080000 14
192036096 12
192000000 21
191362500 9
191318760 8
191102976 11
190591380 1
190512000 363
189665280 61
189035532 2
189000000 46
188956800 74
188238400 1
188160000 101
188116992 41
187535250 8
186701760 41
186624000 332
186004350 7
185794560 79
185220000 53
185177664 23
184396800 24
184320000 80
183750000 2
183708000 179
183500800 8
182891520 193
182250000 21
181515600 7
181440000 403
181398528 13
180633600 98
180075000 6
180033840 52
180000000 15
179200000 26
179159040 78
178605000 55
178564176 6
177811200 219
177187500 3
177147000 20
177020928 4
176947200 39
176473500 1
176400000 92
176359680 162
175616000 23
175032900 21
174960000 199
174254976 3
174182400 405
173643750 1
173604060 8
173408256 8
172872000 42
172800000 157
172226250 3
172186884 1
172103680 3
172032000 51
171500000 3
171460800 271
170698752 32
170170875 1
170100000 130
170061120 23
169869312 1
169414560 3
169344000 347
168750000 1
168591360 3
168070000 1
168031584 13
168000000 46
167961600 223
167215104 24
166698000 103
165957120 44
165888000 197
165375000 14
165337200 74
165150720 16
164640000 60
164602368 40
164025000 11
163840000 12
163364040 7
163296000 552
162570240 142
162067500 9
162030456 8
162000000 58
161347200 13
161280000 293
161243136 27
160744500 35
160563200 10
160030080 125
160000000 6
159432300 6
159252480 54
158826150 1
158760000 261
158723712 17
158054400 106
157529610 8
157500000 8
157464000 120
157351936 1
157286400 5
156800000 49
156764160 248
156243654 4
155584800 58
155520000 321
155003625 1
154893312 2
154828800 161
154350000 20
154314720 110
154140672 1
153664000 16
153600000 56
153090000 109
153055008 4
152473104 1
152409600 487
151875000 1
151732224 10
151263000 6
151200000 285
151165440 94
150994944 3
150528000 121
150062500 1
150028200 70
150000000 2
149361408 21
149299200 225
148837500 12
148803480 24
148635648 11
148176000 208
147622500 9
147517440 12
147456000 69
147027636 1
147000000 27
146966400 401
146313216 44
145860750 6
145800000 125
145212480 14
145152000 625
144670050 10
144506880 29
144060000 15
144027072 41
144000000 70
143489070 2
143360000 31
143327232 22
142943535 1
142884000 291
142248960 121
141750000 37
141717600 57
141557760 12
141178800 2
141120000 271
141087744 44
140492800 22
140026320 45
140000000 11
139968000 354
139345920 183
138915000 57
138883248 17
138297600 76
138240000 238
137781000 96
137625600 32
137200000 20
137168640 254
136687500 5
136136700 5
136080000 466
136048896 15
135475200 312
135025380 28
135000000 22
134873088 1
134456000 8
134400000 130
134369280 152
133953750 2
133923132 2
133358400 225
132860250 2
132765696 7
132710400 132
132300000 91
132269760 128
132120576 2
131712000 97
131274675 2
131250000 1
131220000 98
131072000 4
130691232 5
130636800 577
130203045 1
130056192 33
129654000 43
129600000 237
129077760 3
129024000 271
128625000 1
128595600 174
128450560 5
128024064 54
128000000 17
127575000 41
127545840 15
127401984 7
127060920 3
127008000 578
126443520 54
126052500 1
126023688 4
126000000 79
125971200 229
125440000 61
125411328 48
125023500 29
124467840 71
124416000 390
124002900 28
123863040 81
123480000 94
123451776 59
122931200 15
122880000 73
122523030 2
122500000 1
122472000 434
121927680 296
121522842 2
121500000 25
121010400 18
120960000 563
120932352 30
120558375 3
120422400 80
120050000 6
120022560 131
120000000 25
119439360 114
119070000 153
119042784 19
118540800 240
118125000 3
118098000 47
118013952 6
117964800 44
117600000 101
117573120 304
116688600 50
116640000 375
116169984 6
116121600 506
115762500 12
115736040 58
115605504 6
115248000 48
115200000 154
114817500 22
114688000 29
114354828 4
114307200 526
113799168 32
113400000 221
113374080 76
113246208 5
112943040 3
112896000 374
112521150 17
112394240 1
112021056 21
112000000 33
111974400 391
111628125 1
111602610 2
111476736 26
111132000 200
110638080 42
110592000 206
110250000 29
110224800 230
110100480 9
109760000 45
109734912 92
109350000 44
108909360 10
108864000 896
108380160 151
108045000 14
108020304 22
108000000 99
107564800 8
107520000 163
107495424 32
107163000 123
106686720 213
106312500 6
106288200 24
106168320 48
105884100 1
105840000 381
105815808 55
105369600 79
105019740 15
105000000 17
104976000 329
104857600 4
104509440 352
104186250 6
104162436 4
103723200 90
103680000 444
103335750 8
103262208 1
103219200 144
102900000 25
102876480 267
102400000 28
102102525 1
102060000 336
102036672 9
101648736 1
101606400 639
101269035 2
101250000 9
101154816 9
100842000 3
100800000 309
100776960 176
100442349 1
100352000 46
100018800 164
100000000 2
99574272 22
99532800 349
99225000 53
99202320 59
99090432 8
98825160 1
98784000 230
98415000 24
98344960 6
98304000 47
98018424 3
98000000 23
97977600 748
97542144 76
97240500 19
97200000 189
96808320 18
96768000 614
96446700 48
96337920 29
96040000 19
96018048 60
96000000 63
95681250 3
95659380 3
95551488 25
95256000 581
94832640 143
94517766 1
94500000 65
94478400 155
94371840 9
94119200 2
94080000 193
94058496 104
93750000 1
93350880 56
93312000 590
93002175 2
92897280 212
92610000 105
92588832 29
92236816 1
92198400 40
92160000 220
91875000 4
91854000 243
91750400 16
91445760 456
91125000 13
90757800 20
90720000 722
90699264 24
90316800 286
90016920 76
90000000 27
89915392 1
89600000 56
89579520 220
89302500 44
89282088 6
88905600 383
88573500 17
88510464 10
88473600 121
88200000 127
88179840 273
88080384 3
87808000 58
87516450 10
87500000 1
87480000 237
87127488 4
87091200 939
86802030 8
86704128 29
86436000 70
86400000 292
86113125 1
86051840 3
86016000 163
85750000 5
85730400 400
85349376 72
85050000 118
85030560 40
84934656 8
84707280 6
84672000 649
84295680 37
84015792 21
84000000 76
83980800 449
83607552 115
83349000 113
82978560 83
82944000 540
82687500 1
82668600 79
82575360 56
82320000 106
82301184 109
82012500 9
81920000 22
81682020 17
81648000 892
81285120 366
81033750 1
81015228 6
81000000 74
80673600 23
80640000 473
80621568 46
80372250 18
80281600 30
80015040 239
80000000 16
79716150 2
79626240 129
79380000 352
79361856 44
79060128 1
79027200 228
78764805 5
78750000 11
78732000 169
78675968 2
78643200 17
78400000 77
78382080 533
78121827 1
77792400 107
77760000 597
77446656 4
77414400 471
77175000 17
77157360 147
77070336 7
76832000 34
76800000 90
76545000 119
76527504 3
76236552 2
76204800 866
75866112 38
75631500 4
75600000 373
75582720 148
75497472 1
75295360 3
75264000 215
75031250 1
75014100 69
75000000 8
74680704 38
74649600 539
74418750 3
74401740 21
74317824 36
74118870 1
74088000 294
73811250 3
73758720 27
73728000 160
73500000 28
73483200 581
73400320 2
73156608 139
72930375 2
72900000 136
72606240 17
72576000 1165
72335025 1
72253440 115
72030000 21
72013536 51
72000000 118
71744535 1
71680000 76
71663616 45
71442000 327
71124480 275
70875000 23
70858800 67
70778880 43
70589400 1
70560000 435
70543872 110
70246400 36
70013160 37
70000000 15
69984000 599
69672960 471
69457500 34
69441624 14
69148800 93
69120000 433
68890500 56
68841472 1
68812800 99
68600000 21
68584320 460
68068350 11
68040000 617
68024448 23
67765824 2
67737600 649
67512690 15
67500000 15
67436544 8
67228000 7
67200000 178
67184640 294
66976875 1
66961566 1
66679200 331
66382848 26
66355200 331
66150000 102
66134880 186
66060288 10
65856000 179
65625000 1
65610000 121
65536000 15
65345616 7
65318400 1261
65028096 66
64827000 60
64800000 336
64538880 6
64512000 601
64312500 1
64297800 183
64225280 11
64012032 73
64000000 29
63787500 12
63772920 10
63700992 25
63530460 1
63504000 902
63221760 140
63026250 2
63011844 9
63000000 90
62985600 346
62914560 8
62720000 95
62705664 123
62511750 20
62233920 114
62208000 828
62001450 21
61931520 181
61740000 153
61725888 77
61465600 27
61440000 132
61261515 5
61250000 3
61236000 560
60963840 615
60750000 46
60505200 24
60480000 917
60466176 50
60211200 143
60025000 4
60011280 140
60000000 34
59719680 262
59535000 140
59521392 21
59270400 434
59062500 2
59049000 71
59006976 6
58982400 103
58800000 122
58786560 571
58344300 41
58320000 483
58084992 12
58060800 1071
57881250 5
57868020 35
57802752 21
57624000 55
57600000 275
57408750 14
57344000 54
57153600 816
56899584 78
56723625 1
56700000 253
56687040 107
56623104 8
56471520 4
56448000 633
56260575 5
56250000 4
56197120 16
56010528 35
56000000 36
55987200 662
55738368 105
55566000 240
55319040 85
55296000 462
55125000 23
55112400 267
55050240 38
54880000 59
54867456 175
54675000 26
54454680 17
54432000 1496
54190080 309
54022500 17
54010152 29
54000000 119
53782400 11
53760000 314
53747712 68
53581500 88
53343360 365
53156250 2
53144100 15
53084160 129
52942050 2
52920000 472
52907904 85
52684800 167
52509870 13
52500000 8
52488000 421
52428800 5
52254720 775
52081218 5
51861600 157
51840000 729
51631104 8
51609600 367
51450000 30
51438240 352
51200000 38
51030000 319
51018336 11
50824368 2
50803200 1082
50625000 8
50577408 28
50421000 9
50400000 371
50388480 309
50331648 2
50176000 114
50009400 189
49787136 43
49766400 685
49612500 24
49601160 45
49545216 29
49392000 328
49218750 1
49207500 18
49172480 11
49152000 88
49009212 5
49000000 26
48988800 1048
48771072 175
48620250 9
48600000 237
48404160 24
48384000 1206
48223350 24
48168960 66
48020000 11
48009024 87
48000000 75
47829690 1
47775744 52
47628000 655
47416320 260
47258883 3
47250000 58
47239200 178
47185920 24
47040000 275
47029248 197
46675440 104
46656000 975
46448640 499
46305000 65
46294416 43
46099200 92
46080000 395
45937500 1
45927000 171
45875200 33
45722880 784
45562500 5
45378900 9
45360000 962
45349632 50
45158400 564
45008460 55
45000000 26
44957696 2
44800000 107
44789760 426
44651250 22
44641044 1
44452800 511
44286750 5
44255232 27
44236800 292
44100000 185
44089920 423
44040192 2
43904000 81
43758225 3
43750000 4
43740000 293
43563744 10
43545600 1650
43401015 2
43352064 50
43218000 72
43200000 441
43025920 4
43008000 310
42875000 2
42865200 465
42674688 129
42525000 86
42515280 58
42467328 16
42353640 1
42336000 1054
42147840 76
42017500 4
42007896 19
42000000 113
41990400 645
41943040 5
41803776 199
41674500 108
41489280 131
41472000 992
41334300 56
41287680 150
41160000 136
41150592 160
41006250 2
40960000 40
40841010 5
40824000 1183
40642560 699
40516875 1
40507614 6
40500000 91
40336800 34
40320000 810
40310784 77
40186125 2
40140800 62
40007520 315
40000000 11
39858075 1
39813120 329
39690000 334
39680928 56
39513600 388
39375000 6
39366000 151
39337984 3
39321600 58
39200000 81
39191040 942
38896200 79
38880000 823
38723328 16
38707200 1009
38587500 13
38578680 131
38535168 15
38416000 33
38400000 194
38272500 68
38263752 7
38102400 1287
37933056 87
37815750 3
37800000 411
37791360 246
37748736 4
37647680 4
37632000 432
37507050 27
37500000 2
37340352 63
37324800 995
37209375 1
37200870 7
37158912 84
37044000 382
36879360 49
36864000 345
36750000 24
36741600 662
36700160 9
36578304 259
36450000 118
36303120 40
36288000 1911
36126720 244
36015000 15
36006768 62
36000000 149
35840000 145
35831808 100
35721000 281
35562240 476
35437500 10
35429400 50
35389440 95
35294700 3
35280000 589
35271936 200
35123200 77
35006580 43
35000000 21
34992000 827
34836480 959
34728750 10
34720812 18
34574400 145
34560000 782
34445250 26
34420736 2
34406400 204
34300000 16
34292160 665
34034175 1
34020000 688
34012224 24
33882912 2
33868800 1139
33756345 1
33750000 14
33718272 12
33614000 8
33600000 291
33592320 522
33339600 358
33191424 46
33177600 701
33075000 86
33067440 195
33030144 24
32928000 247
32805000 80
32768000 34
32672808 4
32659200 1841
32514048 185
32413500 28
32400000 439
32269440 15
32256000 1023
32148900 138
32112640 19
32006016 138
32000000 40
31893750 10
31886460 11
31850496 59
31765230 2
31752000 1070
31610880 223
31505922 6
31500000 95
31492800 424
31457280 9
31360000 142
31352832 259
31255875 2
31250000 2
31116960 139
31104000 1279
31000725 7
30965760 418
30870000 118
30862944 110
30732800 44
30720000 215
30625000 2
30618000 522
30481920 1009
30375000 20
30252600 17
30240000 1250
30233088 89
30105600 317
30012500 2
30005640 138
30000000 26
29859840 530
29767500 96
29760696 21
29635200 619
29531250 1
29524500 46
29503488 9
29491200 196
29400000 136
29393280 838
29360128 2
29172150 22
29160000 613
29042496 15
29030400 1879
28934010 25
28901376 47
28812000 57
28800000 338
28704375 4
28672000 125
28576800 975
28449792 171
28350000 284
28343520 114
28311552 13
28235760 6
28224000 957
28098560 21
28005264 42
28000000 64
27993600 1136
27869184 201
27783000 198
27659520 119
27648000 883
27562500 7
27556200 258
27525120 67
27440000 65
27433728 268
27337500 13
27227340 12
27216000 1804
27095040 643
27011250 4
27005076 28
27000000 130
26891200 15
26880000 472
26873856 130
26790750 34
26671680 482
26572050 10
26542080 267
26460000 533
26453952 133
26353376 1
26342400 236
26254935 7
26250000 7
26244000 464
26214400 22
26127360 1340
26040609 1
25930800 104
25920000 1073
25815552 10
25804800 679
25725000 16
25719120 329
25690112 5
25600000 65
25515000 253
25509168 14
25412184 1
25401600 1590
25312500 2
25288704 46
25210500 7
25200000 483
25194240 460
25165824 3
25088000 152
25004700 115
25000000 3
24893568 69
24883200 1300
24806250 8
24800580 43
24772608 78
24696000 372
24603750 8
24586240 21
24576000 197
24504606 5
24500000 24
24494400 1354
24385536 318
24310125 2
24300000 233
24202080 35
24192000 1907
24111675 7
24084480 132
24010000 14
24004512 146
24000000 76
23914845 3
23887872 101
23814000 673
23708160 422
23625000 40
23619600 180
23592960 72
23529800 1
23520000 400
23514624 317
23337720 101
23328000 1308
23224320 970
23152500 38
23147208 44
23049600 103
23040000 627
22963500 115
22937600 66
22861440 1086
22689450 8
22680000 936
22674816 77
22588608 5
22579200 864
22504230 41
22500000 36
22478848 4
22400000 129
22394880 751
22325625 1
22320522 4
22226400 541
22143375 2
22127616 56
22118400 560
22050000 141
22044960 473
22020096 10
21952000 117
21875000 1
21870000 237
21781872 18
21772800 2513
21676032 156
21609000 70
21600000 483
21512960 7
21504000 577
21437500 2
21432600 378
21337344 213
21262500 42
21257640 36
21233664 58
21176820 4
21168000 1363
21073920 122
21008750 2
21003948 13
21000000 93
20995200 864
20971520 2
20901888 364
20837250 32
20744640 174
20736000 1476
20671875 1
20667150 32
20643840 249
20580000 125
20575296 219
20480000 92
20420505 3
20412000 1173
20321280 1123
20253807 1
20250000 79
20168400 12
20160000 1067
20155392 164
20070400 116
20003760 293
20000000 24
19906560 608
19845000 229
19840464 60
19756800 541
19687500 3
19683000 117
19668992 4
19660800 109
19600000 95
19595520 1359
19448100 65
19440000 966
19361664 18
19353600 1669
19293750 5
19289340 94
19267584 24
19208000 40
19200000 251
19136250 21
19131876 8
19059138 1
19051200 1529
18966528 115
18907875 1
18900000 352
18895680 271
18874368 9
18823840 4
18816000 612
18753525 10
18750000 1
18670176 66
18662400 1614
18600435 6
18579456 197
18522000 296
18439680 87
18432000 628
18375000 18
18370800 621
18350080 15
18289152 420
18225000 55
18151560 29
18144000 2391
18063360 485
18007500 9
18003384 60
18000000 131
17920000 208
17915904 210
17860500 198
17781120 573
17718750 5
17714700 34
17694720 237
17647350 1
17640000 604
17635968 277
17561600 118
17503290 23
17500000 10
17496000 909
17418240 1524
17364375 3
17360406 6
17287200 158
17280000 1119
17203200 322
17150000 28
17146080 703
17010000 562
17006112 34
16941456 3
16934400 1659
16875000 11
16859136 33
16807000 8
16800000 348
16796160 793
16777216 1
16669800 299
16595712 76
16588800 1269
16537500 40
16533720 163
16515072 39
16464000 292
16402500 45
16384000 64
16336404 8
16329600 2285
16257024 301
16206750 14
16200000 405
16134720 25
16128000 1487
16074450 62
16056320 37
16003008 195
16000000 45
15946875 1
15943230 2
15925248 132
15882615 1
15876000 1054
15805440 366
15752961 1
15750000 68
15746400 445
15728640 32
15680000 184
15676416 463
15558480 162
15552000 1842
15482880 719
15435000 90
15431472 91
15366400 45
15360000 345
15309000 400
15240960 1481
15187500 14
15126300 16
15120000 1340
15116544 137
15052800 515
15006250 2
15002820 122
15000000 30
14929920 917
14883750 32
14880348 16
14817600 759
14762250 11
14751744 23
14745600 365
14700000 126
14696640 895
14680064 2
14586075 9
14580000 538
14521248 28
14515200 2795
14467005 7
14450688 111
14406000 67
14400000 461
14336000 197
14288400 810
14224896 231
14175000 156
14171760 99
14155776 37
14117880 4
14112000 1251
14049280 53
14002632 42
14000000 61
13996800 1475
13934592 427
13891500 124
13829760 159
13824000 1291
13781250 3
13778100 142
13762560 132
13720000 75
13716864 379
13668750 3
13613670 13
13608000 2011
13547520 964
13505625 2
13502538 7
13500000 103
13445600 13
13440000 648
13436928 240
13395375 8
13335840 526
13271040 534
13230000 448
13226976 156
13171200 360
13125000 7
13122000 384
13107200 24
13063680 1880
12965400 124
12960000 1210
12907776 11
12902400 1177
12862500 11
12859560 289
12845056 4
12800000 101
12757500 112
12754584 17
12706092 3
12700800 2005
12656250 1
12644352 97
12605250 4
12600000 444
12597120 527
12582912 4
12544000 256
12502350 60
12500000 1
12446784 68
12441600 1939
12403125 1
12400290 20
12386304 137
12348000 401
12301875 1
12293120 30
12288000 311
12250000 19
12247200 1304
12192768 479
12150000 176
12101040 25
12096000 2493
12042240 239
12005000 9
12002256 138
12000000 106
11943936 220
11907000 473
11854080 619
11812500 18
11809800 123
11796480 148
11764900 2
11760000 426
11757312 414
11668860 66
11664000 1515
11612160 1561
11576250 18
11573604 23
11524800 114
11520000 876
11481750 47
11468800 102
11430720 1227
11344725 4
11340000 980
11337408 65
11294304 3
11289600 1301
11252115 7
11250000 21
11239424 6
11200000 147
11197440 1072
11160261 1
11113200 487
11063808 52
11059200 1032
11025000 81
11022480 412
11010048 24
10976000 136
10935000 186
10890936 9
10886400 2943
10838016 240
10804500 30
10800000 483
10756480 11
10752000 758
10716300 242
10668672 282
10631250 22
10628820 18
10616832 95
10588410 1
10584000 1321
10536960 177
10501974 12
10500000 75
10497600 923
10485760 7
10450944 567
10418625 7
10372320 175
10368000 2018
10333575 5
10321920 480
10290000 105
10287648 260
10240000 112
10206000 926
10160640 1702
10125000 32
10084200 13
10080000 1290
10077696 225
10035200 152
10001880 224
10000000 11
9953280 1019
9922500 116
9920232 57
9882516 1
9878400 675
9841500 51
9834496 4
9830400 154
9800000 77
9797760 1584
9724050 37
9720000 934
9680832 12
9676800 2445
9646875 1
9644670 36
9633792 31
9604000 38
9600000 305
9568125 8
9565938 5
9529569 1
9525600 1374
9483264 206
9450000 274
9447840 236
9437184 26
9408000 806
9335088 61
9331200 2051
9289728 355
9261000 243
9219840 93
9216000 932
9187500 11
9185400 402
9175040 26
9144576 540
9112500 30
9075780 21
9072000 2666
9031680 727
9003750 3
9001692 28
9000000 113
8960000 253
8957952 298
8930250 70
8890560 692
8857350 5
8847360 381
8823675 2
8820000 480
8817984 311
8780800 149
8751645 5
8750000 4
8748000 746
8709120 2217
8680203 1
8643600 126
8640000 1319
8605184 2
8601600 535
8575000 15
8573040 628
8505000 358
8503056 31
8470728 2
8467200 2076
8437500 2
8429568 42
8403500 3
8400000 326
8398080 937
8388608 2
8334900 178
8297856 78
8294400 1854
8268750 15
8266860 84
8257536 69
8232000 295
8201250 17
8192000 81
8168202 7
8164800 2327
8128512 443
8103375 1
8100000 320
8067360 20
8064000 1991
8037225 13
8028160 69
8001504 195
8000000 55
7962624 202
7938000 883
7902720 514
7875000 47
7873200 310
7864320 58
7840000 194
7838208 622
7779240 95
7776000 2090
7741440 1216
7717500 43
7715736 92
7683200 52
7680000 483
7654500 203
7620480 1709
7593750 2
7563150 1
7560000 1289
7558272 150
7529536 2
7526400 693
7501410 46
7500000 13
7464960 1316
7441875 6
7440174 7
7408800 645
7381125 1
7375872 30
7372800 593
7350000 94
7348320 908
7340032 2
7290000 401
7260624 21
7257600 3441
7225344 152
7203000 40
7200000 479
7168000 237
7144200 598
7112448 297
7087500 73
7085880 77
7077888 62
7058940 4
7056000 1334
7024640 80
7001316 27
7000000 50
6998400 1651
6967296 599
6945750 45
6914880 189
6912000 1817
6890625 1
6889050 56
6881280 204
6860000 53
6858432 375
6834375 1
6804000 1740
6773760 1420
6751269 3
6750000 77
6722800 8
6720000 774
6718464 367
6667920 473
6635520 883
6615000 252
6613488 116
6588344 1
6585600 396
6561000 243
6553600 35
6531840 2276
6482700 76
6480000 1207
6453888 16
6451200 1668
6431250 3
6429780 196
6422528 11
6400000 119
6378750 51
6377292 5
6353046 1
6350400 2002
6322176 129
6302625 2
6300000 350
6298560 555
6291456 8
6272000 280
6251175 5
6250000 1
6223392 92
6220800 2357
6200145 5
6193152 267
6174000 308
6146560 47
6144000 427
6125000 10
6123600 1040
6096384 614
6075000 95
6050520 15
6048000 2828
6021120 320
6002500 8
6001128 87
6000000 132
5971968 350
5953500 227
5927040 719
5906250 9
5904900 89
5898240 234
5882450 2
5880000 425
5878656 498
5834430 35
5832000 1466
5806080 2114
5788125 4
5786802 18
5762400 101
5760000 1045
5740875 10
5734400 168
5715360 1122
5670000 701
5668704 69
5647152 3
5644800 1550
5625000 15
5619712 8
5600000 147
5598720 1337
5556600 345
5531904 66
5529600 1445
5512500 41
5511240 313
5505024 25
5488000 152
5467500 55
5445468 13
5443200 3338
5419008 380
5402250 7
5400000 473
5378240 11
5376000 1081
5358150 77
5334336 306
5315625 2
5314410 5
5308416 178
5294205 1
5292000 1207
5268480 264
5250987 2
5250000 49
5248800 820
5242880 10
5225472 744
5186160 156
5184000 2381
5160960 795
5145000 52
5143824 202
5120000 152
5103000 618
5080320 1814
5062500 13
5042100 16
5040000 1207
5038848 284
5017600 207
5000940 148
5000000 15
4976640 1419
4961250 41
4960116 26
4939200 648
4920750 25
4917248 9
4915200 302
4900000 51
4898880 1620
4862025 7
4860000 733
4840416 23
4838400 3029
4822335 8
4816896 70
4802000 25
4800000 307
4762800 1173
4741632 234
4725000 156
4723920 193
4718592 46
4705960 1
4704000 854
4667544 45
4665600 2323
4644864 522
4630500 99
4609920 98
4608000 1283
4593750 3
4592700 214
4587520 49
4572288 612
4556250 10
4537890 10
4536000 2514
4515840 944
4500846 14
4500000 90
4480000 297
4478976 406
4465125 10
4445280 603
4428675 6
4423680 652
4410000 344
4408992 279
4390400 167
4375000 3
4374000 538
4354560 2814
4321800 113
4320000 1295
4302592 1
4300800 835
4287500 1
4286520 440
4252500 175
4251528 17
4235364 4
4233600 2193
4214784 57
4200000 290
4199040 1032
4194304 4
4167450 59
4148928 70
4147200 2318
4133430 34
4128768 160
4116000 257
4096000 137
4084101 3
4082400 1903
4064256 636
4050000 212
4033680 26
4032000 2161
4014080 102
4000752 174
4000000 46
3981312 309
3969000 521
3951360 531
3937500 16
3936600 219
3932160 94
3920000 173
3919104 737
3889620 62
3888000 2129
3870720 1656
3858750 15
3857868 45
3841600 45
3840000 572
3827250 73
3810240 1616
3781575 5
3780000 1006
3779136 168
3764768 1
3763200 869
3750705 11
3750000 14
3732480 1712
3720087 1
3704400 511
3687936 34
3686400 899
3675000 45
3674160 648
3670016 8
3645000 218
3630312 11
3628800 3678
3612672 231
3601500 22
3600000 460
3584000 351
3572100 320
3556224 329
3543750 16
3542940 46
3538944 116
3529470 2
3528000 1153
3512320 87
3500658 9
3500000 45
3499200 1472
3483648 832
3472875 9
3457440 136
3456000 2196
3444525 12
3440640 299
3430000 42
3429216 364
3402000 1260
3386880 1648
3375000 30
3361400 3
3360000 775
3359232 435
3333960 306
3317760 1277
3307500 151
3306744 84
3292800 410
3280500 74
3276800 69
3265920 2354
3241350 23
3240000 1142
3226944 9
3225600 2080
3215625 1
3214890 60
3211264 24
3200000 109
3189375 3
3188646 1
3175200 1641
3161088 176
3150000 231
3149280 487
3145728 18
3136000 283
3111696 75
3110400 2880
3096576 384
3087000 169
3073280 45
3072000 580
3062500 6
3061800 665
3048192 700
3037500 32
3025260 14
3024000 2622
3010560 474
3001250 2
3000564 40
3000000 75
2985984 502
2976750 80
2963520 666
2952450 25
2949120 361
2940000 278
2939328 555
2917215 8
2916000 1128
2903040 2631
2881200 61
2880000 1061
2867200 207
2857680 847
2835000 388
2834352 62
2822400 1635
2812500 3
2809856 16
2800000 143
2799360 1474
2778300 183
2765952 75
2764800 1941
2756250 12
2755620 156
2752512 61
2744000 121
2733750 17
2722734 3
2721600 2969
2709504 477
2701125 2
2700000 327
2689120 8
2688000 1199
2679075 18
2667168 268
2657205 1
2654208 256
2646000 830
2634240 301
2625000 18
2624400 555
2621440 21
2612736 880
2593080 101
2592000 2442
2580480 1054
2572500 22
2571912 148
2560000 191
2551500 286
2540160 1933
2531250 5
2521050 3
2520000 1049
2519424 267
2508800 261
2500470 54
2500000 6
2488320 1881
2480625 4
2480058 10
2469600 572
2460375 2
2458624 13
2457600 405
2450000 34
2449440 1328
2430000 499
2420208 15
2419200 3426
2408448 88
2401000 15
2400000 289
2381400 700
2370816 282
2362500 57
2361960 150
2359296 51
2352000 769
2333772 34
2332800 2195
2322432 749
2315250 44
2304960 77
2304000 1494
2296350 83
2293760 63
2286144 559
2268945 1
2268000 1906
2257920 1131
2250423 7
2250000 52
2240000 275
2239488 558
2222640 455
2211840 907
2205000 230
2204496 209
2195200 145
2187500 1
2187000 324
2177280 2954
2160900 51
2160000 1191
2151296 3
2150400 992
2143750 3
2143260 215
2126250 50
2125764 10
2117682 1
2116800 1846
2109375 1
2107392 87
2100000 189
2099520 909
2097152 8
2083725 10
2074464 92
2073600 2756
2066715 10
2064384 222
2058000 153
2048000 139
2041200 1288
2032128 717
2025000 128
2016840 4
2016000 2145
2007040 128
2000376 120
2000000 35
1990656 470
1984500 258
1975680 558
1968750 1
1968300 109
1966080 127
1960000 158
1959552 752
1944810 28
1944000 1722
1935360 2097
1929375 2
1928934 22
1920800 47
1920000 579
1913625 15
1905120 1310
1890000 644
1889568 124
1881600 914
1875000 4
1866240 2001
1852200 302
1843968 35
1843200 1213
1837500 17
1837080 453
1835008 12
1822500 94
1815156 7
1814400 3536
1806336 310
1800750 6
1800000 349
1792000 367
1786050 98
1778112 297
1771470 17
1769472 175
1764000 883
1756160 92
1750329 5
1750000 22
1749600 1093
1741824 990
1728720 114
1728000 2286
1720320 452
1715000 23
1714608 268
1701000 662
1693440 1699
1687500 16
1680700 8
1680000 677
1679616 406
1666980 149
1658880 1584
1653750 33
1653372 40
1646400 345
1640250 30
1638400 78
1632960 2129
1620675 7
1620000 759
1613472 14
1612800 2356
1607445 10
1605632 27
1600000 130
1587600 1180
1580544 190
1575000 125
1574640 342
1572864 22
1568000 284
1555848 50
1555200 2759
1548288 538
1543500 90
1536640 46
1536000 702
1530900 331
1524096 743
1518750 13
1512630 6
1512000 2141
1505280 542
1500282 15
1500000 47
1492992 625
1488375 15
1481760 553
1476225 5
1474560 461
1470000 210
1469664 407
1458000 747
1451520 2893
1440600 56
1440000 1031
1433600 301
1428840 521
1417500 141
1417176 38
1411788 1
1411200 1580
1404928 29
1400000 102
1399680 1343
1389150 76
1382976 64
1382400 2197
1378125 2
1377810 46
1376256 83
1372000 88
1366875 1
1361367 1
1360800 2245
1354752 578
1350000 183
1344560 14
1344000 1147
1333584 186
1327104 333
1323000 471
1317120 288
1312500 11
1312200 325
1310720 29
1306368 928
1296540 64
1296000 2095
1290240 1299
1286250 12
1285956 66
1280000 189
1275750 63
1270080 1597
1260000 717
1259712 249
1254400 280
1250235 14
1250000 6
1244160 1971
1240029 4
1234800 375
1229312 14
1228800 505
1225000 28
1224720 920
1215000 230
1210104 12
1209600 3226
1204224 120
1200500 8
1200000 233
1190700 333
1185408 253
1181250 22
1180980 48
1179648 79
1176490 1
1176000 619
1166886 10
1166400 1847
1161216 853
1157625 7
1152480 87
1152000 1505
1148175 8
1146880 108
1143072 447
1134000 1198
1128960 1147
1125000 29
1120000 279
1119744 613
1111320 247
1105920 1175
1102500 79
1102248 128
1097600 139
1093500 120
1088640 2676
1080450 13
1080000 952
1075648 2
1075200 1099
1071630 95
1063125 2
1062882 3
1058400 1353
1053696 95
1050000 116
1049760 678
1048576 6
1037232 57
1036800 2844
1032192 269
1029000 75
1024000 206
1020600 798
1016064 716
1012500 50
1008420 7
1008000 1934
1003520 146
1000188 50
1000000 24
995328 553
992250 72
987840 445
984150 36
983040 194
980000 101
979776 683
972405 11
972000 1186
967680 2331
964467 10
960400 27
960000 577
952560 891
945000 330
944784 82
941192 2
940800 836
937500 1
933120 1838
926100 155
921984 33
921600 1348
918540 215
917504 19
911250 32
907578 2
907200 2883
903168 338
900375 2
900000 224
896000 368
893025 27
889056 252
885735 4
884736 262
882000 559
878080 83
875000 10
874800 680
870912 1060
864360 60
864000 2036
860160 549
857500 13
857304 142
850500 296
846720 1548
843750 1
840350 3
840000 556
839808 352
833490 63
829440 1820
826875 5
826686 15
823200 245
820125 5
819200 114
816480 1541
810000 455
806736 8
806400 2312
802816 20
800000 102
793800 700
790272 210
787500 37
787320 211
786432 38
784000 233
777924 28
777600 2446
774144 658
771750 40
768320 36
768000 695
765450 88
762048 608
759375 3
756000 1511
752640 611
750141 3
750000 25
746496 617
740880 397
737280 614
735000 86
734832 280
729000 393
725760 2705
720300 15
720000 801
716800 275
714420 248
708750 47
708588 15
705600 1157
702464 30
700000 76
699840 1088
694575 13
691488 58
691200 2388
688905 13
688128 122
686000 53
680400 1423
677376 581
675000 96
672280 6
672000 1007
666792 116
663552 464
661500 194
658560 272
656250 6
656100 138
655360 38
653184 852
648270 14
648000 1610
645120 1404
643125 2
642978 31
640000 172
637875 18
635040 1158
630000 394
629856 184
627200 278
625000 1
622080 1972
617400 186
614656 9
614400 565
612500 3
612360 482
607500 86
605052 2
604800 2752
602112 173
600250 3
600000 156
595350 115
592704 237
590625 2
590490 14
589824 115
588245 1
588000 411
583200 1199
580608 947
576240 51
576000 1456
573440 128
571536 312
567000 593
564480 1121
562500 9
560000 208
559872 526
555660 140
552960 1264
551250 20
551124 67
548800 104
546750 40
544320 2079
540225 7
540000 563
537824 1
537600 1148
535815 13
531441 1
529200 872
526848 95
525000 45
524880 431
524288 8
518616 30
518400 2519
516096 348
514500 40
512000 224
510300 287
508032 640
506250 11
504210 2
504000 1323
501760 154
500094 23
500000 17
497664 663
496125 4
493920 326
492075 6
491520 253
490000 63
489888 483
486000 711
483840 2328
480200 11
480000 435
476280 534
472500 120
472392 59
470400 680
466560 1580
463050 51
460992 41
460800 1459
459375 1
459270 59
458752 19
455625 4
453600 1904
451584 345
450000 125
448000 347
444528 174
442368 300
441000 293
439040 77
437500 1
437400 380
435456 982
432180 27
432000 1579
430080 596
428750 4
428652 79
425250 90
423360 1197
420000 317
419904 298
416745 11
414720 1784
413343 2
411600 175
409600 135
408240 963
405000 207
403368 3
403200 2045
401408 28
400000 73
396900 290
395136 179
393750 9
393660 70
393216 42
392000 188
388962 13
388800 1775
387072 692
385875 2
384160 24
384000 700
382725 9
381024 432
378000 879
376320 545
375000 19
373248 637
370440 231
368640 733
367500 37
367416 139
364500 148
362880 2212
360150 4
360000 551
358400 308
357210 74
354375 5
354294 3
352800 803
351232 26
350000 28
349920 786
345744 33
345600 2032
344064 137
343000 28
340200 693
338688 581
337500 25
336140 3
336000 778
333396 45
331776 495
330750 60
329280 222
328050 37
327680 48
326592 657
324135 7
324000 1023
322560 1292
321489 1
320000 143
317520 769
315000 185
314928 139
313600 234
311040 1814
308700 70
307328 16
307200 641
306250 1
306180 231
303750 23
302526 5
302400 2022
301056 149
300125 1
300000 97
297675 14
296352 172
295245 3
294912 127
294000 220
291600 725
290304 923
288120 36
288000 1123
286720 139
285768 167
283500 213
282240 885
281250 2
280000 128
279936 472
277830 52
276480 1374
275625 2
275562 12
274400 57
273375 6
272160 1460
270000 304
268800 1043
264600 416
263424 87
262500 19
262440 232
262144 10
259308 19
259200 1951
258048 369
257250 15
256000 192
255150 83
254016 512
253125 1
252105 1
252000 835
250880 160
250047 1
250000 8
248832 629
246960 198
245760 273
245000 28
244944 309
243000 313
241920 1898
240100 4
240000 356
238140 212
236250 31
236196 24
235200 532
233280 1120
231525 7
230496 21
230400 1364
229635 8
229376 41
226800 1127
225792 319
225000 45
224000 276
222264 91
221184 357
220500 103
219520 67
218750 2
218700 145
217728 794
216090 8
216000 1058
215040 555
214375 1
214326 24
212625 10
211680 855
210000 165
209952 226
207360 1692
205800 64
204800 153
204120 513
202500 84
201684 3
201600 1528
200704 36
200000 32
198450 91
197568 124
196875 1
196830 35
196608 38
196000 111
194481 2
194400 1148
193536 673
192080 11
192000 602
190512 290
189000 391
188160 489
187500 3
186624 575
185220 71
184320 779
183750 3
183708 73
182250 37
181440 1715
180000 330
179200 290
178605 20
176400 485
175616 21
175000 15
174960 472
172872 19
172800 1741
172032 149
171500 8
170100 298
169344 421
168750 6
168000 528
166698 12
165888 519
165375 6
164640 133
164025 6
163840 61
163296 441
162000 563
161280 1274
160000 113
158760 361
157500 78
157464 57
156800 160
155520 1366
154350 22
153664 6
153600 575
153090 67
151875 4
151263 2
151200 1329
150528 151
150000 50
148176 91
147456 173
147000 117
145800 313
145152 774
144060 11
144000 847
143360 129
142884 66
141750 65
141120 597
140625 1
140000 88
139968 294
138915 6
138240 1214
137781 5
137200 28
136080 784
135000 120
134456 2
134400 792
132300 170
131712 71
131250 5
131220 97
131072 5
129654 1
129600 1378
129024 391
128625 2
128000 163
127575 8
127008 335
126000 514
125440 122
125000 4
124416 559
123480 111
122880 272
122500 8
122472 150
121500 129
120960 1484
120050 5
120000 224
119070 71
118125 4
118098 4
117600 312
116640 694
115248 8
115200 1145
114688 23
113400 528
112896 300
112500 15
112000 170
111132 32
110592 356
110250 34
109760 45
109350 33
108864 583
108045 1
108000 675
107520 537
107163 2
105840 453
105000 66
104976 100
103680 1352
102900 37
102400 123
102060 188
101250 23
100842 1
100800 1040
100352 37
100000 30
99225 10
98784 86
98415 3
98304 62
98000 50
97200 601
96768 590
96040 5
96000 467
95256 136
94500 142
94080 341
93750 2
93312 406
92610 24
92160 693
91875 1
91854 15
91125 9
90720 1005
90000 168
89600 241
88200 226
87808 23
87500 4
87480 230
86436 5
86400 1280
86016 120
85750 2
85050 86
84672 288
84375 3
84000 288
83349 2
82944 480
82320 78
81920 70
81648 246
81000 249
80640 1009
80000 81
79380 136
78750 8
78732 21
78400 97
77760 936
77175 2
76832 5
76800 474
76545 7
75600 669
75264 133
75000 21
74088 44
73728 162
73500 44
72900 117
72576 570
72030 3
72000 551
71680 114
71442 20
70875 7
70560 371
70000 26
69984 200
69120 1014
68600 18
68040 426
67500 47
67200 533
66150 46
65856 49
65625 1
65610 23
65536 11
64827 1
64800 823
64512 325
64000 124
63504 180
63000 208
62720 110
62208 454
61740 38
61440 295
61250 5
61236 62
60750 25
60480 971
60025 1
60000 131
59535 3
59049 1
58800 152
58320 367
57624 6
57600 836
57344 33
56700 182
56448 210
56250 2
56000 109
55566 11
55296 326
55125 3
54880 29
54675 4
54432 366
54000 340
53760 428
52920 219
52500 22
52488 46
51840 947
51450 11
51200 105
51030 55
50625 1
50400 615
50176 35
50000 11
49392 35
49152 64
49000 19
48600 274
48384 443
48020 3
48000 307
47628 57
47250 37
47040 232
46656 290
46305 4
46080 614
45927 2
45360 554
45000 74
44800 173
44100 73
43904 11
43740 68
43218 3
43200 813
43008 114
42525 5
42336 150
42000 161
41472 386
41160 28
40960 65
40824 137
40500 92
40320 703
40000 41
39690 43
39375 2
39366 7
39200 65
38880 532
38416 5
38400 371
37800 291
37632 94
37500 10
37044 18
36864 152
36750 8
36450 24
36288 430
36015 1
36000 288
35840 124
35721 4
35280 181
35000 16
34992 132
34560 768
34300 6
34020 143
33750 19
33600 327
33075 6
32928 25
32805 2
32768 8
32400 406
32256 243
32000 87
31752 83
31500 77
31360 68
31250 1
31104 298
30870 14
30720 228
30618 13
30375 1
30240 598
30000 61
29400 83
29160 171
28812 5
28800 542
28672 21
28350 45
28224 140
28000 52
27783 2
27648 260
27440 17
27216 191
27000 104
26880 328
26460 88
26250 8
26244 27
25920 636
25725 1
25600 83
25515 6
25200 324
25088 20
25000 3
24696 31
24576 57
24500 11
24300 85
24192 305
24010 2
24000 217
23814 26
23625 5
23520 122
23328 155
23040 472
22680 232
22500 22
22400 111
22050 20
21952 4
21870 15
21600 411
21504 104
21168 95
21000 70
20736 299
20580 12
20480 49
20412 41
20250 15
20160 414
20000 17
19845 4
19600 33
19440 259
19208 1
19200 288
18900 105
18816 58
18522 6
18432 140
18375 2
18225 3
18144 219
18000 135
17920 83
17640 86
17500 2
17496 46
17280 497
17150 3
17010 31
16875 2
16800 199
16464 26
16384 9
16200 153
16128 185
16000 59
15876 38
15750 22
15680 31
15552 212
15360 191
15309 3
15120 289
15000 20
14700 25
14580 60
14400 326
14336 30
14175 8
14112 75
14000 26
13824 229
13720 11
13608 83
13500 38
13440 206
13230 22
13122 7
12960 314
12800 62
12600 124
12544 10
12500 1
12348 4
12288 50
12250 1
12150 26
12096 216
12000 111
11907 1
11760 64
11664 66
11520 322
11340 80
11250 1
11200 67
11025 2
10976 5
10935 3
10800 184
10752 76
10584 40
10500 21
10368 176
10290 5
10240 45
10206 10
10125 1
10080 230
10000 8
9800 17
9720 116
9604 1
9600 168
9450 24
9408 44
9261 2
9216 94
9072 113
9000 72
8960 67
8820 20
8750 1
8748 16
8640 306
8505 5
8400 92
8232 4
8192 11
8100 46
8064 124
8000 30
7938 4
7875 2
7840 27
7776 107
7680 139
7560 113
7500 9
7350 4
7290 13
7200 178
7168 11
7056 43
7000 9
6912 152
6860 2
6804 34
6750 11
6720 131
6615 5
6561 2
6480 144
6400 45
6300 43
6272 6
6174 2
6144 32
6075 1
6048 101
6000 51
5880 24
5832 38
5760 167
5670 15
5625 2
5600 25
5488 2
5400 70
5376 52
5292 12
5250 4
5184 108
5145 2
5120 30
5103 2
5040 115
5000 3
4900 2
4860 31
4802 1
4800 96
4725 2
4704 22
4608 90
4536 40
4500 22
4480 32
4410 4
4375 1
4374 3
4320 161
4200 46
4116 2
4096 11
4050 15
4032 82
4000 17
3969 1
3920 9
3888 59
3840 94
3780 41
3750 2
3645 3
3600 72
3584 13
3528 17
3500 9
3456 101
3402 4
3375 1
3360 69
3240 66
3200 31
3150 13
3136 2
3072 32
3024 51
3000 11
2940 8
2916 12
2880 113
2835 2
2800 19
2700 23
2688 37
2646 3
2592 73
2560 12
2520 50
2450 2
2430 11
2400 56
2352 14
2304 67
2268 14
2250 2
2240 18
2160 69
2100 20
2058 1
2048 11
2016 40
2000 6
1960 6
1944 23
1920 50
1890 8
1800 38
1792 10
1764 3
1728 49
1680 27
1620 19
1600 15
1568 3
1536 18
1512 20
1500 4
1470 2
1458 1
1440 62
1400 5
1350 7
1344 16
1296 22
1280 10
1260 7
1200 21
1176 3
1152 33
1134 6
1120 16
1080 29
1050 3
1024 3
1008 15
1000 4
980 1
972 6
960 23
900 8
896 5
875 1
864 29
840 8
810 2
800 6
784 4
768 14
756 6
750 1
720 17
672 7
648 6
640 7
630 3
600 7
576 18
560 2
540 6
512 3
504 4
500 2
490 1
486 1
480 9
450 3
448 1
432 11
420 5
400 2
384 10
378 1
360 7
336 8
324 4
320 3
288 9
280 3
270 1
252 1
240 6
224 2
216 3
210 1
192 5
180 2
168 1
160 2
144 4
135 1
128 1
126 1
120 1
112 1
108 1
96 2
32 1
