3087 1
3040 1
3039 1
3036 2
3033 1
3032 1
3031 1
3028 1
3027 1
3025 1
3024 2
3023 1
3021 1
3020 1
3019 1
3018 1
3017 1
3016 1
3015 1
3013 3
3012 1
3011 3
3009 2
3008 2
3007 2
3006 2
3005 5
3004 3
3003 4
3002 4
3001 1
3000 4
2999 1
2998 1
2997 5
2996 3
2995 5
2994 6
2993 4
2992 6
2991 7
2990 2
2989 8
2988 9
2987 5
2986 8
2985 9
2984 9
2983 5
2982 10
2981 6
2980 8
2979 7
2978 12
2977 9
2976 11
2975 8
2974 15
2973 7
2972 17
2971 11
2970 15
2969 15
2968 19
2967 15
2966 28
2965 22
2964 28
2963 31
2962 23
2961 32
2960 39
2959 20
2958 43
2957 36
2956 27
2955 46
2954 33
2953 43
2952 43
2951 44
2950 50
2949 45
2948 39
2947 55
2946 70
2945 68
2944 67
2943 66
2942 76
2941 80
2940 77
2939 80
2938 80
2937 91
2936 94
2935 104
2934 105
2933 106
2932 106
2931 145
2930 151
2929 126
2928 121
2927 141
2926 126
2925 157
2924 152
2923 181
2922 162
2921 181
2920 191
2919 188
2918 227
2917 221
2916 222
2915 223
2914 249
2913 242
2912 250
2911 275
2910 303
2909 278
2908 288
2907 318
2906 337
2905 349
2904 375
2903 329
2902 352
2901 386
2900 368
2899 431
2898 477
2897 453
2896 469
2895 458
2894 497
2893 505
2892 557
2891 581
2890 565
2889 593
2888 616
2887 667
2886 631
2885 676
2884 701
2883 729
2882 784
2881 805
2880 779
2879 833
2878 844
2877 864
2876 924
2875 955
2874 961
2873 1015
2872 987
2871 1037
2870 1144
2869 1141
2868 1032
2867 1165
2866 1186
2865 1264
2864 1275
2863 1260
2862 1334
2861 1368
2860 1416
2859 1509
2858 1482
2857 1484
2856 1618
2855 1648
2854 1721
2853 1804
2852 1698
2851 1811
2850 1915
2849 1961
2848 2022
2847 2055
2846 2049
2845 2124
2844 2094
2843 2159
2842 2242
2841 2306
2840 2265
2839 2367
2838 2483
2837 2502
2836 2428
2835 2608
2834 2652
2833 2656
2832 2763
2831 2828
2830 2957
2829 2873
2828 2945
2827 3050
2826 2971
2825 3171
2824 3106
2823 3234
2822 3337
2821 3416
2820 3285
2819 3578
2818 3474
2817 3636
2816 3631
2815 3639
2814 3748
2813 3830
2812 3895
2811 3971
2810 4153
2809 4168
2808 4077
2807 4059
2806 4256
2805 4248
2804 4322
2803 4551
2802 4495
2801 4592
2800 4602
2799 4688
2798 4795
2797 4792
2796 4760
2795 4801
2794 5006
2793 4950
2792 5084
2791 5148
2790 5057
2789 5244
2788 5294
2787 5321
2786 5326
2785 5317
2784 5322
2783 5511
2782 5390
2781 5558
2780 5695
2779 5593
2778 5697
2777 5670
2776 5607
2775 5807
2774 5642
2773 5722
2772 5743
2771 5832
2770 5869
2769 5991
2768 5974
2767 6014
2766 6070
2765 6081
2764 5996
2763 6130
2762 6096
2761 6119
2760 6034
2759 6178
2758 6144
2757 6201
2756 6148
2755 6282
2754 6291
2753 6299
2752 6215
2751 6429
2750 6235
2749 6122
2748 6348
2747 6271
2746 6187
2745 6042
2744 6025
2743 6072
2742 6189
2741 6212
2740 6065
2739 6194
2738 6151
2737 6100
2736 5984
2735 6010
2734 6062
2733 6067
2732 5894
2731 5930
2730 5903
2729 5814
2728 5688
2727 5800
2726 5755
2725 5870
2724 5812
2723 5745
2722 5616
2721 5538
2720 5553
2719 5573
2718 5545
2717 5558
2716 5346
2715 5347
2714 5244
2713 5262
2712 5260
2711 5136
2710 5228
2709 5099
2708 5041
2707 4894
2706 4815
2705 4872
2704 4961
2703 4877
2702 4604
2701 4611
2700 4570
2699 4395
2698 4437
2697 4524
2696 4322
2695 4223
2694 4191
2693 4237
2692 4185
2691 3982
2690 4147
2689 3929
2688 3991
2687 3815
2686 3685
2685 3829
2684 3657
2683 3504
2682 3597
2681 3510
2680 3398
2679 3316
2678 3285
2677 3230
2676 3124
2675 3180
2674 3081
2673 3079
2672 2976
2671 2911
2670 2876
2669 2898
2668 2763
2667 2693
2666 2669
2665 2603
2664 2583
2663 2415
2662 2442
2661 2355
2660 2359
2659 2264
2658 2191
2657 2162
2656 2123
2655 2013
2654 2091
2653 1982
2652 1937
2651 1856
2650 1893
2649 1797
2648 1779
2647 1765
2646 1662
2645 1673
2644 1603
2643 1530
2642 1518
2641 1581
2640 1471
2639 1377
2638 1358
2637 1299
2636 1252
2635 1274
2634 1196
2633 1102
2632 1163
2631 1113
2630 1064
2629 1048
2628 924
2627 1019
2626 985
2625 994
2624 879
2623 935
2622 847
2621 820
2620 782
2619 755
2618 761
2617 745
2616 679
2615 644
2614 592
2613 658
2612 605
2611 598
2610 596
2609 513
2608 509
2607 525
2606 520
2605 479
2604 466
2603 415
2602 463
2601 405
2600 416
2599 376
2598 363
2597 345
2596 337
2595 322
2594 336
2593 331
2592 304
2591 313
2590 284
2589 263
2588 229
2587 239
2586 247
2585 216
2584 187
2583 218
2582 200
2581 189
2580 177
2579 174
2578 148
2577 183
2576 146
2575 176
2574 156
2573 142
2572 158
2571 122
2570 139
2569 122
2568 86
2567 100
2566 89
2565 102
2564 89
2563 83
2562 75
2561 88
2560 76
2559 74
2558 82
2557 66
2556 65
2555 58
2554 62
2553 58
2552 56
2551 56
2550 60
2549 41
2548 41
2547 49
2546 41
2545 39
2544 30
2543 44
2542 45
2541 26
2540 30
2539 24
2538 24
2537 23
2536 18
2535 18
2534 24
2533 21
2532 18
2531 27
2530 12
2529 13
2528 12
2527 14
2526 16
2525 9
2524 14
2523 8
2522 15
2521 11
2520 10
2519 10
2518 12
2517 12
2516 8
2515 7
2514 11
2513 3
2512 4
2511 5
2510 4
2509 4
2508 4
2507 3
2506 5
2505 1
2504 6
2503 3
2502 5
2501 6
2500 5
2499 5
2498 3
2496 1
2495 3
2494 4
2493 3
2492 4
2491 3
2490 2
2489 1
2488 3
2487 2
2486 1
2485 1
2484 1
2483 1
2482 1
2481 2
2479 3
2476 2
2475 2
2473 1
2471 2
2468 1
2463 1
2462 1
2454 1
2449 1
2435 1
