3036 1
3034 1
3031 1
3028 2
3026 1
3025 1
3024 1
3023 1
3021 1
3020 2
3019 1
3018 1
3015 1
3014 1
3013 3
3012 1
3010 2
3009 4
3008 1
3007 2
3006 4
3005 4
3004 3
3002 1
3001 5
3000 2
2999 4
2998 2
2997 2
2996 2
2995 4
2994 5
2993 4
2992 2
2991 4
2990 4
2989 6
2988 7
2987 7
2986 9
2985 5
2984 9
2983 4
2982 5
2981 7
2980 6
2979 10
2978 12
2977 17
2976 11
2975 10
2974 13
2973 9
2972 18
2971 15
2970 29
2969 15
2968 19
2967 21
2966 25
2965 20
2964 22
2963 23
2962 18
2961 41
2960 34
2959 28
2958 36
2957 33
2956 39
2955 29
2954 56
2953 48
2952 39
2951 39
2950 51
2949 47
2948 59
2947 62
2946 59
2945 68
2944 72
2943 69
2942 78
2941 72
2940 85
2939 79
2938 78
2937 79
2936 87
2935 88
2934 114
2933 133
2932 128
2931 116
2930 144
2929 144
2928 139
2927 128
2926 133
2925 143
2924 159
2923 190
2922 193
2921 174
2920 186
2919 201
2918 184
2917 218
2916 218
2915 214
2914 231
2913 250
2912 235
2911 261
2910 271
2909 300
2908 287
2907 323
2906 291
2905 342
2904 361
2903 373
2902 392
2901 382
2900 337
2899 409
2898 439
2897 463
2896 471
2895 504
2894 480
2893 480
2892 521
2891 531
2890 586
2889 604
2888 629
2887 654
2886 683
2885 608
2884 690
2883 760
2882 748
2881 832
2880 866
2879 830
2878 832
2877 891
2876 922
2875 977
2874 928
2873 1008
2872 999
2871 1073
2870 1020
2869 1167
2868 1153
2867 1203
2866 1192
2865 1254
2864 1287
2863 1319
2862 1387
2861 1316
2860 1440
2859 1473
2858 1500
2857 1560
2856 1538
2855 1614
2854 1670
2853 1696
2852 1850
2851 1854
2850 1901
2849 1907
2848 1974
2847 1830
2846 2014
2845 2047
2844 2115
2843 2201
2842 2207
2841 2271
2840 2339
2839 2425
2838 2447
2837 2501
2836 2473
2835 2648
2834 2715
2833 2696
2832 2823
2831 2826
2830 2882
2829 2875
2828 3032
2827 3087
2826 3101
2825 3211
2824 3239
2823 3109
2822 3429
2821 3422
2820 3428
2819 3461
2818 3656
2817 3528
2816 3633
2815 3650
2814 3634
2813 3992
2812 3910
2811 4033
2810 4116
2809 4041
2808 4168
2807 4223
2806 4243
2805 4260
2804 4433
2803 4476
2802 4550
2801 4541
2800 4583
2799 4633
2798 4685
2797 4677
2796 4819
2795 4852
2794 4966
2793 5078
2792 5022
2791 4978
2790 5014
2789 5200
2788 5144
2787 5234
2786 5329
2785 5262
2784 5472
2783 5416
2782 5592
2781 5509
2780 5460
2779 5578
2778 5545
2777 5714
2776 5669
2775 5684
2774 5677
2773 5922
2772 5900
2771 5884
2770 5854
2769 6070
2768 5940
2767 5877
2766 6084
2765 6073
2764 6173
2763 6068
2762 6128
2761 5994
2760 6164
2759 6135
2758 6098
2757 6182
2756 6078
2755 6155
2754 6149
2753 6102
2752 6173
2751 6192
2750 6288
2749 6181
2748 6289
2747 6321
2746 6305
2745 6146
2744 6173
2743 6144
2742 6155
2741 6194
2740 6207
2739 6043
2738 6143
2737 6099
2736 5947
2735 6024
2734 6194
2733 5964
2732 6186
2731 5932
2730 5992
2729 5776
2728 6014
2727 5718
2726 5681
2725 5757
2724 5703
2723 5726
2722 5694
2721 5666
2720 5409
2719 5432
2718 5556
2717 5465
2716 5458
2715 5246
2714 5237
2713 5206
2712 5174
2711 5192
2710 5149
2709 5011
2708 4987
2707 4835
2706 4932
2705 4886
2704 4785
2703 4799
2702 4696
2701 4578
2700 4650
2699 4622
2698 4468
2697 4453
2696 4346
2695 4298
2694 4262
2693 4106
2692 4158
2691 3985
2690 4089
2689 3868
2688 3854
2687 3839
2686 3800
2685 3680
2684 3695
2683 3631
2682 3533
2681 3375
2680 3400
2679 3410
2678 3246
2677 3226
2676 3217
2675 3159
2674 3080
2673 3038
2672 2931
2671 2973
2670 2824
2669 2807
2668 2763
2667 2812
2666 2617
2665 2546
2664 2567
2663 2489
2662 2457
2661 2377
2660 2353
2659 2374
2658 2252
2657 2171
2656 2146
2655 2038
2654 2021
2653 2067
2652 1938
2651 1933
2650 1835
2649 1716
2648 1706
2647 1740
2646 1644
2645 1566
2644 1619
2643 1631
2642 1507
2641 1417
2640 1429
2639 1419
2638 1328
2637 1257
2636 1263
2635 1226
2634 1230
2633 1161
2632 1146
2631 1179
2630 1130
2629 1104
2628 1077
2627 1050
2626 1009
2625 931
2624 869
2623 902
2622 854
2621 809
2620 808
2619 756
2618 714
2617 770
2616 701
2615 662
2614 654
2613 642
2612 653
2611 580
2610 573
2609 531
2608 555
2607 540
2606 512
2605 464
2604 450
2603 448
2602 473
2601 409
2600 445
2599 381
2598 363
2597 368
2596 357
2595 324
2594 293
2593 314
2592 291
2591 300
2590 289
2589 274
2588 272
2587 284
2586 220
2585 209
2584 225
2583 195
2582 210
2581 213
2580 181
2579 193
2578 180
2577 171
2576 152
2575 150
2574 162
2573 135
2572 123
2571 119
2570 144
2569 125
2568 112
2567 108
2566 96
2565 85
2564 90
2563 90
2562 96
2561 83
2560 83
2559 65
2558 72
2557 71
2556 61
2555 55
2554 45
2553 69
2552 47
2551 46
2550 51
2549 43
2548 42
2547 46
2546 41
2545 31
2544 36
2543 44
2542 28
2541 30
2540 31
2539 29
2538 29
2537 23
2536 29
2535 28
2534 22
2533 20
2532 23
2531 23
2530 19
2529 17
2528 13
2527 21
2526 13
2525 12
2524 19
2523 11
2522 8
2521 13
2520 11
2519 11
2518 7
2517 12
2516 6
2515 4
2514 8
2513 7
2512 6
2511 3
2510 2
2509 5
2508 2
2507 5
2506 3
2505 2
2504 7
2502 3
2501 3
2500 5
2499 2
2498 2
2497 1
2496 3
2495 2
2494 3
2493 3
2491 2
2490 2
2489 2
2488 1
2487 3
2486 3
2485 1
2484 1
2481 3
2479 1
2478 1
2475 1
2472 1
2471 1
2469 1
2465 1
2464 1
2461 1
2433 1
2429 1
