5248800000 1
4304672100 1
4199040000 1
4133430000 1
4082400000 1
4032000000 1
3499200000 1
3402000000 1
3265920000 1
3240000000 2
3225600000 1
3214890000 1
3087000000 1
3061800000 1
3024000000 1
3023308800 1
2949120000 1
2857680000 1
2835000000 1
2834352000 1
2822400000 1
2799360000 3
2764800000 2
2721600000 4
2700000000 2
2687385600 2
2654208000 1
2645395200 3
2624400000 2
2612736000 2
2592000000 2
2540160000 4
2519424000 1
2508800000 1
2488320000 3
2480058000 2
2469600000 1
2449440000 2
2419200000 3
2388787200 1
2380855680 1
2361960000 1
2352000000 1
2332800000 2
2322432000 3
2304000000 2
2286144000 1
2268000000 1
2257920000 1
2239488000 4
2222640000 2
2204496000 1
2177280000 5
2143260000 3
2116800000 1
2116316160 1
2099520000 1
2073600000 1
2066715000 2
2064384000 1
2057529600 2
2041200000 3
2040733440 2
2032128000 1
2016000000 3
2015539200 2
2000376000 3
1984046400 1
1975680000 2
1959552000 4
1944000000 2
1935360000 4
1928934000 3
1920000000 2
1905120000 3
1889568000 5
1881169920 1
1866240000 3
1857945600 1
1851776640 1
1843200000 2
1837080000 3
1828915200 2
1814400000 10
1806336000 2
1800338400 3
1791590400 3
1785641760 1
1778112000 2
1771470000 1
1764000000 2
1763596800 4
1756160000 1
1749600000 9
1741824000 2
1728720000 1
1728000000 2
1720320000 2
1714608000 5
1701000000 2
1700611200 1
1693440000 5
1680000000 1
1679616000 2
1666980000 1
1658880000 2
1653372000 2
1651507200 1
1646400000 1
1646023680 1
1640250000 1
1632960000 9
1625702400 1
1620000000 1
1612800000 4
1607445000 2
1605632000 1
1600300800 1
1587600000 8
1587237120 1
1580544000 4
1575000000 1
1574640000 8
1568000000 3
1567641600 10
1555848000 3
1555200000 9
1548288000 1
1543147200 4
1530900000 2
1524096000 13
1512000000 5
1511654400 5
1505280000 3
1500282000 2
1492992000 9
1488034800 3
1481760000 3
1476225000 1
1474560000 3
1469664000 16
1463132160 2
1458000000 1
1451520000 11
1451188224 1
1446700500 3
1445068800 2
1440270720 1
1440000000 1
1433600000 1
1428840000 7
1422489600 2
1417176000 4
1411200000 9
1410877440 6
1404928000 1
1400263200 1
1399680000 8
1393459200 6
1389150000 3
1388832480 1
1382400000 5
1377810000 3
1371686400 8
1360800000 10
1354752000 5
1350253800 2
1344000000 2
1343692800 3
1339231320 1
1333584000 5
1327104000 5
1323000000 1
1322697600 8
1316818944 1
1312200000 4
1310720000 2
1306368000 20
1300561920 1
1296540000 1
1296000000 7
1290240000 7
1285956000 8
1280240640 3
1275458400 2
1270080000 12
1269789696 2
1260236880 1
1260000000 1
1259712000 6
1254400000 2
1250235000 1
1244160000 9
1240029000 3
1238630400 2
1234800000 4
1234517760 8
1228800000 3
1224720000 10
1219276800 7
1215228420 1
1209600000 13
1209323520 2
1204224000 3
1200225600 5
1194393600 4
1190700000 7
1190427840 3
1185408000 5
1180980000 4
1179648000 2
1175731200 11
1166400000 12
1161216000 12
1157360400 2
1152480000 1
1152000000 7
1148175000 1
1143072000 23
1137991680 3
1134000000 5
1133740800 7
1128960000 19
1125211500 3
1123942400 1
1120000000 2
1119744000 14
1114767360 1
1111320000 7
1111065984 1
1105920000 5
1102707270 1
1102248000 13
1101004800 1
1097349120 3
1093500000 1
1089093600 1
1088640000 37
1083801600 5
1080450000 2
1080203040 4
1080000000 2
1075200000 1
1071630000 3
1071385056 1
1066867200 8
1061683200 2
1058400000 17
1058158080 7
1053696000 2
1050000000 1
1049760000 19
1045094400 19
1041624360 2
1037232000 2
1036800000 14
1033357500 1
1032192000 3
1028764800 12
1027604480 1
1024000000 2
1020600000 16
1020366720 1
1016064000 31
1008000000 10
1007769600 9
1004423490 1
1003520000 2
1000188000 6
995742720 1
995328000 8
992250000 2
992023200 6
987840000 9
984150000 1
983040000 3
980184240 1
979776000 27
975421440 2
972000000 7
968083200 1
967680000 16
964467000 3
963379200 2
960400000 2
960180480 2
960000000 3
956593800 1
952560000 16
952342272 1
948326400 5
945000000 1
944784000 9
941192000 1
940800000 5
940584960 9
937461924 1
933508800 3
933120000 32
928972800 10
926100000 1
925888320 6
921984000 1
921600000 11
918540000 16
914457600 27
907200000 27
906992640 3
903168000 9
900169200 12
896168448 1
896000000 6
895795200 11
893025000 1
892820880 1
889056000 15
885735000 2
885104640 2
884736000 10
882165816 1
882000000 5
881798400 29
878080000 6
875164500 1
874800000 12
871274880 1
870912000 45
868020300 3
867041280 2
864360000 3
864162432 2
864000000 10
860160000 10
857304000 22
853493760 3
850500000 8
850305600 7
846720000 25
846526464 3
840157920 3
840000000 4
839808000 26
836075520 6
833490000 7
833299488 2
829785600 4
829440000 29
826686000 5
825753600 1
823543000 1
823200000 3
823011840 11
820125000 1
816820200 1
816480000 50
816293376 1
812851200 23
810152280 2
810000000 4
806400000 26
806215680 9
803722500 2
803538792 1
802816000 1
800150400 17
797161500 2
796262400 13
793800000 12
793618560 11
790272000 11
787648050 3
787320000 15
784000000 4
783820800 27
781218270 1
780337152 1
777924000 8
777600000 33
774144000 26
771750000 1
771573600 12
770703360 1
768320000 6
768144384 4
768000000 4
765450000 9
765275040 2
762365520 1
762048000 57
758661120 6
756315000 1
756142128 1
756000000 14
755827200 18
752640000 10
750141000 6
746807040 6
746496000 32
744017400 5
743178240 2
740880000 23
740710656 4
737587200 1
737280000 9
734832000 53
731566080 15
729000000 6
726062400 1
725760000 72
725594112 2
723350250 1
722534400 6
720135360 4
720000000 4
716800000 3
716636160 6
714420000 29
711244800 18
708750000 2
708588000 5
708083712 1
707788800 1
705600000 23
705438720 21
702464000 2
700131600 5
699840000 50
697019904 1
696729600 29
694575000 5
694416240 3
691488000 13
691200000 27
688905000 6
688128000 2
686000000 2
685843200 39
680683500 1
680400000 34
680244480 9
677376000 38
675000000 1
674365440 1
672126336 2
672000000 16
671846400 25
669615660 1
668860416 2
666792000 22
663828480 1
663552000 18
661500000 3
661348800 28
660602880 2
658560000 8
658409472 2
656100000 16
655360000 3
653456160 1
653184000 86
650280960 11
648270000 3
648121824 4
648000000 22
645388800 1
645120000 36
644972544 1
642978000 16
642252800 1
640120320 13
640000000 3
637729200 2
637009920 2
635040000 48
634894848 1
632217600 10
630118440 1
630000000 2
629856000 33
627200000 7
627056640 21
625117500 2
622339200 13
622080000 65
620014500 4
619315200 10
617400000 12
617258880 13
614656000 2
614400000 3
612360000 43
612220032 3
609892416 1
609638400 66
607614210 2
607500000 2
605052000 1
604800000 77
604661760 14
602362880 2
602112000 8
600112800 18
597196800 29
595350000 7
595213920 9
594542592 1
592704000 31
590490000 8
589824000 4
588245000 1
588000000 11
587865600 74
585252864 3
583443000 5
583200000 48
580849920 1
580608000 71
578680200 18
578027520 3
576240000 6
576000000 14
573956280 2
573440000 5
571536000 73
568995840 17
567000000 20
566870400 18
566231040 1
564480000 47
564350976 2
562500000 1
561971200 1
560105280 13
560000000 2
559872000 57
557383680 14
555660000 17
555532992 3
553190400 9
552960000 21
551124000 36
550502400 1
548800000 9
548674560 38
544546800 1
544320000 120
544195584 1
541900800 34
540225000 3
540101520 10
540000000 6
537600000 14
537477120 16
535815000 13
535692528 1
533433600 45
531441000 3
531062784 1
530841600 13
529200000 35
529079040 28
526848000 4
525098700 3
524880000 41
524288000 2
522547200 85
520812180 3
520224768 1
518832090 1
518616000 13
518400000 46
516096000 22
514596726 1
514500000 4
514382400 59
512096256 3
512000000 5
510300000 26
510183360 6
508032000 104
506250000 1
505774080 1
504210000 2
504094752 4
504000000 27
503884800 48
501760000 17
501645312 6
500094000 24
497871360 9
497664000 62
496125000 4
496011600 10
495452160 3
493920000 32
493807104 5
492075000 2
491520000 1
490092120 2
489888000 117
487710720 29
486202500 4
486091368 1
486000000 24
483840000 100
483729408 5
482233500 3
481689600 3
480200000 1
480090240 18
480000000 5
478296900 2
477757440 11
476280000 70
476171136 1
474163200 28
472588830 1
472500000 2
472392000 30
471859200 2
470400000 18
470292480 46
468730962 1
466754400 15
466560000 85
464486400 53
463050000 7
462944160 27
460992000 5
460800000 23
459270000 33
459165024 1
458752000 1
457228800 100
453600000 95
453496320 14
451584000 51
450084600 22
450000000 1
449576960 1
448084224 3
448000000 13
447897600 54
446512500 4
446410440 5
445906944 1
444528000 62
442867500 2
442552320 7
442368000 22
441000000 19
440899200 70
439040000 22
438939648 13
437582250 1
437400000 31
435637440 2
435456000 171
434010150 3
433520640 13
432180000 11
432081216 6
432000000 25
430259200 2
430080000 24
429981696 5
428652000 71
426746880 25
425250000 5
425152800 12
424673280 4
423536400 1
423360000 94
423263232 6
421478400 11
420078960 8
420000000 6
419904000 91
418037760 40
416745000 12
414892800 19
414720000 101
413343000 23
412876800 13
411600000 2
411505920 55
410062500 1
409600000 4
408410100 1
408240000 125
408146688 1
406425600 86
405076140 10
405000000 6
404619264 1
403368000 3
403200000 81
403107840 25
401861250 3
401408000 4
400075200 45
400000000 1
398580750 1
398297088 3
398131200 41
396900000 45
396809280 23
395300640 1
395136000 48
393750000 1
393660000 30
393379840 1
393216000 3
392073696 4
392000000 9
391910400 145
390168576 6
388962000 15
388800000 77
387233280 4
387072000 96
385875000 3
385786800 41
385351680 5
384160000 5
384072192 8
384000000 11
382725000 3
382637520 4
382205952 3
381182760 1
381024000 179
379330560 14
378157500 3
378071064 1
378000000 37
377913600 38
376320000 39
376233984 10
375070500 12
375000000 1
373403520 12
373248000 127
372008700 4
371589120 23
370440000 45
370355328 12
368793600 4
368640000 31
367569090 2
367500000 2
367416000 120
367001600 3
365783040 62
364500000 11
363031200 7
362880000 190
362797056 8
361267200 36
360150000 3
360067680 28
360000000 12
358400000 22
358318080 16
357210000 56
357128352 5
355622400 77
354375000 1
354294000 15
353894400 14
352800000 47
352719360 71
351232000 18
350065800 9
349920000 89
348509952 2
348364800 130
347287500 5
347208120 17
346816512 2
345744000 21
345600000 75
344452500 9
344064000 21
343000000 3
342921600 135
341397504 5
340200000 77
340122240 16
338688000 142
337563450 5
337182720 2
336063168 7
336000000 24
335923200 97
334807830 2
334430208 11
333396000 71
331914240 12
331776000 87
330750000 10
330674400 72
330301440 4
329280000 35
329204736 18
328050000 13
327680000 8
326728080 7
326592000 260
325140480 37
324135000 4
324060912 7
324000000 41
322694400 2
322560000 132
322486272 4
321489000 36
321126400 2
320060160 57
320000000 2
318864600 6
318504960 10
317520000 142
317447424 5
316108800 42
315059220 4
315000000 7
314928000 93
314572800 6
313600000 19
313528320 91
311169600 36
311040000 131
310007250 4
309657600 66
308700000 24
308629440 45
307328000 8
307200000 16
306250000 1
306180000 77
304819200 159
303750000 2
302526000 4
302400000 126
302330880 34
301056000 32
300056400 29
300000000 5
298722816 1
298598400 93
297675000 15
297606960 13
297271296 7
296352000 118
295245000 5
295034880 4
294912000 23
294055272 1
294000000 18
293932800 189
292626432 18
291721500 11
291600000 73
290424960 5
290304000 224
289340100 9
289013760 9
288120000 6
288054144 8
288000000 36
286978140 2
286720000 17
286654464 3
285887070 1
285768000 188
284497920 58
283553298 1
283500000 31
283435200 39
283115520 5
282357600 1
282240000 135
282175488 20
280985600 7
280052640 26
280000000 14
279936000 155
278691840 58
277830000 40
277766496 10
276595200 32
276480000 78
275562000 63
275251200 8
274400000 14
274337280 107
273375000 3
272273400 7
272160000 232
272097792 6
270950400 93
270050760 14
270000000 16
268912000 5
268800000 48
268738560 49
267907500 16
267846264 4
266716800 122
265720500 1
265531392 4
265420800 50
264600000 78
264539520 59
264241152 2
263424000 49
262549350 3
262500000 1
262440000 92
262144000 1
261382464 2
261273600 249
260406090 1
260112384 9
259308000 34
259200000 114
258155520 5
258048000 105
257298363 1
257250000 2
257191200 119
256048128 15
256000000 10
255150000 33
255091680 4
254803968 2
254121840 2
254016000 298
252887040 20
252105000 1
252047376 2
252000000 49
251942400 125
250880000 22
250822656 21
250047000 40
248935680 30
248832000 183
248062500 1
248005800 28
247726080 21
246960000 73
246903552 20
246037500 3
245862400 8
245760000 15
245046060 4
245000000 9
244944000 291
243855360 126
243101250 1
243045684 1
243000000 23
242020800 7
241920000 234
241864704 11
241116750 8
240844800 16
240100000 2
240045120 56
240000000 16
238878720 37
238239225 1
238140000 137
238085568 15
237180384 1
237081600 114
236294415 1
236250000 9
236196000 48
236027904 1
235929600 18
235200000 50
235146240 148
233377200 35
233280000 179
232339968 2
232243200 186
231525000 16
231472080 32
231211008 4
230496000 28
230400000 62
229635000 46
229376000 6
228614400 282
227598336 17
226894500 2
226800000 167
226748160 36
225886080 1
225792000 151
225042300 18
225000000 1
224788480 2
224042112 8
224000000 22
223948800 167
223256250 1
223205220 7
222953472 8
222264000 118
221433750 2
221276160 13
221184000 84
220500000 23
220449600 160
220200960 1
219520000 21
219469824 29
218700000 45
217818720 13
217728000 463
216760320 41
216090000 18
216040608 12
216000000 60
215129600 4
215040000 86
214990848 12
214375000 1
214326000 114
213373440 95
212625000 5
212576400 25
212336640 19
211768200 3
211680000 247
211631616 28
210739200 33
210087500 1
210039480 19
210000000 9
209952000 150
209715200 1
209018880 139
208372500 13
208324872 5
207446400 52
207360000 241
206671500 13
206438400 62
205800000 23
205752960 168
204800000 12
204205050 2
204120000 259
204073344 3
203297472 4
203212800 308
202538070 6
202500000 13
202309632 2
201684000 5
201600000 141
201553920 66
200704000 23
200037600 127
199148544 10
199065600 120
198450000 55
198404640 40
198180864 4
197568000 137
196875000 1
196830000 29
196689920 6
196608000 12
196036848 2
196000000 18
195955200 376
195084288 24
194481000 21
194400000 120
193616640 7
193536000 295
192937500 3
192893400 61
192675840 9
192080000 8
192036096 32
192000000 23
191362500 9
191318760 5
191102976 7
190591380 1
190512000 308
189665280 63
189035532 2
189000000 58
188956800 109
188743680 5
188160000 84
188116992 26
187535250 4
186701760 40
186624000 327
186004350 3
185794560 73
185220000 81
185177664 26
184396800 24
184320000 75
183784545 2
183750000 6
183708000 178
183500800 5
182891520 201
182250000 11
181515600 10
181440000 437
181398528 11
180633600 134
180075000 2
180033840 56
180000000 21
179200000 35
179159040 86
178605000 51
178564176 1
177811200 184
177147000 17
177020928 2
176947200 48
176400000 107
176359680 165
176160768 2
175616000 24
175032900 16
175000000 1
174960000 192
174254976 4
174182400 389
173643750 1
173604060 13
173408256 6
172872000 52
172800000 159
172226250 3
172032000 76
171500000 3
171460800 291
170698752 31
170100000 111
170061120 28
169869312 2
169414560 1
169344000 347
168781725 3
168750000 1
168591360 10
168070000 2
168031584 12
168000000 40
167961600 247
167215104 24
166698000 97
165957120 40
165888000 216
165375000 7
165337200 86
165150720 17
164640000 58
164602368 54
164025000 11
163840000 14
163364040 3
163296000 533
162570240 134
162067500 8
162030456 6
162000000 59
161347200 11
161280000 263
161243136 21
160744500 29
160563200 12
160030080 145
160000000 6
159432300 8
159252480 38
158760000 244
158723712 19
158054400 130
157529610 3
157500000 14
157464000 117
157286400 5
156800000 38
156764160 237
156243654 1
155584800 58
155520000 348
154893312 2
154828800 182
154350000 22
154314720 100
153664000 14
153600000 52
153090000 131
153055008 2
152473104 1
152409600 461
151875000 2
151732224 14
151263000 9
151200000 255
151165440 94
150590720 1
150528000 121
150028200 60
150000000 3
149361408 18
149299200 271
148837500 11
148803480 19
148635648 12
148176000 197
147622500 9
147517440 18
147456000 92
147027636 4
147000000 19
146966400 366
146800640 1
146313216 47
145860750 2
145800000 112
145212480 10
145152000 604
144670050 19
144506880 56
144060000 17
144027072 34
144000000 59
143489070 1
143360000 40
143327232 16
142884000 279
142248960 143
141776649 2
141750000 44
141717600 49
141557760 23
141178800 4
141120000 251
141087744 64
140492800 21
140026320 31
140000000 8
139968000 363
139345920 186
138915000 53
138883248 14
138297600 64
138240000 223
137812500 2
137781000 76
137625600 26
137200000 22
137168640 258
136687500 2
136136700 7
136080000 457
136048896 14
135531648 2
135475200 298
135025380 28
135000000 11
134873088 3
134456000 5
134400000 101
134369280 123
133953750 13
133923132 3
133358400 208
132860250 4
132765696 11
132710400 143
132300000 69
132269760 139
132120576 2
131712000 87
131274675 2
131250000 2
131220000 96
131072000 6
130691232 1
130636800 628
130056192 45
129654000 41
129600000 260
129077760 3
129024000 284
128625000 2
128595600 171
128450560 2
128024064 40
128000000 10
127575000 52
127545840 9
127401984 5
127060920 2
127008000 562
126443520 50
126052500 3
126023688 4
126000000 74
125971200 220
125829120 2
125440000 68
125411328 70
125023500 40
125000000 1
124467840 79
124416000 415
124031250 1
124002900 23
123863040 72
123480000 93
123451776 57
123018750 1
122931200 13
122880000 46
122523030 2
122500000 4
122472000 445
121927680 315
121550625 1
121522842 5
121500000 42
121010400 19
120960000 528
120932352 27
120558375 2
120472576 1
120422400 56
120050000 2
120022560 110
120000000 12
119439360 122
119070000 152
119042784 17
118540800 271
118098000 68
117964800 27
117649000 1
117600000 108
117573120 314
116688600 39
116640000 361
116169984 3
116121600 497
115762500 2
115736040 46
115605504 8
115248000 40
115200000 158
114817500 14
114791256 1
114688000 26
114354828 2
114307200 554
113799168 36
113400000 233
113374080 81
113246208 1
112943040 1
112896000 367
112521150 16
112500000 3
112394240 9
112021056 22
112000000 32
111974400 403
111602610 4
111476736 33
111132000 209
110638080 30
110592000 256
110250000 31
110224800 264
110100480 9
109760000 35
109734912 93
109350000 44
108909360 15
108864000 851
108380160 132
108045000 15
108020304 30
108000000 88
107564800 4
107520000 153
107495424 23
107163000 111
106686720 221
106312500 3
106288200 19
106168320 54
105884100 4
105840000 365
105815808 56
105369600 71
105019740 20
105000000 12
104976000 312
104857600 1
104509440 380
104186250 4
104162436 6
103723200 91
103680000 454
103335750 8
103262208 2
103219200 151
102900000 32
102876480 244
102760448 2
102400000 31
102060000 301
102036672 5
101648736 1
101606400 609
101250000 12
101154816 6
100842000 9
100800000 270
100776960 164
100352000 69
100018800 159
100000000 5
99574272 19
99532800 335
99225000 39
99202320 66
99090432 17
98784000 238
98415000 25
98344960 6
98304000 51
98018424 5
98000000 20
97977600 708
97542144 71
97240500 22
97200000 224
96808320 14
96768000 665
96468750 1
96446700 68
96337920 24
96040000 5
96018048 78
96000000 49
95681250 3
95659380 3
95551488 13
95295690 1
95256000 592
94832640 153
94517766 2
94500000 78
94478400 150
94371840 13
94119200 1
94080000 208
94058496 86
93767625 2
93350880 80
93312000 605
93002175 4
92897280 185
92610000 84
92588832 37
92198400 52
92160000 214
91875000 4
91854000 244
91750400 17
91445760 426
91125000 15
90757800 9
90720000 712
90699264 25
90316800 284
90037500 2
90016920 63
90000000 23
89915392 2
89600000 64
89579520 212
89302500 44
89282088 3
88905600 370
88573500 15
88510464 11
88473600 130
88200000 146
88179840 282
87808000 55
87516450 13
87500000 2
87480000 266
87127488 9
87091200 895
86802030 12
86704128 26
86436000 67
86400000 275
86093442 1
86051840 2
86016000 162
85750000 5
85730400 417
85349376 85
85050000 110
85030560 39
84934656 8
84707280 4
84672000 696
84295680 34
84035000 3
84015792 17
84000000 85
83980800 428
83607552 91
83349000 105
82978560 87
82944000 487
82687500 5
82668600 87
82575360 63
82354300 1
82320000 94
82301184 101
82012500 15
81920000 21
81682020 11
81648000 884
81285120 355
81033750 1
81015228 12
81000000 73
80673600 16
80640000 496
80621568 48
80372250 21
80281600 39
80015040 238
80000000 10
79716150 3
79626240 122
79380000 311
79361856 40
79027200 249
78764805 2
78750000 9
78732000 164
78643200 18
78400000 53
78382080 524
77792400 82
77760000 602
77446656 4
77414400 501
77175000 28
77157360 167
77070336 4
76832000 31
76800000 94
76545000 111
76527504 6
76236552 1
76204800 893
75937500 2
75866112 35
75631500 7
75600000 337
75582720 148
75264000 263
75014100 52
75000000 1
74680704 28
74649600 588
74418750 6
74401740 20
74317824 32
74088000 294
73811250 3
73758720 22
73728000 196
73513818 1
73500000 24
73483200 583
73400320 2
73156608 136
72930375 1
72900000 117
72606240 20
72576000 1167
72335025 4
72253440 130
72030000 17
72013536 58
72000000 99
71680000 77
71663616 46
71442000 354
71124480 284
70875000 26
70858800 70
70778880 38
70589400 4
70560000 476
70543872 115
70246400 32
70013160 45
70000000 9
69984000 657
69672960 458
69457500 34
69441624 18
69148800 120
69120000 491
68890500 51
68841472 1
68812800 77
68600000 30
68584320 489
68068350 5
68040000 657
68024448 28
67765824 2
67737600 688
67512690 16
67500000 24
67436544 6
67228000 10
67200000 196
67184640 303
66961566 5
66679200 352
66382848 24
66355200 378
66150000 114
66134880 180
66060288 8
65856000 162
65610000 95
65536000 24
65345616 5
65318400 1289
65028096 66
64827000 43
64800000 330
64538880 15
64512000 550
64312500 1
64297800 150
64225280 6
64012032 90
64000000 26
63787500 27
63772920 7
63700992 26
63530460 3
63504000 891
63221760 126
63026250 1
63011844 8
63000000 110
62985600 366
62914560 4
62720000 83
62705664 146
62511750 18
62233920 111
62208000 870
62001450 11
61931520 192
61740000 134
61725888 82
61465600 24
61440000 112
61261515 3
61250000 4
61236000 579
60963840 658
60750000 28
60505200 26
60480000 806
60466176 63
60211200 162
60025000 1
60011280 142
60000000 21
59719680 264
59535000 150
59521392 19
59270400 465
59049000 60
59006976 3
58982400 102
58800000 132
58786560 515
58344300 44
58320000 525
58084992 5
58060800 1047
57881250 4
57868020 35
57802752 14
57624000 61
57600000 296
57408750 12
57395628 1
57344000 62
57177414 1
57153600 809
56899584 85
56723625 1
56700000 253
56687040 96
56623104 4
56471520 1
56448000 690
56260575 3
56250000 3
56197120 15
56010528 37
56000000 40
55987200 729
55801305 1
55738368 118
55566000 243
55319040 88
55296000 474
55125000 18
55112400 256
55050240 20
54880000 75
54867456 179
54675000 43
54454680 6
54432000 1416
54190080 349
54022500 9
54010152 21
54000000 110
53782400 15
53760000 314
53747712 75
53581500 90
53343360 354
53156250 1
53144100 17
53084160 139
52920000 481
52907904 81
52684800 153
52509870 15
52500000 14
52488000 407
52428800 11
52254720 801
52081218 5
51861600 135
51840000 761
51667875 1
51631104 5
51609600 355
51450000 27
51438240 310
51200000 39
51030000 308
51018336 9
50803200 1110
50625000 5
50577408 30
50421000 9
50400000 387
50388480 320
50176000 102
50009400 193
50000000 4
49787136 37
49766400 729
49612500 30
49601160 74
49545216 32
49392000 335
49218750 1
49207500 18
49172480 14
49152000 98
49009212 5
49000000 15
48988800 1141
48771072 158
48620250 12
48600000 247
48404160 29
48384000 1240
48223350 23
48168960 62
48020000 18
48009024 82
48000000 86
47829690 1
47775744 56
47628000 656
47416320 284
47258883 2
47250000 54
47239200 161
47185920 24
47059600 1
47040000 325
47029248 194
46675440 100
46656000 1017
46448640 523
46305000 93
46294416 54
46099200 71
46080000 356
45937500 1
45927000 176
45875200 31
45722880 808
45562500 4
45378900 15
45360000 995
45349632 64
45177216 2
45158400 551
45008460 51
45000000 21
44957696 1
44800000 107
44789760 424
44651250 18
44641044 11
44452800 526
44286750 5
44255232 14
44236800 301
44100000 163
44089920 419
44040192 6
43904000 95
43758225 1
43740000 249
43563744 15
43545600 1636
43401015 2
43352064 64
43218000 77
43200000 425
43025920 7
43008000 342
42875000 1
42865200 476
42674688 131
42525000 106
42515280 33
42467328 22
42353640 3
42336000 1082
42147840 88
42017500 3
42007896 18
42000000 84
41990400 684
41943040 2
41803776 207
41674500 81
41489280 143
41472000 946
41334300 69
41287680 148
41160000 127
41150592 182
41006250 3
40960000 34
40841010 13
40824000 1141
40642560 675
40516875 1
40507614 9
40500000 89
40336800 21
40320000 837
40310784 80
40186125 1
40140800 64
40007520 305
40000000 16
39858075 1
39813120 320
39690000 305
39680928 59
39513600 417
39375000 7
39366000 190
39337984 1
39321600 48
39200000 76
39191040 900
38896200 75
38880000 792
38723328 11
38707200 945
38587500 16
38578680 123
38535168 10
38416000 33
38400000 158
38272500 58
38263752 3
38118276 1
38102400 1281
37933056 80
37815750 1
37800000 402
37791360 266
37748736 5
37647680 4
37632000 382
37507050 33
37500000 4
37340352 63
37324800 1033
37209375 1
37200870 8
37158912 89
37044000 367
36879360 46
36864000 372
36756909 1
36750000 26
36741600 728
36700160 8
36578304 257
36450000 109
36303120 23
36288000 1774
36126720 271
36015000 15
36006768 60
36000000 133
35840000 139
35831808 101
35721000 294
35562240 478
35437500 8
35429400 64
35389440 112
35294700 2
35280000 545
35271936 183
35123200 76
35006580 41
35000000 8
34992000 794
34836480 879
34728750 20
34720812 19
34574400 129
34560000 801
34445250 23
34420736 3
34406400 203
34300000 19
34292160 581
34034175 1
34020000 665
34012224 34
33882912 1
33868800 1174
33756345 5
33750000 12
33718272 14
33614000 7
33600000 284
33592320 493
33339600 343
33191424 55
33177600 716
33075000 86
33067440 215
33030144 25
32928000 244
32805000 77
32768000 26
32672808 9
32659200 1816
32514048 148
32413500 36
32400000 399
32269440 20
32256000 941
32148900 111
32112640 16
32006016 158
32000000 42
31893750 12
31886460 11
31850496 52
31765230 1
31752000 1168
31610880 245
31505922 7
31500000 78
31492800 450
31457280 14
31360000 151
31352832 300
31255875 3
31250000 1
31116960 144
31104000 1309
31000725 1
30965760 384
30870000 136
30862944 132
30732800 31
30720000 227
30625000 3
30618000 573
30481920 1012
30375000 22
30252600 20
30240000 1212
30233088 114
30105600 293
30012500 2
30005640 132
30000000 27
29859840 557
29767500 74
29760696 18
29647548 1
29635200 586
29531250 3
29524500 34
29503488 18
29491200 219
29412250 1
29400000 156
29393280 740
29360128 1
29172150 23
29160000 605
29042496 10
29030400 1838
28934010 20
28901376 53
28812000 73
28800000 412
28704375 2
28697814 1
28672000 131
28588707 1
28576800 890
28449792 133
28350000 203
28343520 125
28311552 17
28235760 2
28224000 991
28125000 3
28098560 33
28005264 41
28000000 46
27993600 1202
27869184 215
27783000 185
27659520 130
27648000 861
27562500 6
27556200 213
27525120 58
27440000 73
27433728 260
27337500 27
27227340 11
27216000 1800
27095040 624
27011250 9
27005076 16
27000000 140
26891200 16
26880000 502
26873856 166
26790750 37
26671680 481
26572050 9
26542080 288
26460000 488
26453952 133
26353376 1
26342400 271
26254935 1
26250000 8
26244000 414
26214400 14
26127360 1303
26040609 1
25930800 140
25920000 1035
25815552 6
25804800 719
25725000 16
25719120 350
25690112 1
25600000 81
25515000 239
25509168 12
25412184 7
25401600 1658
25312500 2
25288704 58
25210500 3
25200000 466
25194240 433
25165824 1
25088000 164
25004700 135
25000000 3
24893568 72
24883200 1268
24806250 8
24800580 33
24772608 76
24696000 390
24603750 11
24586240 26
24576000 194
24504606 5
24500000 25
24494400 1323
24385536 317
24310125 2
24300000 227
24202080 26
24192000 1866
24111675 8
24084480 128
24010000 17
24004512 106
24000000 109
23914845 1
23887872 113
23814000 636
23708160 476
23625000 34
23619600 173
23592960 74
23529800 1
23520000 398
23514624 294
23337720 91
23328000 1392
23224320 939
23152500 44
23147208 43
23049600 119
23040000 584
22963500 126
22937600 72
22861440 1102
22689450 12
22680000 1118
22674816 68
22588608 1
22579200 920
22504230 27
22500000 27
22478848 5
22400000 148
22394880 748
22325625 3
22320522 3
22226400 533
22143375 1
22127616 34
22118400 580
22050000 133
22044960 455
22020096 11
21952000 117
21875000 1
21870000 259
21781872 15
21772800 2432
21676032 148
21609000 57
21600000 505
21512960 9
21504000 574
21432600 385
21337344 220
21262500 49
21257640 33
21233664 55
21176820 3
21168000 1367
21073920 130
21003948 20
21000000 104
20995200 867
20971520 5
20901888 347
20837250 30
20744640 164
20736000 1578
20667150 36
20643840 249
20580000 112
20575296 205
20480000 75
20420505 2
20412000 1172
20321280 1201
20250000 56
20168400 23
20160000 1109
20155392 149
20070400 100
20003760 351
20000000 20
19906560 597
19845000 229
19840464 56
19756800 558
19687500 4
19683000 140
19668992 3
19660800 89
19600000 91
19595520 1337
19448100 51
19440000 971
19361664 15
19353600 1703
19293750 8
19289340 112
19267584 25
19208000 49
19200000 211
19136250 24
19131876 2
19059138 2
19051200 1499
18966528 129
18907875 2
18900000 380
18895680 271
18874368 12
18816000 628
18753525 7
18750000 2
18670176 57
18662400 1613
18600435 6
18579456 196
18522000 307
18439680 85
18432000 654
18375000 16
18370800 596
18350080 15
18289152 414
18225000 71
18151560 23
18144000 2420
18063360 422
18007500 9
18003384 50
18000000 159
17920000 173
17915904 183
17860500 205
17781120 621
17718750 4
17714700 43
17694720 230
17640000 615
17635968 269
17561600 94
17503290 14
17500000 6
17496000 910
17418240 1542
17364375 2
17360406 7
17287200 150
17280000 1110
17222625 6
17210368 4
17203200 367
17150000 21
17146080 686
17010000 558
17006112 38
16934400 1654
16875000 9
16859136 26
16807000 9
16800000 335
16796160 729
16669800 311
16595712 70
16588800 1243
16537500 35
16533720 165
16515072 34
16470860 1
16464000 296
16402500 38
16384000 40
16336404 4
16329600 2333
16257024 284
16206750 10
16200000 421
16134720 25
16128000 1514
16074450 55
16056320 44
16003008 204
16000000 44
15943230 3
15925248 110
15882615 1
15876000 1065
15805440 371
15752961 4
15750000 73
15746400 459
15728640 42
15680000 186
15676416 403
15625000 1
15558480 144
15552000 1781
15482880 786
15435000 109
15431472 124
15366400 52
15360000 336
15309000 388
15240960 1430
15187500 12
15126300 16
15120000 1348
15116544 137
15059072 2
15052800 545
15002820 100
15000000 37
14929920 903
14883750 25
14880348 11
14817600 725
14762250 10
14751744 16
14745600 387
14700000 131
14696640 988
14680064 3
14586075 10
14580000 517
14521248 18
14515200 2661
14467005 6
14450688 93
14406000 46
14400000 484
14348907 1
14336000 182
14288400 819
14224896 227
14175000 139
14171760 111
14155776 40
14117880 3
14112000 1234
14062500 1
14049280 41
14002632 43
14000000 53
13996800 1454
13934592 371
13891500 125
13829760 158
13824000 1466
13781250 1
13778100 130
13762560 126
13720000 71
13716864 350
13668750 6
13613670 7
13608000 1985
13547520 1027
13502538 13
13500000 105
13445600 8
13440000 686
13436928 209
13395375 7
13335840 500
13286025 1
13271040 500
13230000 413
13226976 128
13171200 343
13125000 7
13122000 361
13107200 22
13063680 1885
12965400 120
12960000 1237
12907776 10
12902400 1136
12862500 10
12859560 301
12845056 10
12800000 86
12757500 110
12754584 13
12706092 2
12700800 2027
12656250 1
12644352 77
12600000 431
12597120 513
12582912 4
12544000 210
12502350 51
12500000 1
12446784 85
12441600 1843
12403125 3
12400290 23
12386304 157
12348000 387
12301875 2
12293120 24
12288000 307
12250000 17
12247200 1354
12192768 479
12150000 185
12101040 28
12096000 2435
12042240 235
12005000 11
12002256 137
12000000 114
11943936 191
11907000 482
11854080 633
11812500 21
11809800 131
11796480 122
11764900 1
11760000 446
11757312 414
11668860 53
11664000 1542
11612160 1543
11576250 14
11573604 26
11524800 118
11520000 811
11481750 54
11468800 111
11430720 1206
11340000 969
11337408 69
11294304 1
11289600 1267
11252115 9
11250000 21
11239424 8
11200000 135
11197440 1026
11113200 517
11063808 62
11059200 995
11025000 85
11022480 430
11010048 17
10976000 138
10935000 131
10890936 14
10886400 3208
10838016 250
10804500 33
10800000 528
10756480 10
10752000 813
10716300 228
10668672 263
10631250 16
10628820 16
10616832 84
10588410 1
10584000 1405
10536960 207
10501974 7
10500000 103
10497600 860
10485760 7
10450944 533
10418625 9
10372320 192
10368000 2005
10333575 8
10321920 498
10290000 120
10287648 241
10240000 136
10206000 933
10160640 1549
10125000 32
10084200 22
10080000 1289
10077696 217
10035200 164
10001880 225
10000000 21
9953280 1022
9922500 122
9920232 38
9882516 1
9878400 630
9841500 75
9834496 9
9830400 178
9800000 96
9797760 1510
9724050 35
9720000 897
9680832 24
9676800 2411
9646875 2
9644670 42
9633792 51
9604000 38
9600000 280
9568125 5
9565938 4
9525600 1513
9483264 219
9450000 269
9447840 256
9437184 15
9411920 3
9408000 718
9335088 73
9331200 2106
9289728 301
9261000 206
9219840 100
9216000 980
9187500 10
9185400 429
9175040 41
9144576 568
9112500 35
9075780 15
9072000 2678
9031680 732
9003750 6
9001692 46
9000000 128
8960000 255
8957952 297
8930250 57
8890560 696
8859375 1
8857350 12
8847360 399
8823675 1
8820000 507
8817984 312
8780800 106
8750000 5
8748000 779
8709120 2184
8680203 1
8643600 118
8640000 1271
8605184 4
8601600 526
8575000 16
8573040 582
8505000 372
8503056 27
8470728 1
8467200 1995
8437500 2
8429568 36
8403500 5
8400000 322
8398080 957
8388608 3
8334900 172
8297856 88
8294400 1834
8268750 10
8266860 90
8257536 95
8232000 305
8201250 13
8192000 76
8168202 11
8164800 2299
8128512 450
8103375 1
8100000 350
8067360 21
8064000 1911
8037225 12
8028160 85
8001504 196
8000000 55
7962624 230
7938000 877
7902720 517
7875000 30
7873200 375
7864320 53
7840000 207
7838208 701
7779240 96
7776000 2080
7741440 1263
7717500 61
7715736 97
7683200 55
7680000 469
7654500 238
7620480 1696
7593750 4
7563150 8
7560000 1301
7558272 160
7529536 2
7526400 689
7503125 1
7501410 53
7500000 15
7464960 1320
7441875 9
7440174 10
7408800 679
7381125 2
7375872 32
7372800 626
7350000 84
7348320 892
7340032 10
7290000 421
7260624 14
7257600 3464
7225344 136
7203000 46
7200000 481
7168000 280
7144200 607
7112448 329
7087500 65
7085880 62
7077888 54
7058940 2
7056000 1264
7024640 70
7001316 32
7000000 50
6998400 1574
6967296 570
6945750 49
6914880 153
6912000 1847
6890625 1
6889050 64
6881280 248
6860000 67
6858432 397
6834375 1
6804000 1765
6773760 1443
6751269 3
6750000 71
6722800 6
6720000 800
6718464 335
6667920 435
6635520 905
6615000 237
6613488 132
6585600 424
6561000 233
6553600 32
6531840 2278
6482700 66
6480000 1262
6453888 12
6451200 1690
6431250 6
6429780 173
6422528 13
6400000 113
6378750 32
6377292 9
6350400 1948
6322176 142
6300000 339
6298560 548
6291456 8
6272000 298
6251175 13
6250000 2
6223392 88
6220800 2483
6200145 3
6193152 257
6174000 290
6146560 38
6144000 436
6125000 6
6123600 1078
6096384 581
6075000 106
6050520 22
6048000 2796
6021120 303
6002500 6
6001128 87
6000000 114
5971968 340
5953500 245
5927040 767
5906250 3
5904900 64
5898240 233
5882450 2
5880000 391
5878656 469
5834430 26
5832000 1454
5806080 2153
5786802 13
5762400 129
5760000 1033
5740875 8
5734400 145
5715360 1151
5670000 723
5668704 78
5647152 3
5644800 1615
5625000 10
5619712 15
5600000 150
5598720 1372
5556600 376
5531904 65
5529600 1481
5512500 45
5511240 278
5505024 21
5488000 142
5467500 86
5445468 6
5443200 3268
5419008 343
5402250 11
5400000 479
5378240 14
5376000 1051
5358150 92
5334336 295
5315625 4
5314410 6
5308416 154
5292000 1187
5268480 285
5250987 1
5250000 35
5248800 781
5242880 12
5225472 788
5186160 175
5184000 2397
5160960 754
5145000 66
5143824 181
5120000 145
5103000 581
5080320 1850
5062500 15
5042100 3
5040000 1200
5038848 251
5017600 221
5000940 148
5000000 17
4976640 1438
4961250 40
4960116 22
4939200 651
4920750 26
4917248 12
4915200 277
4900000 77
4898880 1587
4862025 8
4860000 747
4840416 16
4838400 3078
4822335 9
4816896 61
4802000 25
4800000 343
4762800 1199
4741632 273
4725000 172
4723920 222
4718592 29
4705960 2
4704000 822
4667544 52
4665600 2330
4644864 529
4630500 141
4609920 108
4608000 1253
4592700 219
4587520 59
4572288 625
4556250 10
4537890 12
4536000 2471
4515840 939
4500846 25
4500000 92
4480000 307
4478976 406
4465125 12
4445280 641
4428675 4
4423680 608
4410000 350
4408992 277
4390400 137
4375000 4
4374000 557
4354560 2589
4321800 83
4320000 1369
4302592 6
4300800 759
4287500 11
4286520 415
4252500 172
4251528 14
4235364 1
4233600 2148
4214784 64
4200000 272
4199040 959
4194304 3
4167450 66
4148928 92
4147200 2349
4134375 3
4133430 37
4128768 155
4116000 257
4096000 128
4084101 1
4082400 2077
4064256 658
4050000 249
4033680 23
4032000 2182
4014080 99
4000752 172
4000000 49
3981312 342
3969000 609
3951360 563
3937500 12
3936600 247
3932160 92
3920000 180
3919104 731
3889620 66
3888000 2082
3870720 1789
3858750 20
3857868 43
3841600 45
3840000 560
3827250 69
3810240 1595
3781575 1
3780000 991
3779136 168
3764768 1
3763200 830
3750705 15
3750000 10
3732480 1738
3704400 566
3687936 39
3686400 897
3675000 43
3674160 743
3670016 7
3645000 210
3630312 13
3628800 3752
3612672 194
3601500 23
3600000 476
3584000 322
3572100 303
3556224 295
3543750 19
3542940 32
3538944 131
3529470 1
3528000 1155
3512320 73
3500658 22
3500000 31
3499200 1449
3483648 824
3472875 4
3457440 152
3456000 2163
3444525 10
3440640 328
3430000 41
3429216 345
3402000 1171
3386880 1718
3375000 31
3361400 3
3360000 737
3359232 381
3333960 298
3317760 1293
3307500 131
3306744 75
3292800 402
3281250 1
3280500 96
3276800 59
3265920 2407
3241350 25
3240000 1060
3226944 7
3225600 2056
3214890 83
3211264 19
3200000 118
3189375 4
3188646 3
3176523 1
3175200 1702
3161088 173
3150000 204
3149280 488
3145728 22
3136000 288
3125000 3
3111696 67
3110400 2799
3096576 406
3087000 203
3073280 40
3072000 578
3062500 2
3061800 655
3048192 694
3037500 49
3025260 12
3024000 2632
3010560 421
3001250 2
3000564 45
3000000 93
2985984 506
2976750 87
2963520 660
2952450 18
2949120 367
2940000 312
2939328 444
2917215 9
2916000 1128
2903040 2635
2893401 4
2881200 75
2880000 1043
2867200 194
2857680 861
2835000 404
2834352 52
2823576 1
2822400 1710
2812500 1
2809856 20
2800000 134
2799360 1499
2778300 155
2765952 69
2764800 2001
2756250 10
2755620 150
2752512 66
2744000 107
2733750 31
2722734 5
2721600 2919
2709504 489
2701125 3
2700000 330
2689120 5
2688000 1219
2679075 19
2667168 247
2657205 2
2654208 248
2646000 817
2634240 305
2625000 36
2624400 543
2621440 22
2612736 934
2593080 96
2592000 2479
2580480 1036
2572500 26
2571912 158
2560000 178
2551500 288
2540160 1940
2531250 2
2521050 7
2520000 1058
2519424 278
2508800 267
2500470 60
2500000 8
2488320 1733
2480625 7
2480058 9
2469600 540
2460375 4
2458624 18
2457600 360
2450000 46
2449440 1370
2430000 477
2420208 17
2419200 3403
2408448 93
2401000 15
2400000 277
2381400 739
2370816 291
2362500 56
2361960 141
2359296 60
2352000 779
2343750 1
2333772 32
2332800 2183
2322432 744
2315250 35
2304960 80
2304000 1390
2296350 79
2293760 90
2286144 592
2278125 1
2268945 4
2268000 1876
2257920 1097
2250423 4
2250000 62
2240000 273
2239488 524
2222640 467
2211840 904
2205000 199
2204496 191
2195200 120
2187500 1
2187000 343
2177280 2755
2160900 55
2160000 1249
2151296 4
2150400 1014
2143750 2
2143260 232
2126250 42
2125764 9
2117682 1
2116800 1850
2107392 82
2100000 202
2099520 894
2097152 2
2083725 18
2074464 81
2073600 2714
2066715 6
2064384 243
2058000 155
2048000 158
2041200 1338
2032128 761
2025000 118
2016840 15
2016000 2162
2007040 152
2000376 111
2000000 38
1990656 448
1984500 251
1975680 562
1968750 1
1968300 86
1966080 117
1960000 155
1959552 730
1944810 22
1944000 1705
1935360 2101
1928934 21
1920800 44
1920000 564
1913625 12
1905120 1402
1890000 671
1889568 122
1882384 1
1881600 869
1875000 8
1866240 1917
1852200 327
1843968 46
1843200 1085
1837500 25
1837080 387
1835008 22
1822500 115
1815156 9
1814400 3485
1806336 275
1800750 10
1800000 383
1792000 374
1786050 123
1778112 301
1771470 8
1769472 188
1764000 887
1756160 97
1750329 3
1750000 23
1749600 1107
1741824 968
1728720 93
1728000 2186
1720320 437
1715000 15
1714608 291
1701000 765
1693440 1686
1687500 14
1680700 3
1680000 679
1679616 405
1666980 149
1658880 1533
1653750 44
1653372 51
1646400 360
1640250 33
1638400 101
1632960 2075
1620675 5
1620000 753
1613472 13
1612800 2313
1607445 8
1605632 22
1600000 115
1594323 2
1587600 1180
1580544 211
1575000 120
1574640 342
1572864 18
1568000 312
1555848 48
1555200 2725
1548288 514
1543500 94
1536640 44
1536000 709
1531250 2
1530900 324
1524096 704
1518750 9
1512630 7
1512000 2129
1505280 549
1500625 1
1500282 19
1500000 42
1492992 605
1488375 23
1481760 574
1476225 4
1474560 482
1470000 197
1469664 416
1458000 737
1451520 2843
1440600 36
1440000 956
1433600 247
1428840 548
1417500 171
1417176 34
1411788 1
1411200 1586
1404928 30
1400000 99
1399680 1371
1389150 57
1382976 64
1382400 2236
1378125 1
1377810 46
1376256 85
1372000 79
1366875 2
1360800 2214
1354752 622
1350000 201
1344560 6
1344000 1189
1333584 188
1327104 373
1323000 474
1317120 283
1312500 9
1312200 327
1310720 30
1306368 965
1296540 56
1296000 2198
1290240 1310
1286250 14
1285956 76
1280000 213
1275750 78
1270080 1747
1265625 1
1260525 1
1260000 719
1259712 228
1254400 287
1250235 23
1250000 5
1244160 1997
1240029 2
1234800 357
1229312 17
1228800 464
1225000 17
1224720 868
1215000 255
1210104 7
1209600 3287
1204224 138
1200500 6
1200000 255
1190700 308
1185408 263
1181250 18
1180980 63
1179648 79
1176490 1
1176000 568
1166886 13
1166400 1812
1161216 849
1157625 5
1152480 92
1152000 1565
1148175 7
1146880 103
1143072 422
1134000 1144
1128960 1245
1125000 23
1120000 243
1119744 550
1111320 282
1105920 1131
1102500 74
1102248 142
1097600 137
1093500 152
1088640 2613
1080450 21
1080000 882
1075648 3
1075200 1042
1071630 96
1063125 6
1062882 2
1058400 1334
1053696 86
1050000 127
1049760 695
1048576 6
1037232 63
1036800 2852
1032192 286
1029000 125
1024000 189
1020600 742
1016064 751
1012500 45
1008420 5
1008000 1893
1003520 148
1000188 71
1000000 20
995328 566
992250 85
987840 489
984375 1
984150 41
983040 191
980000 92
979776 650
972405 9
972000 1245
967680 2274
964467 3
960400 23
960000 546
952560 907
945000 323
944784 95
940800 824
933120 1856
926100 168
921984 32
921600 1357
918750 7
918540 214
917504 19
911250 21
907578 4
907200 2830
903168 355
900375 1
900000 200
896000 366
893025 18
889056 243
885735 1
884736 239
882000 589
878080 91
875000 8
874800 688
870912 1024
864360 56
864000 2002
860160 562
857500 14
857304 164
850500 295
846720 1544
843750 4
840350 1
840000 483
839808 379
833490 63
829440 1865
826875 6
826686 17
823200 260
820125 2
819200 136
816480 1552
810000 476
806736 8
806400 2242
802816 38
800000 98
793800 639
790272 208
787500 43
787320 187
786432 24
784000 241
777924 20
777600 2332
774144 631
771750 28
768320 38
768000 704
765450 112
762048 601
759375 2
756000 1497
752640 555
750141 5
750000 27
746496 658
740880 395
737280 602
735000 101
734832 255
729000 386
725760 2708
720300 26
720000 811
716800 296
714420 231
708750 61
708588 18
705600 1245
702464 33
700000 62
699840 1197
694575 10
691488 45
691200 2417
688905 11
688128 93
686000 47
680400 1382
677376 594
675000 89
672280 2
672000 1059
666792 101
663552 436
661500 218
658560 282
656250 2
656100 129
655360 38
653184 869
648270 18
648000 1526
645120 1448
643125 1
642978 32
640000 173
637875 11
635040 1138
630000 449
629856 182
627200 258
625000 1
622080 2021
617400 202
614656 14
614400 547
612500 7
612360 505
607500 102
605052 5
604800 2725
602112 141
600000 166
595350 109
592704 246
590625 4
590490 20
589824 114
588000 378
583443 2
583200 1293
580608 914
576240 57
576000 1418
573440 150
571536 302
567000 662
564480 1130
562500 8
560000 219
559872 534
555660 140
552960 1368
551250 20
551124 65
548800 92
546750 44
544320 2062
540225 2
540000 591
537824 4
537600 1078
535815 16
529200 872
526848 97
525000 40
524880 450
524288 7
518616 38
518400 2561
516096 335
514500 55
512000 207
510300 309
508032 627
506250 11
504000 1369
501760 173
500094 24
500000 20
497664 639
496125 15
493920 353
492075 8
491520 255
490000 55
489888 485
486000 708
483840 2323
480200 12
480000 463
476280 512
472500 119
472392 46
470400 715
466560 1583
463050 51
460992 26
460800 1384
459375 1
459270 60
458752 18
455625 8
453600 1936
451584 372
450000 145
448000 330
444528 174
442368 303
441000 287
439040 92
437500 2
437400 357
435456 956
432180 24
432000 1588
430080 559
428750 2
428652 83
425250 79
423360 1216
420000 329
419904 309
416745 14
414720 1807
413343 3
411600 144
409600 128
408240 973
405000 218
403200 2034
401408 47
400000 83
396900 268
395136 168
393750 13
393660 63
393216 49
392000 182
388962 11
388800 1726
387072 621
385875 3
384160 16
384000 686
382725 12
381024 430
378000 893
376320 560
375000 13
373248 634
370440 198
368640 739
367500 27
367416 156
364500 128
362880 2312
360150 12
360000 571
358400 298
357210 77
354375 8
354294 5
352800 828
351232 24
350000 34
349920 713
345744 32
345600 2133
344064 155
343000 25
340200 685
338688 529
337500 33
336140 1
336000 785
333396 52
331776 502
330750 63
329280 201
328125 1
328050 44
327680 36
326592 666
324135 4
324000 991
322560 1394
321489 2
320000 146
317520 733
315000 186
314928 119
313600 216
312500 2
311040 1759
308700 84
307328 4
307200 571
306250 3
306180 204
303750 22
302400 2015
301056 167
300000 104
297675 14
296352 164
295245 5
294912 143
294000 227
291600 750
290304 872
288120 27
288000 1173
286720 150
285768 164
283500 259
282240 864
281250 2
280000 134
279936 463
277830 40
276480 1340
275625 3
275562 13
274400 66
273375 6
272160 1444
270000 326
268912 2
268800 991
264600 434
263424 80
262500 12
262440 210
262144 12
259308 13
259200 1903
258048 386
257250 13
256000 199
255150 123
254016 510
252000 838
250880 136
250047 4
250000 10
248832 668
246960 197
245760 273
245000 30
244944 278
243000 324
241920 1917
240100 5
240000 300
238140 215
236250 28
236196 17
235200 527
233280 1104
231525 7
230496 21
230400 1378
229635 6
229376 42
226800 1090
225792 361
225000 55
224000 259
222264 96
221184 342
220500 120
219520 81
218700 153
217728 812
216090 11
216000 1083
215040 564
214375 1
214326 24
212625 11
211680 769
210000 169
209952 194
207360 1651
205800 92
204800 125
204120 473
202500 65
201684 2
201600 1595
200704 41
200000 48
198450 81
197568 122
196875 3
196830 23
196608 33
196000 95
194481 2
194400 1126
193536 671
192080 15
192000 588
190512 261
189000 378
188160 434
187500 1
186624 554
185220 79
184320 784
183750 11
183708 60
182250 36
181440 1656
180075 3
180000 306
179200 249
178605 8
176400 520
175616 24
175000 21
174960 472
172872 20
172800 1629
172032 130
171500 16
170100 293
169344 443
168750 2
168070 1
168000 555
166698 19
165888 535
165375 9
164640 109
164025 5
163840 52
163296 523
162000 549
161280 1198
160000 107
158760 349
157500 62
157464 55
156800 151
156250 1
155520 1385
154350 33
153664 11
153600 619
153090 52
151875 2
151200 1297
150528 143
150000 46
148176 108
147456 158
147000 119
145800 382
145152 754
144060 9
144000 889
143360 132
142884 75
141750 64
141120 620
140625 1
140000 74
139968 349
138915 5
138240 1316
137781 2
137200 49
136080 797
135000 134
134456 2
134400 843
132300 179
131712 65
131250 3
131220 88
131072 10
129654 9
129600 1410
129024 340
128625 2
128000 198
127575 9
127008 350
126000 445
125440 130
125000 3
124416 579
123480 98
122880 282
122500 7
122472 167
121500 131
120960 1504
120050 1
120000 237
119070 65
118125 6
118098 7
117600 325
116640 803
115248 15
115200 1126
114688 18
113400 540
112896 282
112500 21
112000 200
111132 29
110592 328
110250 30
109760 42
109350 44
108864 611
108000 689
107520 531
107163 6
105840 470
105000 75
104976 126
103680 1328
102900 41
102400 112
102060 193
101250 12
100800 1041
100352 30
100000 27
99225 8
98784 71
98415 2
98304 54
98000 60
97200 595
96768 575
96040 8
96000 443
95256 144
94500 137
94080 339
93312 434
92610 34
92160 663
91875 2
91854 17
91125 2
90720 992
90000 165
89600 215
88200 196
87808 16
87500 10
87480 195
86436 5
86400 1274
86016 126
85750 2
85050 77
84672 317
84375 1
84000 328
83349 4
82944 467
82320 79
81920 73
81648 274
81000 195
80640 967
80000 91
79380 144
78750 15
78732 25
78400 106
77760 920
77175 2
76832 4
76800 507
76545 8
75600 695
75264 122
75000 19
74088 49
73728 174
73500 45
72900 124
72576 563
72030 3
72000 566
71680 131
71442 30
70875 10
70560 431
70000 46
69984 197
69120 1096
68600 20
68040 358
67500 38
67228 2
67200 572
66150 46
65856 39
65610 26
65536 15
64827 2
64800 789
64512 349
64000 141
63504 188
63000 203
62720 98
62500 1
62208 470
61740 42
61440 261
61250 2
61236 39
60750 26
60480 1022
60000 113
59535 16
58800 166
58320 370
57624 5
57600 780
57344 34
56700 180
56448 201
56250 4
56000 121
55566 9
55296 312
55125 4
54880 37
54675 4
54432 345
54000 324
53760 448
52920 211
52500 21
52488 56
51840 945
51450 3
51200 109
51030 40
50625 4
50400 625
50176 31
50000 13
49392 43
49152 48
49000 27
48600 255
48384 437
48020 2
48000 313
47628 57
47250 41
47040 225
46656 270
46305 5
46080 660
45927 1
45360 564
45000 69
44800 152
44100 83
43904 12
43740 60
43218 4
43200 726
43008 124
42525 13
42336 190
42000 161
41472 391
41160 40
40960 58
40824 110
40500 83
40320 754
40000 52
39690 43
39375 2
39366 4
39200 57
38880 550
38416 2
38400 392
37800 306
37632 95
37500 7
37044 20
36864 167
36750 9
36450 27
36288 360
36000 297
35840 108
35721 2
35280 204
35000 17
34992 106
34560 798
34300 10
34020 140
33750 9
33600 316
33075 13
32928 33
32805 4
32768 9
32400 368
32256 292
32000 97
31752 93
31500 63
31360 61
31104 377
30870 10
30720 270
30618 16
30375 2
30240 568
30000 69
29400 66
29160 182
28812 4
28800 529
28672 32
28350 52
28224 154
28000 59
27783 2
27648 254
27440 19
27216 180
27000 115
26880 329
26460 74
26250 6
26244 18
25920 664
25725 2
25600 95
25515 12
25200 298
25088 27
25000 5
24696 21
24576 65
24500 7
24300 85
24192 317
24010 1
24000 199
23814 17
23625 4
23520 124
23328 161
23040 436
22680 261
22500 18
22400 113
22050 23
21952 10
21870 13
21609 1
21600 429
21504 105
21168 112
21000 61
20736 295
20580 9
20480 52
20412 44
20250 16
20160 419
20000 21
19845 6
19683 1
19600 22
19440 283
19208 2
19200 267
18900 109
18816 69
18750 3
18522 6
18432 141
18225 5
18144 230
18000 154
17920 78
17640 99
17500 4
17496 57
17280 511
17010 27
16800 183
16464 23
16384 15
16200 158
16128 213
16000 46
15876 25
15750 8
15680 36
15552 204
15435 1
15360 208
15309 2
15120 298
15000 20
14700 25
14580 63
14406 1
14400 345
14336 15
14175 4
14112 81
14000 41
13824 195
13720 4
13608 82
13500 47
13440 188
13230 23
13122 13
12960 322
12800 59
12600 139
12544 15
12500 1
12348 7
12288 51
12250 2
12150 24
12096 191
12000 113
11907 2
11760 65
11664 63
11520 335
11340 90
11250 5
11200 52
11025 3
10976 5
10935 4
10800 200
10752 68
10584 40
10500 16
10368 178
10290 6
10240 43
10206 14
10125 3
10080 241
10000 11
9800 16
9720 118
9604 1
9600 177
9450 20
9408 28
9261 1
9216 106
9072 117
9000 53
8960 69
8820 23
8750 1
8748 10
8640 300
8505 4
8400 77
8232 6
8192 15
8100 59
8064 141
8000 32
7938 8
7875 3
7840 22
7776 119
7680 150
7560 100
7500 5
7350 4
7290 14
7200 184
7168 12
7056 56
7000 12
6912 125
6860 4
6804 33
6750 8
6720 117
6561 1
6480 136
6400 48
6300 34
6272 5
6174 4
6144 36
6075 2
6048 124
6000 28
5880 25
5832 37
5760 190
5670 23
5600 23
5400 99
5376 58
5292 21
5250 5
5184 122
5120 28
5103 1
5040 114
5000 2
4900 3
4860 32
4800 85
4704 24
4608 91
4536 42
4500 9
4480 29
4410 8
4375 1
4374 2
4320 160
4200 34
4116 2
4096 9
4050 11
4032 75
4000 11
3920 7
3888 53
3840 89
3780 45
3645 1
3600 63
3584 10
3528 16
3500 2
3456 85
3402 10
3375 1
3360 67
3240 60
3200 28
3150 12
3136 3
3072 28
3024 52
3000 8
2940 8
2916 8
2880 110
2835 6
2800 10
2744 1
2700 29
2688 47
2646 2
2592 63
2560 24
2520 43
2500 1
2430 6
2400 40
2352 13
2304 47
2268 13
2250 1
2240 21
2205 3
2160 71
2100 16
2048 4
2025 1
2016 42
2000 5
1944 13
1920 55
1890 8
1800 30
1792 8
1764 4
1728 54
1680 32
1620 18
1600 7
1575 2
1568 4
1536 21
1512 18
1500 2
1458 2
1440 56
1400 12
1350 4
1344 15
1296 34
1280 15
1260 10
1215 2
1200 23
1176 3
1152 31
1134 6
1120 9
1080 26
1050 3
1024 4
1008 13
1000 4
972 8
960 20
945 2
900 10
896 6
864 25
840 4
810 3
800 11
784 2
768 17
756 4
750 2
720 23
700 1
672 6
648 8
640 4
630 5
600 3
588 1
576 18
567 2
560 5
540 10
512 2
504 5
480 16
450 4
448 3
432 14
420 2
400 4
384 8
378 1
360 8
336 3
324 1
320 2
300 2
288 8
270 1
256 2
240 4
225 1
216 3
210 1
200 1
196 3
192 7
180 4
160 3
150 1
144 3
128 3
120 1
112 1
105 1
100 1
96 2
90 1
80 1
72 1
64 1
50 1
48 2
36 1
24 1
