4665600000 1
4147200000 1
4082400000 1
4032000000 1
3888000000 1
3779136000 1
3359232000 2
3317760000 2
3265920000 2
3110400000 1
3061800000 1
2985984000 1
2952450000 1
2939328000 1
2903040000 1
2880000000 1
2835000000 1
2799360000 4
2778300000 1
2612736000 2
2580480000 2
2520000000 1
2519424000 2
2500470000 2
2488320000 4
2449440000 1
2419200000 3
2381400000 1
2361960000 3
2343654810 1
2304000000 1
2286144000 4
2268000000 2
2267481600 1
2250423000 1
2239488000 1
2232052200 1
2211840000 1
2204496000 2
2177280000 3
2160000000 3
2116800000 1
2116316160 1
2099520000 4
2090188800 1
2073600000 3
2057529600 4
2048000000 1
2041200000 3
2032128000 6
2016000000 3
2015539200 1
2007040000 1
2000376000 3
1990656000 2
1984046400 1
1959552000 5
1944810000 1
1935360000 3
1928934000 4
1920000000 3
1913187600 1
1905120000 8
1889568000 5
1866240000 1
1857945600 1
1852200000 1
1851776640 1
1843200000 2
1837080000 4
1835008000 1
1828915200 4
1814400000 9
1806336000 2
1792000000 2
1791590400 1
1786050000 1
1778112000 2
1763596800 3
1756160000 1
1750329000 1
1749600000 2
1741824000 6
1736040600 1
1728000000 5
1720320000 1
1714608000 3
1701000000 1
1700611200 1
1698693120 1
1693440000 2
1680000000 1
1679616000 9
1672151040 2
1666980000 1
1658880000 2
1653372000 5
1646023680 1
1632960000 17
1620000000 1
1612800000 6
1612431360 1
1607445000 1
1600300800 2
1594323000 1
1592524800 1
1587600000 6
1587237120 2
1580544000 4
1575296100 1
1575000000 1
1574640000 3
1567641600 5
1555848000 1
1555200000 7
1548288000 1
1543147200 3
1530900000 2
1524096000 7
1511654400 5
1505280000 3
1500282000 3
1492992000 6
1488034800 3
1481760000 2
1474560000 3
1469664000 8
1463132160 2
1458274104 1
1458000000 1
1451520000 12
1446700500 2
1445068800 1
1440270720 1
1440000000 1
1433600000 2
1428840000 4
1417500000 1
1417176000 8
1411200000 7
1410877440 1
1400263200 1
1399680000 9
1393459200 7
1388832480 5
1382976000 1
1382400000 6
1377810000 3
1371686400 5
1360800000 11
1354752000 3
1350253800 1
1350000000 1
1344560000 1
1344000000 3
1343692800 4
1333584000 6
1327104000 5
1323000000 1
1322697600 7
1317120000 1
1312200000 2
1306368000 24
1300561920 2
1296000000 4
1290240000 7
1285956000 6
1280240640 4
1275458400 1
1270080000 14
1260236880 1
1260000000 5
1259712000 10
1254400000 3
1254113280 1
1250235000 1
1244678400 1
1244160000 22
1240029000 5
1238630400 2
1234800000 2
1234517760 6
1228800000 4
1225230300 1
1224720000 20
1219276800 8
1215228420 1
1210104000 1
1209600000 11
1209323520 1
1204224000 1
1200500000 1
1200225600 9
1194393600 1
1190700000 5
1190427840 5
1185408000 4
1180980000 6
1179648000 1
1176000000 3
1175731200 15
1170505728 1
1166886000 3
1166400000 7
1161216000 11
1157360400 8
1156055040 1
1152000000 2
1148175000 1
1146880000 2
1146617856 1
1143072000 18
1134000000 11
1133740800 5
1128960000 7
1125211500 2
1119744000 10
1111320000 11
1111065984 1
1106380800 1
1105920000 4
1102500000 1
1102248000 11
1097600000 1
1097349120 5
1093500000 3
1089093600 1
1088640000 20
1083801600 3
1080203040 1
1080000000 2
1075648000 1
1075200000 8
1074954240 2
1071630000 4
1066867200 8
1061683200 3
1058400000 8
1058158080 5
1053696000 1
1050197400 1
1049760000 13
1045094400 18
1041624360 2
1037232000 6
1036800000 18
1032192000 4
1028764800 16
1024000000 2
1020600000 12
1016064000 31
1012690350 1
1008000000 9
1007769600 8
1003520000 3
1000188000 7
995328000 12
992250000 3
992023200 7
987840000 8
987614208 1
984150000 2
983449600 1
983040000 1
980184240 1
979776000 36
975421440 3
972182736 1
972000000 6
968083200 1
967680000 17
964467000 3
963379200 2
960400000 1
960180480 4
960000000 3
955514880 1
952560000 34
952342272 2
948326400 6
945000000 2
944784000 6
943718400 2
940584960 7
933508800 2
933120000 17
928972800 11
926100000 6
925888320 4
921984000 1
921600000 6
918540000 16
918330048 1
914457600 23
911250000 1
907200000 31
906992640 2
903168000 11
900169200 6
900000000 1
896168448 1
896000000 3
895795200 15
893025000 4
892820880 4
889056000 19
885735000 2
884736000 4
882000000 5
881798400 22
878080000 3
877879296 1
875164500 2
874800000 21
870912000 47
868020300 2
867041280 1
864360000 4
864162432 1
864000000 12
860518400 1
860160000 2
859963392 1
857304000 31
853493760 7
850659894 1
850500000 7
850305600 3
849346560 2
846720000 20
840157920 5
840000000 6
839808000 32
836075520 4
833490000 9
829785600 3
829440000 24
826686000 8
825753600 1
823200000 6
823011840 12
819200000 2
816480000 54
812851200 21
810152280 3
810000000 4
806400000 21
806215680 5
803722500 5
802816000 3
800150400 17
796262400 11
793800000 23
793618560 9
790272000 12
787320000 20
784147392 1
783820800 32
780337152 1
777924000 9
777600000 32
774144000 32
771573600 13
768320000 3
768144384 1
768000000 3
765450000 9
765275040 3
762365520 1
762048000 50
758661120 4
756315000 1
756142128 1
756000000 12
755827200 9
752640000 11
752467968 1
750141000 6
746807040 2
746496000 27
744017400 4
743178240 1
740880000 19
740710656 2
738112500 1
737587200 4
737280000 8
735138180 1
734832000 41
731566080 12
729000000 8
726062400 1
725760000 71
725594112 1
722534400 3
720300000 2
720135360 7
720000000 5
716800000 7
716636160 4
714420000 16
714256704 1
711244800 20
708588000 9
708083712 1
707788800 1
705600000 19
705438720 20
702464000 1
700131600 5
700000000 1
699840000 27
697019904 1
696729600 32
694575000 3
694416240 2
693633024 1
691488000 7
691200000 26
688905000 3
688128000 2
685843200 49
682795008 1
680683500 1
680400000 44
680244480 7
679477248 1
677376000 34
675126900 5
675000000 1
672000000 12
671846400 24
666792000 25
663828480 2
663552000 18
661624362 2
661500000 4
661348800 30
658560000 9
658409472 4
656100000 5
655360000 1
653456160 3
653184000 72
650280960 5
648270000 3
648121824 1
648000000 22
645120000 28
644972544 1
642978000 21
642252800 1
640120320 10
640000000 4
637875000 3
637729200 5
637009920 2
635304600 2
635040000 46
634894848 4
632217600 4
630118440 1
630000000 4
629856000 32
627200000 4
627056640 16
625117500 2
622339200 15
622080000 49
620014500 4
619315200 18
617400000 9
617258880 26
616562688 1
614400000 5
612615150 1
612360000 52
612220032 1
609638400 48
607614210 2
607500000 6
605052000 1
604800000 46
604661760 15
602112000 6
600112800 17
600000000 3
597196800 18
595350000 14
595213920 6
592704000 28
590490000 6
590069760 1
589824000 2
588000000 11
587865600 76
587202560 1
585252864 5
583443000 4
583200000 37
580849920 4
580608000 81
578680200 6
578027520 5
576240000 3
576108288 2
576000000 10
574087500 1
573440000 4
573308928 1
571774140 1
571536000 87
568995840 6
567106596 2
567000000 15
566870400 16
566231040 2
564480000 51
564350976 3
562605750 2
561971200 3
560105280 6
560000000 3
559872000 65
558013050 1
557383680 14
555660000 28
555532992 5
553190400 14
552960000 33
551250000 2
551124000 37
550731776 1
548800000 4
548674560 33
546750000 1
544546800 3
544320000 112
544195584 3
541900800 23
540225000 1
540101520 6
540000000 5
537824000 2
537600000 19
537477120 17
535815000 17
533433600 41
531441000 3
530841600 13
529200000 33
529079040 38
526848000 13
525098700 4
524880000 36
522547200 80
520812180 1
518616000 12
518400000 54
516678750 1
516311040 2
516096000 30
514500000 3
514382400 67
512096256 6
512000000 9
510300000 26
510183360 7
509607936 1
508243680 1
508032000 111
506250000 2
505774080 3
504210000 1
504094752 2
504000000 35
503884800 30
501760000 11
501645312 5
500094000 22
497871360 3
497664000 63
496125000 2
496011600 11
495452160 9
493920000 37
493807104 13
492075000 1
491724800 2
491520000 12
490000000 3
489888000 142
487710720 24
486202500 3
486091368 1
486000000 18
484041600 5
483840000 86
483729408 1
482233500 14
481689600 6
480090240 29
480000000 2
478296900 1
477757440 9
476478450 1
476280000 97
476171136 2
474163200 33
472500000 4
472392000 26
471859200 5
470400000 20
470292480 44
466754400 11
466560000 88
464486400 52
463050000 10
462944160 19
460992000 9
460800000 21
459270000 26
459165024 1
458752000 5
457228800 126
455196672 3
453789000 2
453600000 81
453496320 16
451584000 61
450084600 16
450000000 3
449576960 1
448084224 2
448000000 8
447897600 49
446512500 2
446410440 3
445906944 2
444528000 53
442867500 1
442552320 2
442368000 20
441000000 10
440899200 78
439040000 13
438939648 10
437500000 1
437400000 25
435637440 9
435456000 159
434010150 2
433520640 11
432180000 12
432081216 6
432000000 34
430080000 23
429981696 3
428652000 60
426746880 27
425250000 9
425152800 10
424673280 3
423536400 1
423360000 91
423263232 4
421478400 8
420078960 3
420000000 10
419904000 91
418037760 52
416745000 19
416649744 3
414892800 20
414720000 85
413343000 16
412876800 18
411600000 15
411505920 52
409600000 3
408240000 129
406594944 1
406425600 82
405076140 6
405000000 11
404619264 2
403368000 2
403200000 82
403107840 27
401861250 2
401769396 1
401408000 7
400075200 52
400000000 1
398580750 1
398297088 1
398131200 32
396900000 42
396809280 25
395136000 45
393824025 1
393660000 28
393379840 4
393216000 3
392073696 3
392000000 10
391910400 128
390168576 6
388962000 19
388800000 68
387233280 2
387072000 99
385875000 3
385786800 43
385351680 1
384160000 5
384072192 5
384000000 16
382725000 10
382637520 1
382205952 3
381024000 165
379330560 17
378157500 1
378071064 3
378000000 33
377913600 60
376320000 38
376233984 8
375070500 10
373403520 9
373248000 119
372008700 1
371589120 19
370440000 50
370355328 11
368793600 7
368640000 30
367500000 3
367416000 123
367001600 3
365783040 80
364568526 1
364500000 12
363031200 6
362880000 231
362797056 5
361267200 38
360150000 2
360067680 32
360000000 12
358400000 18
358318080 26
357210000 44
357128352 4
355622400 66
354375000 1
354294000 9
353894400 9
352800000 51
352719360 66
351232000 12
350065800 15
350000000 3
349920000 89
348509952 2
348364800 152
347287500 4
347208120 8
345744000 27
345600000 70
344452500 6
344207360 1
344064000 19
343000000 2
342921600 134
341397504 5
340341750 1
340200000 78
340122240 11
338829120 2
338688000 135
337563450 5
337182720 4
336063168 4
336000000 24
335923200 86
334807830 2
334430208 10
333396000 62
331914240 8
331776000 72
330750000 10
330674400 58
330301440 2
329280000 33
329204736 21
328050000 13
327680000 3
326728080 3
326592000 258
325140480 40
324135000 6
324060912 4
324000000 44
322694400 4
322560000 109
322486272 8
321489000 38
321126400 7
320060160 48
320000000 6
318864600 6
318504960 6
317520000 127
317447424 11
316108800 37
315059220 4
315000000 4
314928000 84
314572800 1
313600000 15
313528320 88
312558750 1
312487308 2
311169600 36
311040000 143
310007250 3
309657600 62
308700000 20
308629440 54
308281344 2
307328000 11
307200000 24
306180000 87
306110016 2
304819200 201
303807105 3
303750000 2
303464448 3
302526000 3
302400000 122
302330880 35
301056000 49
300056400 38
300000000 1
298722816 6
298598400 96
297675000 17
297606960 12
297271296 3
296475480 2
296352000 98
295245000 5
295034880 3
294912000 30
294000000 16
293932800 175
293601280 1
292626432 18
291721500 11
291600000 62
290424960 5
290304000 254
289340100 17
289013760 10
288120000 10
288054144 12
288000000 38
286978140 1
286720000 17
286654464 5
285768000 173
284497920 40
283553298 1
283500000 35
283435200 28
283115520 3
282240000 148
282175488 18
280985600 6
280052640 18
280000000 9
279936000 174
278691840 60
277830000 32
277766496 10
276595200 33
276480000 86
275625000 3
275562000 70
275251200 12
274400000 6
274337280 95
273375000 2
272273400 11
272160000 274
272097792 8
270950400 116
270112500 1
270050760 15
270000000 16
269746176 1
268912000 7
268800000 56
268738560 45
267907500 16
267846264 1
266716800 114
265720500 6
265531392 5
265420800 39
264600000 56
264539520 64
263424000 38
262549350 7
262500000 1
262440000 76
262144000 6
261382464 1
261273600 282
260406090 4
260112384 5
259308000 39
259200000 125
258155520 2
258048000 93
257191200 119
256048128 14
256000000 7
255150000 39
255091680 10
254803968 2
254121840 3
254016000 322
253125000 1
252887040 20
252047376 3
252000000 46
251942400 126
250880000 27
250822656 14
250047000 38
248935680 26
248832000 182
248062500 1
248005800 23
247726080 22
246960000 64
246903552 28
246037500 2
245862400 4
245760000 20
245046060 1
245000000 7
244944000 250
243855360 118
243101250 1
243045684 3
243000000 33
242020800 10
241920000 231
241864704 11
241116750 3
240844800 28
240100000 3
240045120 68
240000000 10
238878720 30
238140000 143
238085568 8
237081600 110
236250000 6
236196000 42
236027904 1
235929600 8
235298000 1
235200000 46
235146240 130
233377200 38
233280000 209
232339968 2
232243200 174
231525000 9
231472080 44
231211008 1
230496000 17
230400000 66
229635000 32
229582512 2
229376000 13
228614400 279
227598336 7
226894500 1
226800000 150
226748160 41
226492416 1
225886080 3
225792000 157
225042300 22
225000000 3
224788480 4
224042112 7
224000000 13
223948800 162
223256250 3
223205220 4
222953472 17
222264000 135
221433750 1
221276160 14
221184000 77
220500000 19
220449600 157
220200960 1
219520000 19
219469824 33
218700000 43
217818720 10
217728000 511
217005075 1
216760320 44
216090000 11
216040608 9
216000000 69
215129600 3
215040000 75
214990848 14
214326000 105
213373440 84
212625000 9
212576400 14
212336640 15
211768200 1
211680000 201
211631616 32
210739200 29
210039480 19
210000000 9
209952000 213
209018880 138
208372500 9
208324872 5
207446400 65
207360000 226
206671500 18
206524416 1
206438400 47
205800000 21
205752960 135
205520896 1
205031250 1
204800000 8
204205050 4
204120000 232
204073344 3
203212800 295
202538070 3
202500000 14
202309632 4
201684000 5
201600000 130
201553920 82
200884698 1
200704000 30
200037600 120
200000000 2
199148544 10
199065600 141
198450000 40
198404640 49
198180864 3
197568000 136
196830000 40
196689920 5
196608000 20
196036848 3
196000000 11
195955200 411
195084288 24
194481000 21
194400000 140
193616640 10
193536000 281
192937500 1
192893400 56
192675840 10
192080000 7
192036096 27
192000000 28
191362500 7
191318760 2
191102976 3
190591380 3
190512000 353
189665280 66
189078750 1
189035532 3
189000000 51
188956800 111
188743680 2
188160000 87
188116992 42
187535250 4
186701760 42
186624000 275
185794560 79
185220000 95
185177664 28
184396800 22
184320000 96
183750000 3
183708000 198
183500800 4
182891520 201
182250000 9
181515600 8
181440000 401
181398528 14
180708864 1
180633600 115
180075000 3
180033840 45
180000000 22
179200000 37
179159040 88
178605000 61
178564176 11
177811200 243
177147000 20
177020928 3
176947200 43
176473500 1
176400000 103
176359680 151
176160768 1
175616000 27
175032900 7
175000000 2
174960000 183
174254976 9
174182400 392
173643750 1
173604060 13
173408256 10
172872000 39
172800000 133
172226250 3
172186884 1
172103680 1
172032000 59
171500000 2
171460800 244
170698752 24
170100000 136
170061120 29
169869312 3
169414560 4
169344000 368
168781725 2
168750000 1
168591360 9
168070000 1
168031584 13
168000000 46
167961600 230
167215104 35
166698000 98
165957120 41
165888000 223
165375000 10
165337200 75
165150720 20
164640000 62
164602368 48
164025000 10
163840000 16
163364040 12
163296000 575
162570240 134
162067500 5
162030456 6
162000000 57
161347200 8
161280000 235
161243136 21
160744500 39
160563200 9
160030080 149
160000000 6
159468750 1
159432300 3
159252480 60
158826150 1
158760000 243
158723712 31
158120256 1
158054400 128
157529610 8
157500000 16
157464000 136
157286400 6
156800000 48
156764160 224
156243654 2
155584800 68
155520000 322
154893312 4
154828800 190
154350000 19
154314720 108
153664000 13
153600000 46
153125000 1
153090000 120
153055008 9
152473104 2
152409600 446
151875000 3
151732224 10
151263000 5
151200000 243
151165440 85
150590720 5
150528000 135
150062500 2
150028200 77
150000000 3
149361408 23
149299200 258
148837500 10
148803480 15
148635648 21
148237740 2
148176000 204
147622500 4
147517440 14
147456000 71
147027636 1
147000000 21
146966400 369
146800640 2
146313216 54
145860750 4
145800000 107
145212480 16
145152000 616
144670050 12
144506880 39
144060000 25
144027072 29
144000000 79
143360000 42
143327232 20
142884000 290
142248960 134
141776649 1
141750000 24
141717600 47
141557760 18
141120000 280
141087744 61
140492800 21
140026320 35
140000000 10
139968000 372
139345920 190
138915000 36
138883248 14
138297600 58
138240000 226
137781000 66
137625600 37
137200000 17
137168640 277
136687500 1
136136700 6
136080000 453
136048896 16
135531648 2
135475200 325
135056250 1
135025380 24
135000000 13
134873088 3
134456000 3
134400000 114
134369280 144
133953750 4
133923132 4
133358400 211
132765696 16
132710400 137
132355125 1
132300000 90
132269760 120
132120576 1
131712000 94
131250000 3
131220000 101
131072000 3
130691232 7
130636800 640
130203045 4
130056192 26
129654000 46
129600000 246
129077760 5
129024000 231
128625000 7
128595600 161
128450560 4
128024064 49
128000000 12
127575000 45
127545840 11
127401984 2
127060920 3
127008000 549
126443520 55
126052500 1
126023688 20
126000000 103
125971200 199
125440000 52
125411328 55
125023500 34
124467840 64
124416000 398
124031250 2
124002900 19
123863040 53
123480000 105
123451776 58
123018750 1
122931200 12
122880000 53
122523030 1
122500000 3
122472000 475
121927680 256
121500000 45
121010400 16
120960000 499
120932352 40
120558375 2
120422400 85
120050000 4
120022560 111
120000000 13
119574225 2
119439360 103
119070000 154
119042784 17
118540800 231
118125000 7
118098000 59
118013952 1
117964800 35
117649000 2
117600000 107
117573120 322
116688600 48
116640000 383
116169984 4
116121600 466
115762500 15
115736040 60
115605504 9
115248000 42
115200000 143
114817500 22
114688000 26
114307200 549
113799168 37
113400000 213
113374080 70
112943040 2
112896000 384
112521150 8
112500000 1
112394240 8
112021056 27
112000000 48
111974400 371
111602610 4
111476736 42
111132000 197
110716875 1
110638080 31
110592000 230
110250000 26
110224800 237
110100480 11
109760000 44
109734912 81
109350000 52
108909360 15
108864000 820
108380160 151
108045000 18
108020304 26
108000000 121
107564800 5
107520000 167
107495424 35
107163000 128
106686720 218
106312500 1
106288200 16
106168320 32
105884100 2
105840000 390
105815808 73
105369600 88
105019740 21
105000000 10
104976000 317
104857600 3
104509440 359
104186250 6
104162436 5
103723200 98
103680000 474
103335750 8
103262208 1
103219200 173
102900000 25
102876480 243
102400000 20
102060000 310
102036672 8
101606400 619
101269035 6
101250000 10
101154816 14
100842000 12
100800000 256
100776960 154
100352000 57
100018800 187
100000000 2
99574272 34
99532800 346
99225000 52
99202320 75
99090432 13
98784000 217
98415000 24
98344960 7
98304000 53
98018424 7
98000000 20
97977600 731
97542144 61
97240500 21
97200000 225
96808320 20
96768000 658
96446700 55
96337920 34
96040000 17
96018048 61
96000000 44
95681250 1
95659380 2
95551488 21
95295690 5
95256000 608
94832640 144
94500000 56
94478400 142
94371840 11
94119200 1
94080000 209
94058496 91
93767625 3
93350880 80
93312000 606
92897280 201
92610000 89
92588832 38
92198400 45
92160000 218
91875000 2
91854000 208
91750400 21
91445760 428
91125000 14
90757800 15
90720000 772
90699264 23
90354432 2
90316800 278
90037500 1
90016920 61
90000000 25
89915392 2
89600000 52
89579520 217
89302500 44
89282088 8
88905600 357
88573500 13
88510464 9
88473600 148
88200000 122
88179840 229
88080384 1
87808000 58
87516450 10
87500000 2
87480000 237
87127488 10
87091200 866
86821875 1
86802030 10
86704128 34
86436000 52
86400000 262
86113125 2
86051840 7
86016000 169
85766121 1
85750000 6
85730400 404
85349376 74
85050000 120
85030560 36
84934656 7
84707280 2
84672000 688
84375000 2
84295680 36
84035000 1
84015792 10
84000000 78
83980800 424
83607552 63
83349000 104
82978560 71
82944000 488
82687500 7
82668600 90
82575360 61
82320000 96
82301184 116
82012500 6
81920000 23
81682020 15
81648000 894
81285120 374
81033750 3
81015228 5
81000000 86
80673600 18
80640000 499
80621568 54
80372250 15
80281600 26
80015040 240
80000000 10
79716150 1
79626240 120
79380000 309
79361856 39
79027200 267
78750000 18
78732000 182
78643200 25
78400000 53
78382080 532
77792400 81
77760000 591
77446656 6
77414400 475
77175000 24
77157360 154
77070336 4
76832000 23
76800000 89
76562500 1
76545000 102
76527504 4
76236552 2
76204800 890
75866112 39
75631500 12
75600000 349
75582720 170
75264000 240
75031250 1
75014100 64
75000000 3
74680704 36
74649600 561
74418750 9
74401740 27
74317824 38
74088000 316
73811250 1
73758720 36
73728000 183
73513818 5
73500000 29
73483200 576
73400320 3
73156608 143
72930375 1
72900000 128
72606240 29
72576000 1180
72335025 2
72253440 115
72030000 17
72013536 51
72000000 112
71680000 85
71663616 54
71442000 322
71124480 293
70875000 21
70858800 64
70778880 44
70589400 2
70560000 398
70543872 114
70246400 36
70013160 45
70000000 8
69984000 598
69672960 477
69457500 32
69441624 13
69148800 112
69120000 456
68890500 51
68812800 108
68600000 17
68584320 453
68068350 2
68040000 652
68024448 27
67765824 3
67737600 644
67512690 16
67500000 22
67436544 12
67228000 8
67200000 211
67184640 280
66976875 1
66961566 2
66679200 311
66382848 32
66355200 342
66150000 105
66134880 174
66060288 9
65856000 182
65610000 117
65536000 13
65345616 10
65318400 1175
65028096 79
64827000 41
64800000 330
64538880 10
64512000 552
64312500 1
64297800 199
64225280 7
64012032 90
64000000 28
63787500 18
63772920 18
63700992 21
63504000 829
63221760 116
63011844 2
63000000 119
62985600 373
62914560 4
62720000 94
62705664 163
62511750 17
62233920 128
62208000 870
62001450 12
61931520 192
61740000 140
61725888 111
61465600 18
61440000 106
61261515 2
61250000 7
61236000 593
60963840 599
60761421 1
60750000 43
60505200 24
60480000 935
60466176 57
60211200 175
60025000 2
60011280 147
60000000 23
59719680 265
59535000 143
59521392 30
59270400 459
59049000 55
59006976 8
58982400 105
58800000 115
58786560 571
58344300 34
58320000 502
58084992 13
58060800 1033
57881250 4
57868020 38
57802752 22
57624000 56
57600000 252
57408750 6
57344000 68
57177414 3
57153600 745
56899584 98
56700000 268
56687040 103
56623104 7
56471520 9
56448000 607
56260575 3
56250000 2
56197120 19
56010528 24
56000000 49
55987200 751
55801305 1
55738368 103
55566000 255
55319040 76
55296000 494
55125000 19
55112400 260
55050240 26
54880000 79
54867456 188
54675000 35
54454680 14
54432000 1473
54190080 344
54022500 8
54010152 12
54000000 135
53782400 8
53760000 323
53747712 75
53581500 100
53343360 375
53144100 14
53084160 151
52942050 1
52920000 494
52907904 96
52684800 170
52509870 11
52500000 15
52488000 405
52428800 7
52254720 739
52093125 1
52081218 6
51861600 142
51840000 743
51667875 2
51631104 1
51609600 354
51450000 30
51438240 321
51380224 2
51200000 29
51030000 314
51018336 9
50824368 1
50803200 1186
50625000 6
50577408 25
50421000 6
50400000 382
50388480 288
50176000 82
50009400 178
50000000 5
49787136 36
49766400 718
49612500 35
49601160 64
49545216 32
49392000 349
49207500 13
49172480 20
49152000 96
49009212 5
49000000 27
48988800 1093
48771072 173
48620250 15
48600000 240
48404160 34
48384000 1221
48223350 34
48168960 54
48020000 22
48009024 85
48000000 107
47829690 3
47775744 60
47647845 2
47628000 689
47416320 291
47250000 61
47239200 183
47185920 25
47040000 334
47029248 204
46675440 107
46656000 969
46448640 473
46305000 99
46294416 56
46099200 73
46080000 410
45937500 1
45927000 219
45875200 32
45722880 765
45562500 4
45378900 13
45360000 933
45349632 42
45158400 590
45018750 1
45008460 64
45000000 24
44957696 2
44800000 97
44789760 439
44651250 15
44641044 4
44452800 492
44286750 5
44255232 21
44236800 278
44100000 153
44089920 414
44040192 3
43904000 87
43758225 1
43750000 1
43740000 281
43563744 14
43545600 1609
43401015 9
43352064 67
43218000 74
43200000 458
43025920 3
43008000 319
42875000 4
42865200 450
42674688 119
42525000 96
42515280 56
42467328 16
42353640 4
42336000 1080
42187500 1
42147840 73
42017500 3
42007896 16
42000000 93
41990400 656
41943040 3
41803776 189
41674500 77
41489280 156
41472000 1002
41343750 5
41334300 64
41287680 119
41160000 118
41150592 159
41006250 1
40960000 46
40841010 8
40824000 1195
40642560 684
40507614 7
40500000 80
40336800 27
40320000 817
40310784 89
40186125 5
40140800 61
40007520 303
40000000 22
39813120 312
39690000 294
39680928 58
39513600 459
39375000 6
39366000 169
39337984 5
39321600 36
39200000 93
39191040 1000
38896200 111
38880000 819
38723328 8
38707200 957
38587500 7
38578680 128
38535168 5
38416000 36
38400000 175
38272500 68
38263752 3
38118276 3
38102400 1354
37933056 66
37815750 1
37800000 435
37791360 223
37748736 1
37647680 1
37632000 425
37507050 43
37500000 3
37340352 47
37324800 1027
37200870 14
37158912 83
37044000 359
36879360 59
36864000 359
36750000 29
36741600 649
36700160 8
36578304 255
36450000 97
36303120 34
36288000 1882
36126720 267
36015000 13
36006768 68
36000000 139
35840000 139
35831808 106
35721000 314
35562240 429
35437500 18
35429400 66
35389440 99
35294700 1
35280000 552
35271936 180
35123200 69
35006580 32
35000000 13
34992000 791
34836480 933
34728750 18
34720812 10
34574400 141
34560000 770
34445250 29
34420736 1
34406400 201
34300000 19
34292160 663
34034175 1
34020000 647
34012224 28
33882912 3
33868800 1128
33756345 8
33750000 11
33718272 14
33614000 10
33600000 266
33592320 513
33339600 371
33191424 58
33177600 727
33075000 79
33067440 218
33030144 31
32941720 1
32928000 250
32812500 1
32805000 61
32768000 38
32672808 3
32659200 1810
32514048 163
32413500 41
32400000 419
32269440 15
32256000 1003
32148900 134
32112640 29
32006016 152
32000000 40
31893750 10
31886460 7
31850496 62
31765230 4
31752000 1144
31610880 213
31505922 5
31500000 115
31492800 417
31457280 9
31360000 146
31352832 302
31255875 8
31116960 150
31104000 1363
31000725 1
30965760 401
30870000 119
30862944 110
30732800 37
30720000 220
30625000 2
30618000 527
30481920 1017
30375000 23
30252600 17
30240000 1241
30233088 98
30105600 305
30012500 5
30005640 133
30000000 31
29859840 529
29767500 105
29760696 24
29635200 608
29524500 34
29503488 8
29491200 227
29400000 153
29393280 847
29172150 32
29160000 577
29042496 14
29030400 1843
28934010 23
28901376 54
28812000 68
28800000 396
28704375 2
28697814 1
28672000 108
28588707 1
28576800 968
28449792 152
28350000 227
28343520 112
28311552 25
28235760 3
28224000 966
28125000 2
28098560 20
28005264 36
28000000 59
27993600 1129
27869184 199
27783000 222
27659520 135
27648000 869
27562500 10
27556200 200
27525120 62
27440000 76
27433728 288
27337500 21
27227340 11
27216000 1772
27095040 630
27011250 6
27005076 30
27000000 155
26891200 10
26880000 435
26873856 133
26790750 46
26671680 472
26572050 11
26542080 326
26471025 1
26460000 511
26453952 154
26342400 234
26254935 8
26250000 10
26244000 441
26214400 19
26127360 1356
26040609 2
25930800 149
25920000 1032
25815552 9
25804800 681
25725000 20
25719120 354
25690112 4
25600000 65
25515000 225
25509168 8
25401600 1660
25312500 4
25288704 54
25210500 3
25200000 477
25194240 403
25165824 1
25088000 167
25004700 109
25000000 4
24893568 73
24883200 1242
24806250 5
24800580 44
24772608 76
24696000 379
24603750 3
24586240 33
24576000 151
24504606 6
24500000 20
24494400 1418
24385536 274
24300000 254
24202080 32
24192000 1857
24111675 8
24084480 124
24010000 15
24004512 109
24000000 92
23887872 132
23814000 626
23708160 473
23625000 33
23619600 179
23592960 67
23529800 2
23520000 429
23514624 324
23337720 91
23328000 1335
23224320 956
23152500 50
23147208 51
23049600 100
23040000 620
22963500 118
22937600 75
22861440 1031
22781250 2
22689450 7
22680000 1111
22674816 70
22588608 3
22579200 943
22504230 28
22500000 23
22478848 9
22400000 142
22394880 714
22325625 5
22320522 5
22226400 600
22127616 40
22118400 548
22050000 145
22044960 423
22020096 7
21952000 118
21870000 260
21781872 10
21772800 2404
21676032 148
21609000 61
21600000 539
21512960 7
21504000 509
21437500 1
21432600 379
21337344 209
21262500 56
21257640 45
21233664 52
21176820 6
21168000 1345
21073920 128
21008750 1
21003948 20
21000000 102
20995200 824
20971520 8
20901888 378
20837250 35
20744640 168
20736000 1511
20667150 34
20643840 272
20580000 122
20575296 193
20480000 73
20420505 1
20412000 1215
20321280 1186
20253807 3
20250000 67
20168400 27
20160000 1173
20155392 144
20070400 126
20003760 320
20000000 13
19906560 597
19845000 242
19840464 66
19756800 571
19687500 2
19683000 122
19668992 4
19660800 95
19600000 91
19595520 1303
19448100 54
19440000 995
19361664 15
19353600 1642
19293750 6
19289340 108
19267584 13
19208000 42
19200000 235
19136250 41
19131876 1
19059138 1
19051200 1448
18966528 137
18900000 403
18895680 259
18874368 8
18823840 1
18816000 627
18753525 11
18750000 3
18670176 80
18662400 1567
18600435 2
18579456 208
18522000 342
18439680 56
18432000 632
18375000 15
18370800 628
18350080 22
18289152 397
18225000 58
18151560 29
18144000 2426
18063360 468
18007500 9
18003384 57
18000000 177
17920000 201
17915904 184
17860500 180
17781120 609
17718750 4
17714700 23
17694720 212
17640000 568
17635968 244
17561600 97
17503290 27
17500000 18
17496000 905
17418240 1642
17364375 4
17360406 5
17287200 149
17280000 1124
17222625 4
17210368 2
17203200 307
17150000 17
17146080 661
17010000 591
17006112 37
16934400 1758
16875000 6
16859136 26
16807000 8
16800000 334
16796160 775
16669800 272
16595712 58
16588800 1177
16537500 38
16533720 171
16515072 43
16464000 296
16406250 1
16402500 57
16384000 72
16336404 6
16329600 2264
16257024 296
16206750 14
16200000 419
16134720 15
16128000 1502
16074450 55
16056320 32
16003008 191
16000000 60
15946875 1
15943230 5
15925248 112
15876000 1101
15805440 388
15752961 2
15750000 73
15746400 485
15728640 29
15680000 205
15676416 458
15558480 129
15552000 1844
15482880 745
15435000 92
15431472 138
15366400 48
15360000 327
15309000 417
15240960 1484
15187500 11
15126300 11
15120000 1337
15116544 136
15052800 501
15002820 100
15000000 27
14929920 916
14883750 42
14880348 12
14817600 740
14762250 14
14751744 20
14745600 411
14700000 134
14696640 920
14680064 4
14586075 4
14580000 535
14521248 21
14515200 2716
14467005 5
14450688 85
14406000 69
14400000 489
14336000 175
14288400 847
14224896 209
14175000 128
14171760 126
14155776 42
14117880 3
14112000 1282
14062500 1
14049280 45
14002632 25
14000000 55
13996800 1436
13934592 389
13891500 92
13829760 148
13824000 1403
13781250 2
13778100 140
13762560 137
13720000 72
13716864 351
13668750 1
13613670 7
13608000 1993
13547520 1046
13505625 4
13502538 7
13500000 103
13445600 11
13440000 721
13436928 240
13395375 9
13335840 554
13271040 492
13230000 441
13226976 163
13171200 344
13125000 6
13122000 324
13107200 19
13063680 1817
12965400 119
12960000 1279
12907776 12
12902400 1124
12862500 12
12859560 276
12845056 8
12800000 65
12757500 120
12754584 12
12706092 1
12700800 1985
12656250 1
12644352 88
12605250 3
12600000 445
12597120 509
12582912 2
12544000 247
12502350 56
12500000 1
12446784 86
12441600 1938
12403125 1
12400290 20
12386304 139
12348000 391
12301875 1
12293120 23
12288000 292
12252303 2
12250000 7
12247200 1316
12192768 480
12150000 186
12101040 24
12096000 2502
12042240 213
12005000 10
12002256 120
12000000 112
11943936 212
11907000 442
11854080 655
11812500 20
11809800 131
11796480 128
11764900 2
11760000 440
11757312 441
11668860 62
11664000 1485
11612160 1571
11576250 11
11573604 41
11524800 101
11520000 872
11481750 43
11468800 127
11430720 1169
11344725 1
11340000 949
11337408 70
11294304 3
11289600 1390
11252115 4
11250000 28
11239424 9
11200000 171
11197440 1083
11160261 1
11113200 562
11063808 53
11059200 988
11025000 82
11022480 427
11010048 20
10976000 137
10935000 159
10890936 5
10886400 3056
10838016 245
10804500 24
10800000 519
10756480 10
10752000 808
10716300 232
10668672 238
10631250 19
10628820 17
10616832 87
10588410 1
10584000 1379
10536960 238
10501974 12
10500000 83
10497600 849
10485760 8
10450944 595
10418625 7
10372320 167
10368000 2145
10333575 5
10321920 493
10290000 112
10287648 213
10240000 100
10206000 889
10160640 1585
10125000 27
10084200 12
10080000 1239
10077696 213
10035200 167
10001880 237
10000000 9
9953280 961
9922500 111
9920232 56
9878400 699
9841500 63
9834496 6
9830400 188
9800000 84
9797760 1601
9724050 28
9720000 948
9680832 21
9676800 2391
9646875 1
9644670 32
9633792 34
9604000 42
9600000 304
9568125 7
9565938 1
9525600 1517
9483264 243
9450000 285
9447840 295
9437184 19
9411920 2
9408000 841
9335088 72
9331200 2082
9289728 340
9261000 215
9219840 95
9216000 965
9187500 14
9185400 439
9175040 46
9144576 538
9112500 35
9075780 19
9072000 2656
9031680 714
9003750 6
9001692 47
9000000 150
8960000 241
8957952 311
8930250 84
8890560 733
8857350 7
8847360 381
8820000 496
8817984 280
8780800 143
8751645 6
8750000 7
8748000 824
8709120 2140
8680203 1
8643600 137
8640000 1302
8605184 4
8601600 550
8575000 13
8573040 591
8505000 365
8503056 22
8470728 1
8467200 2019
8437500 4
8429568 43
8403500 3
8400000 343
8398080 911
8334900 189
8297856 80
8294400 1814
8268750 10
8266860 90
8257536 89
8232000 289
8201250 22
8192000 82
8168202 6
8164800 2188
8128512 466
8103375 2
8100000 338
8067360 29
8064000 1813
8037225 14
8028160 73
8001504 196
8000000 48
7971615 1
7962624 228
7938000 877
7902720 498
7875000 47
7873200 373
7864320 55
7840000 206
7838208 613
7779240 120
7776000 2171
7741440 1199
7717500 46
7715736 95
7683200 64
7680000 443
7654500 202
7620480 1645
7593750 3
7563150 8
7560000 1272
7558272 166
7529536 2
7526400 684
7501410 44
7500000 16
7464960 1383
7441875 3
7440174 6
7408800 691
7381125 1
7375872 30
7372800 629
7350000 80
7348320 861
7340032 1
7290000 369
7260624 18
7257600 3381
7225344 185
7203000 26
7200000 474
7168000 294
7144200 643
7112448 291
7087500 62
7085880 82
7077888 69
7058940 2
7056000 1255
7031250 1
7024640 79
7001316 19
7000000 53
6998400 1631
6967296 630
6945750 46
6914880 146
6912000 1792
6890625 1
6889050 43
6881280 210
6860000 66
6858432 397
6834375 1
6806835 1
6804000 1746
6773760 1331
6751269 2
6750000 87
6722800 10
6720000 767
6718464 343
6667920 442
6635520 827
6615000 283
6613488 129
6585600 439
6562500 2
6561000 213
6553600 50
6531840 2234
6482700 72
6480000 1274
6453888 7
6451200 1748
6431250 3
6429780 154
6422528 14
6400000 98
6378750 38
6377292 4
6353046 1
6350400 1995
6322176 156
6300000 354
6298560 576
6291456 11
6272000 269
6251175 9
6250000 3
6223392 95
6220800 2386
6200145 3
6193152 254
6174000 294
6146560 38
6144000 457
6125000 10
6123600 1036
6096384 614
6075000 106
6050520 26
6048000 2785
6021120 328
6002500 1
6001128 85
6000000 117
5971968 342
5953500 246
5927040 698
5906250 4
5904900 57
5898240 222
5882450 2
5880000 376
5878656 494
5834430 38
5832000 1378
5806080 2147
5786802 12
5762400 114
5760000 998
5740875 9
5734400 168
5715360 1176
5670000 754
5668704 73
5647152 2
5644800 1595
5625000 7
5619712 16
5600000 164
5598720 1385
5556600 340
5531904 59
5529600 1528
5512500 55
5511240 287
5505024 33
5488000 126
5468750 1
5467500 80
5445468 11
5443200 3221
5419008 402
5402250 20
5400000 459
5378240 16
5376000 1040
5358150 86
5334336 286
5315625 4
5314410 10
5308416 151
5292000 1160
5268480 253
5250987 2
5250000 46
5248800 750
5242880 10
5225472 797
5186160 177
5184000 2365
5160960 801
5145000 62
5143824 232
5120000 138
5103000 579
5080320 1939
5062500 12
5042100 7
5040000 1255
5038848 280
5017600 209
5000940 163
5000000 12
4976640 1458
4961250 36
4960116 35
4939200 633
4920750 22
4917248 9
4915200 265
4900000 69
4898880 1556
4862025 5
4860000 705
4840416 17
4838400 3113
4822335 11
4816896 75
4802000 22
4800000 331
4762800 1124
4741632 252
4725000 153
4723920 231
4718592 36
4705960 1
4704000 797
4667544 54
4665600 2321
4644864 499
4630500 136
4609920 99
4608000 1278
4592700 230
4587520 60
4572288 636
4556250 10
4537890 12
4536000 2396
4515840 975
4500846 14
4500000 96
4480000 277
4478976 416
4465125 3
4445280 591
4428675 2
4423680 609
4410000 424
4408992 261
4390400 156
4375000 3
4374000 615
4354560 2704
4321800 88
4320000 1374
4302592 8
4300800 756
4287500 6
4286520 432
4252500 172
4251528 23
4233600 2049
4218750 1
4214784 79
4201750 1
4200000 271
4199040 994
4167450 72
4148928 96
4147200 2388
4134375 1
4133430 31
4128768 141
4116000 262
4100625 2
4096000 117
4084101 1
4082400 1931
4064256 677
4050000 243
4033680 23
4032000 2133
4014080 96
4000752 173
4000000 53
3981312 335
3969000 570
3951360 601
3937500 22
3936600 218
3932160 90
3920000 194
3919104 695
3889620 60
3888000 2050
3870720 1703
3858750 17
3857868 50
3841600 59
3840000 561
3827250 68
3810240 1655
3781575 2
3780000 981
3779136 166
3763200 915
3750705 17
3750000 9
3732480 1635
3720087 1
3704400 491
3687936 42
3686400 894
3675000 42
3674160 698
3670016 4
3645000 204
3630312 6
3628800 3706
3612672 244
3601500 30
3600000 435
3584000 329
3572100 311
3556224 320
3543750 18
3542940 41
3538944 111
3529470 1
3528000 1140
3512320 60
3500658 10
3500000 33
3499200 1541
3483648 803
3472875 5
3457440 163
3456000 2166
3444525 17
3440640 321
3430000 40
3429216 380
3402000 1188
3386880 1616
3375000 41
3361400 2
3360000 774
3359232 394
3333960 331
3317760 1246
3307500 104
3306744 103
3292800 403
3281250 1
3280500 106
3276800 69
3265920 2312
3241350 26
3240000 1072
3226944 11
3225600 2110
3214890 66
3211264 13
3200000 110
3189375 4
3188646 3
3176523 1
3175200 1619
3161088 191
3150000 217
3149280 470
3145728 9
3136000 296
3111696 66
3110400 2733
3096576 363
3087000 181
3073280 40
3072000 610
3062500 1
3061800 691
3048192 690
3037500 45
3025260 9
3024000 2780
3010560 466
3001250 1
3000564 49
3000000 94
2985984 445
2976750 96
2963520 656
2952450 27
2949120 328
2940000 304
2939328 479
2917215 8
2916000 1099
2903040 2693
2893401 3
2881200 76
2880000 1048
2867200 205
2857680 880
2835000 411
2834352 45
2823576 1
2822400 1730
2812500 2
2809856 14
2800000 145
2799360 1440
2778300 170
2765952 91
2764800 1884
2756250 11
2755620 174
2752512 50
2744000 102
2734375 1
2733750 18
2722734 3
2721600 2988
2709504 454
2701125 3
2700000 320
2689120 10
2688000 1217
2679075 13
2667168 254
2657205 3
2654208 238
2646000 799
2634240 293
2625000 25
2624400 584
2621440 20
2612736 939
2593080 106
2592000 2376
2580480 987
2572500 19
2571912 141
2560000 170
2551500 259
2540160 1868
2531250 4
2521050 4
2520000 1038
2519424 289
2508800 268
2500470 54
2500000 7
2488320 1831
2480625 6
2480058 15
2469600 520
2460375 1
2458624 10
2457600 375
2450000 51
2449440 1340
2430000 509
2420208 17
2419200 3368
2408448 95
2401000 19
2400000 309
2381400 700
2370816 308
2362500 70
2361960 146
2359296 61
2352000 742
2333772 26
2332800 2212
2322432 746
2315250 40
2304960 89
2304000 1468
2296350 83
2293760 70
2286144 563
2278125 3
2268945 3
2268000 1933
2257920 1117
2250423 3
2250000 44
2240000 288
2239488 506
2222640 505
2211840 869
2205000 197
2204496 201
2195200 139
2187500 1
2187000 296
2177280 2812
2160900 59
2160000 1250
2151296 5
2150400 973
2143260 221
2126250 50
2125764 13
2116800 1762
2107392 83
2100000 230
2099520 874
2097152 1
2083725 13
2074464 89
2073600 2822
2066715 7
2064384 223
2058000 176
2048000 163
2041200 1430
2032128 716
2025000 101
2016840 12
2016000 2103
2007040 107
2000376 119
2000000 41
1990656 423
1984500 275
1975680 596
1968750 4
1968300 103
1966080 154
1960000 147
1959552 724
1944810 33
1944000 1740
1935360 2075
1929375 4
1928934 20
1920800 25
1920000 607
1913625 7
1905120 1320
1890000 620
1889568 143
1882384 1
1881600 893
1875000 10
1866240 1872
1852200 331
1843968 35
1843200 1208
1837500 29
1837080 428
1835008 16
1822500 99
1815156 2
1814400 3548
1806336 330
1800750 5
1800000 339
1792000 354
1786050 119
1778112 303
1771875 4
1771470 19
1769472 185
1764000 909
1756160 90
1750329 1
1750000 17
1749600 1143
1741824 949
1728720 96
1728000 2214
1720320 420
1715000 40
1714608 268
1701000 688
1693440 1769
1687500 10
1680700 2
1680000 653
1679616 447
1666980 156
1658880 1629
1653750 30
1653372 57
1646400 313
1640250 36
1638400 101
1632960 2098
1620675 5
1620000 795
1613472 6
1612800 2415
1607445 14
1605632 26
1600000 90
1587600 1215
1580544 197
1575000 114
1574640 331
1572864 21
1568000 263
1555848 54
1555200 2832
1548288 505
1543500 94
1536640 43
1536000 654
1530900 269
1524096 690
1518750 10
1512630 7
1512000 2164
1505280 543
1500282 22
1500000 62
1492992 586
1488375 9
1481760 548
1476225 1
1474560 480
1470000 199
1469664 395
1458000 721
1451520 2801
1440600 50
1440000 977
1433600 273
1428840 528
1417500 184
1417176 25
1411200 1477
1406250 2
1404928 24
1400000 85
1399680 1450
1389150 63
1382976 76
1382400 2217
1378125 2
1377810 54
1376256 90
1372000 84
1366875 1
1360800 2248
1354752 568
1350000 192
1344560 4
1344000 1222
1333584 196
1327104 382
1323000 455
1317120 312
1312500 7
1312200 320
1310720 24
1306368 981
1296540 61
1296000 2133
1290240 1235
1286250 3
1285956 62
1280000 174
1275750 89
1270080 1636
1265625 1
1260525 1
1260000 702
1259712 222
1254400 271
1250235 8
1250000 5
1244160 2091
1240029 1
1234800 381
1229312 10
1228800 502
1225000 19
1224720 916
1215000 256
1210104 8
1209600 3323
1204224 140
1200500 9
1200000 233
1190700 329
1185408 271
1181250 26
1180980 66
1179648 79
1176000 598
1166886 6
1166400 1770
1161216 938
1157625 7
1152480 80
1152000 1570
1148175 18
1146880 112
1143072 479
1134000 1175
1128960 1170
1125000 36
1120000 231
1119744 549
1111320 312
1105920 1183
1102500 88
1102248 135
1097600 137
1093500 137
1088640 2631
1080450 18
1080000 1018
1075200 1144
1071875 1
1071630 87
1063125 9
1062882 5
1058400 1432
1053696 100
1050000 117
1049760 644
1048576 6
1037232 50
1036800 2855
1032192 271
1029000 107
1024000 176
1020600 735
1016064 720
1012500 46
1008420 12
1008000 1845
1003520 163
1000188 56
1000000 29
995328 567
992250 82
987840 476
984150 33
983040 207
980000 112
979776 634
972405 2
972000 1230
967680 2277
964467 5
960400 25
960000 535
952560 910
945000 298
944784 110
940800 899
937500 2
933120 1865
926100 152
921984 41
921600 1327
918750 8
918540 201
917504 16
911250 22
907578 1
907200 2799
903168 349
900375 3
900000 230
896000 340
893025 19
889056 252
885735 2
884736 241
882000 567
878080 93
875000 10
874800 693
870912 1014
864360 75
864000 1961
860160 528
857500 12
857304 194
850500 260
846720 1570
843750 2
840000 489
839808 361
833490 63
829440 1750
826875 2
826686 15
823200 250
820125 5
819200 120
816480 1523
810000 428
806736 8
806400 2346
802816 28
800000 87
793800 607
790272 222
787500 47
787320 177
786432 37
784000 254
781250 1
777924 25
777600 2408
774144 583
771750 25
768320 32
768000 716
765450 101
762048 582
759375 1
756315 2
756000 1473
752640 581
750141 3
750000 37
746496 656
740880 379
737280 622
735000 109
734832 274
729000 352
725760 2830
720300 25
720000 782
716800 274
714420 257
708750 48
708588 14
705894 2
705600 1252
702464 22
700000 63
699840 1122
694575 13
691488 40
691200 2305
688905 11
688128 97
686000 46
680400 1450
677376 560
675000 112
672280 5
672000 1033
666792 116
663552 447
661500 206
658560 301
656250 1
656100 135
655360 47
653184 889
648270 13
648000 1592
645120 1407
643125 1
642978 20
640000 183
637875 14
635040 1161
630000 398
629856 192
627200 277
625000 2
622080 1991
617400 194
614656 8
614400 584
612500 6
612360 515
607500 76
605052 5
604800 2718
602112 143
600250 3
600000 170
595350 107
592704 203
590490 11
589824 111
588000 434
583443 1
583200 1293
580608 905
576240 49
576000 1486
573440 116
571536 303
567000 602
564480 1139
562500 13
560000 194
559872 518
555660 135
552960 1353
551250 33
551124 48
548800 93
546750 33
544320 2101
540225 4
540000 565
537824 2
537600 1076
535815 16
531441 1
529200 815
526848 83
525000 56
524880 399
524288 3
518616 40
518400 2506
516096 321
514500 36
512000 209
510300 318
508032 643
506250 13
504210 1
504000 1343
501760 151
500094 18
500000 12
497664 664
496125 9
493920 326
492075 1
491520 240
490000 60
489888 459
486000 721
483840 2303
480200 14
480000 450
476280 504
472500 114
472392 52
470400 695
468750 1
466560 1550
463050 34
460992 24
460800 1423
459270 71
458752 33
455625 3
453600 1991
451584 361
450000 117
448000 331
444528 151
442368 294
441000 261
439040 97
437500 1
437400 373
435456 1010
432180 29
432000 1568
430080 593
428750 7
428652 67
425250 89
423360 1215
421875 1
420000 283
419904 291
416745 14
414720 1793
413343 6
411600 146
409600 133
408240 967
405000 219
403368 6
403200 1995
401408 35
400000 71
396900 272
395136 196
393750 13
393660 76
393216 31
392000 159
388962 3
388800 1758
387072 711
385875 3
384160 10
384000 698
382725 18
381024 462
378000 875
376320 545
375000 10
373248 670
370440 197
368640 707
367500 39
367416 135
364500 123
362880 2340
360150 9
360000 567
358400 319
357210 80
354375 4
354294 4
352800 811
351232 21
350000 36
349920 779
345744 36
345600 2125
344064 126
343000 33
340200 709
338688 538
337500 23
336140 3
336000 803
333396 48
331776 486
330750 58
329280 197
328050 42
327680 61
326592 684
324135 6
324000 1041
322560 1405
321489 4
320000 146
317520 730
315000 190
314928 104
313600 222
311040 1697
308700 78
307328 13
307200 575
306250 2
306180 237
303750 34
302526 1
302400 2036
301056 157
300000 100
297675 17
296352 172
295245 2
294912 146
294000 223
291600 730
290304 914
288120 25
288000 1139
286720 126
285768 180
283500 225
282240 903
281250 5
280000 144
279936 444
277830 43
276480 1429
275562 15
274400 61
273375 8
272160 1455
270000 303
268912 1
268800 934
264600 444
263424 74
262500 22
262440 231
262144 7
259308 20
259200 1949
258048 337
257250 11
256000 193
255150 100
254016 495
253125 3
252105 1
252000 934
250880 124
250047 6
250000 9
248832 664
246960 208
245760 280
245000 25
244944 320
243000 335
241920 1934
240100 9
240000 322
238140 232
236250 28
236196 17
235298 1
235200 497
233280 1126
231525 8
230496 25
230400 1395
229635 22
229376 32
226800 1154
225792 334
225000 49
224000 277
222264 71
221184 347
220500 101
219520 74
218750 1
218700 133
217728 795
216090 8
216000 1059
215040 599
214375 1
214326 29
212625 7
211680 807
210000 144
209952 217
207360 1649
205800 90
204800 133
204120 464
202500 73
201684 1
201600 1598
200704 26
200000 48
198450 86
197568 150
196875 1
196830 22
196608 42
196000 97
194481 3
194400 1149
193536 657
192080 15
192000 587
190512 266
189000 394
188160 445
187500 3
186624 549
185220 102
184320 723
183750 13
183708 55
182250 31
181440 1708
180075 1
180000 296
179200 246
178605 14
177147 1
176400 460
175616 28
175000 19
174960 480
172872 14
172800 1623
172032 134
171500 8
170100 277
169344 475
168750 5
168000 520
166698 15
165888 523
165375 7
164640 127
164025 5
163840 71
163296 476
162000 564
161280 1240
160000 118
158760 383
157500 69
157464 47
156800 201
155520 1377
154350 26
153664 16
153600 519
153090 53
151875 2
151200 1260
150528 151
150000 50
148176 122
147456 185
147000 119
145800 321
145152 781
144060 12
144000 878
143360 122
142884 79
141750 60
141120 649
140000 87
139968 321
138915 9
138240 1257
137781 1
137200 35
136080 767
135000 141
134456 3
134400 786
132300 162
131712 70
131220 97
131072 12
129654 4
129600 1339
129024 371
128000 130
127575 11
127008 320
126000 450
125440 130
124416 563
123480 106
122880 284
122500 5
122472 157
121500 131
120960 1459
120000 246
119070 66
118125 2
118098 6
117600 313
116640 766
115248 13
115200 1146
114688 33
113400 548
112896 276
112500 22
112000 181
111132 41
110592 329
110250 26
109760 44
109350 40
108864 570
108045 2
108000 680
107520 528
107163 3
105840 491
105000 68
104976 132
103680 1316
102900 46
102400 130
102060 194
101250 14
100800 1066
100352 37
100000 21
99225 8
98784 85
98415 4
98304 56
98000 52
97200 642
96768 605
96040 4
96000 443
95256 120
94500 148
94080 319
93750 1
93312 441
92610 24
92160 716
91875 1
91854 29
91125 6
90720 999
90000 169
89600 251
88200 209
87808 21
87500 3
87480 236
86436 7
86400 1278
86016 162
85750 4
85050 79
84672 293
84000 326
83349 1
82944 517
82320 71
81920 77
81648 275
81000 229
80640 969
80000 75
79380 156
78750 11
78732 23
78400 113
77760 924
77175 3
76832 6
76800 527
76545 8
75600 678
75264 139
75000 16
74088 48
73728 167
73500 48
72900 123
72576 586
72030 1
72000 575
71680 145
71442 17
70875 7
70560 396
70000 50
69984 204
69120 1025
68600 20
68040 377
67500 39
67200 598
66150 57
65856 53
65610 25
65536 11
64800 851
64512 364
64000 130
63504 191
63000 178
62720 87
62208 425
61740 39
61440 265
61250 2
61236 56
60750 22
60480 976
60000 127
59535 15
58800 152
58320 394
57624 5
57600 808
57344 32
56700 185
56448 194
56250 1
56000 98
55566 13
55296 342
55125 4
54880 30
54675 10
54432 355
54000 356
53760 440
52920 220
52500 32
52488 50
51840 969
51450 11
51200 133
51030 61
50625 1
50400 603
50176 29
50000 17
49392 41
49152 63
49000 28
48600 241
48384 454
48020 2
48000 291
47628 53
47250 25
47040 212
46656 257
46305 5
46080 579
45927 3
45360 563
45000 70
44800 168
44100 69
43904 19
43750 2
43740 76
43218 2
43200 755
43008 146
42525 10
42336 185
42000 170
41472 398
41160 33
40960 52
40824 105
40500 76
40320 723
40000 53
39690 42
39375 1
39366 6
39200 60
38880 553
38416 1
38400 370
37800 312
37632 99
37500 6
37044 16
36864 163
36750 6
36450 32
36288 390
36000 286
35840 113
35721 6
35280 234
35000 15
34992 106
34560 797
34300 10
34020 149
33750 8
33600 365
33075 3
32928 31
32805 4
32768 12
32400 408
32256 286
32000 114
31752 68
31500 76
31360 54
31104 313
30870 22
30720 249
30625 1
30618 22
30375 3
30240 566
30000 47
29400 80
29160 200
28812 7
28800 581
28672 25
28350 41
28224 129
28000 65
27783 5
27648 251
27440 11
27216 180
27000 113
26880 333
26460 68
26250 4
26244 26
25920 563
25725 1
25600 99
25515 5
25200 292
25088 22
25000 5
24696 20
24576 55
24500 9
24300 100
24192 344
24010 1
24000 202
23814 16
23625 6
23520 136
23328 158
23040 486
22680 227
22500 21
22400 127
22050 26
21952 12
21875 1
21870 15
21609 1
21600 423
21504 112
21168 102
21000 72
20736 317
20580 16
20480 50
20412 45
20250 18
20160 472
20000 23
19845 7
19683 2
19600 36
19440 235
19208 2
19200 236
18900 93
18816 56
18750 4
18522 6
18432 148
18225 6
18144 244
18000 134
17920 78
17640 84
17500 2
17496 42
17280 506
17010 29
16875 2
16800 197
16464 9
16384 11
16200 175
16128 185
16000 64
15876 31
15750 19
15680 43
15552 209
15360 203
15309 1
15120 266
15000 27
14700 37
14580 68
14400 323
14336 32
14175 7
14112 74
14000 25
13824 226
13720 5
13608 72
13500 47
13440 236
13230 35
13122 9
12960 304
12800 77
12600 123
12544 17
12348 3
12288 56
12250 4
12150 24
12096 195
12000 116
11907 3
11760 77
11664 78
11520 315
11340 80
11250 5
11200 62
11025 2
10976 2
10935 3
10800 184
10752 92
10584 54
10500 24
10368 203
10290 1
10240 41
10206 12
10125 1
10080 229
10000 11
9800 14
9720 107
9600 176
9450 26
9408 39
9261 1
9216 118
9072 112
9000 54
8960 54
8820 32
8748 20
8640 333
8505 5
8400 100
8232 2
8192 10
8100 41
8064 115
8000 32
7938 6
7840 26
7776 96
7680 149
7560 158
7500 4
7350 7
7290 10
7200 178
7168 15
7056 46
7000 17
6912 139
6860 4
6804 35
6750 12
6720 147
6615 1
6480 154
6400 57
6300 31
6272 10
6174 2
6144 36
6075 5
6048 92
6000 40
5880 20
5832 37
5760 189
5670 20
5600 27
5488 4
5400 80
5376 68
5292 14
5250 3
5184 125
5120 35
5103 2
5040 105
5000 4
4900 5
4860 35
4800 86
4725 6
4704 21
4608 69
4536 45
4500 16
4480 38
4410 2
4374 9
4320 165
4200 33
4096 14
4050 15
4032 67
4000 16
3969 1
3920 10
3888 67
3840 95
3780 44
3750 1
3675 1
3600 66
3584 9
3528 15
3500 2
3456 76
3402 6
3360 61
3240 67
3200 27
3150 8
3136 11
3072 37
3024 59
3000 15
2940 10
2916 8
2880 123
2835 6
2800 11
2700 26
2688 40
2646 4
2592 64
2560 18
2520 48
2430 7
2400 39
2352 10
2304 49
2268 13
2250 2
2240 17
2205 1
2187 1
2160 65
2100 7
2048 6
2016 46
2000 8
1960 5
1944 28
1920 56
1890 12
1875 1
1800 24
1792 9
1764 8
1750 2
1728 64
1680 32
1620 15
1600 13
1568 6
1536 15
1512 25
1500 2
1458 2
1440 56
1400 6
1350 8
1344 13
1323 1
1296 34
1280 14
1260 10
1200 17
1176 6
1152 25
1134 3
1120 6
1080 28
1050 4
1024 3
1008 11
980 2
972 7
960 22
945 1
900 3
896 3
882 1
864 28
840 6
810 6
800 7
784 1
768 15
756 2
720 20
700 1
672 11
648 14
640 12
630 3
600 4
588 1
576 22
560 5
540 11
525 1
512 5
504 7
486 1
480 19
450 1
448 2
432 8
420 2
400 1
384 8
378 1
360 7
336 1
324 1
320 7
315 1
300 1
288 3
270 1
256 1
252 1
240 5
216 2
210 3
200 1
196 1
192 4
189 1
180 3
168 2
160 3
144 7
140 1
128 2
120 2
108 1
96 1
72 1
64 1
60 2
48 1
