3068 1
3064 1
3059 1
3051 1
3047 1
3040 1
3038 1
3037 2
3034 1
3032 1
3029 2
3028 1
3027 1
3024 3
3023 1
3019 2
3017 1
3016 1
3015 2
3013 1
3012 1
3011 3
3010 4
3009 1
3008 1
3007 4
3006 6
3005 3
3004 2
3003 3
3002 1
3001 1
3000 6
2999 8
2998 1
2997 2
2996 7
2995 4
2994 6
2993 2
2992 4
2991 6
2990 4
2989 6
2988 5
2987 10
2986 4
2985 9
2984 10
2983 11
2982 6
2981 4
2980 4
2979 11
2978 10
2977 12
2976 12
2975 11
2974 16
2973 10
2972 21
2971 10
2970 24
2969 24
2968 19
2967 20
2966 28
2965 30
2964 19
2963 35
2962 27
2961 27
2960 18
2959 25
2958 23
2957 36
2956 36
2955 39
2954 25
2953 44
2952 34
2951 40
2950 45
2949 42
2948 61
2947 52
2946 56
2945 76
2944 52
2943 75
2942 81
2941 73
2940 69
2939 83
2938 80
2937 87
2936 92
2935 101
2934 110
2933 110
2932 117
2931 128
2930 137
2929 126
2928 127
2927 140
2926 147
2925 139
2924 147
2923 138
2922 167
2921 175
2920 169
2919 221
2918 182
2917 227
2916 228
2915 223
2914 237
2913 223
2912 282
2911 322
2910 280
2909 285
2908 322
2907 288
2906 328
2905 314
2904 361
2903 330
2902 345
2901 385
2900 418
2899 439
2898 418
2897 465
2896 466
2895 492
2894 491
2893 478
2892 502
2891 564
2890 572
2889 612
2888 600
2887 636
2886 638
2885 680
2884 677
2883 722
2882 794
2881 778
2880 831
2879 834
2878 866
2877 932
2876 897
2875 907
2874 997
2873 1004
2872 1001
2871 1031
2870 1145
2869 1136
2868 1147
2867 1173
2866 1250
2865 1202
2864 1304
2863 1290
2862 1389
2861 1370
2860 1382
2859 1507
2858 1516
2857 1584
2856 1562
2855 1717
2854 1656
2853 1636
2852 1778
2851 1809
2850 1841
2849 1963
2848 1864
2847 2046
2846 2051
2845 2075
2844 2180
2843 2227
2842 2273
2841 2287
2840 2337
2839 2322
2838 2401
2837 2493
2836 2581
2835 2600
2834 2667
2833 2605
2832 2733
2831 2836
2830 2868
2829 2956
2828 3055
2827 2971
2826 3149
2825 3165
2824 3198
2823 3252
2822 3284
2821 3318
2820 3468
2819 3500
2818 3592
2817 3595
2816 3766
2815 3685
2814 3717
2813 3820
2812 3822
2811 4015
2810 4005
2809 4102
2808 4141
2807 4143
2806 4251
2805 4301
2804 4426
2803 4317
2802 4445
2801 4600
2800 4478
2799 4665
2798 4703
2797 4818
2796 4761
2795 4814
2794 4953
2793 4885
2792 5003
2791 5093
2790 5069
2789 5171
2788 5239
2787 5136
2786 5272
2785 5327
2784 5523
2783 5404
2782 5415
2781 5560
2780 5716
2779 5618
2778 5654
2777 5670
2776 5738
2775 5619
2774 5774
2773 5720
2772 5825
2771 5898
2770 6022
2769 5861
2768 5930
2767 5805
2766 6041
2765 6064
2764 6144
2763 6028
2762 6129
2761 6078
2760 6013
2759 6143
2758 6240
2757 6117
2756 6265
2755 6086
2754 6157
2753 6373
2752 6278
2751 6187
2750 6079
2749 6245
2748 6146
2747 6328
2746 6322
2745 6179
2744 6213
2743 6053
2742 6172
2741 6291
2740 6194
2739 6075
2738 5929
2737 6230
2736 6113
2735 6024
2734 6043
2733 5893
2732 5978
2731 5803
2730 5839
2729 5851
2728 5866
2727 5817
2726 5787
2725 5866
2724 5760
2723 5843
2722 5728
2721 5511
2720 5784
2719 5475
2718 5465
2717 5454
2716 5382
2715 5354
2714 5199
2713 5268
2712 5229
2711 5149
2710 5140
2709 4979
2708 5038
2707 4974
2706 4868
2705 4828
2704 4811
2703 4756
2702 4781
2701 4695
2700 4574
2699 4506
2698 4546
2697 4414
2696 4448
2695 4243
2694 4231
2693 4165
2692 4131
2691 4026
2690 3962
2689 4031
2688 3911
2687 3839
2686 3695
2685 3767
2684 3684
2683 3666
2682 3507
2681 3507
2680 3368
2679 3373
2678 3353
2677 3184
2676 3269
2675 3254
2674 3121
2673 3064
2672 2992
2671 2884
2670 2834
2669 2766
2668 2765
2667 2633
2666 2733
2665 2549
2664 2563
2663 2542
2662 2464
2661 2438
2660 2328
2659 2326
2658 2272
2657 2160
2656 2127
2655 2111
2654 2020
2653 1998
2652 1976
2651 1864
2650 1819
2649 1851
2648 1726
2647 1666
2646 1618
2645 1708
2644 1528
2643 1527
2642 1500
2641 1495
2640 1438
2639 1413
2638 1305
2637 1281
2636 1346
2635 1183
2634 1219
2633 1170
2632 1125
2631 1081
2630 1106
2629 1027
2628 1027
2627 999
2626 979
2625 924
2624 913
2623 899
2622 829
2621 795
2620 836
2619 796
2618 778
2617 712
2616 708
2615 635
2614 672
2613 661
2612 579
2611 628
2610 599
2609 528
2608 536
2607 526
2606 529
2605 509
2604 467
2603 486
2602 410
2601 391
2600 406
2599 402
2598 381
2597 369
2596 325
2595 329
2594 363
2593 313
2592 305
2591 282
2590 286
2589 278
2588 217
2587 229
2586 227
2585 231
2584 225
2583 240
2582 193
2581 194
2580 179
2579 179
2578 181
2577 152
2576 161
2575 158
2574 156
2573 133
2572 142
2571 126
2570 121
2569 120
2568 122
2567 105
2566 118
2565 97
2564 92
2563 81
2562 89
2561 65
2560 77
2559 75
2558 65
2557 69
2556 70
2555 64
2554 55
2553 60
2552 61
2551 60
2550 49
2549 44
2548 45
2547 47
2546 44
2545 47
2544 38
2543 39
2542 37
2541 38
2540 23
2539 25
2538 24
2537 21
2536 22
2535 21
2534 18
2533 28
2532 18
2531 28
2530 21
2529 18
2528 19
2527 12
2526 19
2525 15
2524 10
2523 15
2522 10
2521 8
2520 11
2519 6
2518 11
2517 6
2516 6
2515 5
2514 7
2513 7
2512 7
2511 5
2510 10
2509 3
2508 5
2507 3
2506 3
2504 5
2503 2
2502 2
2501 1
2500 2
2499 2
2498 3
2497 4
2496 1
2495 4
2493 1
2492 2
2491 2
2490 2
2489 3
2488 3
2487 1
2486 1
2485 2
2484 2
2482 4
2481 1
2480 1
2479 2
2478 2
2477 1
2473 2
2472 1
2471 1
2470 2
2468 2
2462 1
2457 2
2438 1
