4082400000 1
4032000000 1
3779136000 1
3628800000 2
3542940000 1
3456000000 1
3402000000 1
3401222400 1
3359232000 1
3110400000 1
3023308800 1
2985984000 1
2939328000 1
2916000000 2
2857680000 2
2834352000 1
2799360000 1
2778300000 1
2755620000 1
2721600000 3
2688000000 1
2654208000 1
2612736000 2
2592000000 1
2580480000 1
2571912000 2
2551500000 1
2520000000 2
2519424000 3
2508800000 1
2488320000 1
2480058000 2
2469600000 1
2457600000 1
2419200000 2
2418647040 1
2381400000 1
2380855680 1
2361960000 3
2332800000 4
2322432000 2
2314720800 1
2286144000 1
2268000000 5
2257920000 1
2211840000 1
2204496000 2
2177280000 2
2160900000 1
2143260000 2
2125764000 2
2116316160 2
2099520000 3
2090188800 2
2073600000 2
2041200000 2
2025000000 1
2016000000 1
2015539200 2
2008846980 1
2000376000 2
1984500000 1
1984046400 1
1975680000 1
1960000000 1
1959552000 4
1944810000 1
1944000000 4
1935360000 3
1920000000 1
1905120000 3
1889568000 3
1881600000 1
1866240000 1
1852200000 1
1843200000 4
1837080000 5
1828915200 4
1822500000 1
1814400000 5
1806336000 1
1800338400 2
1800000000 1
1791590400 2
1786050000 1
1769472000 1
1764000000 4
1763596800 5
1749600000 5
1741824000 8
1728720000 1
1728000000 1
1720320000 2
1714608000 6
1701000000 1
1700611200 3
1693440000 2
1679616000 5
1672151040 1
1658880000 5
1646400000 1
1646023680 1
1632960000 11
1625702400 2
1620000000 1
1612800000 3
1607445000 2
1600300800 3
1592524800 3
1587600000 6
1575000000 1
1574640000 2
1567641600 4
1555848000 1
1555200000 7
1548288000 2
1543500000 1
1543147200 6
1536640000 1
1530900000 1
1524096000 8
1512000000 4
1511654400 4
1505280000 2
1500282000 2
1492992000 4
1488034800 5
1481760000 3
1470000000 1
1469664000 13
1463132160 2
1458000000 6
1451520000 7
1445068800 1
1433600000 3
1428840000 8
1428513408 1
1422489600 1
1417500000 1
1417176000 2
1411200000 7
1399680000 11
1389150000 1
1388832480 1
1382400000 5
1377810000 3
1371686400 6
1361367000 1
1360800000 8
1354752000 5
1350253800 3
1344000000 4
1343692800 5
1333584000 8
1327104000 7
1323000000 1
1322697600 5
1312200000 6
1306368000 21
1296540000 1
1296243648 1
1296000000 3
1290240000 7
1285956000 5
1280240640 4
1275750000 1
1270080000 12
1260000000 3
1259712000 9
1254400000 3
1254113280 3
1244678400 1
1244160000 12
1240029000 1
1238630400 2
1234800000 6
1234517760 4
1229312000 1
1228800000 2
1225230300 1
1224720000 21
1224440064 1
1219276800 4
1215000000 1
1210104000 1
1209600000 19
1200225600 4
1194393600 1
1190700000 3
1190427840 2
1185408000 8
1180980000 4
1179648000 4
1176000000 5
1175731200 7
1166886000 3
1166400000 12
1161216000 14
1157360400 2
1152000000 3
1148175000 3
1147912560 1
1146880000 3
1143072000 20
1137991680 1
1134000000 9
1133740800 1
1128960000 13
1120210560 1
1120000000 1
1119744000 11
1114767360 1
1111320000 5
1106380800 1
1105920000 7
1102248000 15
1097600000 5
1097349120 1
1093500000 1
1089093600 1
1088640000 24
1083801600 5
1080450000 2
1080000000 2
1075200000 7
1074954240 1
1071630000 7
1071385056 1
1066867200 6
1062882000 1
1058400000 10
1058158080 4
1053696000 3
1050197400 1
1049760000 14
1045094400 17
1041624360 1
1037232000 1
1036800000 19
1032192000 6
1028764800 12
1024192512 2
1020600000 11
1016064000 25
1012500000 1
1011548160 2
1008189504 1
1008000000 8
1007769600 7
1003520000 5
1003290624 1
1000188000 8
995742720 1
995328000 13
992250000 1
992023200 13
990904320 4
987840000 10
984150000 1
983040000 3
980184240 1
980000000 1
979776000 45
975421440 5
972405000 1
972182736 1
972000000 11
968083200 1
967680000 22
967458816 1
964467000 3
963379200 1
960400000 1
960180480 7
960000000 1
956593800 2
955514880 2
952560000 32
952342272 1
948326400 3
945177660 2
945000000 4
944784000 17
940800000 5
940584960 5
933508800 5
933120000 17
930021750 1
928972800 8
926100000 3
925888320 4
921984000 1
921600000 5
918540000 11
918330048 1
914457600 24
910393344 1
907200000 29
906992640 2
903168000 13
900169200 8
900000000 1
896000000 7
895795200 5
893025000 1
892820880 1
889056000 17
885735000 1
884736000 7
882000000 10
881798400 17
878080000 2
875164500 2
874800000 12
871274880 2
870912000 37
868020300 4
867041280 1
864360000 3
864162432 1
864000000 14
860934420 1
860518400 1
860160000 11
857304000 30
853493760 5
850500000 3
850305600 5
846720000 21
846526464 1
842956800 1
840157920 5
840000000 4
839808000 41
836075520 2
833490000 4
833299488 1
829440000 26
826686000 7
825753600 2
823200000 10
823011840 17
819200000 1
816480000 48
816293376 3
812851200 12
810152280 2
810000000 2
806400000 26
806215680 2
803722500 2
802816000 4
800150400 12
797161500 1
796262400 5
793800000 11
793618560 7
790272000 7
787648050 1
787320000 18
786432000 1
784000000 4
783820800 45
781218270 1
777924000 5
777600000 31
774144000 21
771573600 17
768320000 1
768144384 1
768000000 2
765450000 9
765275040 1
762365520 2
762048000 49
756142128 2
756000000 23
755827200 13
754974720 1
752640000 10
752467968 2
750141000 6
746807040 1
746496000 34
744017400 2
743178240 1
740880000 19
740710656 5
738112500 1
737587200 2
737280000 8
734832000 59
731566080 9
729000000 11
725760000 51
725594112 1
722534400 7
720300000 1
720135360 9
720000000 10
716800000 2
716636160 1
714420000 31
711244800 23
708750000 2
708588000 9
707788800 4
705600000 22
705438720 12
702464000 5
700131600 4
700000000 1
699840000 41
696729600 38
694575000 2
694416240 4
691488000 5
691200000 16
688905000 8
688128000 7
686000000 1
685843200 48
682795008 1
680400000 43
680244480 3
677376000 40
675126900 7
675000000 1
674365440 1
672126336 1
672000000 7
671846400 22
669615660 1
668860416 1
666792000 24
663828480 5
663552000 14
661500000 6
661348800 31
660602880 1
658560000 7
658409472 6
656100000 8
653456160 1
653184000 78
650280960 9
648270000 5
648121824 2
648000000 20
645388800 1
645120000 29
642978000 23
642252800 4
640120320 15
640000000 2
637875000 2
637729200 2
635040000 64
634894848 3
632217600 9
630118440 4
630000000 4
629856000 40
629145600 2
627200000 10
627056640 21
625117500 8
622339200 14
622080000 43
620014500 4
619573248 1
619315200 12
617400000 14
617258880 18
614656000 2
614400000 9
612360000 33
609638400 51
607614210 1
607500000 1
606928896 1
605052000 1
604800000 48
604661760 12
602112000 16
600250000 2
600112800 32
600000000 2
597445632 3
597196800 16
595350000 13
595213920 8
592704000 31
590490000 5
589824000 9
588000000 13
587865600 57
585252864 4
583443000 7
583200000 37
580849920 1
580608000 88
578680200 12
578027520 2
576240000 2
576108288 1
576000000 23
574087500 1
573440000 5
571536000 73
568995840 9
567000000 22
566870400 11
566231040 2
564480000 40
561971200 1
560105280 7
560000000 3
559872000 60
558013050 1
557383680 12
555660000 20
555532992 7
553190400 10
552960000 30
551124000 38
550502400 2
548800000 8
548674560 37
546750000 3
544546800 4
544320000 97
544195584 2
542126592 1
541900800 23
540225000 1
540101520 10
540000000 13
537824000 3
537600000 18
537477120 10
535815000 10
535692528 1
533433600 47
531441000 4
530841600 12
529200000 34
529079040 23
526848000 13
525098700 10
524880000 44
522764928 1
522547200 93
520812180 4
520224768 3
518616000 17
518400000 48
516311040 1
516096000 37
514500000 1
514382400 61
512096256 4
512000000 4
510300000 25
510183360 4
509607936 1
508243680 1
508032000 130
506250000 1
505774080 7
504210000 1
504000000 25
503884800 39
501760000 12
501645312 4
500094000 29
497871360 8
497664000 54
496125000 3
496011600 18
495452160 2
493920000 23
493807104 8
492075000 3
491724800 1
491520000 3
490000000 5
489888000 119
487710720 24
486202500 4
486091368 2
486000000 18
484041600 3
483840000 110
482233500 8
481689600 6
480200000 2
480090240 34
480000000 7
478296900 2
477757440 8
476280000 63
476171136 3
474163200 36
472588830 1
472500000 7
472392000 31
471859200 3
470400000 30
470292480 40
466754400 10
466560000 79
464486400 56
463050000 10
462944160 17
460992000 7
460800000 21
459270000 28
458752000 2
457419312 1
457228800 102
455625000 1
455196672 1
453789000 3
453600000 78
453496320 15
451772160 1
451584000 56
450084600 18
450000000 2
448084224 6
448000000 10
447897600 59
446512500 5
446410440 7
445906944 3
444528000 61
442867500 1
442552320 4
442368000 19
441082908 1
441000000 11
440899200 64
439040000 8
438939648 5
437582250 4
437400000 28
435637440 3
435456000 168
434010150 2
433520640 13
432180000 5
432081216 8
432000000 31
430259200 1
430080000 24
429981696 5
428750000 2
428652000 76
426746880 34
425329947 1
425250000 10
425152800 15
424673280 4
423536400 1
423360000 96
423263232 9
421478400 6
420078960 6
420000000 5
419904000 83
418037760 36
416745000 9
416649744 3
414892800 10
414720000 60
413343000 27
412876800 16
411600000 9
411505920 54
409600000 2
408410100 5
408240000 136
406425600 87
405076140 4
405000000 3
404619264 1
403368000 6
403200000 76
403107840 23
401861250 2
401408000 9
400075200 58
400000000 2
398131200 32
396900000 39
396809280 29
395136000 43
393660000 17
393216000 5
392073696 1
392000000 9
391910400 151
390168576 5
388962000 18
388800000 80
387233280 1
387072000 89
385875000 2
385786800 38
385351680 1
384160000 1
384072192 17
384000000 9
382725000 8
382637520 3
382205952 3
381182760 1
381024000 168
379330560 20
378000000 33
377913600 48
376476800 1
376320000 36
376233984 1
375070500 14
373403520 15
373248000 132
372008700 3
371589120 21
370440000 39
370355328 14
368793600 12
368640000 31
367569090 1
367500000 1
367416000 116
367001600 1
365783040 68
364500000 9
363031200 9
362880000 194
362797056 5
361675125 1
361417728 1
361267200 36
360150000 2
360067680 26
360000000 14
358400000 17
358318080 24
357210000 49
357128352 4
355622400 92
354375000 2
354294000 15
354041856 1
353894400 12
352800000 54
352719360 71
351232000 10
350065800 14
350000000 2
349920000 104
348364800 116
347287500 1
347208120 11
345744000 17
345600000 73
344452500 2
344064000 27
343000000 6
342921600 119
341397504 12
340200000 88
340122240 12
339738624 1
338688000 149
337563450 4
337182720 5
336140000 4
336063168 6
336000000 32
335923200 92
334807830 1
334430208 10
333396000 45
331914240 16
331776000 87
330750000 5
330674400 44
330301440 4
329280000 33
329204736 21
328050000 8
327680000 2
326728080 6
326592000 245
325140480 54
324135000 3
324060912 10
324000000 36
322694400 2
322560000 97
322486272 6
321489000 34
321126400 5
320060160 52
320000000 2
318864600 4
318504960 11
317520000 132
317447424 10
316108800 45
315059220 4
315000000 14
314928000 80
314703872 1
314572800 2
313600000 16
313528320 79
312558750 3
312487308 1
311169600 42
311040000 157
309657600 64
308700000 17
308629440 59
308281344 1
307328000 5
307200000 13
306250000 2
306180000 93
306110016 1
304946208 1
304819200 197
303750000 6
303464448 2
302526000 4
302400000 120
302330880 41
301181440 2
301056000 52
300056400 65
300000000 1
298722816 5
298598400 81
297675000 16
297606960 15
297271296 4
296352000 102
295245000 10
295034880 4
294912000 19
294055272 1
294000000 12
293932800 205
293601280 2
292626432 15
291721500 7
291600000 80
290424960 8
290304000 208
289340100 18
289013760 9
288120000 14
288054144 14
288000000 40
286978140 1
286720000 16
286654464 7
285768000 188
284497920 46
283553298 1
283500000 26
283435200 36
283115520 1
282357600 1
282240000 138
282175488 23
281302875 1
280985600 10
280052640 37
280000000 7
279936000 160
278691840 67
277830000 28
277766496 9
276595200 34
276480000 92
275562000 71
275251200 9
274400000 4
274337280 116
273375000 1
272273400 5
272160000 264
272097792 8
271063296 3
270950400 90
270050760 16
270000000 6
268912000 1
268800000 66
268738560 39
267907500 13
267846264 2
266716800 120
265720500 2
265531392 4
265420800 48
264600000 57
264539520 56
263533760 1
263424000 46
262500000 1
262440000 76
262144000 4
261382464 1
261273600 299
260406090 2
260112384 10
259308000 30
259200000 116
258155520 1
258048000 88
257250000 4
257191200 120
256901120 1
256048128 28
256000000 11
255150000 48
255091680 14
254803968 3
254121840 1
254016000 284
253125000 2
252887040 13
252105000 1
252047376 5
252000000 60
251942400 115
250880000 27
250822656 19
250047000 41
250000000 1
248935680 32
248832000 165
248062500 1
248005800 23
247726080 20
247062900 2
246960000 69
246903552 18
246037500 2
245862400 8
245760000 19
245046060 5
245000000 4
244944000 281
243855360 119
243045684 1
243000000 39
242020800 8
241920000 254
241864704 11
241116750 5
240844800 30
240100000 1
240045120 51
240000000 16
238878720 39
238140000 124
238085568 12
237081600 105
236250000 6
236196000 53
236027904 2
235929600 14
235298000 1
235200000 48
235146240 149
233377200 42
233280000 227
232339968 1
232243200 190
231525000 9
231472080 51
231211008 2
230496000 20
230400000 69
229635000 31
229582512 1
229376000 10
228709656 2
228614400 307
227598336 9
226894500 1
226800000 163
226748160 26
225886080 2
225792000 185
225042300 21
225000000 3
224788480 2
224042112 10
224000000 19
223948800 156
223256250 1
223205220 3
222953472 8
222264000 128
221276160 12
221184000 85
220500000 17
220449600 153
220200960 2
219520000 22
219469824 29
218700000 32
217818720 6
217728000 412
216760320 45
216090000 18
216040608 12
216000000 41
215129600 4
215040000 59
214990848 13
214375000 1
214326000 106
213373440 87
212625000 10
212576400 21
212336640 10
211680000 229
211631616 34
210739200 31
210087500 2
210039480 9
210000000 18
209952000 193
209018880 136
208372500 12
208324872 5
207446400 59
207360000 200
206671500 19
206438400 71
205800000 21
205752960 146
204800000 9
204205050 2
204120000 255
204073344 3
203297472 1
203212800 249
202538070 3
202500000 10
202309632 3
201684000 8
201600000 167
201553920 60
200930625 1
200704000 26
200037600 108
200000000 2
199148544 9
199065600 138
198450000 52
198404640 51
198180864 1
197568000 122
196830000 35
196689920 4
196608000 20
196036848 3
196000000 13
195955200 408
195084288 29
194481000 24
194400000 157
193616640 12
193536000 253
192937500 1
192893400 43
192675840 5
192080000 10
192036096 21
192000000 37
191362500 9
191318760 5
191102976 10
190591380 1
190512000 364
189665280 64
189035532 3
189000000 57
188956800 99
188743680 3
188238400 2
188160000 121
188116992 35
187535250 9
186701760 57
186624000 283
186004350 3
185794560 78
185220000 78
185177664 23
184396800 30
184320000 89
183750000 2
183708000 159
183500800 4
182891520 217
182284263 1
182250000 15
181515600 6
181440000 461
181398528 13
180633600 112
180075000 3
180033840 57
180000000 23
179830784 1
179200000 27
179159040 81
178605000 54
178564176 6
177811200 217
177147000 18
177020928 3
176947200 45
176473500 1
176400000 106
176359680 162
175616000 29
175032900 15
175000000 3
174960000 182
174254976 2
174182400 378
173604060 9
173408256 7
172872000 43
172800000 138
172226250 4
172032000 56
171500000 4
171460800 288
170698752 29
170100000 115
170061120 29
169869312 3
169414560 2
169344000 388
168781725 3
168750000 1
168591360 16
168031584 9
168000000 57
167961600 228
167215104 20
166698000 78
165957120 36
165888000 198
165375000 15
165337200 83
165150720 15
164640000 68
164602368 39
164025000 9
163840000 7
163364040 8
163296000 547
162570240 131
162067500 6
162030456 9
162000000 64
161347200 8
161280000 268
161243136 25
160744500 33
160563200 17
160030080 131
160000000 4
159468750 1
159432300 4
159252480 39
158826150 1
158760000 249
158723712 30
158054400 135
157529610 5
157500000 13
157464000 133
157286400 7
156800000 37
156764160 237
155584800 71
155520000 361
154893312 2
154828800 201
154350000 23
154314720 110
154140672 1
153664000 12
153600000 42
153125000 1
153090000 121
153055008 1
152473104 2
152409600 436
151875000 1
151732224 10
151263000 4
151200000 220
151165440 59
150994944 1
150528000 107
150028200 68
150000000 5
149361408 13
149299200 231
148837500 9
148803480 17
148635648 24
148237740 2
148176000 170
147622500 6
147517440 8
147456000 74
147027636 1
147000000 20
146966400 392
146800640 2
146313216 58
145860750 6
145800000 92
145212480 17
145152000 624
144670050 9
144506880 44
144060000 16
144027072 41
144000000 83
143360000 35
143327232 11
142884000 279
142248960 141
141750000 24
141717600 62
141557760 15
141178800 2
141120000 262
141087744 50
140492800 18
140026320 35
140000000 10
139968000 357
139345920 221
138915000 44
138883248 11
138297600 61
138240000 248
137781000 73
137625600 31
137200000 23
137168640 247
136687500 2
136136700 4
136080000 454
136048896 13
135475200 284
135056250 1
135025380 15
135000000 17
134873088 2
134456000 1
134400000 128
134369280 113
133953750 7
133923132 2
133358400 228
132860250 1
132765696 14
132710400 145
132355125 1
132300000 93
132269760 135
132120576 4
131712000 102
131250000 1
131220000 92
131072000 3
130691232 5
130636800 667
130203045 3
130056192 22
129654000 42
129600000 203
129077760 9
129024000 267
128625000 1
128595600 161
128450560 3
128024064 57
128000000 20
127575000 38
127545840 9
127401984 6
127060920 2
127008000 580
126443520 60
126052500 2
126023688 6
126000000 84
125971200 199
125829120 1
125440000 52
125411328 54
125023500 31
125000000 1
124467840 68
124416000 452
124031250 3
124002900 17
123863040 70
123480000 126
123451776 62
123018750 3
122931200 14
122880000 57
122523030 5
122500000 4
122472000 458
121927680 300
121522842 4
121500000 28
121010400 19
120960000 550
120932352 24
120422400 88
120050000 8
120022560 109
120000000 17
119574225 1
119439360 115
119070000 141
119042784 21
118540800 236
118125000 7
118098000 56
118013952 2
117964800 34
117600000 93
117573120 296
116688600 37
116640000 362
116169984 3
116121600 496
115762500 7
115736040 50
115605504 10
115248000 39
115200000 140
114817500 30
114791256 2
114688000 31
114307200 573
113799168 29
113447250 5
113400000 251
113374080 89
113246208 1
112943040 1
112896000 366
112521150 25
112500000 2
112394240 6
112021056 26
112000000 35
111974400 376
111602610 2
111476736 47
111132000 233
110638080 31
110592000 229
110250000 26
110224800 245
110100480 14
109760000 35
109734912 83
109350000 51
108909360 24
108864000 893
108380160 133
108045000 16
108020304 25
108000000 91
107564800 12
107520000 172
107495424 31
107187500 1
107163000 126
106686720 232
106312500 6
106288200 18
106168320 53
105884100 2
105840000 352
105815808 54
105369600 73
105019740 21
105000000 15
104976000 294
104857600 1
104509440 370
104186250 4
104162436 1
103723200 118
103680000 452
103335750 8
103262208 2
103219200 154
102900000 27
102876480 225
102400000 26
102102525 2
102060000 311
102036672 12
101606400 633
101269035 1
101250000 10
101154816 6
100842000 11
100800000 269
100776960 160
100352000 51
100018800 151
100000000 6
99574272 31
99532800 335
99225000 46
99202320 79
99090432 11
98784000 239
98415000 29
98344960 6
98304000 39
98018424 2
98000000 26
97977600 734
97542144 73
97240500 21
97200000 203
96808320 22
96768000 683
96446700 57
96337920 25
96040000 10
96018048 56
96000000 57
95681250 3
95659380 7
95551488 21
95295690 2
95256000 578
94832640 158
94517766 1
94500000 58
94478400 157
94371840 8
94080000 198
94058496 96
93767625 1
93350880 68
93312000 616
93002175 1
92897280 229
92610000 109
92588832 39
92198400 50
92160000 227
91875000 1
91854000 224
91750400 22
91445760 422
91125000 9
90757800 12
90720000 722
90699264 27
90316800 283
90037500 2
90016920 59
90000000 24
89915392 1
89600000 58
89579520 203
89302500 37
89282088 2
88905600 364
88593750 1
88573500 12
88510464 6
88473600 136
88200000 162
88179840 293
87808000 52
87516450 15
87500000 2
87480000 263
87127488 7
87091200 865
86802030 9
86704128 20
86436000 56
86400000 285
86051840 6
86016000 188
85750000 5
85730400 376
85349376 64
85050000 135
85030560 41
84934656 4
84707280 6
84672000 672
84375000 2
84295680 31
84035000 1
84015792 16
84000000 91
83980800 462
83607552 82
83349000 106
82978560 97
82944000 528
82687500 2
82668600 92
82575360 52
82320000 111
82301184 114
82012500 4
81920000 21
81682020 7
81648000 931
81285120 369
81033750 2
81015228 7
81000000 76
80673600 16
80640000 518
80621568 55
80372250 19
80281600 20
80015040 209
80000000 9
79716150 1
79626240 155
79413075 2
79380000 352
79361856 41
79027200 238
78764805 1
78750000 11
78732000 169
78643200 24
78400000 72
78382080 542
78121827 1
77792400 76
77760000 579
77446656 4
77414400 499
77175000 25
77157360 126
77070336 6
76832000 39
76800000 95
76545000 108
76527504 2
76236552 2
76204800 799
75937500 3
75866112 33
75631500 6
75600000 354
75582720 158
75497472 3
75295360 1
75264000 256
75014100 71
75000000 4
74680704 38
74649600 578
74418750 3
74401740 13
74317824 41
74088000 319
73811250 3
73758720 32
73728000 187
73513818 2
73500000 28
73483200 571
73400320 2
73156608 131
72930375 1
72900000 135
72606240 31
72576000 1198
72335025 1
72253440 130
72030000 19
72013536 58
72000000 105
71680000 85
71663616 54
71442000 318
71124480 276
70875000 16
70858800 46
70778880 35
70589400 2
70560000 425
70543872 111
70312500 1
70246400 39
70013160 37
70000000 15
69984000 627
69672960 500
69457500 34
69441624 11
69177612 1
69148800 107
69120000 473
68890500 58
68841472 1
68812800 94
68600000 30
68584320 479
68343750 1
68068350 2
68040000 619
68024448 11
67765824 2
67737600 635
67512690 8
67500000 24
67436544 12
67228000 6
67200000 197
67184640 330
67108864 1
66976875 3
66961566 1
66679200 333
66382848 24
66355200 374
66150000 101
66134880 191
66060288 11
65856000 196
65610000 95
65536000 13
65345616 10
65318400 1188
65028096 66
64827000 43
64800000 352
64538880 7
64512000 562
64312500 3
64297800 172
64225280 15
64012032 90
64000000 27
63787500 25
63772920 12
63700992 21
63530460 2
63504000 871
63221760 119
63026250 1
63011844 4
63000000 118
62985600 356
62914560 5
62720000 91
62705664 131
62511750 12
62500000 1
62233920 101
62208000 880
62001450 8
61931520 185
61740000 133
61725888 83
61465600 26
61440000 129
61261515 2
61250000 2
61236000 628
60963840 609
60761421 2
60750000 27
60505200 19
60480000 937
60466176 50
60236288 1
60211200 183
60025000 1
60011280 143
60000000 27
59719680 275
59535000 154
59521392 27
59295096 1
59270400 423
59062500 3
59049000 62
59006976 7
58982400 105
58800000 130
58786560 564
58344300 38
58320000 520
58084992 9
58060800 1001
57881250 3
57868020 45
57802752 26
57624000 56
57600000 278
57408750 11
57344000 62
57177414 2
57153600 758
56899584 87
56723625 1
56700000 254
56687040 81
56623104 3
56471520 6
56448000 673
56260575 4
56250000 2
56197120 12
56010528 37
56000000 47
55987200 719
55738368 79
55566000 223
55319040 72
55296000 521
55125000 17
55112400 299
55050240 33
54880000 54
54867456 170
54675000 34
54454680 14
54432000 1483
54190080 343
54022500 16
54010152 33
54000000 133
53782400 6
53760000 296
53747712 72
53581500 88
53343360 368
53156250 3
53144100 9
53084160 142
52942050 1
52920000 496
52907904 91
52684800 167
52509870 11
52500000 12
52488000 431
52428800 5
52254720 749
52093125 1
52081218 5
51861600 127
51840000 775
51667875 1
51631104 4
51609600 368
51450000 26
51438240 330
51380224 1
51200000 46
51030000 314
51018336 9
50824368 3
50803200 1111
50625000 5
50577408 30
50421000 9
50400000 414
50388480 302
50331648 1
50176000 104
50009400 155
50000000 4
49787136 35
49766400 705
49612500 23
49601160 51
49545216 30
49392000 330
49207500 22
49172480 11
49152000 95
49009212 6
49000000 23
48988800 1063
48771072 142
48620250 10
48600000 285
48404160 25
48384000 1284
48223350 32
48168960 49
48020000 18
48009024 89
48000000 85
47829690 4
47775744 45
47628000 696
47416320 292
47258883 1
47250000 44
47239200 200
47185920 28
47059600 2
47040000 325
47029248 195
46675440 91
46656000 965
46448640 496
46305000 91
46294416 42
46099200 72
46080000 405
45927000 198
45875200 35
45722880 759
45562500 4
45378900 12
45360000 972
45349632 61
45177216 1
45158400 571
45008460 43
45000000 27
44957696 1
44800000 113
44789760 433
44651250 21
44641044 7
44471322 1
44452800 551
44286750 4
44255232 26
44236800 329
44100000 165
44089920 394
44040192 5
43904000 80
43758225 4
43740000 303
43563744 14
43545600 1644
43401015 3
43352064 67
43218000 72
43200000 409
43025920 5
43008000 322
42875000 2
42865200 426
42674688 142
42525000 65
42515280 49
42467328 24
42353640 6
42336000 1083
42147840 63
42017500 1
42007896 15
42000000 90
41990400 669
41943040 3
41803776 207
41674500 82
41489280 146
41472000 1009
41343750 3
41334300 74
41287680 153
41160000 124
41150592 171
41006250 1
40960000 42
40841010 6
40824000 1167
40642560 712
40507614 8
40500000 71
40336800 22
40320000 863
40310784 98
40186125 3
40140800 53
40007520 285
40000000 14
39858075 2
39813120 315
39690000 334
39680928 69
39513600 380
39375000 10
39366000 187
39337984 2
39321600 42
39200000 77
39191040 943
38896200 92
38880000 807
38723328 12
38707200 968
38587500 8
38578680 124
38535168 13
38416000 29
38400000 186
38272500 71
38263752 3
38118276 1
38102400 1298
37933056 76
37815750 3
37800000 415
37791360 234
37748736 3
37647680 1
37632000 405
37507050 38
37500000 4
37340352 47
37324800 1023
37200870 12
37158912 112
37044000 380
36879360 62
36864000 363
36750000 20
36741600 678
36700160 10
36578304 239
36450000 100
36303120 29
36288000 1881
36126720 250
36015000 14
36006768 62
36000000 125
35840000 130
35831808 95
35721000 316
35562240 465
35437500 12
35429400 48
35389440 100
35294700 2
35280000 575
35271936 211
35123200 59
35006580 44
35000000 4
34992000 811
34836480 919
34728750 18
34720812 14
34588806 1
34574400 138
34560000 798
34445250 22
34420736 4
34406400 198
34300000 22
34292160 643
34020000 619
34012224 38
33882912 8
33868800 1161
33756345 10
33750000 18
33718272 9
33614000 6
33600000 300
33592320 518
33339600 364
33191424 48
33177600 660
33075000 85
33067440 188
33030144 16
32928000 260
32805000 90
32768000 34
32672808 6
32659200 1814
32514048 166
32413500 24
32400000 422
32269440 16
32256000 982
32156250 2
32148900 124
32112640 31
32006016 162
32000000 47
31893750 9
31886460 9
31850496 57
31765230 1
31752000 1145
31610880 244
31505922 4
31500000 85
31492800 413
31457280 14
31360000 163
31352832 296
31255875 1
31116960 154
31104000 1306
31000725 2
30965760 397
30870000 118
30862944 95
30732800 40
30720000 227
30625000 5
30618000 585
30481920 1078
30375000 23
30252600 20
30240000 1172
30233088 111
30118144 2
30105600 330
30012500 2
30005640 135
30000000 35
29859840 531
29767500 83
29760696 25
29635200 607
29524500 27
29503488 12
29491200 198
29400000 182
29393280 837
29360128 1
29172150 18
29160000 560
29042496 19
29030400 1806
28940625 1
28934010 24
28901376 45
28812000 74
28800000 370
28704375 2
28697814 1
28672000 107
28576800 940
28449792 159
28350000 215
28343520 128
28311552 18
28235760 4
28224000 965
28125000 1
28098560 28
28005264 38
28000000 54
27993600 1136
27869184 212
27783000 213
27659520 129
27648000 822
27562500 9
27556200 233
27525120 63
27440000 66
27433728 315
27337500 22
27227340 12
27216000 1871
27095040 601
27011250 4
27005076 29
27000000 134
26891200 6
26880000 508
26873856 143
26790750 31
26671680 488
26572050 9
26542080 296
26460000 499
26453952 141
26342400 261
26254935 5
26250000 12
26244000 419
26214400 18
26127360 1340
26040609 2
25930800 149
25920000 1120
25815552 7
25804800 648
25725000 25
25719120 309
25690112 2
25600000 75
25515000 233
25509168 12
25412184 4
25401600 1699
25312500 2
25288704 65
25210500 9
25200000 460
25194240 423
25165824 2
25088000 165
25004700 117
25000000 4
24893568 60
24883200 1238
24806250 14
24800580 53
24772608 69
24696000 398
24603750 8
24586240 24
24576000 172
24504606 6
24500000 18
24494400 1333
24385536 320
24310125 8
24300000 234
24202080 32
24192000 1865
24111675 5
24084480 136
24010000 16
24004512 109
24000000 105
23914845 1
23887872 115
23814000 644
23708160 499
23625000 32
23619600 167
23592960 68
23529800 3
23520000 370
23514624 332
23337720 91
23328000 1351
23224320 937
23152500 50
23147208 41
23049600 110
23040000 598
22963500 115
22937600 77
22861440 1103
22781250 1
22689450 8
22680000 1083
22674816 73
22588608 5
22579200 969
22504230 32
22500000 23
22478848 4
22400000 133
22394880 776
22325625 1
22320522 2
22235661 1
22226400 565
22127616 44
22118400 580
22050000 100
22044960 432
22020096 9
21952000 116
21875000 1
21870000 235
21781872 21
21772800 2432
21676032 145
21609000 62
21600000 550
21512960 6
21504000 525
21437500 2
21432600 400
21337344 198
21262500 58
21257640 34
21233664 53
21176820 3
21168000 1329
21073920 137
21003948 16
21000000 109
20995200 878
20971520 1
20901888 390
20837250 28
20744640 177
20736000 1506
20671875 1
20667150 38
20643840 294
20580000 121
20575296 228
20480000 85
20420505 2
20412000 1214
20321280 1143
20253807 3
20250000 58
20168400 25
20160000 1139
20155392 133
20070400 108
20003760 285
20000000 22
19906560 574
19845000 235
19840464 51
19756800 547
19687500 3
19683000 117
19668992 2
19660800 100
19600000 81
19595520 1351
19448100 54
19440000 959
19361664 16
19353600 1675
19293750 4
19289340 95
19267584 23
19208000 33
19200000 255
19136250 22
19131876 2
19059138 1
19051200 1534
18966528 147
18907875 1
18900000 400
18895680 286
18874368 8
18816000 613
18753525 5
18750000 3
18670176 69
18662400 1577
18579456 184
18522000 313
18439680 76
18432000 593
18375000 16
18370800 616
18350080 17
18289152 386
18225000 68
18151560 22
18144000 2399
18063360 436
18007500 5
18003384 56
18000000 167
17920000 199
17915904 173
17860500 193
17781120 624
17718750 2
17714700 31
17694720 219
17647350 4
17640000 578
17635968 261
17561600 89
17503290 32
17500000 11
17496000 919
17418240 1527
17364375 5
17360406 7
17287200 141
17280000 1098
17222625 4
17203200 339
17150000 19
17146080 711
17010000 595
17006112 35
16941456 1
16934400 1716
16875000 9
16859136 26
16807000 5
16800000 323
16796160 787
16777216 1
16669800 279
16595712 75
16588800 1249
16537500 43
16533720 171
16515072 53
16464000 256
16402500 53
16384000 71
16336404 6
16329600 2233
16257024 289
16206750 12
16200000 402
16134720 21
16128000 1493
16074450 54
16056320 41
16003008 165
16000000 52
15946875 3
15943230 7
15925248 142
15882615 3
15876000 1070
15805440 378
15752961 1
15750000 60
15746400 440
15728640 28
15680000 175
15676416 471
15558480 150
15552000 1862
15482880 814
15435000 88
15431472 121
15366400 47
15360000 329
15312500 4
15309000 387
15240960 1456
15187500 8
15126300 8
15120000 1341
15116544 134
15052800 532
15002820 70
15000000 25
14929920 935
14883750 34
14880348 14
14817600 723
14762250 8
14751744 25
14745600 401
14700000 133
14696640 902
14680064 1
14586075 5
14580000 528
14521248 17
14515200 2649
14467005 4
14450688 91
14406000 48
14400000 478
14336000 186
14288400 840
14224896 226
14175000 163
14171760 106
14155776 40
14112000 1181
14062500 2
14049280 52
14002632 44
14000000 51
13996800 1458
13934592 370
13891500 125
13829760 148
13824000 1401
13778100 138
13762560 143
13720000 68
13716864 402
13668750 4
13613670 6
13608000 1963
13547520 1008
13505625 1
13502538 11
13500000 130
13445600 13
13440000 670
13436928 240
13395375 6
13335840 494
13286025 1
13271040 536
13230000 446
13226976 124
13176688 1
13171200 356
13125000 7
13122000 337
13107200 24
13063680 1889
12965400 109
12960000 1344
12907776 10
12902400 1126
12862500 9
12859560 294
12845056 9
12800000 93
12757500 133
12754584 11
12706092 3
12700800 1952
12656250 1
12644352 108
12605250 1
12600000 445
12597120 585
12582912 4
12544000 252
12502350 72
12500000 3
12446784 78
12441600 1914
12403125 4
12400290 22
12386304 138
12348000 407
12293120 26
12288000 332
12252303 2
12250000 19
12247200 1348
12192768 439
12150000 185
12101040 29
12096000 2428
12042240 217
12005000 8
12002256 140
12000000 124
11943936 224
11907000 457
11854080 630
11812500 20
11809800 124
11796480 136
11764900 1
11760000 456
11757312 442
11668860 47
11664000 1522
11612160 1566
11576250 12
11573604 17
11524800 130
11520000 852
11481750 48
11468800 92
11430720 1152
11344725 2
11340000 1002
11337408 87
11289600 1259
11252115 7
11250000 8
11239424 5
11200000 153
11197440 1065
11160261 4
11113200 517
11063808 70
11059200 982
11025000 84
11022480 460
11010048 14
10976000 148
10935000 170
10890936 12
10886400 3145
10838016 202
10804500 34
10800000 483
10756480 13
10752000 826
10716300 230
10668672 260
10631250 12
10628820 14
10616832 102
10584000 1337
10536960 205
10501974 11
10500000 86
10497600 892
10485760 5
10450944 576
10418625 6
10372320 176
10368000 2091
10333575 5
10321920 462
10290000 93
10287648 234
10240000 125
10206000 952
10160640 1626
10125000 35
10084200 18
10080000 1315
10077696 198
10035200 168
10001880 260
10000000 21
9953280 1005
9922500 130
9920232 36
9878400 643
9843750 4
9841500 70
9834496 4
9830400 182
9800000 79
9797760 1660
9724050 29
9720000 975
9680832 20
9676800 2489
9644670 37
9633792 40
9604000 42
9600000 268
9568125 4
9525600 1445
9483264 205
9450000 266
9447840 287
9437184 19
9411920 2
9408000 727
9375000 2
9335088 57
9331200 2030
9289728 362
9261000 250
9219840 103
9216000 962
9187500 8
9185400 420
9175040 37
9144576 545
9112500 38
9075780 19
9072000 2652
9031680 722
9003750 3
9001692 38
9000000 119
8960000 263
8957952 300
8930250 64
8890560 707
8857350 10
8847360 387
8820000 518
8817984 281
8780800 135
8751645 5
8750000 5
8748000 836
8709120 2202
8680203 3
8643600 121
8640000 1304
8605184 6
8601600 554
8575000 13
8573040 637
8505000 377
8503056 23
8470728 5
8467200 2036
8437500 4
8429568 37
8403500 2
8400000 332
8398080 912
8388608 1
8334900 195
8297856 89
8294400 1757
8268750 7
8266860 99
8257536 89
8232000 293
8201250 14
8192000 97
8168202 4
8164800 2331
8128512 473
8103375 1
8100000 310
8067360 25
8064000 1943
8037225 12
8028160 52
8001504 204
8000000 53
7971615 2
7962624 194
7938000 906
7902720 465
7875000 38
7873200 339
7864320 51
7840000 220
7838208 660
7779240 122
7776000 2102
7741440 1239
7717500 42
7715736 71
7683200 49
7680000 447
7654500 207
7620480 1692
7563150 10
7560000 1245
7558272 155
7529536 1
7526400 684
7501410 54
7500000 20
7464960 1292
7441875 3
7440174 7
7411887 1
7408800 653
7375872 32
7372800 619
7350000 111
7348320 943
7340032 4
7290000 388
7260624 12
7257600 3418
7225344 151
7203000 39
7200000 497
7168000 274
7144200 613
7112448 298
7087500 65
7085880 77
7077888 62
7058940 1
7056000 1261
7024640 67
7001316 24
7000000 48
6998400 1574
6967296 597
6945750 53
6914880 180
6912000 1781
6889050 54
6881280 225
6860000 76
6858432 398
6806835 2
6804000 1763
6773760 1353
6751269 3
6750000 87
6722800 11
6720000 769
6718464 355
6667920 469
6635520 871
6615000 316
6613488 96
6585600 399
6562500 1
6561000 225
6553600 46
6531840 2199
6482700 53
6480000 1266
6453888 12
6451200 1627
6431250 5
6429780 154
6422528 12
6400000 113
6378750 45
6377292 5
6353046 1
6350400 1990
6322176 142
6300000 359
6298560 596
6291456 12
6272000 290
6251175 10
6250000 4
6223392 72
6220800 2422
6200145 6
6193152 245
6174000 304
6146560 39
6144000 436
6125000 5
6123600 1042
6096384 640
6075000 102
6050520 21
6048000 2785
6021120 369
6002500 5
6001128 92
6000000 107
5971968 336
5953500 243
5927040 737
5906250 6
5904900 57
5898240 245
5880000 416
5878656 460
5834430 24
5832000 1465
5806080 2061
5788125 4
5786802 16
5762400 110
5760000 1021
5740875 9
5734400 163
5715360 1092
5670000 715
5668704 75
5647152 1
5644800 1554
5625000 6
5619712 12
5600000 160
5598720 1323
5556600 328
5531904 54
5529600 1440
5512500 38
5511240 292
5505024 37
5488000 141
5467500 72
5445468 8
5443200 3169
5419008 365
5402250 12
5400000 442
5378240 9
5376000 1032
5358150 89
5334336 277
5314410 3
5308416 149
5292000 1147
5268480 266
5250987 3
5250000 46
5248800 800
5242880 13
5225472 791
5186160 165
5184000 2402
5160960 750
5145000 48
5143824 193
5120000 144
5103000 653
5080320 1959
5062500 8
5042100 10
5040000 1189
5038848 246
5017600 230
5000940 136
5000000 13
4976640 1381
4961250 37
4960116 25
4939200 634
4920750 19
4917248 6
4915200 255
4900000 60
4898880 1591
4862025 3
4860000 726
4840416 14
4838400 3077
4822335 7
4816896 65
4802000 31
4800000 311
4762800 1168
4741632 286
4725000 163
4723920 190
4718592 38
4705960 3
4704000 839
4687500 1
4667544 59
4665600 2310
4644864 514
4630500 104
4609920 109
4608000 1177
4592700 231
4587520 52
4572288 578
4556250 8
4537890 8
4536000 2494
4515840 988
4500846 18
4500000 84
4480000 336
4478976 434
4465125 14
4445280 610
4428675 2
4423680 627
4410000 346
4408992 289
4390400 153
4375000 4
4374000 568
4354560 2668
4321800 101
4320000 1331
4302592 7
4300800 790
4287500 1
4286520 436
4252500 191
4251528 19
4235364 1
4233600 2116
4214784 63
4201750 1
4200000 290
4199040 1002
4194304 1
4167450 72
4148928 85
4147200 2485
4134375 2
4133430 55
4128768 140
4116000 244
4100625 2
4096000 108
4084101 1
4082400 1888
4064256 632
4050000 199
4033680 14
4032000 2170
4014080 83
4000752 158
4000000 52
3981312 359
3969000 608
3951360 578
3937500 18
3936600 206
3932160 97
3920000 187
3919104 726
3889620 57
3888000 2060
3870720 1716
3858750 15
3857868 52
3841600 56
3840000 548
3827250 83
3810240 1658
3796875 1
3781575 1
3780000 995
3779136 147
3763200 829
3750705 12
3750000 6
3732480 1705
3720087 1
3704400 486
3687936 38
3686400 938
3675000 61
3674160 682
3670016 4
3645000 225
3630312 16
3628800 3680
3612672 234
3601500 23
3600000 437
3584000 351
3572100 299
3556224 335
3543750 15
3542940 38
3538944 122
3529470 1
3528000 1182
3512320 77
3500658 11
3500000 34
3499200 1432
3483648 805
3472875 5
3457440 143
3456000 2146
3444525 8
3440640 337
3430000 44
3429216 355
3402000 1301
3386880 1693
3375000 54
3361400 5
3360000 787
3359232 419
3333960 283
3317760 1262
3307500 128
3306744 94
3292800 427
3281250 1
3280500 115
3276800 63
3265920 2315
3241350 31
3240000 1104
3226944 9
3225600 2069
3215625 1
3214890 69
3211264 17
3200000 107
3189375 5
3188646 4
3175200 1676
3161088 166
3150000 226
3149280 481
3145728 13
3136000 313
3111696 84
3110400 2753
3096576 395
3087000 182
3073280 37
3072000 607
3062500 2
3061800 635
3048192 717
3037500 38
3025260 14
3024000 2682
3010560 445
3001250 2
3000564 50
3000000 90
2985984 484
2976750 71
2963520 694
2953125 1
2952450 14
2949120 338
2940000 340
2939328 504
2917215 6
2916000 1128
2903040 2759
2893401 3
2881200 75
2880000 1068
2867200 233
2857680 902
2835000 391
2834352 58
2823576 1
2822400 1651
2812500 1
2809856 15
2800000 128
2799360 1512
2778300 176
2765952 82
2764800 1940
2756250 10
2755620 162
2752512 61
2744000 126
2733750 22
2722734 5
2721600 2928
2709504 487
2701125 2
2700000 357
2689120 7
2688000 1152
2679075 14
2667168 262
2657205 1
2654208 259
2646000 851
2634240 320
2625000 22
2624400 536
2621440 23
2612736 928
2593080 111
2592000 2510
2580480 1022
2572500 40
2571912 152
2560000 176
2551500 273
2540160 1903
2531250 3
2521050 5
2520000 1053
2519424 298
2508800 286
2500470 52
2500000 2
2488320 1812
2480625 3
2480058 12
2469600 550
2460375 1
2458624 22
2457600 338
2450000 42
2449440 1279
2430000 478
2420208 14
2419200 3434
2408448 105
2401000 19
2400000 276
2381400 671
2370816 299
2362500 62
2361960 111
2359296 51
2352980 4
2352000 703
2333772 34
2332800 2251
2322432 696
2315250 46
2304960 113
2304000 1534
2296350 78
2293760 92
2286144 596
2278125 1
2268945 2
2268000 1885
2257920 1158
2250423 7
2250000 51
2240000 279
2239488 525
2222640 446
2211840 856
2205000 202
2204496 179
2195200 139
2187500 4
2187000 332
2177280 2858
2160900 50
2160000 1188
2151296 3
2150400 1004
2143750 2
2143260 227
2126250 40
2125764 13
2117682 1
2116800 1831
2107392 81
2100000 183
2099520 916
2097152 5
2083725 10
2074464 83
2073600 2789
2066715 4
2064384 237
2058000 168
2048000 167
2041200 1418
2032128 757
2025000 121
2016840 13
2016000 2165
2007040 139
2000376 91
2000000 47
1990656 457
1984500 242
1975680 550
1968750 4
1968300 115
1966080 142
1960000 154
1959552 753
1953125 1
1944810 30
1944000 1708
1935360 2137
1928934 29
1920800 37
1920000 586
1913625 10
1905120 1342
1890000 610
1889568 116
1881600 922
1875000 2
1866240 1865
1852200 309
1843968 48
1843200 1182
1837500 15
1837080 426
1835008 15
1822500 80
1815156 6
1814400 3482
1806336 317
1800750 6
1800000 339
1792000 343
1786050 108
1778112 304
1771470 13
1769472 165
1764000 867
1756160 98
1750329 2
1750000 21
1749600 1162
1741824 951
1728720 94
1728000 2300
1720320 440
1715000 21
1714608 274
1701000 697
1693440 1669
1687500 15
1680700 3
1680000 671
1679616 439
1666980 175
1658880 1611
1653750 49
1653372 45
1646400 351
1640250 40
1638400 83
1632960 2001
1620675 7
1620000 788
1613472 9
1612800 2431
1607445 7
1605632 28
1600000 114
1594323 4
1587600 1178
1580544 197
1575000 113
1574640 310
1572864 23
1568000 295
1555848 61
1555200 2802
1548288 508
1543500 82
1536640 60
1536000 716
1531250 2
1530900 298
1524096 733
1518750 16
1512630 6
1512000 2191
1505280 562
1500282 23
1500000 47
1492992 578
1488375 15
1481760 584
1476225 2
1474560 464
1470000 179
1469664 395
1458000 748
1451520 2957
1440600 46
1440000 1005
1433600 273
1428840 494
1417500 153
1417176 33
1411788 3
1411200 1555
1404928 25
1400000 113
1399680 1485
1389150 70
1382976 71
1382400 2205
1378125 1
1377810 47
1376256 85
1372000 91
1366875 3
1360800 2288
1354752 561
1350000 200
1344560 7
1344000 1148
1333584 168
1327104 362
1323000 463
1317120 319
1312500 8
1312200 319
1310720 35
1306368 975
1296540 70
1296000 2132
1290240 1273
1286250 5
1285956 71
1280000 184
1275750 83
1270080 1599
1260525 1
1260000 738
1259712 230
1254400 263
1250235 17
1250000 3
1244160 2055
1240029 2
1234800 319
1229312 15
1228800 482
1225000 20
1224720 909
1215000 259
1210104 6
1209600 3295
1204224 139
1200500 8
1200000 237
1190700 335
1185408 286
1181250 16
1180980 67
1179648 104
1176000 612
1166886 12
1166400 1797
1161216 849
1157625 6
1152480 78
1152000 1526
1148175 16
1146880 126
1143072 466
1134000 1181
1128960 1231
1125000 22
1120000 243
1119744 583
1111320 303
1105920 1107
1102500 92
1102248 128
1097600 133
1093500 124
1088640 2551
1080450 15
1080000 902
1075648 4
1075200 1117
1071630 81
1063125 9
1062882 5
1058400 1392
1053696 77
1050000 94
1049760 671
1048576 7
1037232 59
1036800 2781
1032192 272
1029000 92
1024000 201
1020600 761
1016064 684
1012500 45
1008420 8
1008000 1860
1003520 162
1000188 57
1000000 27
995328 570
992250 67
987840 478
984150 33
983040 224
980000 115
979776 619
972405 7
972000 1211
967680 2340
964467 4
960400 24
960000 544
952560 907
945000 293
944784 96
941192 1
940800 867
937500 1
933120 1772
926100 150
921984 40
921600 1383
918750 4
918540 202
917504 10
911250 25
907578 2
907200 2872
903168 336
900375 1
900000 251
896000 380
893025 24
889056 231
885735 1
884736 258
882000 556
878080 95
875000 7
874800 712
870912 1054
864360 71
864000 2062
860160 512
857500 6
857304 154
850500 302
846720 1568
843750 4
840350 1
840000 489
839808 416
833490 53
829440 1820
826686 17
823200 263
819200 110
816480 1495
810000 438
806736 3
806400 2428
802816 37
800000 89
793800 668
790272 194
787500 38
787320 186
786432 33
784000 229
777924 26
777600 2369
774144 639
771750 31
768320 30
768000 708
765450 105
762048 620
759375 2
756000 1547
752640 562
750141 5
750000 33
746496 681
740880 355
737280 628
735000 80
734832 266
729000 350
725760 2791
720300 21
720000 770
716800 294
714420 230
708750 46
708588 16
705894 3
705600 1243
702464 26
700000 58
699840 1111
694575 12
691488 38
691200 2293
688905 5
688128 108
686000 45
680400 1487
677376 588
675000 89
672280 4
672000 1033
666792 119
663552 450
661500 194
658560 235
656250 3
656100 139
655360 45
653184 861
648270 18
648000 1590
645120 1502
642978 25
640000 161
637875 12
635040 1248
630000 419
629856 168
627200 281
625000 3
622080 1942
617400 203
614656 14
614400 570
612500 11
612360 491
607500 91
605052 6
604800 2711
602112 152
600250 2
600000 187
595350 102
592704 227
590625 2
590490 16
589824 114
588000 427
583443 3
583200 1283
580608 891
576240 56
576000 1337
573440 140
571536 342
567000 576
564480 1141
562500 4
560000 231
559872 544
555660 131
552960 1333
551250 23
551124 53
548800 86
546750 44
544320 2061
540225 5
540000 563
537824 3
537600 1125
535815 18
531441 1
529200 831
526848 88
525000 57
524880 432
524288 3
518616 34
518400 2537
516096 319
514500 40
512000 212
510300 305
508032 694
506250 17
504000 1400
501760 151
500094 30
500000 18
497664 605
496125 18
493920 317
492075 3
491520 245
490000 60
489888 446
486000 708
483840 2281
480200 18
480000 456
476280 515
472500 128
472392 39
470400 697
466560 1492
463050 42
460992 27
460800 1341
459375 1
459270 59
458752 16
455625 3
453600 1981
451584 368
450000 132
448000 358
444528 161
442368 302
441000 255
439040 78
437500 7
437400 355
435456 1027
432180 25
432000 1589
430080 650
428750 2
428652 90
425250 86
423360 1249
420175 1
420000 287
419904 309
416745 11
414720 1753
413343 5
411600 155
409600 133
408240 992
405000 212
403368 3
403200 2034
401408 24
400000 79
396900 283
395136 167
393750 12
393660 77
393216 41
392000 164
388962 9
388800 1774
387072 673
385875 3
384160 24
384000 725
382725 12
381024 458
378000 825
376320 524
375000 18
373248 655
370440 190
368640 683
367500 43
367416 149
364500 108
362880 2269
360150 6
360000 589
358400 303
357210 81
354375 5
354294 6
352800 811
351232 26
350000 32
349920 751
345744 41
345600 2098
344064 129
343000 25
340200 730
338688 537
337500 34
336140 2
336000 829
333396 50
331776 478
330750 52
329280 169
328125 2
328050 33
327680 66
326592 715
324135 3
324000 1001
322560 1415
321489 6
320000 160
317520 729
315000 183
314928 114
313600 257
312500 2
311040 1822
308700 74
307328 11
307200 595
306250 2
306180 218
303750 21
302526 1
302400 2040
301056 145
300125 1
300000 103
297675 11
296352 166
295245 2
294912 153
294000 244
291600 744
290304 890
288120 29
288000 1181
286720 132
285768 185
283500 235
282240 900
281250 5
280000 126
279936 454
277830 46
276480 1335
275625 2
275562 14
274400 75
273375 5
272160 1397
270000 324
268912 2
268800 979
264600 439
263424 70
262500 22
262440 226
262144 7
259308 15
259200 1925
258048 411
257250 10
256000 205
255150 110
254016 490
253125 2
252000 835
250880 144
250047 1
250000 5
248832 667
246960 217
245760 265
245000 28
244944 288
243000 333
241920 1891
240100 3
240000 342
238140 228
236250 26
236196 17
235200 524
233280 1122
231525 4
230496 17
230400 1298
229635 12
229376 33
226800 1147
225792 287
225000 48
224000 270
222264 101
221184 336
220500 117
219520 78
218700 141
217728 786
216090 7
216000 1082
215040 610
214326 30
212625 10
211680 786
210000 174
209952 217
207360 1633
205800 86
204800 131
204120 466
202500 73
201684 3
201600 1591
200704 28
200000 42
198450 93
197568 123
196875 3
196830 23
196608 61
196000 107
194481 4
194400 1097
193536 652
192080 10
192000 561
190512 267
189000 439
188160 444
187500 1
186624 506
185220 96
184320 747
183750 12
183708 65
182250 37
181440 1668
180000 347
179200 268
178605 11
177147 1
176400 454
175616 23
175000 17
174960 486
172872 16
172800 1642
172032 121
171500 10
170100 262
169344 453
168750 10
168070 1
168000 547
166698 26
165888 499
165375 6
164640 125
164025 2
163840 54
163296 476
162000 552
161280 1311
160000 129
158760 397
157500 59
157464 46
156800 173
155520 1383
154350 28
153664 8
153600 519
153090 73
151875 6
151200 1333
150528 146
150000 38
148176 98
147456 174
147000 124
145800 329
145152 798
144060 10
144000 836
143360 122
142884 69
141750 68
141120 649
140625 1
140000 91
139968 344
138915 6
138240 1247
137781 2
137200 33
136080 792
135000 140
134400 842
132300 164
131712 64
131250 5
131220 80
131072 8
129654 7
129600 1328
129024 325
128625 4
128000 169
127575 16
127008 339
126000 460
125440 107
125000 4
124416 589
123480 111
122880 290
122500 16
122472 159
121500 118
120960 1499
120050 1
120000 240
119070 71
118125 5
118098 7
117600 328
116640 748
115248 8
115200 1116
114688 26
113400 550
112896 306
112500 25
112000 201
111132 41
110592 323
110250 30
109760 42
109350 29
108864 618
108045 5
108000 652
107520 554
107163 5
105840 465
105000 78
104976 132
103680 1338
102900 33
102400 115
102060 210
101250 17
100842 2
100800 1090
100352 34
100000 14
99225 12
98784 84
98415 1
98304 76
98000 66
97200 597
96768 588
96040 6
96000 433
95256 146
94500 139
94080 360
93312 386
92610 28
92160 699
91854 22
91125 3
90720 1068
90000 161
89600 227
88200 215
87808 15
87500 6
87480 189
86436 9
86400 1271
86016 145
85750 3
85050 64
84672 278
84375 1
84000 332
82944 455
82320 67
81920 64
81648 259
81000 261
80640 945
80000 74
79380 156
78750 17
78732 30
78400 111
77760 949
77175 2
76832 6
76800 486
76545 9
75600 656
75264 135
75000 18
74088 60
73728 171
73500 36
72900 118
72576 577
72030 4
72000 506
71680 118
71442 25
70875 8
70560 378
70000 34
69984 204
69120 1022
68600 20
68040 378
67500 39
67228 1
67200 529
66150 45
65856 54
65610 27
65536 16
64800 780
64512 343
64000 112
63504 171
63000 197
62720 95
62208 439
61740 42
61440 277
61250 4
61236 59
60750 32
60480 1031
60000 138
59535 11
58800 171
58320 398
57624 8
57600 775
57344 27
56700 219
56448 221
56250 5
56000 135
55566 13
55296 310
55125 4
54880 29
54675 4
54432 348
54000 329
53760 416
52920 194
52500 31
52488 52
51840 966
51450 8
51200 135
51030 48
50400 605
50176 23
50000 11
49392 39
49152 60
49000 26
48600 249
48384 479
48020 1
48000 312
47628 55
47250 44
47040 250
46656 300
46305 5
46080 569
45927 3
45360 509
45000 84
44800 170
44100 100
43904 11
43750 1
43740 55
43218 1
43200 766
43008 118
42875 1
42525 13
42336 214
42000 174
41472 414
41160 38
40960 56
40824 129
40500 64
40320 686
40000 43
39690 40
39375 5
39366 7
39200 55
38880 527
38416 3
38400 363
37800 275
37632 99
37500 10
37044 15
36864 185
36750 12
36450 20
36288 372
36000 296
35840 108
35721 5
35280 197
35000 19
34992 111
34560 758
34300 11
34020 143
33750 8
33600 362
33075 9
32928 22
32805 2
32768 6
32400 388
32256 259
32000 93
31752 85
31500 76
31360 69
31104 314
30870 10
30720 234
30618 16
30375 4
30240 566
30000 55
29400 60
29160 146
28812 2
28800 598
28672 27
28350 36
28224 124
28000 56
27783 1
27648 291
27440 15
27216 171
27000 158
26880 320
26460 70
26250 7
26244 19
25920 615
25725 1
25600 99
25515 10
25200 306
25088 32
25000 5
24696 16
24576 57
24500 6
24300 92
24192 290
24010 1
24000 206
23814 15
23625 4
23520 133
23328 148
23040 448
22680 236
22500 24
22400 117
22050 19
21952 8
21875 1
21870 31
21600 427
21504 102
21168 89
21000 72
20736 309
20580 16
20480 39
20412 46
20250 15
20160 426
20000 24
19845 8
19683 3
19600 26
19440 273
19208 4
19200 268
18900 104
18816 62
18750 2
18522 9
18432 157
18375 2
18225 4
18144 235
18000 147
17920 82
17640 71
17500 11
17496 44
17280 490
17150 1
17010 31
16800 216
16464 15
16384 11
16200 141
16128 191
16000 44
15876 20
15750 16
15680 34
15552 182
15435 1
15360 187
15309 5
15120 253
15000 13
14700 11
14580 68
14400 345
14336 19
14175 8
14112 96
14000 25
13824 214
13720 6
13608 88
13500 50
13440 200
13230 28
13122 3
12960 341
12800 66
12600 122
12544 13
12500 2
12348 9
12288 47
12250 1
12150 18
12096 216
12000 97
11907 1
11760 60
11664 81
11520 340
11340 85
11250 8
11200 63
11025 3
10976 3
10800 191
10752 79
10584 47
10500 25
10368 194
10290 2
10240 39
10206 13
10080 234
10000 12
9800 8
9720 103
9600 172
9450 19
9408 35
9216 109
9072 84
9000 54
8960 55
8820 36
8748 12
8640 311
8575 1
8505 5
8400 89
8232 3
8192 5
8100 51
8064 128
8000 23
7938 7
7875 1
7840 14
7776 93
7680 121
7560 101
7500 6
7350 8
7290 15
7200 159
7168 16
7056 31
7000 8
6912 147
6860 6
6804 31
6750 15
6720 130
6615 2
6480 164
6400 54
6300 53
6272 12
6174 2
6144 37
6075 3
6048 112
6000 37
5880 25
5832 36
5760 180
5670 18
5600 27
5488 5
5400 74
5376 67
5292 13
5250 3
5184 120
5120 38
5103 2
5040 117
5000 4
4900 4
4860 44
4800 100
4704 17
4608 78
4536 59
4500 17
4480 39
4410 8
4374 5
4320 143
4200 29
4096 5
4050 18
4032 75
4000 24
3920 8
3888 57
3840 103
3780 54
3675 1
3645 2
3600 66
3584 16
3528 22
3500 1
3456 76
3402 7
3360 69
3240 53
3200 26
3150 12
3136 9
3072 32
3024 50
3000 16
2940 5
2916 9
2880 128
2835 4
2800 10
2744 1
2700 25
2688 24
2646 5
2625 1
2592 54
2560 16
2520 46
2450 2
2430 10
2400 50
2352 8
2304 49
2268 15
2250 4
2240 19
2205 1
2160 76
2100 10
2058 2
2048 8
2025 5
2016 34
2000 8
1960 4
1944 22
1920 59
1890 8
1800 28
1792 3
1764 1
1728 48
1701 2
1680 30
1620 19
1600 11
1575 1
1568 3
1536 19
1512 27
1500 3
1470 3
1458 2
1440 58
1400 4
1372 1
1350 6
1344 19
1323 1
1296 26
1280 13
1260 11
1250 1
1200 26
1176 2
1152 38
1134 3
1120 6
1080 26
1050 3
1024 6
1008 20
980 2
972 4
960 29
900 6
896 7
882 1
864 31
840 12
810 8
800 7
784 2
768 18
756 6
750 1
720 21
672 12
648 7
640 9
630 5
600 7
588 1
576 18
560 5
540 10
512 2
504 6
486 2
480 8
450 1
448 4
432 8
420 3
400 2
392 1
384 8
360 6
336 3
324 6
320 4
300 2
294 1
288 6
280 4
270 2
256 2
252 1
240 6
225 1
224 2
216 4
200 1
192 1
180 1
168 2
128 1
120 1
108 1
105 1
96 2
90 1
80 1
72 2
24 1
16 1
