4723920000 1
4536000000 1
4320000000 1
4082400000 2
4032000000 1
3888000000 1
3732480000 1
3628800000 2
3528000000 1
3402000000 1
3359232000 1
3265920000 1
3214890000 1
3149280000 2
3110400000 1
3061800000 1
3023308800 1
2939328000 3
2916000000 1
2880000000 1
2857680000 1
2822400000 1
2800000000 1
2799360000 1
2764800000 2
2755620000 3
2721600000 3
2624400000 1
2612736000 1
2580480000 1
2571912000 3
2551500000 1
2540160000 1
2519424000 3
2480058000 1
2469600000 1
2449440000 4
2419200000 1
2361960000 1
2351462400 2
2332800000 3
2314720800 1
2304000000 3
2286144000 2
2268000000 3
2239488000 3
2222640000 2
2211840000 3
2204496000 2
2177280000 2
2160900000 1
2160000000 1
2116800000 2
2116316160 1
2099520000 1
2083248720 1
2073600000 5
2066715000 1
2064384000 1
2057529600 1
2041200000 9
2032128000 2
2025380700 1
2025000000 1
2015539200 2
2000376000 1
1990656000 1
1984500000 1
1984046400 1
1975680000 3
1959552000 1
1944000000 2
1935360000 4
1920000000 1
1905120000 3
1889568000 2
1866240000 2
1851776640 2
1843200000 3
1837080000 8
1828915200 1
1814400000 8
1813985280 1
1806336000 1
1791590400 2
1786050000 3
1778112000 1
1771470000 1
1763596800 4
1749600000 3
1741824000 6
1736040600 1
1728720000 1
1728000000 1
1714608000 8
1701000000 2
1693440000 5
1680000000 1
1679616000 6
1666598976 1
1658880000 4
1653372000 5
1646023680 2
1632960000 13
1632586752 1
1625702400 1
1612800000 3
1612431360 1
1605632000 1
1600300800 1
1587600000 6
1587237120 2
1580544000 3
1574640000 6
1568000000 2
1567641600 3
1555848000 2
1555200000 4
1548288000 1
1543147200 5
1536000000 4
1530900000 7
1530550080 1
1524096000 6
1512000000 2
1511654400 4
1505280000 1
1504935936 1
1500282000 1
1500000000 1
1488034800 1
1486356480 1
1474560000 3
1469664000 12
1463132160 2
1458000000 1
1451520000 13
1451188224 1
1446700500 3
1445068800 1
1440270720 2
1440000000 2
1433600000 1
1428840000 10
1428513408 1
1422489600 4
1417500000 1
1417176000 3
1411200000 3
1410877440 3
1404928000 1
1400263200 2
1399680000 10
1393459200 4
1382976000 1
1382400000 5
1377810000 5
1372000000 1
1371686400 8
1360800000 11
1360488960 1
1354752000 4
1350000000 1
1344000000 7
1343692800 5
1339231320 1
1333584000 3
1327104000 1
1323000000 2
1322697600 5
1317120000 1
1312200000 4
1310720000 1
1306368000 8
1302030450 1
1296540000 1
1296000000 6
1290240000 5
1289945088 1
1285956000 8
1280240640 2
1275458400 2
1270080000 12
1269789696 1
1260236880 1
1259712000 11
1254400000 3
1254113280 1
1250235000 4
1244678400 2
1244160000 2
1238630400 3
1234800000 5
1234517760 9
1229312000 1
1228800000 1
1224720000 17
1224440064 1
1219276800 2
1215228420 1
1215000000 2
1210104000 1
1209600000 16
1209323520 4
1204224000 1
1200225600 6
1194393600 3
1190700000 6
1190427840 1
1185408000 7
1180980000 4
1176000000 2
1175731200 15
1166886000 1
1166400000 12
1161216000 11
1157360400 3
1152216576 2
1152000000 5
1148175000 1
1146880000 1
1146617856 1
1143072000 28
1137991680 1
1134000000 5
1133740800 2
1128960000 13
1128701952 1
1125211500 1
1125000000 1
1123942400 1
1120210560 2
1120000000 1
1119744000 14
1114767360 1
1111320000 9
1111065984 3
1106380800 2
1105920000 8
1102500000 2
1102248000 10
1097349120 5
1093500000 3
1089093600 1
1088640000 32
1088391168 2
1083801600 1
1080450000 1
1080203040 2
1080000000 3
1075200000 5
1074954240 3
1071630000 5
1066867200 9
1062882000 2
1061683200 1
1058400000 20
1058158080 13
1053696000 3
1049760000 12
1045094400 12
1037232000 4
1036800000 17
1032192000 2
1028764800 12
1024000000 1
1020600000 19
1020366720 1
1016064000 27
1008000000 14
1007769600 11
1003520000 3
1000188000 11
995742720 2
995328000 7
992023200 8
987840000 12
983040000 1
980000000 1
979776000 32
975421440 4
972405000 3
972000000 4
968083200 1
967680000 23
967458816 1
964467000 4
960400000 1
960180480 3
960000000 1
956593800 1
955514880 2
952560000 30
952342272 2
948326400 7
945000000 4
944784000 6
940800000 14
940584960 8
933508800 4
933120000 33
928972800 6
926100000 6
925888320 14
921984000 2
921600000 13
918540000 14
914457600 19
907200000 28
906992640 2
903168000 7
900169200 5
900000000 1
896000000 2
895795200 16
893025000 3
892820880 2
889056000 19
885735000 4
885104640 2
884736000 4
882000000 3
881798400 32
878080000 2
877879296 2
874800000 6
871274880 2
870912000 40
868020300 2
867041280 3
864360000 4
864162432 1
864000000 12
860160000 4
859963392 1
857500000 1
857304000 22
853493760 3
850659894 1
850500000 2
850305600 7
849346560 1
847072800 1
846720000 25
846526464 5
842956800 3
840157920 1
840000000 4
839808000 21
836075520 4
833490000 8
833299488 1
829785600 3
829440000 26
826686000 11
825753600 2
823200000 2
823011840 9
820125000 1
819200000 1
816820200 1
816480000 39
812851200 23
810152280 3
810000000 2
806400000 25
806215680 5
803722500 3
802816000 3
800150400 17
796262400 8
793800000 18
793618560 10
790272000 9
787320000 12
786759680 1
784000000 3
783820800 35
781218270 1
777924000 5
777600000 21
774466560 1
774144000 27
771750000 1
771573600 26
768320000 1
768144384 2
768000000 4
765450000 4
765275040 1
762048000 41
758661120 2
756142128 1
756000000 17
755827200 13
752953600 1
752640000 10
752467968 2
750141000 6
746807040 3
746496000 36
744017400 4
743178240 5
740880000 21
737587200 1
737280000 6
734832000 43
731566080 26
729000000 5
726062400 2
725760000 50
725594112 1
722534400 12
720135360 14
720000000 5
716800000 3
716636160 5
714420000 30
714256704 2
711244800 17
708750000 2
708588000 7
707788800 1
705600000 24
705438720 21
702464000 4
700131600 12
700000000 3
699840000 47
696729600 36
694575000 1
694416240 5
691488000 11
691200000 35
688905000 3
688747536 1
688128000 11
686000000 5
685843200 43
682795008 1
680400000 29
680244480 3
679477248 1
677658240 1
677376000 44
675126900 4
675000000 1
672280000 4
672000000 14
671846400 25
668860416 2
666792000 20
663828480 5
663552000 15
661500000 7
661348800 24
658834400 1
658560000 10
658409472 6
656100000 7
655360000 2
653456160 2
653184000 67
651015225 1
650280960 7
648270000 3
648121824 2
648000000 8
645700815 1
645120000 26
642978000 24
642252800 1
640120320 16
640000000 2
637875000 2
637729200 7
637009920 4
635040000 54
634894848 2
632217600 11
630118440 1
630000000 2
629856000 39
627200000 7
627056640 16
625117500 2
622339200 12
622080000 59
620014500 4
619573248 1
619315200 25
617400000 4
617258880 17
614400000 1
612500000 2
612360000 46
609638400 59
607614210 2
604800000 45
604661760 13
602112000 11
600250000 1
600112800 24
597445632 2
597196800 31
595350000 14
595213920 7
594542592 1
592704000 19
590490000 6
590069760 1
589824000 4
588110544 1
588000000 8
587865600 67
585252864 4
583443000 6
583200000 28
580849920 3
580608000 63
578680200 9
578027520 2
576240000 3
576108288 4
576000000 22
573956280 1
573440000 7
571536000 74
568995840 17
567000000 16
566870400 13
566231040 1
564715200 1
564480000 55
564350976 4
562605750 1
561971200 3
560105280 4
560000000 1
559872000 54
558013050 2
557383680 11
555660000 15
555532992 6
553190400 6
552960000 25
551250000 1
551124000 27
550731776 1
550502400 5
548800000 4
548674560 39
544546800 1
544320000 104
544195584 3
541900800 36
540225000 1
540101520 7
540000000 7
537824000 1
537600000 19
537477120 11
535815000 17
535692528 1
533433600 51
531441000 2
531062784 1
530841600 9
529200000 31
529079040 25
526848000 10
525098700 5
525000000 1
524880000 51
524288000 1
522764928 2
522547200 95
520812180 1
518616000 20
518400000 44
516678750 1
516096000 24
514500000 1
514382400 41
512096256 4
512000000 2
510300000 30
510183360 3
508032000 90
505774080 4
504094752 1
504000000 29
503884800 41
501760000 5
501645312 4
500094000 16
497871360 5
497664000 70
496125000 1
496011600 16
495452160 8
493920000 29
493807104 8
492075000 1
491724800 3
491520000 9
490092120 1
490000000 6
489888000 109
487710720 29
486202500 1
486000000 22
484041600 8
483840000 78
483729408 4
482233500 8
481689600 8
480200000 4
480090240 26
480000000 5
478296900 1
477757440 9
476280000 61
476171136 4
474163200 24
472588830 1
472500000 7
472392000 24
471859200 4
470400000 17
470292480 38
468730962 2
466754400 17
466560000 98
464486400 49
463050000 6
462944160 24
460992000 7
460800000 27
459270000 29
459165024 1
458752000 3
457228800 97
455196672 2
453789000 1
453600000 65
453496320 14
451584000 58
450084600 20
450000000 1
448084224 3
448000000 11
447897600 55
446512500 1
446410440 4
444528000 59
442867500 1
442552320 8
442368000 29
441000000 10
440899200 79
440401920 1
439040000 10
438939648 6
437582250 1
437400000 26
435637440 7
435456000 132
434010150 2
433520640 17
432180000 8
432081216 4
432000000 28
430259200 2
430080000 30
429981696 1
428652000 63
426746880 34
425250000 9
425152800 9
424673280 2
423536400 1
423360000 96
423263232 7
421478400 8
420078960 7
420000000 6
419904000 99
418037760 48
416745000 7
416649744 3
414892800 19
414720000 87
413343000 16
412876800 20
411600000 9
411505920 60
409600000 5
408240000 139
408146688 1
406594944 1
406425600 87
405076140 4
405000000 7
404619264 1
403368000 3
403200000 56
403107840 17
401408000 14
400075200 52
400000000 2
398580750 1
398297088 1
398131200 24
396900000 29
396809280 20
395136000 52
393750000 1
393660000 23
393379840 1
393216000 5
392000000 11
391910400 151
390168576 6
388962000 14
388800000 73
387233280 7
387072000 94
385875000 2
385786800 30
385351680 1
384160000 6
384072192 4
384000000 13
382725000 8
382637520 4
382205952 1
381182760 1
381024000 183
379330560 17
378071064 6
378000000 40
377913600 46
377487360 2
376320000 45
376233984 6
375070500 10
373403520 17
373248000 126
372008700 12
371589120 17
370440000 45
370355328 13
368793600 6
368640000 27
367569090 1
367500000 2
367416000 107
367001600 1
365783040 62
364500000 13
363031200 5
362880000 183
362797056 3
361267200 45
360150000 1
360067680 21
360000000 12
358400000 14
358318080 24
357210000 51
357128352 5
355622400 78
354375000 1
354294000 15
354041856 2
353894400 18
352947000 1
352800000 77
352719360 65
351232000 12
350065800 13
350000000 2
349920000 92
348509952 1
348364800 131
347287500 1
347208120 7
346816512 1
345744000 25
345600000 78
344452500 8
344064000 24
343000000 3
342921600 131
341397504 11
340200000 75
340122240 13
339738624 2
338688000 158
337563450 2
337182720 3
336063168 7
336000000 21
335923200 105
334807830 1
334430208 8
333396000 56
331914240 12
331776000 74
330750000 5
330674400 65
330301440 1
329417200 1
329280000 21
329204736 17
328050000 8
327680000 7
326728080 4
326592000 267
325140480 40
324135000 9
324060912 4
324000000 39
322694400 6
322560000 104
322486272 5
321489000 38
321126400 4
320060160 60
320000000 6
318937500 2
318864600 7
318504960 10
317520000 141
317447424 11
316108800 43
315059220 11
315000000 14
314928000 73
314703872 1
314572800 1
313600000 21
313528320 98
312558750 1
312487308 2
311169600 36
311040000 151
310007250 1
309657600 62
308700000 21
308629440 56
308281344 1
307328000 9
307200000 18
306180000 72
306110016 3
304946208 1
304819200 181
303750000 1
303464448 2
302526000 4
302400000 110
302330880 40
301056000 35
300056400 31
300000000 2
298722816 6
298598400 71
297675000 8
297606960 22
297271296 2
296475480 1
296352000 97
295245000 8
295034880 3
294912000 18
294055272 2
294000000 12
293932800 170
292626432 21
291721500 5
291600000 61
290424960 4
290304000 259
289340100 11
289013760 16
288120000 12
288054144 17
288000000 37
287043750 3
286978140 1
286720000 18
286654464 6
285768000 200
284497920 53
283553298 1
283500000 27
283435200 32
283115520 7
282240000 126
282175488 16
281302875 1
280985600 2
280052640 20
280000000 4
279936000 194
278691840 58
277830000 31
277766496 13
276595200 36
276480000 119
275625000 3
275562000 58
275251200 11
274400000 15
274337280 113
273375000 2
272273400 3
272160000 246
272097792 7
270950400 104
270112500 3
270050760 17
270000000 16
268912000 5
268800000 36
268738560 48
267907500 17
267846264 2
266716800 120
265720500 3
265420800 48
264600000 72
264539520 76
263424000 35
262549350 6
262500000 1
262440000 88
262144000 3
261382464 2
261273600 284
260406090 1
260112384 6
259308000 30
259200000 137
258155520 3
258048000 99
257250000 5
257191200 106
256048128 29
256000000 8
255150000 50
255091680 10
254803968 4
254121840 3
254016000 262
252887040 19
252105000 1
252047376 6
252000000 48
251942400 107
250880000 33
250822656 25
250047000 36
248935680 26
248832000 181
248062500 3
248005800 26
247726080 20
246960000 74
246903552 15
246037500 2
245862400 7
245760000 18
245046060 3
245000000 9
244944000 243
243855360 99
243101250 1
243045684 5
243000000 35
242020800 8
241920000 235
241864704 8
241116750 8
240844800 39
240100000 5
240045120 77
240000000 9
239148450 1
238878720 38
238140000 118
238085568 10
237081600 113
236250000 5
236196000 60
236027904 2
235929600 7
235200000 59
235146240 160
233377200 28
233280000 195
232339968 1
232243200 191
231525000 8
231472080 38
231211008 1
230496000 22
230400000 60
229635000 48
229376000 8
228709656 1
228614400 279
227598336 19
226894500 3
226800000 149
226748160 32
225886080 1
225792000 159
225042300 17
225000000 2
224788480 1
224042112 14
224000000 15
223948800 170
223256250 1
223205220 4
222953472 11
222264000 113
221433750 1
221276160 15
221184000 82
220500000 16
220449600 163
220200960 2
219520000 24
219469824 25
218791125 3
218700000 48
217818720 12
217728000 427
217005075 1
216760320 57
216090000 13
216040608 10
216000000 69
215129600 2
215040000 89
214990848 13
214375000 2
214326000 121
213373440 108
212625000 11
212576400 16
212336640 10
211680000 216
211631616 27
210739200 36
210087500 1
210039480 8
210000000 15
209952000 199
209715200 1
209018880 141
208372500 10
208324872 3
207446400 63
207360000 227
206671500 17
206524416 3
206438400 65
205800000 29
205752960 133
205520896 2
204800000 14
204205050 1
204120000 228
204073344 6
203297472 2
203212800 264
202538070 3
202500000 9
202309632 5
201684000 6
201600000 169
201553920 66
200704000 27
200037600 117
200000000 2
199148544 12
199065600 131
198450000 61
198404640 55
198180864 3
197650320 1
197568000 125
196830000 38
196689920 4
196608000 13
196036848 3
196000000 19
195955200 369
195084288 23
194481000 22
194400000 130
193616640 11
193536000 242
192893400 62
192675840 3
192080000 8
192036096 23
192000000 28
191362500 6
191318760 3
191102976 8
190512000 355
189665280 60
189035532 1
189000000 59
188956800 92
188743680 6
188160000 114
188116992 34
187535250 5
187500000 1
186701760 40
186624000 307
186004350 3
185794560 97
185220000 80
185177664 26
184396800 26
184320000 86
183750000 1
183708000 199
183500800 8
182891520 224
182284263 4
182250000 13
181515600 11
181440000 413
181398528 11
180633600 117
180075000 3
180033840 41
180000000 25
179830784 1
179200000 30
179159040 73
178605000 48
178564176 6
177811200 217
177187500 3
177147000 17
177020928 4
176947200 48
176473500 1
176400000 117
176359680 156
176160768 1
175616000 21
175032900 16
175000000 5
174960000 200
174254976 6
174182400 426
173604060 12
173408256 11
172872000 42
172800000 109
172226250 2
172103680 2
172032000 75
171532242 3
171500000 6
171460800 277
170698752 28
170100000 120
170061120 25
169869312 1
169414560 1
169344000 360
168781725 1
168591360 10
168070000 2
168031584 9
168000000 49
167961600 228
167215104 28
166698000 94
165957120 44
165888000 230
165375000 9
165337200 65
165150720 23
164640000 64
164602368 46
164025000 16
163840000 8
163364040 7
163296000 542
162570240 135
162067500 8
162030456 8
162000000 56
161347200 6
161280000 253
161243136 15
160744500 47
160563200 16
160030080 117
160000000 7
159468750 3
159432300 2
159252480 52
158826150 1
158760000 226
158723712 20
158054400 128
157529610 6
157500000 11
157464000 130
157286400 11
156800000 43
156764160 236
156279375 2
156243654 1
155584800 77
155520000 314
154828800 198
154350000 23
154314720 102
154140672 1
153664000 10
153600000 41
153090000 124
153055008 3
152473104 1
152409600 477
151875000 3
151732224 10
151263000 8
151200000 220
151165440 84
150590720 1
150528000 109
150028200 68
150000000 3
149361408 17
149299200 234
148837500 12
148803480 18
148635648 12
148237740 1
148176000 197
147622500 3
147517440 18
147456000 68
147000000 31
146966400 368
146800640 1
146313216 58
145860750 3
145800000 122
145212480 11
145152000 634
144670050 20
144506880 44
144060000 23
144027072 32
144000000 70
143489070 1
143360000 36
143327232 16
142884000 287
142248960 143
141750000 28
141717600 50
141557760 18
141178800 1
141120000 265
141087744 64
140492800 15
140026320 28
140000000 15
139968000 359
139345920 193
138915000 45
138883248 13
138297600 42
138240000 222
137812500 2
137781000 72
137625600 24
137200000 21
137168640 248
136687500 2
136136700 9
136080000 494
136048896 12
135531648 1
135475200 322
135025380 19
135000000 20
134873088 7
134456000 2
134400000 103
134369280 137
133953750 7
133923132 1
133358400 229
132860250 2
132765696 11
132710400 148
132300000 106
132269760 129
132120576 1
131712000 81
131274675 1
131250000 1
131220000 120
131072000 11
130691232 7
130636800 635
130056192 29
129654000 45
129600000 227
129077760 4
129024000 263
128595600 178
128450560 3
128024064 53
128000000 11
127575000 36
127545840 11
127401984 8
127060920 1
127008000 573
126443520 56
126023688 9
126000000 89
125971200 236
125829120 1
125440000 56
125411328 55
125023500 47
124467840 69
124416000 410
124002900 29
123863040 53
123480000 123
123451776 53
122931200 21
122880000 57
122523030 6
122500000 3
122472000 468
121927680 295
121522842 1
121500000 43
121010400 15
120960000 508
120932352 34
120558375 1
120422400 77
120050000 3
120022560 131
120000000 9
119439360 120
119070000 152
119042784 20
118590192 1
118540800 280
118125000 9
118098000 53
118013952 4
117964800 29
117649000 3
117600000 94
117573120 336
116688600 45
116640000 377
116169984 10
116121600 487
115762500 8
115736040 40
115605504 10
115248000 30
115200000 140
114817500 22
114791256 3
114688000 23
114354828 2
114307200 509
113799168 31
113447250 1
113400000 254
113374080 66
113246208 2
112943040 6
112896000 341
112521150 9
112500000 9
112394240 7
112021056 21
112000000 27
111974400 371
111602610 3
111476736 40
111132000 222
110638080 43
110592000 225
110250000 14
110224800 236
110100480 12
109760000 53
109734912 75
109375000 1
109350000 58
108909360 17
108864000 934
108380160 133
108045000 14
108020304 19
108000000 89
107564800 10
107520000 169
107495424 33
107187500 1
107163000 115
106686720 225
106312500 4
106288200 14
106168320 40
105840000 389
105815808 50
105369600 83
105043750 1
105019740 16
105000000 18
104976000 308
104857600 4
104509440 352
104186250 2
104162436 5
103723200 89
103680000 451
103335750 5
103262208 2
103219200 161
102900000 30
102876480 250
102760448 1
102400000 27
102102525 1
102060000 321
102036672 10
101648736 1
101606400 594
101269035 1
101250000 4
101154816 7
100842000 5
100800000 278
100776960 135
100352000 53
100018800 155
100000000 1
99574272 30
99532800 319
99225000 47
99202320 69
99090432 9
98784000 238
98415000 34
98344960 9
98304000 42
98018424 1
98000000 22
97977600 674
97542144 75
97240500 22
97200000 224
96808320 10
96768000 678
96468750 1
96446700 57
96337920 31
96040000 17
96018048 53
96000000 73
95681250 4
95659380 2
95551488 27
95295690 2
95256000 563
94832640 157
94517766 3
94500000 74
94478400 162
94371840 10
94119200 3
94080000 180
94058496 105
93350880 79
93312000 592
93002175 1
92897280 231
92610000 96
92588832 31
92198400 48
92160000 202
91875000 2
91854000 245
91750400 18
91445760 417
91125000 10
90757800 18
90720000 745
90699264 26
90354432 3
90316800 281
90016920 62
90000000 32
89600000 65
89579520 183
89302500 42
89282088 4
88905600 345
88573500 13
88510464 15
88473600 111
88200000 161
88179840 290
88080384 2
87808000 66
87516450 13
87500000 2
87480000 243
87127488 11
87091200 866
86821875 1
86802030 13
86704128 20
86436000 51
86400000 291
86113125 1
86051840 3
86016000 155
85766121 1
85750000 7
85730400 370
85349376 71
85050000 117
85030560 35
84934656 6
84707280 7
84672000 682
84375000 2
84295680 33
84035000 2
84015792 21
84000000 83
83980800 431
83886080 1
83607552 88
83349000 120
82978560 78
82944000 546
82687500 3
82668600 88
82575360 51
82354300 1
82320000 76
82301184 112
82012500 12
81920000 26
81682020 7
81648000 877
81285120 334
81033750 1
81015228 8
81000000 71
80673600 18
80640000 521
80621568 44
80372250 20
80281600 21
80015040 240
80000000 12
79716150 1
79626240 130
79413075 2
79380000 318
79361856 47
79027200 232
78764805 1
78750000 12
78732000 181
78675968 2
78643200 26
78400000 49
78382080 589
78121827 1
77792400 97
77760000 554
77446656 5
77414400 456
77175000 27
77157360 144
77070336 9
76832000 21
76800000 116
76545000 110
76527504 5
76236552 1
76204800 809
75937500 2
75866112 50
75631500 6
75600000 333
75582720 173
75497472 1
75295360 2
75264000 244
75014100 57
75000000 5
74680704 26
74649600 569
74418750 1
74401740 21
74317824 38
74088000 299
73811250 3
73758720 29
73728000 180
73513818 1
73500000 31
73483200 565
73400320 3
73156608 121
72930375 1
72900000 128
72606240 20
72576000 1206
72335025 3
72253440 111
72030000 26
72013536 43
72000000 101
71680000 90
71663616 37
71442000 321
71124480 287
70875000 23
70858800 63
70778880 45
70589400 1
70560000 451
70543872 122
70246400 37
70013160 51
70000000 12
69984000 627
69672960 421
69457500 30
69441624 20
69148800 112
69120000 479
68890500 47
68812800 76
68600000 32
68584320 460
68343750 1
68068350 2
68040000 599
68024448 21
67765824 1
67737600 690
67512690 20
67500000 21
67436544 8
67228000 5
67200000 200
67184640 267
66976875 2
66679200 350
66382848 30
66355200 340
66150000 100
66134880 186
66060288 11
65856000 159
65625000 1
65610000 110
65536000 10
65345616 9
65318400 1165
65028096 81
64827000 42
64800000 336
64538880 15
64512000 584
64297800 158
64225280 13
64012032 116
64000000 42
63787500 28
63772920 15
63700992 24
63530460 2
63504000 908
63221760 132
63011844 6
63000000 85
62985600 348
62914560 4
62720000 117
62705664 142
62511750 23
62233920 117
62208000 832
62001450 8
61931520 182
61740000 139
61725888 109
61465600 23
61440000 134
61250000 2
61236000 575
60963840 581
60761421 4
60750000 33
60505200 13
60480000 862
60466176 62
60211200 167
60025000 1
60011280 163
60000000 18
59719680 279
59535000 139
59521392 22
59295096 1
59270400 468
59062500 2
59049000 45
59006976 8
58982400 98
58824500 1
58800000 118
58786560 565
58344300 41
58320000 524
58084992 16
58060800 1056
57881250 4
57868020 39
57802752 25
57624000 55
57600000 252
57408750 9
57395628 1
57344000 77
57153600 799
56899584 86
56723625 1
56700000 268
56687040 93
56623104 6
56471520 5
56448000 673
56260575 6
56250000 2
56197120 13
56010528 41
56000000 38
55987200 720
55738368 108
55566000 218
55319040 86
55296000 478
55125000 20
55112400 278
55050240 18
54880000 57
54867456 161
54675000 40
54454680 17
54432000 1450
54190080 325
54022500 7
54010152 25
54000000 124
53782400 12
53760000 317
53747712 73
53581500 91
53343360 353
53156250 1
53144100 16
53084160 156
52942050 1
52920000 507
52907904 102
52684800 148
52509870 21
52500000 13
52488000 412
52428800 5
52254720 783
52081218 6
51861600 119
51840000 723
51667875 2
51631104 1
51609600 354
51450000 17
51438240 333
51380224 1
51200000 39
51030000 322
51018336 5
50824368 3
50803200 1138
50625000 3
50577408 19
50421000 4
50400000 404
50388480 280
50331648 2
50176000 96
50009400 184
50000000 2
49787136 43
49766400 729
49612500 30
49601160 64
49545216 33
49392000 370
49207500 16
49172480 15
49152000 111
49009212 5
49000000 23
48988800 1173
48771072 182
48620250 13
48600000 290
48404160 27
48384000 1268
48223350 37
48168960 79
48020000 18
48009024 114
48000000 73
47840625 1
47829690 1
47775744 55
47628000 683
47416320 287
47258883 3
47250000 62
47239200 211
47185920 26
47040000 293
47029248 186
46675440 88
46656000 979
46448640 469
46305000 75
46294416 56
46099200 78
46080000 371
45937500 1
45927000 199
45875200 35
45722880 708
45562500 3
45378900 16
45360000 1028
45349632 53
45158400 537
45018750 1
45008460 52
45000000 30
44957696 1
44800000 117
44789760 413
44651250 19
44641044 6
44471322 1
44452800 497
44286750 9
44255232 23
44236800 299
44100000 142
44089920 391
44040192 5
43904000 106
43758225 5
43750000 1
43740000 257
43563744 5
43545600 1635
43401015 4
43352064 53
43218000 72
43200000 407
43025920 10
43008000 297
42875000 2
42865200 421
42674688 127
42525000 71
42515280 29
42467328 22
42353640 11
42336000 1041
42187500 1
42147840 53
42007896 28
42000000 104
41990400 681
41803776 196
41674500 81
41489280 145
41472000 948
41343750 1
41334300 81
41287680 144
41177150 1
41160000 117
41150592 182
41006250 2
40960000 50
40841010 8
40824000 1044
40642560 710
40516875 2
40507614 6
40500000 70
40336800 19
40320000 808
40310784 96
40186125 4
40140800 60
40007520 317
40000000 11
39813120 326
39690000 300
39680928 49
39513600 444
39375000 7
39366000 179
39337984 3
39321600 47
39200000 79
39191040 905
38896200 70
38880000 839
38723328 10
38707200 981
38587500 5
38578680 149
38535168 6
38416000 38
38400000 161
38272500 71
38263752 4
38118276 2
38102400 1313
37933056 81
37815750 5
37800000 375
37791360 238
37748736 4
37647680 2
37632000 432
37507050 33
37500000 3
37340352 57
37324800 964
37209375 2
37200870 12
37158912 100
37044000 386
36905625 2
36879360 37
36864000 346
36750000 16
36741600 670
36700160 6
36578304 269
36450000 87
36303120 22
36288000 1826
36126720 244
36015000 25
36006768 56
36000000 154
35840000 132
35831808 93
35721000 317
35562240 446
35437500 9
35429400 68
35389440 116
35294700 2
35280000 533
35271936 187
35123200 57
35006580 39
35000000 10
34992000 829
34836480 932
34728750 16
34720812 14
34574400 149
34560000 802
34445250 17
34420736 1
34406400 191
34300000 21
34292160 675
34034175 1
34020000 660
34012224 22
33882912 3
33868800 1132
33756345 3
33750000 19
33718272 18
33614000 9
33600000 281
33592320 527
33480783 1
33339600 377
33191424 55
33177600 702
33075000 83
33067440 221
33030144 23
32941720 1
32928000 250
32805000 72
32768000 34
32672808 9
32659200 1729
32514048 167
32413500 33
32400000 399
32269440 21
32256000 1000
32156250 1
32148900 112
32112640 23
32006016 176
32000000 38
31893750 16
31886460 6
31850496 54
31752000 1078
31610880 235
31505922 8
31500000 105
31492800 457
31457280 19
31360000 153
31352832 309
31255875 5
31116960 157
31104000 1345
31000725 2
30965760 422
30870000 116
30862944 106
30732800 32
30720000 213
30625000 1
30618000 573
30481920 1021
30375000 19
30252600 13
30240000 1182
30233088 94
30105600 299
30012500 4
30005640 147
30000000 27
29859840 541
29767500 76
29760696 26
29635200 589
29524500 36
29503488 16
29491200 208
29400000 150
29393280 822
29360128 1
29172150 22
29160000 602
29042496 18
29030400 1788
28934010 24
28901376 38
28812000 68
28800000 390
28704375 2
28697814 1
28672000 133
28588707 1
28576800 958
28449792 158
28350000 212
28343520 124
28311552 10
28235760 3
28224000 1036
28125000 1
28098560 31
28005264 37
28000000 53
27993600 1154
27869184 223
27783000 179
27659520 113
27648000 894
27562500 11
27556200 230
27525120 55
27440000 69
27433728 260
27337500 18
27227340 19
27216000 1820
27095040 667
27011250 7
27005076 21
27000000 137
26891200 16
26880000 554
26873856 140
26790750 45
26671680 480
26572050 6
26542080 291
26460000 517
26453952 134
26342400 259
26254935 8
26250000 9
26244000 421
26214400 18
26127360 1339
26040609 1
25930800 122
25920000 1011
25815552 8
25804800 697
25725000 20
25719120 343
25690112 3
25600000 55
25515000 233
25509168 10
25412184 3
25401600 1615
25312500 5
25288704 52
25210500 3
25200000 436
25194240 438
25165824 2
25088000 170
25004700 127
25000000 7
24893568 76
24883200 1253
24806250 9
24800580 50
24772608 59
24696000 435
24603750 8
24586240 23
24576000 179
24504606 2
24500000 22
24494400 1378
24385536 307
24310125 1
24300000 241
24202080 33
24192000 1821
24111675 3
24084480 128
24010000 10
24004512 134
24000000 98
23914845 2
23887872 138
23814000 656
23708160 497
23625000 41
23619600 159
23592960 74
23529800 3
23520000 405
23514624 334
23337720 78
23328000 1343
23224320 959
23152500 58
23147208 51
23049600 112
23040000 635
22963500 128
22937600 68
22861440 1038
22781250 6
22689450 9
22680000 1094
22674816 67
22588608 1
22579200 892
22504230 29
22500000 20
22478848 7
22400000 161
22394880 728
22325625 2
22320522 3
22226400 607
22127616 49
22118400 607
22050000 136
22044960 481
22020096 13
21952000 142
21875000 1
21870000 245
21781872 17
21772800 2442
21676032 125
21609000 64
21600000 529
21512960 13
21504000 549
21437500 4
21432600 401
21337344 212
21262500 44
21257640 28
21233664 49
21176820 2
21168000 1324
21073920 146
21003948 12
21000000 91
20995200 900
20971520 7
20901888 373
20837250 37
20744640 167
20736000 1426
20667150 34
20643840 287
20580000 133
20575296 222
20503125 1
20480000 72
20412000 1257
20321280 1136
20250000 67
20168400 21
20160000 1134
20155392 168
20070400 117
20003760 319
20000000 19
19906560 597
19845000 250
19840464 66
19756800 545
19687500 4
19683000 114
19668992 4
19660800 93
19600000 84
19595520 1293
19448100 72
19440000 955
19361664 12
19353600 1708
19293750 6
19289340 112
19267584 23
19208000 32
19200000 213
19136250 24
19131876 1
19059138 2
19051200 1519
18966528 136
18900000 374
18895680 257
18874368 9
18823840 1
18816000 646
18753525 4
18670176 58
18662400 1568
18600435 1
18579456 191
18522000 296
18439680 88
18432000 620
18375000 13
18370800 652
18350080 24
18289152 435
18225000 70
18151560 37
18144000 2383
18063360 501
18007500 8
18003384 49
18000000 157
17920000 210
17915904 190
17860500 156
17781120 606
17718750 2
17714700 34
17694720 218
17640000 579
17635968 253
17561600 100
17503290 17
17500000 8
17496000 902
17418240 1449
17364375 5
17360406 4
17287200 149
17280000 1138
17222625 2
17210368 2
17203200 363
17150000 20
17146080 723
17010000 554
17006112 29
16941456 3
16934400 1708
16875000 8
16859136 25
16807000 4
16800000 381
16796160 717
16777216 2
16669800 303
16595712 57
16588800 1295
16537500 36
16533720 141
16515072 51
16464000 311
16402500 38
16384000 77
16336404 8
16329600 2262
16257024 310
16206750 12
16200000 432
16134720 16
16128000 1459
16078125 1
16074450 54
16056320 28
16003008 196
16000000 48
15946875 2
15943230 2
15925248 113
15876000 1099
15805440 356
15752961 5
15750000 67
15746400 430
15728640 30
15680000 168
15676416 464
15558480 139
15552000 1799
15482880 837
15435000 95
15431472 129
15366400 49
15360000 320
15309000 399
15240960 1382
15187500 11
15126300 12
15120000 1367
15116544 111
15059072 1
15052800 512
15006250 2
15002820 110
15000000 30
14929920 885
14883750 38
14880348 15
14817600 706
14762250 12
14751744 22
14745600 373
14700000 132
14696640 974
14680064 4
14586075 5
14580000 516
14521248 19
14515200 2714
14467005 2
14450688 87
14406000 61
14400000 498
14336000 223
14288400 808
14224896 212
14175000 127
14171760 96
14155776 29
14117880 3
14112000 1278
14062500 1
14049280 40
14002632 34
14000000 66
13996800 1427
13934592 368
13891500 123
13829760 166
13824000 1336
13781250 5
13778100 125
13762560 111
13720000 75
13716864 371
13668750 8
13613670 7
13608000 1927
13547520 1017
13505625 1
13502538 7
13500000 101
13445600 17
13440000 664
13436928 242
13395375 5
13335840 497
13286025 2
13271040 508
13230000 442
13226976 127
13171200 348
13125000 10
13122000 371
13107200 35
13063680 1917
12965400 93
12960000 1287
12907776 7
12902400 1169
12862500 5
12859560 324
12845056 5
12800000 84
12757500 141
12754584 8
12706092 5
12700800 2005
12644352 87
12605250 1
12600000 437
12597120 557
12582912 5
12544000 236
12502350 55
12500000 3
12446784 84
12441600 1961
12403125 2
12400290 32
12386304 154
12348000 386
12293120 31
12288000 264
12252303 1
12250000 14
12247200 1314
12192768 469
12150000 184
12101040 25
12096000 2453
12042240 224
12005000 14
12002256 132
12000000 100
11943936 224
11907000 439
11854080 614
11812500 15
11809800 144
11796480 119
11764900 2
11760000 442
11757312 436
11668860 73
11664000 1520
11612160 1495
11576250 8
11573604 29
11524800 114
11520000 883
11481750 48
11468800 104
11430720 1226
11340000 968
11337408 76
11294304 2
11289600 1397
11252115 7
11250000 17
11239424 8
11200000 155
11197440 1008
11160261 1
11113200 520
11063808 65
11059200 985
11025000 80
11022480 445
11010048 23
10976000 130
10937500 2
10935000 132
10890936 14
10886400 3087
10838016 251
10804500 37
10800000 471
10756480 11
10752000 770
10716300 211
10668672 285
10631250 13
10628820 18
10616832 103
10588410 1
10584000 1360
10536960 199
10501974 9
10500000 69
10497600 914
10485760 13
10450944 553
10418625 12
10372320 184
10368000 1983
10333575 4
10321920 486
10290000 117
10287648 236
10240000 113
10206000 943
10160640 1564
10125000 38
10084200 16
10080000 1269
10077696 222
10035200 160
10001880 255
10000000 15
9953280 966
9922500 95
9920232 54
9878400 625
9843750 1
9841500 68
9834496 8
9830400 150
9800000 84
9797760 1612
9724050 25
9720000 930
9680832 16
9676800 2394
9646875 1
9644670 40
9633792 37
9604000 33
9600000 301
9568125 4
9525600 1507
9483264 207
9450000 247
9447840 272
9437184 30
9411920 1
9408000 784
9375000 4
9335088 66
9331200 2129
9289728 365
9261000 240
9219840 106
9216000 949
9187500 9
9185400 447
9175040 42
9144576 611
9112500 31
9075780 23
9072000 2593
9031680 715
9003750 1
9001692 48
9000000 134
8960000 264
8957952 318
8930250 77
8890560 681
8857350 12
8847360 373
8823675 1
8820000 513
8817984 278
8780800 127
8751645 9
8750000 7
8748000 864
8709120 2268
8680203 1
8643600 134
8640000 1296
8605184 3
8601600 574
8575000 14
8573040 645
8505000 393
8503056 41
8470728 5
8467200 2150
8437500 4
8429568 54
8403500 3
8400000 324
8398080 889
8334900 181
8297856 92
8294400 1791
8268750 14
8266860 109
8257536 91
8232000 323
8201250 12
8192000 95
8168202 10
8164800 2346
8128512 459
8103375 2
8100000 330
8067360 18
8064000 1946
8037225 8
8028160 82
8001504 202
8000000 51
7971615 1
7962624 210
7938000 876
7902720 573
7875000 32
7873200 347
7864320 55
7840000 211
7838208 613
7812500 1
7779240 117
7776000 2084
7741440 1236
7717500 54
7715736 111
7683200 64
7680000 436
7656250 2
7654500 228
7620480 1731
7593750 1
7563150 4
7560000 1311
7558272 150
7529536 1
7526400 657
7501410 55
7500000 19
7464960 1325
7441875 10
7440174 9
7408800 663
7381125 2
7375872 41
7372800 661
7350000 81
7348320 949
7340032 5
7290000 382
7260624 20
7257600 3436
7225344 138
7203000 61
7200000 502
7168000 257
7144200 594
7112448 315
7087500 58
7085880 62
7077888 67
7058940 3
7056000 1274
7024640 57
7001316 27
7000000 47
6998400 1586
6967296 562
6945750 47
6914880 156
6912000 1876
6889050 67
6881280 255
6860000 64
6858432 417
6834375 1
6806835 1
6804000 1791
6773760 1357
6751269 2
6750000 62
6722800 7
6720000 760
6718464 327
6667920 457
6635520 944
6615000 271
6613488 127
6585600 443
6562500 5
6561000 234
6553600 49
6531840 2195
6482700 65
6480000 1295
6453888 18
6451200 1657
6431250 7
6429780 170
6422528 10
6400000 123
6378750 41
6377292 6
6353046 2
6350400 1950
6322176 155
6300000 366
6298560 541
6291456 6
6272000 269
6251175 13
6250000 1
6223392 104
6220800 2400
6200145 5
6193152 227
6174000 337
6146560 35
6144000 443
6125000 8
6123600 1062
6096384 598
6075000 122
6050520 13
6048000 2693
6021120 364
6002500 9
6001128 87
6000000 108
5971968 347
5953500 233
5927040 730
5906250 6
5904900 40
5898240 234
5882450 1
5880000 427
5878656 536
5834430 24
5832000 1444
5806080 2169
5788125 3
5786802 13
5762400 112
5760000 1015
5740875 8
5734400 184
5715360 1103
5670000 681
5668704 72
5647152 4
5644800 1644
5625000 9
5619712 8
5600000 144
5598720 1360
5556600 353
5531904 74
5529600 1480
5512500 35
5511240 291
5505024 35
5488000 123
5467500 71
5445468 11
5443200 3269
5419008 378
5402250 14
5400000 437
5378240 10
5376000 1020
5358150 79
5334336 265
5315625 1
5314410 13
5308416 161
5292000 1156
5268480 251
5250987 3
5250000 52
5248800 818
5242880 15
5225472 791
5186160 140
5184000 2395
5160960 799
5145000 68
5143824 221
5120000 161
5103000 578
5080320 1825
5062500 16
5042100 3
5040000 1190
5038848 255
5017600 242
5000940 131
5000000 17
4976640 1433
4961250 35
4960116 20
4939200 594
4920750 17
4917248 7
4915200 264
4900000 70
4898880 1601
4862025 5
4860000 690
4840416 20
4838400 3019
4822335 9
4816896 65
4802000 39
4800000 284
4762800 1116
4741632 261
4725000 154
4723920 217
4718592 44
4705960 3
4704000 852
4667544 41
4665600 2375
4644864 496
4630500 130
4609920 106
4608000 1266
4593750 2
4592700 216
4587520 65
4572288 642
4556250 6
4537890 13
4536000 2496
4515840 949
4501875 2
4500846 19
4500000 105
4480000 304
4478976 424
4465125 10
4445280 605
4428675 2
4423680 630
4410000 361
4408992 263
4390400 129
4375000 4
4374000 590
4354560 2705
4321800 88
4320000 1400
4302592 3
4300800 847
4287500 4
4286520 469
4252500 159
4251528 19
4235364 1
4233600 2110
4218750 2
4214784 60
4201750 1
4200000 303
4199040 963
4194304 1
4167450 61
4148928 92
4147200 2387
4134375 5
4133430 44
4128768 152
4116000 256
4100625 5
4096000 117
4084101 3
4082400 1888
4064256 658
4050000 239
4033680 27
4032000 2187
4014080 103
4000752 164
4000000 45
3981312 326
3969000 579
3951360 549
3937500 10
3936600 224
3932160 95
3920000 163
3919104 774
3889620 67
3888000 2018
3870720 1711
3858750 16
3857868 53
3841600 43
3840000 536
3827250 59
3810240 1554
3781575 1
3780000 1024
3779136 156
3763200 819
3750705 10
3750000 10
3732480 1765
3720087 1
3704400 521
3687936 31
3686400 947
3675000 56
3674160 718
3670016 8
3645000 222
3630312 16
3628800 3719
3612672 238
3601500 29
3600000 462
3584000 337
3572100 312
3556224 314
3543750 17
3542940 36
3538944 131
3528000 1106
3512320 90
3500658 8
3500000 28
3499200 1474
3483648 767
3472875 6
3457440 155
3456000 2165
3444525 19
3440640 338
3430000 33
3429216 370
3402000 1205
3386880 1742
3375000 37
3361400 6
3360000 767
3359232 399
3333960 302
3317760 1248
3307500 132
3306744 90
3292800 446
3281250 1
3280500 119
3276800 72
3265920 2410
3241350 29
3240000 1063
3226944 12
3225600 2091
3214890 68
3211264 14
3200000 121
3189375 6
3188646 2
3176523 1
3175200 1715
3161088 172
3150000 230
3149280 470
3145728 14
3136000 314
3125000 1
3111696 65
3110400 2762
3096576 413
3087000 148
3073280 47
3072000 644
3062500 6
3061800 645
3048192 686
3037500 37
3025260 20
3024000 2612
3010560 442
3001250 3
3000564 57
3000000 93
2985984 465
2976750 74
2963520 716
2953125 1
2952450 28
2949120 391
2940000 297
2939328 469
2917215 11
2916000 1134
2903040 2655
2893401 6
2881200 92
2880000 1144
2867200 221
2857680 877
2835000 420
2834352 64
2822400 1632
2812500 5
2809856 19
2800000 138
2799360 1497
2778300 199
2765952 67
2764800 1858
2756250 13
2755620 151
2752512 54
2744000 121
2733750 23
2721600 2989
2709504 514
2701125 3
2700000 312
2689120 7
2688000 1150
2679075 24
2667168 251
2657205 1
2654208 253
2646000 834
2634240 329
2625000 29
2624400 570
2621440 28
2612736 937
2593080 96
2592000 2411
2580480 1034
2572500 25
2571912 130
2560000 199
2551500 279
2540160 1896
2531250 4
2521050 3
2520000 1009
2519424 274
2508800 276
2500470 68
2500000 4
2488320 1774
2480625 3
2480058 13
2469600 547
2460375 1
2458624 10
2457600 401
2450000 45
2449440 1334
2430000 504
2420208 14
2419200 3386
2408448 111
2401000 10
2400000 332
2381400 694
2370816 263
2362500 72
2361960 125
2359296 66
2352980 1
2352000 736
2333772 31
2332800 2222
2322432 720
2315250 40
2304960 103
2304000 1429
2296875 1
2296350 82
2293760 85
2286144 579
2278125 2
2268945 1
2268000 1873
2257920 1102
2250423 5
2250000 67
2240000 283
2239488 554
2222640 455
2211840 886
2205000 211
2204496 204
2195200 149
2187500 1
2187000 317
2177280 2826
2160900 51
2160000 1178
2151296 2
2150400 953
2143750 1
2143260 232
2126250 46
2125764 5
2116800 1880
2107392 74
2100000 199
2099520 892
2097152 2
2083725 14
2074464 73
2073600 2743
2066715 18
2064384 208
2058000 165
2048000 140
2041200 1376
2032128 690
2025000 126
2016840 14
2016000 2160
2007040 109
2000376 114
2000000 45
1990656 445
1984500 250
1975680 562
1968750 6
1968300 128
1966080 138
1960000 149
1959552 757
1944810 21
1944000 1735
1935360 2103
1929375 3
1928934 18
1920800 31
1920000 525
1913625 15
1905120 1348
1890000 646
1889568 137
1881600 857
1875000 4
1866240 1949
1852200 360
1843968 34
1843200 1225
1837500 28
1837080 430
1835008 8
1822500 80
1815156 8
1814400 3475
1806336 306
1800750 15
1800000 351
1792000 362
1786050 110
1778112 329
1771875 1
1771470 11
1769472 176
1764735 1
1764000 786
1756160 88
1750329 1
1750000 13
1749600 1121
1741824 946
1728720 107
1728000 2203
1720320 432
1715000 24
1714608 267
1701000 709
1693440 1684
1687500 11
1680700 3
1680000 670
1679616 410
1666980 165
1658880 1582
1653750 38
1653372 41
1646400 330
1640250 32
1638400 89
1632960 2039
1620675 7
1620000 740
1613472 4
1612800 2295
1607445 8
1605632 23
1600000 131
1587600 1150
1580544 207
1575000 123
1574640 314
1572864 23
1568000 280
1555848 48
1555200 2771
1548288 551
1543500 90
1536640 33
1536000 711
1531250 2
1530900 269
1524096 700
1518750 11
1512630 10
1512000 2175
1505280 554
1500282 17
1500000 63
1492992 653
1488375 10
1481760 550
1476225 5
1474560 474
1470000 213
1469664 377
1458000 734
1451520 2842
1440600 56
1440000 1016
1433600 273
1428840 525
1417500 167
1417176 29
1411788 1
1411200 1504
1406250 1
1404928 15
1400000 105
1399680 1451
1389150 60
1382976 65
1382400 2235
1378125 1
1377810 58
1376256 100
1372000 90
1366875 5
1361367 1
1360800 2140
1354752 588
1350000 201
1344560 2
1344000 1159
1333584 193
1327104 358
1323000 457
1317120 294
1312500 7
1312200 302
1310720 32
1306368 968
1296540 63
1296000 2155
1290240 1243
1286250 12
1285956 72
1280000 186
1275750 87
1270080 1633
1265625 1
1260525 1
1260000 722
1259712 247
1254400 277
1250235 15
1250000 3
1244160 2049
1240029 2
1234800 363
1229312 16
1228800 434
1225000 28
1224720 924
1215000 236
1210104 11
1209600 3306
1204224 138
1200500 4
1200000 242
1190700 324
1185408 298
1181250 19
1180980 76
1179648 103
1176490 2
1176000 582
1166886 16
1166400 1881
1161216 867
1157625 5
1152480 70
1152000 1534
1148175 15
1146880 117
1143072 457
1134000 1220
1128960 1204
1125000 24
1120000 234
1119744 542
1111320 314
1105920 1137
1102500 98
1102248 124
1097600 132
1093500 122
1088640 2637
1080450 25
1080000 933
1075648 2
1075200 1105
1071630 78
1063125 4
1062882 2
1058400 1444
1053696 88
1050000 113
1049760 673
1048576 2
1037232 51
1036800 2783
1032192 252
1029000 81
1024000 186
1020600 763
1016064 741
1012500 32
1008420 7
1008000 1787
1003520 151
1000188 62
1000000 20
995328 555
992250 68
987840 505
984375 2
984150 28
983040 206
980000 106
979776 621
972405 4
972000 1258
967680 2330
964467 4
960400 27
960000 540
952560 913
945000 345
944784 98
941192 1
940800 818
937500 2
933120 1801
926100 144
921984 43
921600 1341
918750 3
918540 232
917504 17
911250 26
907578 2
907200 2931
903168 341
900375 1
900000 233
896000 398
893025 19
889056 227
885735 5
884736 255
882000 569
878080 86
875000 5
874800 681
870912 1080
864360 58
864000 2059
860160 494
857500 13
857304 153
850500 301
846720 1486
843750 4
840350 3
840000 512
839808 382
833490 50
829440 1874
826875 6
826686 15
823200 244
820125 7
819200 116
816480 1584
810000 471
806736 7
806400 2256
802816 33
800000 86
793800 674
790272 181
787500 61
787320 191
786432 37
784000 248
777924 25
777600 2317
774144 620
771750 29
768320 27
768000 724
765450 95
762048 639
759375 1
756315 2
756000 1560
752640 602
750141 5
750000 21
746496 634
740880 373
737280 618
735000 85
734832 291
729000 397
725760 2723
720300 19
720000 782
716800 299
714420 286
708750 42
708588 13
705894 1
705600 1232
702464 28
700000 56
699840 1088
694575 16
691488 50
691200 2308
688905 12
688128 94
686000 61
680400 1473
677376 582
675000 86
672280 3
672000 1008
666792 120
663552 437
661500 202
658560 267
656250 5
656100 127
655360 38
653184 811
648270 29
648000 1692
645120 1392
642978 20
640000 177
637875 15
635040 1238
630000 352
629856 201
627200 263
625000 1
622080 2013
617400 182
614656 20
614400 573
612500 5
612360 497
607500 88
605052 1
604800 2764
602112 158
600250 1
600000 158
595350 118
592704 254
590625 6
590490 17
589824 126
588000 395
583443 2
583200 1291
580608 938
576240 42
576000 1452
573440 144
571536 307
567000 622
564480 1143
562500 4
560000 196
559872 553
555660 149
552960 1334
551250 22
551124 58
548800 93
546750 32
544320 2129
540000 573
537824 3
537600 1106
535815 18
531441 1
529200 850
526848 98
525000 60
524880 427
524288 5
518616 36
518400 2430
516096 369
514500 39
512000 202
510300 322
508032 656
506250 9
504210 3
504000 1340
501760 138
500094 25
500000 14
497664 685
496125 16
493920 327
492075 6
491520 241
490000 69
489888 460
486000 714
483840 2159
480200 14
480000 443
476280 504
472500 139
472392 44
470400 673
468750 1
466560 1534
463050 47
460992 24
460800 1395
459270 68
458752 23
455625 3
453600 1854
451584 358
450000 126
448000 326
444528 167
442368 296
441000 284
439040 76
437500 3
437400 365
435456 992
432180 26
432000 1590
430080 557
428750 2
428652 78
425250 68
423360 1191
420000 319
419904 327
416745 15
414720 1853
413343 2
411600 139
409600 144
408240 928
405000 203
403368 6
403200 2049
401408 35
400000 75
396900 270
395136 180
393750 11
393660 81
393216 51
392000 187
388962 11
388800 1762
387072 678
385875 6
384160 17
384000 708
382725 10
381024 431
378000 872
376320 521
375000 10
373248 668
370440 195
368640 732
367500 42
367416 134
364500 122
362880 2290
360150 6
360000 550
358400 278
357210 82
354375 7
354294 3
352800 794
351232 31
350000 29
349920 767
345744 33
345600 2059
344064 147
343000 25
340200 734
338688 507
337500 38
336140 2
336000 837
333396 48
331776 542
330750 57
329280 185
328050 34
327680 44
326592 679
324135 3
324000 1035
322560 1383
321489 1
320000 139
317520 737
315000 198
314928 110
313600 234
312500 1
311040 1799
308700 70
307328 11
307200 608
306250 2
306180 219
303750 18
302526 1
302400 1991
301056 171
300000 98
297675 15
296352 157
295245 1
294912 150
294000 221
291600 748
290304 926
288120 29
288000 1226
286720 146
285768 148
283500 247
282240 904
280000 146
279936 446
277830 53
276480 1359
275625 2
275562 14
274400 75
273375 4
272160 1403
270000 349
268912 2
268800 1029
264600 454
263424 85
262500 16
262440 197
262144 11
259308 10
259200 2050
258048 382
257250 13
256000 221
255150 106
254016 494
252000 830
250880 154
250047 1
250000 14
248832 659
246960 213
245760 290
245000 27
244944 302
243000 346
241920 1945
240100 10
240000 336
238140 204
236250 40
236196 17
235200 457
233280 1131
231525 7
230496 29
230400 1335
229635 10
229376 35
226800 1099
225792 314
225000 53
224000 273
222264 74
221184 346
220500 107
219520 71
218750 1
218700 139
217728 817
216090 14
216000 1085
215040 572
214326 25
212625 7
211680 825
210000 176
209952 225
207360 1684
205800 62
204800 160
204120 523
202500 70
201684 3
201600 1527
200704 40
200000 39
198450 73
197568 124
196830 13
196608 45
196000 108
194481 4
194400 1105
193536 643
192080 16
192000 569
190512 266
189000 397
188160 468
187500 6
186624 590
185220 85
184320 769
183750 6
183708 61
182250 43
181440 1667
180075 3
180000 311
179200 288
178605 13
177147 3
176400 487
175616 11
175000 18
174960 425
172872 16
172800 1709
172032 145
171500 8
170100 277
169344 446
168750 10
168000 531
166698 25
165888 522
165375 9
164640 140
164025 3
163840 64
163296 466
162000 591
161280 1272
160000 118
158760 383
157500 59
157464 58
156800 161
155520 1330
154350 26
153664 6
153600 581
153090 68
151875 1
151263 1
151200 1332
150528 158
150000 51
148176 103
147456 168
147000 108
145800 342
145152 751
144060 14
144000 872
143360 135
142884 69
141750 65
141120 633
140000 70
139968 347
138915 5
138240 1269
137781 4
137200 33
136080 849
135000 146
134400 793
132300 161
131712 56
131250 6
131220 70
131072 14
129654 5
129600 1364
129024 386
128625 4
128000 152
127575 10
127008 352
126000 473
125440 112
125000 1
124416 582
123480 109
122880 291
122500 14
122472 140
121500 111
120960 1528
120050 3
120000 206
119070 65
118125 2
118098 5
117600 309
116640 775
115248 17
115200 1160
114688 27
113400 548
112896 279
112500 10
112000 170
111132 45
110592 315
110250 23
109760 46
109350 37
108864 553
108045 2
108000 631
107520 549
107163 4
105840 434
105000 73
104976 122
103680 1439
102900 31
102400 148
102060 220
101250 13
100800 1000
100352 26
100000 21
99225 12
98784 82
98415 4
98304 51
98000 58
97200 640
96768 573
96040 5
96000 462
95256 141
94500 130
94080 328
93750 1
93312 442
92610 28
92160 737
91875 1
91854 13
91125 5
90720 1026
90000 169
89600 235
88200 200
87808 15
87500 3
87480 214
86436 12
86400 1213
86016 149
85050 62
84672 350
84000 329
83349 3
82944 469
82320 65
81920 60
81648 239
81000 260
80640 952
80000 70
79380 154
78750 16
78732 30
78400 129
77760 883
77175 7
76832 3
76800 514
76545 13
75600 709
75264 108
75000 17
74088 38
73728 173
73500 37
72900 101
72576 611
72030 3
72000 587
71680 124
71442 28
70875 6
70560 377
70000 41
69984 186
69120 1046
68600 5
68040 367
67500 35
67200 547
66150 54
65856 37
65610 23
65536 16
64827 2
64800 745
64512 339
64000 123
63504 188
63000 183
62720 109
62500 1
62208 475
61740 43
61440 292
61250 5
61236 62
60750 26
60480 1001
60000 136
59535 11
59049 1
58800 179
58320 390
57624 9
57600 865
57344 20
56700 216
56448 201
56250 5
56000 137
55566 9
55296 300
55125 2
54880 25
54675 3
54432 377
54000 339
53760 483
52920 203
52500 24
52488 62
51840 991
51450 11
51200 122
51030 59
50625 2
50400 605
50176 38
50000 15
49392 47
49152 62
49000 30
48600 248
48384 457
48020 2
48000 311
47628 64
47250 31
47040 209
46656 289
46305 8
46080 630
45927 2
45360 595
45000 66
44800 140
44100 84
43904 12
43750 2
43740 76
43218 2
43200 836
43008 130
42525 10
42336 203
42000 164
41472 368
41160 37
40960 47
40824 117
40500 75
40320 682
40000 36
39690 38
39366 6
39200 62
38880 604
38416 2
38400 391
37800 314
37632 91
37500 7
37044 24
36864 144
36750 16
36450 20
36288 361
36015 1
36000 316
35840 94
35721 7
35280 199
35000 19
34992 84
34560 796
34300 11
34020 124
33750 8
33600 332
33075 7
32928 26
32805 1
32768 21
32400 395
32256 252
32000 101
31752 83
31500 60
31360 79
31104 266
30870 13
30720 242
30625 1
30618 17
30375 2
30240 621
30000 51
29400 72
29160 182
28812 2
28800 548
28672 23
28350 44
28224 138
28000 60
27648 285
27440 18
27216 188
27000 134
26880 299
26460 62
26250 6
26244 25
25920 683
25725 1
25600 98
25515 9
25200 279
25088 21
25000 5
24696 21
24576 60
24500 8
24300 79
24192 300
24010 2
24000 164
23814 13
23625 4
23520 131
23328 174
23040 471
22680 249
22500 24
22400 125
22050 21
21952 9
21870 17
21600 407
21504 101
21168 94
21000 62
20736 298
20580 16
20480 43
20412 45
20250 11
20160 455
20000 30
19845 5
19600 27
19440 281
19208 1
19200 289
18900 89
18816 61
18522 8
18432 170
18225 2
18144 230
18000 165
17920 70
17640 101
17500 3
17496 40
17280 495
17150 2
17010 41
16807 1
16800 182
16464 15
16384 9
16200 152
16128 184
16000 53
15876 44
15750 11
15680 46
15625 1
15552 187
15435 1
15360 186
15309 4
15120 291
15000 27
14700 16
14580 51
14406 1
14400 354
14336 24
14175 4
14112 88
14000 36
13824 197
13720 5
13608 85
13500 52
13440 217
13230 22
13125 1
13122 3
12960 342
12800 75
12600 128
12544 19
12500 1
12348 11
12288 58
12250 3
12150 26
12096 199
12000 101
11907 4
11760 73
11664 78
11520 335
11340 86
11250 3
11200 60
11025 8
10976 3
10935 2
10800 203
10752 85
10584 37
10500 26
10368 190
10290 5
10240 36
10206 16
10125 1
10080 221
10000 10
9800 10
9720 107
9604 1
9600 186
9450 26
9408 45
9216 96
9072 91
9000 65
8960 59
8820 30
8750 1
8748 15
8640 310
8505 3
8400 88
8232 5
8192 5
8100 60
8064 112
8000 27
7938 13
7875 4
7840 25
7776 98
7680 166
7560 109
7500 6
7350 7
7290 6
7200 182
7168 9
7056 30
7000 3
6912 138
6860 3
6804 34
6750 7
6720 127
6615 3
6561 1
6480 153
6400 47
6300 39
6272 12
6250 1
6174 5
6144 41
6125 1
6075 2
6048 104
6000 32
5880 19
5832 34
5760 209
5670 16
5600 35
5488 4
5400 79
5376 53
5292 9
5250 2
5184 112
5120 37
5103 3
5040 120
5000 2
4900 2
4860 42
4800 103
4725 4
4704 18
4608 75
4536 54
4500 6
4480 30
4410 12
4374 1
4320 156
4200 40
4096 9
4050 8
4032 76
4000 11
3969 2
3920 17
3888 53
3840 89
3780 47
3675 2
3600 66
3584 14
3528 20
3500 4
3456 107
3402 5
3375 3
3360 62
3240 59
3200 26
3150 5
3136 6
3072 26
3024 60
3000 20
2940 9
2916 9
2880 118
2835 4
2800 17
2744 1
2700 22
2688 35
2646 2
2592 61
2560 26
2520 40
2500 2
2450 1
2430 10
2400 39
2352 7
2304 47
2268 16
2250 5
2240 30
2205 2
2160 64
2100 13
2058 2
2048 5
2025 1
2016 45
2000 6
1960 4
1944 21
1920 64
1890 6
1800 30
1792 8
1764 5
1750 2
1728 57
1680 38
1620 14
1600 15
1575 1
1568 1
1536 15
1512 23
1500 6
1458 4
1440 64
1400 6
1372 1
1350 3
1344 16
1296 29
1280 11
1260 7
1250 1
1200 23
1176 3
1152 32
1134 5
1120 10
1080 22
1050 1
1029 1
1024 5
1008 15
1000 5
972 11
960 29
945 3
900 3
896 4
864 24
840 9
810 5
800 11
784 2
768 11
756 5
750 1
720 26
700 3
672 7
648 12
640 10
630 2
600 6
588 2
576 15
567 1
560 5
540 4
512 2
504 5
500 1
486 1
480 11
450 1
448 4
432 13
420 2
405 1
400 3
384 6
375 1
360 10
336 5
324 3
320 8
315 2
300 1
288 10
280 1
270 1
256 3
252 1
240 5
224 3
216 3
200 1
192 5
180 1
168 1
160 1
140 1
120 2
108 4
96 1
80 2
72 1
60 1
