4592700000 1
4536000000 1
3188646000 1
3175200000 1
3150000000 1
3149280000 1
3061800000 1
3023308800 1
2985984000 2
2976069600 1
2949120000 1
2903040000 2
2880000000 3
2857680000 2
2800000000 1
2799360000 1
2721600000 2
2657205000 1
2654208000 1
2646000000 1
2624400000 1
2612736000 2
2550916800 1
2540160000 3
2519424000 2
2508800000 1
2500470000 1
2480058000 1
2449440000 2
2419200000 3
2400000000 1
2380855680 1
2361960000 1
2351462400 1
2332800000 3
2322432000 2
2296350000 1
2286144000 1
2268000000 2
2257920000 3
2250423000 1
2222640000 4
2211840000 1
2204496000 2
2187000000 1
2177280000 3
2160000000 1
2143260000 2
2123366400 1
2116800000 2
2116316160 3
2099520000 4
2090188800 1
2073600000 3
2066715000 1
2064384000 1
2057529600 2
2041200000 1
2032128000 1
2016000000 3
2015539200 1
2007040000 2
1990656000 1
1984046400 2
1975680000 3
1959552000 8
1944810000 2
1944000000 3
1935360000 4
1928934000 1
1920000000 1
1905120000 5
1890000000 2
1889568000 2
1881169920 1
1866240000 3
1857945600 1
1852200000 1
1851776640 1
1843200000 1
1837080000 2
1828915200 4
1814400000 8
1813985280 1
1806336000 2
1800338400 2
1800000000 1
1792000000 1
1791590400 2
1786050000 2
1778112000 1
1771470000 1
1764000000 1
1763596800 5
1750329000 1
1749600000 5
1741824000 4
1714608000 7
1701000000 2
1693440000 7
1693052928 1
1679616000 6
1658880000 3
1653372000 5
1646400000 1
1632960000 12
1625702400 3
1620304560 1
1620000000 1
1612800000 6
1600000000 1
1592524800 1
1587600000 2
1574640000 6
1568000000 3
1567641600 5
1555848000 2
1555200000 6
1548288000 3
1543500000 1
1543147200 2
1536000000 2
1530900000 3
1524096000 6
1512000000 2
1511654400 3
1505280000 2
1500282000 3
1492992000 5
1488034800 3
1486356480 1
1481760000 4
1476225000 1
1469664000 13
1463132160 1
1458000000 3
1451520000 8
1446700500 1
1445068800 1
1440270720 1
1440000000 2
1433600000 2
1428840000 9
1428513408 1
1422489600 1
1417500000 2
1417176000 3
1411200000 6
1410877440 3
1399680000 9
1393459200 3
1388832480 3
1382976000 2
1382400000 1
1377810000 2
1372000000 1
1371686400 5
1360800000 10
1354752000 7
1344000000 5
1343692800 8
1333584000 4
1327104000 5
1322697600 3
1317120000 3
1312200000 4
1306368000 11
1296540000 1
1296000000 8
1290240000 9
1285956000 6
1270080000 15
1260000000 4
1259712000 9
1254400000 4
1254113280 1
1250235000 2
1249949232 2
1244678400 4
1244160000 10
1240029000 2
1238630400 4
1234800000 6
1234517760 4
1224720000 17
1219276800 12
1215228420 1
1210104000 1
1209600000 10
1209323520 2
1200225600 6
1194393600 4
1190700000 7
1190427840 3
1185408000 5
1180980000 6
1176000000 9
1175731200 14
1166886000 1
1166400000 9
1161216000 13
1157360400 6
1156055040 1
1152480000 1
1152000000 8
1148175000 1
1143072000 15
1137991680 3
1134000000 7
1133740800 3
1132462080 1
1128960000 11
1128701952 1
1125211500 3
1120210560 4
1120000000 1
1119744000 17
1116026100 1
1114767360 2
1111320000 9
1111065984 1
1106380800 1
1105920000 3
1102248000 10
1097600000 2
1097349120 9
1093500000 1
1088640000 26
1088391168 1
1083801600 2
1080203040 2
1080000000 3
1075200000 2
1074954240 2
1071630000 6
1066867200 2
1062882000 2
1061683200 4
1058400000 8
1058158080 7
1053696000 1
1050000000 3
1049760000 13
1045094400 19
1036800000 15
1032192000 5
1028764800 19
1024000000 3
1020600000 15
1020366720 2
1016064000 20
1012500000 1
1011548160 2
1008189504 1
1008000000 11
1007769600 13
1003520000 2
1000188000 9
995742720 1
995328000 12
992023200 8
990904320 1
987840000 5
987614208 1
984150000 3
983040000 3
980184240 1
980000000 2
979776000 36
975421440 1
972405000 1
972000000 5
967680000 18
967458816 1
964467000 2
960180480 2
960000000 2
956593800 1
952560000 28
952342272 2
948326400 5
945177660 1
945000000 1
944784000 18
943718400 1
940800000 5
940584960 3
937461924 1
933508800 4
933120000 30
928972800 11
926100000 4
925888320 5
921984000 1
921600000 4
918540000 18
917504000 1
914457600 24
907200000 23
906992640 5
903168000 13
900169200 12
900000000 5
896168448 2
896000000 7
895795200 11
893025000 5
892820880 1
891813888 2
889056000 17
885735000 1
885104640 1
884736000 4
882165816 1
882000000 6
881798400 36
878080000 3
877879296 1
875164500 1
875000000 1
874800000 16
870912000 47
868020300 2
867041280 1
864360000 2
864162432 2
864000000 12
860160000 7
859963392 1
857661210 1
857304000 24
853493760 5
850500000 2
850305600 7
849346560 1
846720000 24
840157920 2
840000000 1
839808000 20
836075520 8
833490000 4
833299488 2
829785600 5
829440000 18
826686000 11
825753600 1
823200000 7
823011840 12
820125000 1
819200000 1
816480000 45
812851200 19
810152280 2
810000000 3
806400000 19
806215680 5
803722500 2
802816000 2
800150400 19
796262400 10
793800000 22
793618560 7
790272000 9
787648050 1
787320000 12
784000000 3
783820800 36
781218270 2
780337152 1
777924000 10
777600000 28
774466560 1
774144000 28
771750000 2
771573600 29
768320000 2
768144384 2
768000000 5
765450000 7
764411904 1
762048000 58
758661120 3
756000000 15
755827200 12
754974720 1
752640000 13
752467968 3
750141000 8
750000000 1
746807040 3
746496000 26
744017400 3
743178240 6
740880000 15
740710656 2
738112500 1
737587200 3
737280000 6
735138180 2
735000000 1
734832000 56
731566080 13
729000000 12
726062400 5
725760000 49
725594112 1
723350250 1
722534400 8
720300000 1
720135360 7
720000000 5
716800000 1
716636160 3
714420000 23
714256704 2
711244800 22
708750000 1
708588000 7
707788800 1
705600000 32
705438720 23
702464000 3
700131600 5
700000000 1
699840000 46
696729600 28
694575000 3
694416240 3
691488000 12
691200000 27
688905000 8
688128000 2
685843200 57
682795008 3
680683500 2
680400000 41
680244480 10
677376000 32
675126900 4
672280000 1
672126336 2
672000000 6
671846400 21
668860416 1
666792000 24
663552000 19
661500000 7
661348800 24
658560000 3
658409472 2
656100000 8
655360000 2
653456160 3
653184000 89
651015225 1
650280960 4
648121824 2
648000000 22
645388800 2
645120000 40
644972544 1
642978000 23
642252800 3
640120320 17
640000000 1
637875000 2
637729200 4
637009920 1
635040000 54
634894848 3
632217600 15
630118440 5
630000000 11
629856000 29
627200000 13
627056640 21
625117500 4
624974616 1
622339200 8
622080000 62
620014500 5
619315200 15
617400000 8
617258880 24
614656000 3
614400000 7
612360000 47
612220032 1
609638400 47
607614210 2
607500000 1
605052000 2
604800000 41
604661760 12
602112000 11
600112800 21
600000000 3
597445632 3
597196800 32
595350000 11
595213920 4
592704000 27
590490000 8
589824000 8
588000000 7
587865600 74
585252864 1
583443000 5
583200000 35
580849920 1
580608000 88
578680200 11
576240000 2
576108288 7
576000000 16
574087500 1
573956280 2
573440000 4
573308928 1
571536000 83
568995840 15
567000000 16
566870400 20
564715200 1
564480000 54
564350976 7
561971200 2
560105280 12
560000000 4
559872000 52
558013050 1
557383680 12
555660000 24
555532992 3
553190400 6
552960000 20
551250000 2
551124000 42
550502400 3
548800000 13
548674560 38
546750000 1
544546800 8
544320000 95
544195584 2
541900800 21
540225000 1
540101520 10
540000000 3
537824000 2
537600000 25
537477120 10
535815000 12
535692528 1
533433600 42
531441000 2
531062784 2
530841600 8
529200000 29
529079040 24
526848000 17
525098700 2
525000000 2
524880000 33
522547200 80
520812180 4
518832090 1
518616000 19
518400000 43
516678750 1
516096000 29
514382400 62
513802240 1
512096256 5
512000000 3
510300000 26
510183360 7
508243680 1
508032000 101
506345175 1
505774080 5
504210000 2
504094752 2
504000000 31
503884800 43
501760000 13
501645312 3
500094000 24
497871360 11
497664000 51
496125000 4
496011600 23
495452160 4
493920000 26
493807104 7
492075000 2
491724800 3
491520000 6
490092120 3
490000000 3
489888000 115
487710720 21
486202500 4
486091368 3
486000000 23
484041600 6
483840000 89
483729408 2
482233500 7
481689600 6
480200000 1
480090240 19
480000000 4
478296900 1
477757440 8
476478450 1
476280000 69
476171136 5
474163200 32
472588830 3
472500000 5
472392000 27
471859200 3
470596000 1
470400000 23
470292480 27
466754400 17
466560000 80
464679936 1
464486400 63
463050000 4
462944160 16
460992000 6
460800000 28
459270000 25
458752000 5
457228800 105
455196672 4
453789000 4
453600000 80
453496320 11
451584000 55
450084600 10
448084224 2
448000000 9
447897600 58
446512500 2
446410440 4
445906944 2
444528000 55
442867500 2
442552320 2
442368000 22
441000000 14
440899200 81
439040000 7
438939648 6
437582250 1
437500000 1
437400000 30
435637440 4
435456000 155
434010150 1
433520640 9
432180000 6
432081216 5
432000000 31
430259200 1
430080000 28
429981696 1
428652000 78
426746880 35
425250000 4
425152800 13
424673280 4
423360000 95
423263232 6
421478400 9
420078960 5
420000000 7
419904000 84
418037760 41
416745000 14
416649744 3
414892800 15
414720000 90
413343000 16
412876800 24
411600000 8
411505920 46
409600000 8
408410100 4
408240000 136
408146688 2
406425600 81
405076140 9
405000000 6
403368000 2
403200000 54
403107840 25
401861250 2
401408000 11
400075200 57
400000000 1
398297088 2
398131200 35
396900000 27
396809280 23
395136000 49
393660000 23
393379840 1
393216000 3
392073696 3
392000000 10
391910400 141
390168576 6
388962000 11
388800000 73
387233280 6
387072000 100
385875000 3
385786800 41
385351680 4
384160000 5
384072192 6
384000000 11
382725000 14
381024000 161
379330560 15
378157500 2
378071064 1
378000000 29
377913600 46
376320000 37
376233984 8
375070500 9
373403520 19
373248000 116
372008700 8
371589120 19
370440000 41
370355328 11
368793600 12
368640000 30
367569090 2
367500000 2
367416000 130
367001600 1
365783040 78
364500000 11
363031200 8
362880000 170
362797056 1
361267200 31
360150000 3
360067680 26
360000000 13
358400000 17
358318080 23
357210000 51
357128352 3
355622400 77
354294000 12
354041856 1
353894400 9
352800000 64
352719360 57
351232000 12
350065800 9
349920000 94
348509952 1
348364800 148
347287500 2
347208120 10
346816512 1
345744000 23
345600000 62
344452500 6
344064000 20
343000000 8
342921600 144
341397504 10
340200000 62
340122240 11
339738624 1
338829120 1
338688000 144
337563450 3
337500000 1
337182720 2
336140000 1
336063168 8
336000000 19
335923200 104
334807830 2
334430208 11
333396000 78
331914240 13
331776000 85
330750000 10
330674400 53
330301440 7
329280000 31
329204736 17
328050000 7
327680000 6
326728080 7
326592000 274
325140480 58
324135000 3
324060912 4
324000000 39
322694400 2
322560000 100
322486272 6
321489000 36
321126400 5
320060160 59
320000000 3
318937500 1
318864600 1
318504960 17
317520000 156
317447424 15
316108800 38
315059220 6
315000000 9
314928000 73
314572800 1
313600000 23
313528320 88
311169600 38
311040000 132
310007250 3
309786624 1
309657600 75
308700000 13
308629440 42
307328000 7
307200000 20
306180000 85
306110016 1
304819200 184
303807105 1
303750000 1
303464448 6
302526000 5
302400000 127
302330880 39
301989888 1
301056000 33
300056400 53
300000000 1
298722816 9
298598400 101
297675000 16
297606960 14
297271296 4
296352000 95
295245000 10
295034880 4
294912000 25
294055272 2
294000000 18
293932800 195
293601280 1
292626432 13
291721500 10
291600000 85
290424960 4
290304000 269
289340100 15
289013760 12
288120000 9
288054144 13
288000000 47
287043750 1
286978140 1
286720000 12
286654464 3
285887070 2
285768000 184
284497920 52
283500000 22
283435200 42
283115520 3
282357600 2
282240000 136
282175488 18
281302875 1
280985600 8
280052640 16
280000000 7
279936000 190
278691840 68
277830000 53
277766496 10
276595200 27
276480000 98
275562000 49
275251200 7
274400000 12
274337280 125
272273400 4
272160000 266
272097792 6
270950400 115
270112500 3
270050760 23
270000000 10
268912000 4
268800000 42
268738560 45
267907500 13
267846264 1
266827932 1
266716800 133
265720500 3
265531392 4
265420800 48
264600000 70
264539520 78
264241152 1
263424000 42
262549350 5
262440000 70
261382464 3
261273600 282
260406090 3
260112384 9
259308000 21
259200000 135
258155520 2
258048000 81
257250000 2
257191200 114
256901120 2
256048128 21
256000000 5
255150000 58
255091680 6
254803968 2
254121840 1
254016000 282
252887040 23
252047376 5
252000000 47
251942400 109
250880000 27
250822656 22
250047000 44
248935680 24
248832000 171
248062500 2
248005800 28
247726080 21
246960000 68
246903552 32
246037500 6
245862400 7
245760000 25
245046060 5
245000000 2
244944000 271
243855360 109
243101250 3
243045684 4
243000000 32
242020800 10
241920000 273
241864704 9
241116750 4
240844800 23
240100000 5
240045120 72
240000000 9
238878720 37
238140000 123
238085568 10
237081600 111
236250000 5
236196000 70
236027904 1
235929600 16
235200000 47
235146240 135
233377200 38
233280000 202
232339968 5
232243200 192
231525000 11
231472080 39
231211008 5
230496000 34
230400000 64
229635000 28
229582512 1
229376000 16
228709656 1
228614400 255
227598336 14
226894500 4
226800000 140
226748160 45
226492416 1
225886080 1
225792000 140
225042300 16
225000000 4
224788480 1
224042112 15
224000000 20
223948800 159
223256250 2
223205220 3
222953472 8
222356610 1
222264000 123
221433750 2
221276160 18
221184000 90
220500000 22
220449600 183
220200960 3
219520000 25
219469824 32
218791125 3
218700000 50
217818720 11
217728000 445
216760320 49
216090000 15
216040608 13
216000000 69
215129600 4
215040000 64
214990848 13
214375000 1
214326000 124
213373440 89
212625000 9
212576400 10
212336640 19
211768200 1
211680000 213
211631616 34
210739200 37
210039480 20
210000000 10
209952000 200
209018880 133
208372500 12
208324872 10
207446400 48
207360000 217
206671500 16
206438400 55
205800000 16
205752960 146
204800000 12
204205050 2
204120000 205
204073344 7
203297472 1
203212800 307
202538070 3
202500000 5
202309632 8
201684000 5
201600000 166
201553920 67
200884698 1
200704000 25
200037600 118
200000000 2
199148544 4
199065600 135
198450000 55
198404640 48
198180864 7
197568000 141
196830000 36
196689920 3
196608000 13
196000000 12
195955200 396
195084288 26
194481000 22
194400000 130
193616640 6
193536000 292
192893400 62
192675840 7
192080000 13
192036096 28
192000000 32
191362500 8
191318760 2
191102976 4
190591380 1
190512000 363
189665280 58
189035532 5
189000000 57
188956800 89
188743680 3
188160000 108
188116992 44
187535250 7
186701760 36
186624000 280
186004350 3
185794560 77
185220000 80
185177664 25
184396800 19
184320000 101
183750000 3
183708000 196
183500800 6
182891520 167
182250000 13
181515600 10
181440000 422
181398528 9
180633600 118
180075000 1
180033840 53
180000000 15
179830784 1
179200000 26
179159040 80
178605000 64
178564176 7
177811200 204
177147000 14
177020928 5
176947200 46
176400000 125
176359680 138
176160768 1
175616000 29
175032900 23
175000000 1
174960000 186
174254976 3
174182400 398
173643750 4
173604060 15
173408256 15
172872000 35
172800000 148
172226250 2
172103680 1
172032000 67
171500000 6
171460800 257
170698752 26
170100000 104
170061120 35
169869312 1
169414560 2
169344000 361
168781725 1
168750000 2
168591360 13
168070000 2
168031584 14
168000000 42
167961600 227
167215104 27
166698000 79
165957120 48
165888000 209
165375000 8
165337200 91
165150720 18
164640000 58
164602368 34
164025000 12
163840000 12
163364040 9
163296000 529
162570240 129
162067500 8
162030456 11
162000000 54
161347200 8
161280000 263
161243136 18
160744500 36
160563200 10
160030080 123
160000000 7
159468750 1
159432300 2
159252480 48
158826150 2
158760000 245
158723712 22
158054400 111
157529610 5
157500000 13
157464000 129
157351936 1
157286400 4
156800000 41
156764160 262
156243654 1
155584800 84
155520000 306
155003625 1
154893312 3
154828800 208
154350000 33
154314720 95
154140672 1
153664000 19
153600000 51
153090000 129
153055008 2
152409600 494
151875000 1
151732224 11
151263000 9
151200000 232
151165440 89
150590720 2
150528000 141
150028200 78
150000000 4
149361408 17
149299200 237
148837500 7
148803480 17
148635648 12
148176000 153
147622500 8
147517440 15
147456000 76
147027636 4
147000000 24
146966400 368
146313216 52
145860750 7
145800000 99
145212480 15
145152000 611
144670050 14
144506880 33
144060000 19
144027072 26
144000000 79
143489070 2
143360000 42
143327232 16
142943535 1
142884000 296
142248960 141
141750000 33
141717600 50
141557760 12
141178800 1
141120000 257
141087744 56
140492800 17
140026320 35
140000000 10
139968000 371
139345920 168
138915000 51
138883248 8
138297600 66
138240000 254
137781000 57
137625600 32
137200000 18
137168640 293
136687500 1
136136700 15
136080000 443
136048896 12
135475200 315
135025380 22
135000000 12
134873088 2
134456000 4
134400000 111
134369280 127
133953750 5
133413966 1
133358400 231
132860250 3
132765696 8
132710400 134
132300000 92
132269760 119
132120576 2
131766880 1
131712000 101
131274675 1
131220000 105
131072000 7
130691232 6
130636800 639
130203045 1
130056192 21
129654000 45
129600000 232
129077760 5
129024000 273
128625000 2
128595600 169
128450560 6
128024064 43
128000000 10
127575000 55
127545840 7
127401984 10
127060920 1
127008000 573
126443520 57
126052500 2
126023688 7
126000000 69
125971200 233
125829120 2
125440000 55
125411328 55
125023500 54
124467840 82
124416000 461
124002900 22
123863040 61
123480000 108
123451776 57
122931200 12
122880000 41
122523030 9
122500000 7
122472000 412
121927680 289
121550625 1
121522842 3
121500000 41
121010400 14
120960000 541
120932352 34
120472576 1
120422400 79
120050000 2
120022560 126
120000000 18
119439360 117
119070000 172
119042784 23
118540800 269
118125000 4
118098000 57
118013952 5
117964800 42
117600000 91
117573120 295
116688600 45
116640000 372
116169984 6
116121600 481
115762500 7
115736040 47
115605504 7
115248000 32
115200000 148
114817500 33
114791256 1
114688000 23
114354828 1
114307200 541
113799168 34
113447250 4
113400000 259
113374080 70
113246208 5
112896000 368
112521150 8
112500000 5
112394240 12
112021056 25
112000000 39
111974400 402
111602610 3
111476736 28
111132000 207
110638080 35
110592000 231
110250000 30
110224800 258
110100480 9
109760000 44
109734912 65
109350000 33
108909360 10
108864000 923
108380160 157
108045000 15
108020304 25
108000000 97
107564800 6
107520000 190
107495424 34
107163000 113
106686720 219
106312500 6
106288200 29
106168320 48
105884100 1
105840000 381
105815808 57
105369600 76
105019740 24
105000000 17
104976000 332
104857600 2
104509440 371
104186250 6
104162436 1
103723200 94
103680000 451
103335750 5
103262208 1
103219200 154
102900000 31
102876480 214
102760448 1
102400000 15
102102525 1
102060000 314
102036672 13
101648736 1
101606400 615
101269035 2
101250000 9
101154816 9
100842000 8
100800000 280
100776960 158
100352000 56
100018800 164
100000000 2
99574272 41
99532800 310
99225000 36
99202320 72
99090432 11
98784000 205
98415000 28
98344960 6
98304000 44
98018424 3
98000000 32
97977600 774
97542144 76
97240500 20
97200000 229
96808320 15
96768000 659
96446700 46
96337920 27
96040000 9
96018048 65
96000000 50
95681250 6
95659380 5
95551488 12
95295690 1
95256000 537
94832640 149
94517766 4
94500000 58
94478400 154
94371840 11
94119200 1
94080000 183
94058496 98
93767625 2
93350880 83
93312000 628
92897280 206
92610000 83
92588832 46
92198400 31
92160000 223
91875000 5
91854000 214
91750400 15
91445760 450
91125000 14
90757800 11
90720000 722
90699264 21
90354432 1
90316800 264
90016920 48
90000000 28
89600000 66
89579520 223
89302500 44
89282088 10
88905600 364
88573500 12
88510464 7
88473600 134
88200000 127
88179840 288
88080384 2
87808000 63
87516450 12
87500000 1
87480000 271
87127488 6
87091200 906
86821875 1
86802030 12
86704128 18
86436000 59
86400000 266
86051840 1
86016000 166
85766121 1
85750000 4
85730400 383
85349376 74
85050000 113
85030560 42
84934656 7
84707280 3
84672000 707
84375000 2
84295680 32
84035000 2
84015792 11
84000000 89
83980800 432
83886080 1
83607552 82
83349000 104
82978560 82
82944000 511
82687500 7
82668600 89
82575360 58
82354300 1
82320000 99
82301184 113
82012500 9
81920000 21
81682020 11
81648000 865
81285120 351
81033750 3
81015228 6
81000000 80
80673600 18
80640000 478
80621568 50
80372250 18
80281600 35
80015040 217
80000000 14
79716150 1
79626240 156
79380000 313
79361856 49
79060128 1
79027200 245
78764805 2
78750000 16
78732000 169
78675968 2
78643200 18
78400000 72
78382080 510
78121827 1
77792400 90
77760000 567
77446656 3
77414400 486
77175000 24
77157360 134
77070336 6
76832000 29
76800000 99
76545000 102
76527504 3
76236552 1
76204800 829
75937500 1
75866112 37
75631500 7
75600000 341
75582720 137
75497472 1
75295360 1
75264000 251
75014100 52
75000000 5
74680704 35
74649600 551
74418750 8
74401740 24
74317824 28
74088000 325
73811250 1
73758720 30
73728000 180
73530625 1
73513818 1
73500000 34
73483200 529
73400320 2
73156608 139
72900000 132
72606240 33
72576000 1173
72335025 1
72253440 122
72030000 15
72013536 55
72000000 119
71680000 73
71663616 57
71442000 319
71124480 288
70875000 14
70858800 64
70778880 47
70589400 1
70560000 454
70543872 126
70246400 39
70013160 52
70000000 14
69984000 581
69672960 481
69457500 29
69441624 29
69148800 126
69120000 463
68890500 58
68841472 2
68812800 102
68600000 22
68584320 440
68343750 2
68068350 7
68040000 643
68024448 35
67765824 3
67737600 627
67512690 13
67500000 13
67436544 15
67228000 5
67200000 196
67184640 300
66976875 2
66961566 2
66679200 301
66430125 1
66382848 22
66355200 344
66150000 111
66134880 191
66060288 8
65856000 162
65610000 109
65536000 21
65345616 10
65318400 1209
65028096 78
64827000 50
64800000 360
64538880 17
64512000 563
64312500 1
64297800 180
64225280 11
64012032 110
64000000 29
63787500 26
63772920 14
63700992 23
63530460 2
63504000 861
63221760 131
63011844 4
63000000 105
62985600 356
62914560 5
62720000 88
62705664 156
62511750 18
62233920 113
62208000 816
62015625 1
62001450 12
61931520 184
61740000 148
61725888 96
61465600 28
61440000 116
61261515 1
61250000 3
61236000 549
60963840 656
60761421 1
60750000 35
60505200 22
60480000 808
60466176 43
60211200 169
60025000 2
60011280 140
60000000 30
59719680 247
59535000 159
59521392 25
59270400 483
59049000 46
59006976 2
58982400 102
58824500 1
58800000 134
58786560 587
58344300 46
58320000 467
58084992 6
58060800 1061
57881250 4
57868020 51
57802752 19
57624000 60
57600000 254
57408750 11
57395628 1
57344000 61
57177414 1
57153600 801
56899584 82
56700000 245
56687040 117
56623104 3
56471520 2
56448000 669
56260575 8
56250000 2
56197120 19
56010528 33
56000000 52
55987200 743
55801305 3
55738368 90
55566000 241
55319040 82
55296000 499
55125000 9
55112400 282
55050240 20
54880000 50
54867456 199
54675000 41
54454680 22
54432000 1441
54190080 330
54022500 19
54010152 27
54000000 119
53782400 12
53760000 350
53747712 71
53593750 1
53581500 89
53343360 344
53156250 2
53144100 17
53084160 148
52920000 483
52907904 99
52684800 174
52509870 10
52500000 13
52488000 464
52428800 12
52254720 787
52093125 3
52081218 4
51861600 141
51840000 759
51667875 2
51631104 5
51609600 366
51450000 28
51438240 363
51200000 50
51030000 332
51018336 15
50824368 1
50803200 1132
50625000 2
50577408 31
50421000 6
50400000 395
50388480 303
50331648 2
50176000 107
50009400 175
50000000 6
49787136 39
49766400 686
49612500 31
49601160 52
49545216 23
49392000 320
49207500 20
49172480 16
49152000 108
49009212 2
49000000 27
48988800 1153
48771072 139
48620250 7
48600000 270
48404160 26
48384000 1232
48223350 27
48168960 73
48020000 19
48009024 105
48000000 74
47840625 1
47829690 2
47775744 65
47647845 1
47628000 700
47416320 312
47258883 3
47250000 72
47239200 185
47185920 18
47059600 1
47040000 332
47029248 210
46675440 90
46656000 951
46448640 491
46305000 97
46294416 48
46099200 79
46080000 357
45937500 1
45927000 200
45875200 33
45722880 778
45562500 5
45378900 8
45360000 969
45349632 42
45158400 560
45018750 1
45008460 54
45000000 25
44957696 2
44800000 95
44789760 424
44651250 15
44641044 5
44452800 492
44286750 4
44255232 19
44236800 275
44100000 172
44089920 385
44040192 4
43904000 75
43758225 5
43740000 279
43563744 12
43545600 1627
43352064 84
43218000 65
43200000 418
43025920 4
43008000 334
42875000 5
42865200 488
42674688 132
42525000 103
42515280 48
42467328 10
42353640 4
42336000 1014
42147840 89
42017500 2
42007896 16
42000000 78
41990400 658
41943040 1
41803776 177
41674500 73
41489280 122
41472000 965
41343750 1
41334300 57
41287680 148
41160000 139
41150592 206
41006250 1
40960000 51
40841010 7
40824000 1113
40642560 690
40507614 5
40500000 92
40336800 18
40320000 811
40310784 100
40186125 4
40140800 58
40007520 299
40000000 17
39813120 279
39690000 328
39680928 61
39513600 384
39375000 8
39366000 173
39337984 2
39321600 55
39200000 90
39191040 951
38896200 103
38880000 837
38723328 13
38707200 940
38587500 12
38578680 140
38535168 7
38416000 36
38400000 157
38272500 64
38263752 3
38118276 1
38102400 1321
37933056 72
37815750 4
37800000 402
37791360 237
37748736 6
37647680 2
37632000 413
37507050 36
37500000 7
37340352 42
37324800 1002
37200870 7
37158912 72
37044000 381
36879360 39
36864000 383
36750000 37
36741600 688
36700160 5
36578304 243
36450000 111
36303120 27
36288000 1907
36126720 262
36015000 11
36006768 73
36000000 143
35840000 150
35831808 94
35721000 295
35562240 460
35437500 8
35429400 54
35389440 108
35294700 2
35280000 503
35271936 183
35123200 64
35006580 34
35000000 10
34992000 845
34836480 897
34728750 11
34720812 18
34574400 148
34560000 770
34445250 23
34420736 1
34406400 187
34300000 27
34292160 632
34171875 1
34034175 2
34020000 651
34012224 43
33882912 1
33868800 1097
33756345 1
33750000 10
33718272 11
33614000 6
33600000 270
33592320 521
33339600 346
33191424 53
33177600 776
33075000 75
33067440 203
33030144 19
32928000 257
32812500 1
32805000 73
32768000 40
32672808 10
32659200 1807
32514048 169
32413500 34
32400000 406
32269440 14
32256000 1049
32156250 1
32148900 125
32112640 19
32006016 153
32000000 44
31893750 8
31886460 11
31850496 59
31765230 1
31752000 1048
31610880 216
31505922 6
31500000 92
31492800 452
31457280 7
31360000 162
31352832 251
31255875 3
31116960 133
31104000 1350
31000725 1
30965760 408
30870000 129
30862944 117
30732800 44
30720000 196
30625000 1
30618000 519
30481920 1007
30375000 20
30252600 10
30240000 1213
30233088 79
30118144 3
30105600 306
30012500 4
30005640 136
30000000 22
29859840 536
29767500 89
29760696 25
29635200 645
29531250 1
29524500 38
29503488 14
29491200 206
29400000 167
29393280 764
29360128 2
29172150 20
29160000 597
29042496 22
29030400 1809
28940625 1
28934010 19
28901376 45
28812000 71
28800000 362
28704375 1
28672000 134
28576800 935
28449792 145
28350000 202
28343520 130
28311552 19
28235760 3
28224000 1003
28125000 1
28098560 36
28005264 36
28000000 58
27993600 1116
27869184 214
27783000 172
27659520 128
27648000 897
27562500 7
27556200 204
27525120 76
27440000 94
27433728 294
27337500 26
27227340 14
27216000 1906
27095040 655
27011250 7
27005076 23
27000000 134
26891200 10
26880000 525
26873856 145
26790750 40
26671680 474
26572050 5
26542080 299
26471025 2
26460000 530
26453952 146
26342400 276
26254935 3
26250000 27
26244000 428
26214400 16
26127360 1315
26040609 2
25930800 142
25920000 1079
25815552 4
25804800 663
25725000 31
25719120 354
25600000 69
25515000 249
25509168 14
25412184 1
25401600 1691
25288704 53
25210500 1
25200000 438
25194240 424
25165824 1
25088000 182
25004700 112
25000000 2
24893568 63
24883200 1216
24806250 11
24800580 52
24772608 81
24696000 402
24603750 7
24586240 25
24576000 180
24504606 4
24500000 15
24494400 1400
24385536 301
24310125 4
24300000 239
24202080 27
24192000 1868
24111675 4
24084480 122
24010000 13
24004512 104
24000000 99
23914845 1
23887872 118
23814000 628
23708160 482
23625000 38
23619600 207
23592960 71
23529800 1
23520000 421
23514624 320
23337720 87
23328000 1367
23224320 939
23152500 54
23147208 37
23049600 106
23040000 631
22968750 2
22963500 107
22937600 58
22861440 1017
22781250 2
22689450 4
22680000 1151
22674816 58
22588608 5
22579200 938
22509375 1
22504230 27
22500000 23
22478848 4
22400000 130
22394880 702
22325625 1
22320522 4
22226400 554
22143375 2
22127616 41
22118400 563
22050000 145
22044960 462
22020096 18
21952000 107
21870000 236
21781872 17
21772800 2519
21676032 145
21609000 73
21600000 523
21512960 5
21504000 561
21437500 5
21432600 403
21337344 172
21262500 40
21257640 33
21233664 50
21176820 6
21168000 1293
21073920 136
21003948 14
21000000 105
20995200 844
20971520 1
20901888 427
20837250 33
20744640 154
20736000 1490
20667150 40
20643840 281
20580000 120
20575296 231
20480000 62
20412000 1164
20321280 1111
20253807 1
20250000 53
20168400 20
20160000 1075
20155392 175
20070400 123
20003760 344
20000000 9
19906560 631
19845000 229
19840464 44
19756800 580
19687500 3
19683000 116
19668992 7
19660800 92
19600000 80
19595520 1397
19448100 63
19440000 920
19361664 14
19353600 1629
19293750 1
19289340 97
19267584 25
19208000 39
19200000 213
19136250 21
19131876 2
19059138 1
19051200 1485
18966528 131
18907875 1
18900000 374
18895680 302
18874368 9
18823840 2
18816000 598
18753525 5
18750000 2
18670176 70
18662400 1595
18600435 3
18579456 186
18522000 344
18439680 70
18432000 658
18375000 21
18370800 636
18350080 20
18289152 398
18225000 58
18151560 31
18144000 2372
18063360 516
18007500 13
18003384 60
18000000 146
17920000 199
17915904 187
17860500 182
17781120 599
17718750 2
17714700 36
17694720 209
17640000 593
17635968 240
17561600 99
17503290 18
17500000 6
17496000 883
17418240 1597
17364375 4
17360406 12
17287200 173
17280000 1117
17222625 3
17210368 1
17203200 348
17150000 16
17146080 678
17010000 536
17006112 31
16941456 3
16934400 1685
16875000 7
16859136 33
16807000 5
16800000 313
16796160 745
16669800 289
16595712 71
16588800 1288
16537500 38
16533720 126
16515072 57
16464000 301
16402500 42
16384000 57
16336404 11
16329600 2256
16257024 329
16206750 14
16200000 450
16134720 28
16128000 1508
16074450 60
16056320 34
16003008 176
16000000 55
15946875 4
15943230 5
15925248 100
15882615 1
15876000 1082
15805440 368
15752961 4
15750000 68
15746400 449
15728640 31
15680000 177
15676416 435
15558480 125
15552000 1819
15482880 763
15435000 101
15431472 126
15366400 50
15360000 317
15312500 1
15309000 455
15240960 1468
15187500 16
15126300 12
15120000 1347
15116544 115
15059072 2
15052800 531
15002820 121
15000000 23
14929920 940
14883750 24
14880348 20
14817600 677
14762250 15
14751744 25
14745600 410
14700000 140
14696640 932
14680064 2
14586075 7
14580000 506
14521248 16
14515200 2669
14467005 7
14450688 95
14406000 47
14400000 453
14336000 180
14288400 815
14224896 235
14175000 121
14171760 113
14155776 38
14117880 4
14112000 1249
14049280 52
14002632 32
14000000 51
13996800 1478
13934592 409
13891500 98
13829760 148
13824000 1379
13781250 4
13778100 145
13762560 137
13720000 69
13716864 399
13668750 7
13613670 10
13608000 2085
13547520 1041
13502538 14
13500000 109
13445600 8
13440000 690
13436928 229
13395375 7
13335840 528
13286025 1
13271040 518
13230000 436
13226976 158
13171200 338
13125000 7
13122000 381
13107200 26
13063680 1896
12965400 104
12960000 1251
12907776 10
12902400 1096
12862500 13
12859560 270
12845056 5
12800000 87
12757500 116
12754584 14
12706092 2
12700800 1927
12644352 98
12600000 420
12597120 582
12582912 5
12544000 229
12502350 67
12500000 2
12446784 92
12441600 1945
12403125 2
12400290 19
12386304 144
12348000 381
12301875 1
12293120 34
12288000 297
12250000 16
12247200 1321
12192768 497
12150000 182
12101040 31
12096000 2460
12042240 211
12005000 9
12002256 122
12000000 120
11943936 228
11907000 492
11854080 600
11812500 22
11809800 125
11796480 127
11764900 1
11760000 440
11757312 438
11668860 60
11664000 1539
11612160 1525
11576250 13
11573604 37
11524800 121
11520000 891
11481750 40
11468800 115
11430720 1240
11344725 1
11340000 1032
11337408 72
11289600 1282
11252115 5
11250000 12
11239424 14
11200000 156
11197440 1072
11160261 1
11113200 530
11063808 63
11059200 971
11025000 89
11022480 454
11010048 20
10976000 156
10935000 162
10890936 17
10886400 3087
10838016 235
10804500 54
10800000 512
10756480 16
10752000 840
10716300 228
10668672 271
10631250 11
10628820 17
10616832 96
10588410 2
10584000 1423
10536960 209
10501974 9
10500000 71
10497600 863
10485760 8
10450944 570
10418625 2
10372320 178
10368000 2047
10333575 9
10321920 509
10290000 102
10287648 268
10240000 104
10206000 933
10160640 1567
10125000 28
10084200 17
10080000 1277
10077696 212
10035200 192
10001880 238
10000000 14
9953280 939
9922500 137
9920232 55
9878400 670
9843750 3
9841500 62
9834496 6
9830400 162
9800000 75
9797760 1543
9724050 34
9720000 912
9680832 10
9676800 2421
9646875 1
9644670 39
9633792 36
9604000 31
9600000 283
9568125 2
9529569 1
9525600 1508
9483264 207
9450000 286
9447840 284
9437184 21
9411920 1
9408000 782
9335088 82
9331200 2004
9289728 364
9261000 213
9219840 103
9216000 988
9187500 6
9185400 464
9175040 28
9144576 563
9112500 37
9075780 22
9072000 2642
9031680 729
9003750 2
9001692 47
9000000 133
8960000 261
8957952 312
8930250 63
8890560 679
8857350 9
8847360 376
8823675 1
8820000 538
8817984 294
8780800 159
8751645 6
8750000 6
8748000 817
8709120 2145
8680203 3
8643600 147
8640000 1265
8605184 4
8601600 573
8575000 7
8573040 608
8505000 345
8503056 27
8470728 3
8467200 2099
8437500 5
8429568 46
8403500 1
8400000 347
8398080 940
8334900 195
8297856 103
8294400 1861
8268750 17
8266860 123
8257536 85
8232000 283
8201250 17
8192000 90
8168202 3
8164800 2308
8128512 438
8103375 5
8100000 287
8067360 13
8064000 1883
8037225 10
8028160 71
8001504 215
8000000 51
7971615 1
7962624 214
7938000 850
7902720 540
7875000 41
7873200 332
7864320 54
7840000 210
7838208 683
7779240 111
7776000 2185
7741440 1228
7717500 63
7715736 77
7683200 51
7680000 427
7656250 2
7654500 205
7620480 1717
7593750 2
7563150 6
7560000 1187
7558272 166
7526400 738
7501410 49
7500000 16
7464960 1360
7441875 4
7440174 7
7408800 633
7381125 1
7375872 23
7372800 596
7350000 106
7348320 914
7340032 6
7290000 433
7260624 10
7257600 3346
7225344 163
7203000 39
7200000 500
7168000 265
7144200 560
7112448 283
7087500 78
7085880 80
7077888 68
7058940 3
7056000 1259
7024640 58
7001316 23
7000000 49
6998400 1594
6967296 615
6945750 42
6914880 175
6912000 1864
6889050 49
6881280 191
6860000 58
6858432 406
6806835 3
6804000 1768
6773760 1403
6751269 1
6750000 85
6722800 6
6720000 815
6718464 335
6667920 430
6635520 828
6615000 227
6613488 141
6588344 1
6585600 410
6562500 3
6561000 222
6553600 40
6531840 2250
6482700 67
6480000 1260
6453888 20
6451200 1641
6431250 2
6429780 159
6422528 7
6400000 114
6378750 38
6377292 8
6353046 5
6350400 1966
6322176 137
6302625 1
6300000 328
6298560 520
6291456 9
6272000 280
6251175 13
6250000 3
6223392 92
6220800 2462
6200145 3
6193152 271
6174000 291
6146560 32
6144000 474
6125000 6
6123600 1060
6096384 608
6075000 114
6050520 23
6048000 2860
6021120 352
6002500 8
6001128 97
6000000 106
5971968 351
5953500 239
5927040 763
5906250 6
5904900 69
5898240 243
5880000 410
5878656 490
5834430 27
5832000 1480
5806080 2145
5788125 7
5786802 18
5762400 108
5760000 989
5740875 10
5734400 140
5715360 1065
5670000 688
5668704 81
5647152 1
5644800 1603
5625000 7
5619712 16
5600000 149
5598720 1379
5556600 362
5531904 63
5529600 1471
5512500 39
5511240 283
5505024 34
5488000 133
5467500 59
5445468 10
5443200 3254
5419008 366
5402250 11
5400000 430
5378240 8
5376000 1004
5358150 91
5334336 284
5315625 1
5314410 9
5308416 177
5294205 1
5292000 1209
5268480 277
5250987 2
5250000 50
5248800 846
5242880 15
5225472 819
5186160 153
5184000 2307
5160960 758
5145000 61
5143824 221
5120000 154
5103000 607
5080320 1893
5062500 16
5042100 13
5040000 1199
5038848 279
5017600 233
5000940 151
5000000 17
4976640 1397
4961250 48
4960116 28
4939200 615
4920750 22
4917248 11
4915200 280
4900000 59
4898880 1580
4862025 5
4860000 776
4840416 14
4838400 3115
4822335 9
4816896 74
4802000 17
4800000 342
4762800 1120
4741632 280
4725000 148
4723920 244
4718592 29
4704000 837
4667544 47
4665600 2359
4644864 513
4630500 126
4609920 113
4608000 1265
4593750 2
4592700 224
4587520 68
4572288 598
4556250 11
4537890 12
4536000 2397
4515840 1010
4500846 19
4500000 99
4480000 249
4478976 391
4465125 8
4445280 640
4428675 4
4423680 647
4410000 378
4408992 263
4390400 153
4375000 3
4374000 605
4354560 2751
4321800 92
4320000 1392
4302592 6
4300800 813
4287500 4
4286520 442
4252500 152
4251528 17
4235364 1
4233600 2066
4218750 1
4214784 79
4201750 1
4200000 292
4199040 978
4194304 2
4167450 53
4148928 93
4147200 2483
4133430 37
4128768 160
4116000 253
4100625 2
4096000 123
4084101 1
4082400 2014
4064256 605
4050000 227
4033680 19
4032000 2174
4014080 120
4000752 194
4000000 49
3981312 355
3969000 528
3951360 581
3937500 15
3936600 242
3932160 80
3920000 182
3919104 738
3889620 61
3888000 2051
3870720 1708
3858750 20
3857868 59
3841600 41
3840000 581
3827250 79
3810240 1612
3781575 1
3780000 974
3779136 154
3763200 846
3750705 8
3750000 11
3732480 1688
3720087 2
3704400 524
3687936 35
3686400 947
3675000 54
3674160 674
3670016 11
3645000 228
3630312 12
3628800 3765
3612672 205
3601500 24
3600000 457
3584000 325
3572100 308
3556224 324
3543750 19
3542940 37
3538944 116
3529470 1
3528000 1196
3512320 70
3500658 15
3500000 42
3499200 1466
3483648 798
3472875 9
3457440 155
3456000 2087
3444525 11
3440640 316
3430000 53
3429216 353
3402000 1206
3386880 1650
3375000 39
3361400 3
3360000 785
3359232 412
3333960 321
3317760 1303
3307500 124
3306744 88
3292800 415
3281250 1
3280500 98
3276800 67
3265920 2271
3241350 31
3240000 1053
3226944 9
3225600 2068
3214890 72
3211264 14
3200000 119
3189375 6
3188646 4
3175200 1659
3161088 203
3150000 215
3149280 482
3145728 19
3136000 283
3125000 1
3111696 75
3110400 2712
3096576 386
3087000 180
3073280 21
3072000 610
3062500 3
3061800 639
3048192 723
3037500 43
3025260 13
3024000 2676
3010560 467
3001250 1
3000564 50
3000000 94
2985984 433
2976750 97
2963520 686
2953125 1
2952450 22
2949120 324
2940000 328
2939328 506
2917215 8
2916000 1158
2903040 2724
2893401 5
2881200 74
2880000 1021
2867200 232
2857680 903
2835000 410
2834352 41
2823576 1
2822400 1602
2809856 20
2800000 137
2799360 1486
2778300 192
2765952 70
2764800 1901
2756250 11
2755620 166
2752512 63
2744000 121
2733750 21
2722734 6
2721600 3039
2709504 529
2701125 4
2700000 333
2689120 9
2688000 1152
2679075 14
2667168 249
2654208 268
2646000 821
2634240 280
2625000 38
2624400 583
2621440 19
2612736 902
2593080 111
2592000 2435
2580480 1103
2572500 38
2571912 163
2560000 166
2551500 278
2540160 1894
2531250 4
2521050 6
2520000 983
2519424 278
2508800 253
2500470 49
2500000 10
2488320 1825
2480625 5
2480058 10
2469600 547
2460375 5
2458624 16
2457600 382
2450000 47
2449440 1300
2430000 487
2420208 8
2419200 3363
2408448 99
2401000 13
2400000 301
2381400 682
2370816 316
2362500 66
2361960 134
2359296 55
2352980 1
2352000 681
2333772 31
2332800 2147
2322432 716
2315250 45
2304960 88
2304000 1398
2296350 77
2293760 75
2286144 538
2278125 1
2268945 2
2268000 1932
2257920 1103
2250423 8
2250000 52
2240000 304
2239488 550
2222640 453
2211840 885
2205000 195
2204496 203
2195200 141
2187500 1
2187000 319
2177280 2890
2160900 47
2160000 1188
2151296 3
2150400 999
2143750 3
2143260 229
2126250 43
2125764 11
2116800 1909
2107392 79
2100000 202
2099520 881
2097152 2
2083725 15
2074464 72
2073600 2678
2066715 8
2064384 223
2058000 194
2048000 171
2041200 1382
2032128 672
2025000 113
2016840 9
2016000 2146
2007040 122
2000376 109
2000000 42
1990656 419
1984500 277
1975680 542
1968750 5
1968300 115
1966080 117
1960000 133
1959552 738
1944810 35
1944000 1744
1935360 2145
1929375 2
1928934 22
1920800 29
1920000 592
1913625 9
1905120 1415
1890000 636
1889568 136
1882384 1
1881600 906
1875000 6
1866240 1865
1852200 302
1843968 38
1843200 1121
1837500 23
1837080 419
1835008 11
1822500 90
1815156 6
1814400 3433
1806336 284
1800750 12
1800000 340
1792000 401
1786050 108
1778112 312
1771875 3
1771470 19
1769472 161
1764000 874
1756160 91
1750329 2
1750000 10
1749600 1074
1741824 1032
1728720 98
1728000 2206
1720320 489
1715000 24
1714608 257
1701000 741
1693440 1726
1687500 7
1680700 6
1680000 659
1679616 427
1666980 161
1658880 1562
1653750 37
1653372 58
1646400 397
1640250 24
1638400 93
1632960 2134
1620675 9
1620000 842
1613472 10
1612800 2264
1607445 8
1605632 27
1600000 123
1587600 1143
1580544 217
1575000 97
1574640 327
1572864 28
1568000 305
1562500 1
1555848 49
1555200 2824
1548288 494
1543500 86
1536640 27
1536000 653
1530900 329
1524096 704
1518750 13
1512630 4
1512000 2177
1505280 595
1500625 1
1500282 22
1500000 58
1492992 535
1488375 15
1481760 551
1476225 3
1474560 479
1470000 176
1469664 409
1458000 715
1451520 2845
1440600 58
1440000 1069
1433600 311
1428840 531
1417500 168
1417176 33
1411200 1502
1406250 2
1404928 22
1400000 115
1399680 1350
1389150 60
1382976 59
1382400 2277
1378125 5
1377810 60
1376256 64
1372000 87
1360800 2319
1354752 571
1350000 182
1344560 9
1344000 1133
1333584 183
1327104 358
1323000 431
1317120 319
1312500 13
1312200 279
1310720 49
1306368 917
1296540 68
1296000 2133
1290240 1279
1286250 13
1285956 68
1280000 166
1275750 88
1270080 1604
1265625 2
1260525 1
1260000 700
1259712 273
1254400 274
1250235 12
1250000 7
1244160 2089
1240029 3
1234800 354
1229312 13
1228800 478
1225000 22
1224720 870
1215000 240
1210104 7
1209600 3249
1204224 115
1200500 4
1200000 217
1190700 347
1185408 260
1181250 21
1180980 52
1179648 82
1176000 583
1166886 6
1166400 1826
1161216 877
1157625 7
1152480 88
1152000 1504
1148175 16
1146880 116
1143072 476
1134000 1157
1128960 1182
1125000 27
1120000 290
1119744 633
1111320 277
1105920 1140
1102500 86
1102248 139
1097600 170
1093500 141
1088640 2680
1080450 19
1080000 904
1075648 2
1075200 1061
1071630 62
1063125 5
1062882 6
1058400 1378
1053696 78
1050000 115
1049760 656
1048576 2
1037232 56
1036800 2868
1032192 273
1029000 93
1024000 182
1020600 802
1016064 693
1012500 42
1008420 4
1008000 1806
1003520 151
1000188 56
1000000 32
995328 588
992250 83
987840 421
984375 2
984150 30
983040 169
980000 103
979776 662
972405 4
972000 1248
967680 2297
964467 5
960400 22
960000 586
952560 860
945000 327
944784 91
941192 1
940800 858
937500 3
933120 1824
926100 127
921984 38
921600 1325
918750 6
918540 202
917504 19
911250 24
907578 3
907200 2828
903168 351
900375 1
900000 222
896000 356
893025 21
889056 247
885735 3
884736 223
882000 528
878080 103
875000 5
874800 690
870912 1028
864360 58
864000 2005
860160 552
857500 7
857304 168
850500 295
846720 1558
843750 3
840350 3
840000 491
839808 390
833490 69
829440 1829
826875 4
826686 13
823200 226
820125 5
819200 116
816480 1587
810000 425
806736 9
806400 2297
802816 31
800000 104
793800 690
790272 188
787500 43
787320 160
786432 28
784000 246
777924 18
777600 2353
774144 633
771750 25
768320 29
768000 724
765450 89
762048 646
756315 1
756000 1458
752640 542
750141 4
750000 30
746496 642
740880 365
737280 663
735000 102
734832 265
729000 352
725760 2709
720300 29
720000 817
716800 328
714420 264
708750 40
708588 13
705600 1273
702464 21
700000 60
699840 1102
694575 13
691488 52
691200 2324
688905 8
688128 108
686000 52
680400 1430
677376 607
675000 102
672280 5
672000 1004
666792 119
663552 423
661500 186
658560 293
656250 3
656100 143
655360 44
653184 874
648270 17
648000 1631
645120 1390
643125 1
642978 41
640000 176
637875 15
635040 1236
630000 396
629856 181
627200 273
625000 4
622080 2037
617400 202
614656 13
614400 579
612500 6
612360 468
607500 73
605052 6
604800 2724
602112 148
600250 1
600000 162
595350 103
592704 231
590625 3
590490 17
589824 127
588000 439
583200 1215
580608 894
576240 75
576000 1433
573440 124
571536 282
567000 571
564480 1027
562500 16
560000 223
559872 510
555660 129
552960 1317
551250 21
551124 71
548800 105
546750 46
544320 2067
540225 3
540000 586
537600 1116
535815 15
529200 912
526848 110
525000 54
524880 432
524288 12
518616 39
518400 2524
516096 354
514500 36
512000 192
510300 282
508032 692
506250 8
504210 3
504000 1268
501760 165
500094 24
500000 18
497664 628
496125 13
493920 336
492075 6
491520 220
490000 71
489888 492
486000 723
483840 2234
480200 20
480000 470
476280 465
472500 118
472392 47
470596 1
470400 681
466560 1582
463050 48
460992 29
460800 1397
459270 69
458752 22
455625 5
453789 4
453600 1874
451584 337
450000 113
448000 339
444528 194
442368 288
441000 288
439040 107
437400 353
435456 948
432180 31
432000 1655
430080 608
428750 1
428652 89
425250 66
423360 1228
420000 334
419904 327
416745 10
414720 1813
413343 5
411600 150
409600 140
408240 987
405000 201
403368 5
403200 2004
401408 28
400000 61
396900 279
395136 160
393750 12
393660 77
393216 36
392000 174
388962 7
388800 1771
387072 679
385875 1
384160 21
384000 671
382725 12
381024 444
378000 891
376320 515
375000 10
373248 619
370440 186
368640 687
367500 40
367416 171
364500 153
362880 2258
360150 4
360000 567
358400 322
357210 82
354375 5
354294 4
352800 825
351232 18
350000 44
349920 752
345744 40
345600 2101
344064 135
343000 27
340200 703
338688 522
337500 34
336140 1
336000 761
333396 66
331776 470
330750 58
329280 189
328050 37
327680 58
326592 678
324135 3
324000 991
322560 1459
321489 8
320000 136
317520 717
315000 199
314928 123
313600 221
312500 1
311040 1787
308700 93
307328 9
307200 583
306250 3
306180 218
303750 25
302526 2
302400 2156
301056 142
300125 1
300000 80
297675 19
296352 144
295245 1
294912 146
294000 243
291600 725
290304 925
288120 14
288000 1186
286720 123
285768 182
283500 229
282240 902
281250 3
280000 124
279936 469
277830 53
276480 1310
275625 2
275562 14
274400 76
273375 8
272160 1406
270000 314
268912 2
268800 962
264600 450
263424 97
262500 27
262440 200
262144 7
259308 13
259200 1957
258048 355
257250 15
256000 163
255150 100
254016 503
253125 1
252105 1
252000 885
250880 135
250047 5
250000 10
248832 672
246960 195
245760 283
245000 28
244944 294
243000 337
241920 2001
240100 5
240000 311
238140 191
236250 33
236196 27
235200 505
233280 1141
231525 4
230496 26
230400 1336
229635 7
229376 32
226800 1134
225792 331
225000 58
224000 255
222264 101
221184 322
220500 118
219520 71
218750 1
218700 134
217728 793
216090 22
216000 1145
215040 583
214326 34
212625 11
211680 788
210000 180
209952 212
207360 1643
205800 81
204800 135
204120 445
202500 73
201684 3
201600 1449
200704 41
200000 54
198450 86
197568 137
196875 3
196830 18
196608 60
196000 105
194481 1
194400 1099
193536 673
192080 22
192000 614
190512 272
189000 398
188160 459
187500 2
186624 580
185220 90
184320 738
183750 8
183708 67
182250 28
181440 1651
180075 2
180000 341
179200 281
178605 12
177147 3
176400 474
175616 26
175000 16
174960 432
172872 14
172800 1659
172032 149
171500 14
170100 255
169344 489
168750 6
168070 1
168000 551
166698 23
165888 545
165375 11
164640 133
164025 2
163840 61
163296 445
162000 545
161280 1283
160000 104
158760 428
157500 68
157464 47
156800 181
155520 1486
154350 20
153664 7
153600 547
153125 1
153090 62
151875 1
151263 1
151200 1276
150528 133
150000 51
148176 107
147456 149
147000 110
145800 327
145152 764
144060 15
144000 850
143360 138
142884 80
141750 54
141120 655
140000 83
139968 314
138915 4
138240 1269
137781 4
137200 29
136080 811
135000 129
134400 804
132300 152
131712 66
131250 1
131220 68
131072 12
129654 3
129600 1364
129024 396
128625 4
128000 170
127575 21
127008 375
126000 464
125440 119
125000 5
124416 554
123480 101
122880 297
122500 8
122472 155
121500 119
120960 1436
120050 1
120000 224
119070 68
118125 6
118098 2
117600 299
116640 704
115248 16
115200 1134
114688 30
113400 505
112896 275
112500 16
112000 188
111132 30
110592 347
110250 27
109760 43
109350 37
108864 566
108045 1
108000 621
107520 520
107163 8
105840 482
105000 77
104976 126
103680 1337
102900 46
102400 150
102060 197
101250 13
100842 1
100800 1065
100352 29
100000 26
99225 7
98784 87
98415 2
98304 68
98000 60
97200 567
96768 537
96040 9
96000 454
95256 116
94500 144
94080 326
93750 1
93312 439
92610 25
92160 710
91875 2
91854 21
91125 2
90720 1099
90000 168
89600 204
88200 231
87808 19
87500 4
87480 207
86436 9
86400 1263
86016 140
85050 68
84672 299
84375 2
84000 314
83349 4
82944 495
82320 68
81920 76
81648 262
81000 229
80640 974
80000 60
79380 119
78750 25
78732 23
78400 92
77760 949
77175 6
76832 7
76800 527
76545 5
75600 701
75264 134
75000 19
74088 40
73728 171
73500 49
72900 133
72576 608
72030 3
72000 575
71680 130
71442 31
70875 5
70560 405
70000 35
69984 194
69120 1039
68600 15
68040 380
67500 45
67200 561
66150 58
65856 41
65610 17
65536 15
64827 2
64800 780
64512 354
64000 134
63504 186
63000 178
62720 107
62208 444
61740 47
61440 284
61250 1
61236 52
60750 41
60480 987
60000 126
59535 11
58800 142
58320 374
57624 9
57600 873
57344 20
56700 224
56448 238
56250 4
56000 126
55566 15
55296 300
55125 7
54880 18
54675 3
54432 386
54000 332
53760 468
52920 214
52500 25
52488 51
51840 971
51450 9
51200 120
51030 60
50400 657
50176 32
50000 5
49392 42
49152 52
49000 26
48600 290
48384 435
48020 2
48000 314
47628 47
47250 37
47040 221
46656 308
46305 2
46080 596
45927 2
45360 539
45000 65
44800 157
44100 70
43904 11
43750 1
43740 81
43218 6
43200 847
43008 122
42525 12
42336 168
42000 156
41472 409
41160 39
40960 55
40824 104
40500 73
40320 690
40000 46
39690 35
39375 1
39366 9
39200 70
38880 598
38416 1
38400 388
37800 324
37632 93
37500 5
37044 23
36864 173
36750 6
36450 30
36288 378
36015 1
36000 285
35840 112
35721 8
35280 227
35000 18
34992 105
34560 769
34300 5
34020 145
33750 8
33600 354
33075 4
32928 30
32805 2
32768 15
32400 387
32256 283
32000 106
31752 96
31500 67
31360 62
31104 360
30870 11
30720 264
30625 1
30618 15
30375 4
30240 603
30000 54
29400 52
29160 188
28812 1
28800 591
28672 33
28350 47
28224 110
28000 63
27783 4
27648 245
27440 22
27216 220
27000 134
26880 342
26460 78
26250 8
26244 27
25920 605
25725 1
25600 86
25515 10
25200 321
25088 19
25000 3
24696 26
24576 54
24500 8
24300 88
24192 344
24010 1
24000 184
23814 17
23625 7
23520 119
23328 157
23040 437
22680 224
22500 21
22400 100
22050 17
21952 13
21870 23
21609 1
21600 435
21504 102
21168 114
21000 77
20736 305
20580 18
20480 44
20412 58
20250 21
20160 437
20000 20
19845 2
19683 1
19600 35
19440 284
19208 2
19200 289
18900 102
18816 81
18750 2
18522 8
18432 130
18375 1
18225 4
18144 236
18000 147
17920 78
17640 93
17500 3
17496 43
17280 498
17150 1
17010 39
16875 1
16800 176
16464 13
16384 11
16200 171
16128 190
16000 62
15876 36
15750 13
15680 35
15552 185
15435 2
15360 179
15309 5
15120 308
15000 19
14700 27
14580 53
14406 1
14400 357
14336 26
14175 6
14112 59
14000 29
13824 217
13720 5
13608 82
13500 44
13440 231
13230 28
13125 1
13122 1
12960 362
12800 57
12600 120
12544 16
12500 2
12348 8
12288 47
12250 1
12150 19
12096 219
12005 1
12000 81
11907 2
11760 78
11664 84
11520 310
11340 84
11250 4
11200 63
11025 7
10976 3
10935 1
10800 236
10752 82
10584 39
10500 17
10368 220
10290 5
10240 44
10206 12
10125 1
10080 274
10000 10
9800 10
9720 102
9604 1
9600 158
9450 20
9408 38
9375 1
9216 125
9072 94
9000 58
8960 59
8820 26
8750 1
8748 20
8640 305
8505 5
8400 87
8232 7
8192 10
8100 47
8064 133
8000 25
7938 6
7875 3
7840 24
7776 106
7680 136
7560 119
7500 5
7350 5
7290 10
7200 152
7168 5
7056 42
7000 16
6912 139
6860 1
6804 24
6750 9
6720 127
6615 2
6480 184
6400 41
6300 37
6272 16
6174 4
6144 37
6075 3
6048 104
6000 33
5880 26
5832 36
5760 220
5670 27
5600 37
5488 3
5400 101
5376 52
5292 21
5250 4
5184 119
5145 1
5120 33
5103 5
5040 109
5000 7
4900 5
4860 29
4800 98
4725 4
4704 17
4608 69
4536 54
4500 22
4480 39
4410 11
4374 1
4320 138
4200 33
4116 3
4096 3
4050 9
4032 79
4000 15
3969 1
3920 14
3888 56
3840 89
3780 44
3750 2
3675 1
3645 4
3600 67
3584 15
3528 15
3500 7
3456 100
3430 1
3402 7
3375 2
3360 64
3240 59
3200 27
3150 11
3136 12
3072 35
3024 37
3000 13
2940 9
2916 12
2880 121
2835 6
2800 12
2744 1
2700 25
2688 25
2646 3
2625 2
2592 57
2560 21
2520 48
2450 1
2430 10
2400 41
2352 9
2304 41
2268 17
2250 2
2240 21
2205 1
2187 1
2160 66
2100 15
2048 7
2025 4
2016 39
2000 8
1960 4
1944 30
1920 36
1890 9
1800 19
1792 9
1764 2
1728 40
1701 1
1680 27
1620 14
1600 15
1568 3
1536 27
1512 20
1500 5
1470 3
1458 2
1440 52
1400 10
1350 4
1344 18
1296 24
1280 8
1260 14
1215 1
1200 13
1176 3
1152 36
1134 3
1120 7
1080 29
1050 2
1024 11
1008 11
1000 2
972 5
960 29
945 1
900 10
896 3
882 1
864 30
840 7
810 4
800 6
768 16
756 7
720 28
700 1
672 4
648 4
640 5
630 5
600 5
588 2
576 19
560 5
540 7
512 2
504 2
480 6
448 3
441 1
432 6
420 1
405 2
384 6
378 7
360 10
336 6
324 2
320 2
300 2
294 2
288 7
270 1
256 3
252 6
243 2
240 7
224 3
216 1
210 1
200 2
192 3
180 2
168 2
160 1
150 1
144 4
120 1
96 2
80 2
72 1
64 1
56 1
54 1
