4592700000 1
4320000000 1
4199040000 1
4032000000 1
3936600000 2
3779136000 1
3628800000 1
3402000000 1
3401222400 1
3265920000 2
3225600000 1
2939328000 1
2903040000 2
2857680000 2
2799360000 2
2778300000 1
2755620000 1
2721600000 1
2720977920 1
2654208000 2
2646000000 1
2645395200 2
2624400000 1
2612736000 2
2604060900 1
2580480000 2
2540160000 1
2520000000 1
2519424000 1
2488320000 3
2449440000 2
2419200000 2
2351462400 1
2332800000 5
2322432000 2
2314720800 1
2304000000 3
2296350000 1
2286144000 5
2268000000 4
2267481600 1
2257920000 3
2239488000 1
2232052200 2
2222640000 2
2211840000 1
2204496000 2
2177280000 5
2160000000 1
2150400000 1
2143260000 1
2123366400 1
2116800000 2
2099520000 5
2083248720 1
2073600000 2
2064384000 1
2057529600 5
2041200000 8
2040733440 1
2032128000 1
2015539200 1
2000376000 1
2000000000 1
1984500000 1
1975680000 2
1959552000 6
1944000000 3
1935360000 3
1928934000 2
1905120000 1
1889568000 2
1881600000 1
1874923848 1
1866240000 2
1857945600 1
1852200000 1
1851776640 1
1843200000 1
1837080000 6
1828915200 4
1822842630 1
1814400000 6
1806336000 2
1792000000 1
1791590400 1
1778112000 8
1769472000 1
1764000000 1
1763596800 5
1749600000 2
1741824000 5
1736040600 1
1728000000 1
1714608000 2
1701000000 1
1693440000 6
1680000000 2
1679616000 4
1672151040 1
1666980000 4
1658880000 2
1653372000 1
1646400000 2
1646023680 2
1632960000 11
1625702400 1
1612800000 4
1605632000 2
1600300800 2
1600000000 1
1594323000 1
1587600000 6
1587237120 1
1580544000 1
1574640000 7
1572864000 1
1568000000 1
1567641600 6
1562436540 1
1555200000 9
1548288000 3
1543147200 3
1536640000 1
1536000000 1
1530900000 6
1524096000 8
1512000000 2
1511654400 3
1492992000 6
1488034800 3
1481760000 2
1469664000 14
1463132160 2
1458000000 5
1451520000 14
1440270720 1
1440000000 3
1434890700 1
1433600000 2
1428840000 11
1422489600 3
1417500000 1
1417176000 3
1411200000 7
1410877440 5
1400263200 1
1399680000 9
1393459200 4
1389150000 2
1388832480 1
1382400000 4
1377810000 5
1376256000 1
1371686400 6
1360800000 9
1360488960 1
1354752000 11
1350253800 2
1344000000 2
1343692800 5
1333584000 5
1327104000 5
1323000000 2
1322697600 7
1317120000 2
1312200000 4
1306368000 21
1300561920 1
1296000000 3
1290240000 6
1285956000 5
1280240640 3
1275458400 2
1274019840 2
1270080000 23
1264435200 2
1260000000 4
1259712000 5
1254400000 2
1254113280 3
1250235000 1
1244678400 1
1244160000 11
1240029000 2
1234800000 3
1234517760 5
1229312000 1
1228800000 1
1225000000 1
1224720000 17
1219276800 7
1215000000 1
1210104000 1
1209600000 17
1209323520 5
1204224000 1
1200225600 6
1194393600 2
1190700000 5
1190427840 1
1185408000 4
1180980000 3
1179648000 3
1176000000 3
1175731200 21
1166886000 1
1166400000 12
1161216000 18
1157360400 3
1152000000 2
1148175000 3
1147912560 1
1146880000 2
1143072000 20
1137991680 1
1134000000 4
1133740800 2
1128960000 14
1125211500 1
1125000000 1
1123942400 1
1120210560 1
1120000000 2
1119744000 15
1116026100 3
1114767360 1
1111320000 10
1106380800 1
1105920000 4
1102500000 2
1102248000 10
1097600000 2
1097349120 3
1093500000 2
1089093600 2
1088640000 31
1083801600 5
1080450000 1
1080203040 2
1080000000 2
1075648000 1
1075200000 5
1074954240 1
1071630000 8
1066867200 5
1062882000 1
1061683200 2
1058400000 12
1058158080 4
1053696000 3
1050197400 1
1049760000 5
1045094400 15
1041624360 1
1037232000 2
1036800000 9
1033357500 2
1032192000 4
1029000000 2
1028764800 12
1024000000 1
1020600000 16
1016064000 20
1012500000 1
1008000000 18
1007769600 14
1003520000 2
1000188000 12
995742720 1
995328000 10
992250000 1
992023200 4
987840000 8
987614208 4
984150000 1
980184240 1
980000000 1
979776000 51
975421440 3
972405000 1
972182736 1
972000000 8
968083200 1
967680000 19
964467000 4
960180480 2
960000000 2
956593800 1
952560000 26
948326400 9
945177660 1
945000000 1
944784000 9
940800000 10
940584960 7
933508800 3
933120000 31
928972800 7
926100000 2
925888320 4
921984000 2
921600000 6
918540000 19
917504000 2
914457600 18
910393344 1
907578000 2
907200000 22
906992640 5
903168000 8
900169200 6
900000000 1
896000000 4
895795200 12
893025000 3
892820880 1
889056000 16
885735000 3
885104640 1
884736000 4
882000000 12
881798400 18
878080000 2
877879296 1
875164500 1
874800000 11
871274880 2
870912000 41
868020300 4
864360000 3
864162432 3
864000000 8
860160000 5
857304000 31
853493760 4
850500000 5
850305600 8
846720000 34
846526464 1
842956800 1
840157920 4
840000000 2
839808000 26
836075520 10
833490000 4
829785600 2
829440000 19
826686000 7
825753600 2
823200000 3
823011840 10
819200000 1
816820200 1
816480000 62
812851200 17
810152280 2
810000000 3
806400000 20
806215680 5
803722500 2
802816000 11
800150400 18
796594176 1
796262400 4
793800000 17
793618560 6
790272000 13
787320000 8
786432000 1
784000000 8
783820800 52
780337152 1
777924000 10
777600000 19
774466560 1
774144000 26
771750000 2
771573600 13
768320000 2
768144384 1
768000000 2
765450000 6
765275040 1
764411904 1
762365520 1
762048000 51
758661120 2
756000000 19
755827200 15
752640000 10
750141000 9
746807040 4
746496000 22
744017400 2
743178240 5
740880000 20
740710656 3
737587200 1
737280000 9
734832000 42
731566080 15
729000000 6
726062400 4
725760000 52
725594112 3
723350250 3
722534400 9
720135360 6
720000000 4
716800000 4
716636160 5
714420000 32
711244800 14
708750000 4
708588000 5
707788800 2
705600000 18
705438720 11
703096443 1
702464000 7
700131600 6
699840000 39
696729600 26
694575000 1
694416240 5
693633024 1
691488000 8
691200000 25
688905000 6
688128000 4
686000000 3
685843200 47
682795008 4
680683500 3
680400000 39
680244480 5
677658240 2
677376000 40
675126900 2
675000000 2
672280000 1
672126336 5
672000000 12
671846400 17
669615660 1
668860416 1
666792000 20
663828480 2
663552000 27
661500000 6
661348800 22
658560000 13
658409472 2
656100000 14
655360000 3
653456160 1
653184000 78
650280960 10
648270000 4
648121824 1
648000000 21
645120000 40
644972544 1
642978000 15
642252800 1
640120320 17
640000000 2
637875000 3
637729200 1
637009920 2
635040000 51
634894848 6
632217600 9
630118440 5
630000000 13
629856000 29
629145600 1
627200000 11
627056640 16
625117500 3
622339200 20
622080000 49
620014500 2
619573248 2
619315200 16
617400000 10
617258880 17
614656000 3
614400000 4
612615150 1
612360000 42
609638400 62
607614210 1
607500000 3
605052000 1
604800000 54
604661760 8
602112000 11
600112800 30
597445632 1
597196800 24
595350000 9
595213920 4
594542592 1
592704000 40
590490000 8
590069760 1
589824000 3
588000000 12
587865600 73
585252864 2
583443000 2
583200000 39
580849920 2
580608000 67
578680200 9
578027520 2
576240000 4
576108288 6
576000000 22
574087500 4
573440000 1
573308928 2
571536000 71
568995840 9
567106596 1
567000000 15
566870400 18
566231040 1
564715200 1
564480000 41
564350976 2
562605750 2
561971200 3
560105280 8
560000000 6
559872000 48
557383680 11
555660000 17
555532992 4
553190400 3
552960000 31
551250000 1
551124000 37
550502400 1
548800000 9
548674560 25
546750000 4
544546800 2
544320000 104
544195584 1
541900800 38
540225000 2
540101520 7
540000000 6
537600000 18
537477120 16
535815000 11
533433600 54
531441000 5
530841600 11
529200000 40
529079040 26
528482304 1
526848000 15
525098700 3
524880000 31
524288000 1
522547200 93
520812180 3
520224768 3
518616000 20
518400000 52
516096000 27
514500000 3
514382400 51
512096256 4
512000000 2
510300000 25
510183360 11
508032000 105
505774080 5
504094752 4
504000000 21
503884800 37
501760000 11
501645312 6
500094000 16
500000000 1
497871360 6
497664000 56
496125000 1
496011600 19
495452160 10
493920000 31
493807104 5
492075000 7
491724800 3
491520000 3
490092120 1
489888000 119
487710720 23
486202500 2
486000000 16
484041600 6
483840000 105
483729408 3
482233500 13
481689600 5
480200000 1
480090240 23
480000000 3
478296900 1
477757440 6
476280000 81
476171136 6
474163200 32
472588830 3
472500000 2
472392000 21
471859200 6
470400000 21
470292480 34
466754400 30
466560000 96
464679936 1
464486400 39
463050000 6
462944160 23
460992000 7
460800000 22
459270000 16
459165024 1
457228800 97
455196672 3
453789000 1
453600000 96
453496320 9
452984832 1
451584000 47
450084600 12
450000000 1
449576960 2
448084224 1
448000000 3
447897600 45
446512500 5
446410440 4
445906944 2
444528000 66
442867500 3
442552320 3
442368000 24
441000000 17
440899200 85
440401920 1
439040000 14
438939648 6
437400000 27
435637440 6
435456000 182
433520640 9
432180000 8
432081216 10
432000000 38
430259200 4
430080000 35
429981696 2
428652000 60
426746880 24
425250000 8
425152800 6
424673280 3
423536400 1
423360000 101
423263232 10
421478400 6
420175000 1
420078960 10
420000000 11
419904000 83
418037760 41
416745000 7
416649744 4
414892800 26
414720000 82
413343000 18
412876800 9
411600000 12
411505920 50
409600000 3
408410100 5
408240000 136
408146688 4
406425600 81
405076140 2
405000000 6
403368000 1
403200000 68
403107840 18
401861250 2
401408000 7
400075200 56
398297088 2
398131200 43
396900000 36
396809280 27
396361728 1
395136000 49
393660000 28
393379840 3
393216000 6
392000000 6
391910400 150
390168576 9
388962000 13
388800000 90
387233280 4
387072000 92
385875000 3
385786800 34
384160000 4
384072192 6
384000000 11
382725000 14
382637520 3
381024000 169
379330560 17
378157500 1
378071064 1
378000000 47
377913600 42
376320000 30
376233984 15
375070500 6
373403520 21
373248000 131
372008700 10
371589120 24
370440000 42
370355328 9
368793600 5
368640000 28
367569090 1
367500000 2
367416000 132
367001600 1
365783040 66
364568526 1
364500000 12
363031200 10
362880000 209
362797056 2
361267200 33
360150000 2
360067680 28
360000000 4
358400000 19
358318080 24
357210000 48
357128352 2
355622400 78
354294000 12
354041856 1
353894400 18
352800000 57
352719360 70
351232000 17
350065800 13
350000000 2
349920000 104
348509952 3
348364800 119
347287500 3
347208120 13
346816512 2
345744000 20
345600000 60
344452500 5
344373768 1
344064000 27
343000000 4
342921600 138
341397504 9
340341750 1
340200000 72
340122240 18
338829120 2
338688000 148
337563450 5
337500000 2
337182720 6
336140000 2
336063168 6
336000000 31
335923200 91
334430208 4
333396000 84
331914240 13
331776000 77
330812181 1
330750000 14
330674400 54
330301440 7
329280000 30
329204736 16
328050000 11
327680000 7
326728080 7
326592000 264
325140480 33
324135000 3
324060912 3
324000000 39
322694400 2
322560000 102
322486272 6
321489000 32
321126400 1
320060160 58
320000000 3
318937500 1
318864600 7
318504960 13
317520000 133
317447424 9
316108800 44
315059220 2
315000000 11
314928000 77
313600000 25
313528320 70
312558750 1
311169600 37
311040000 147
310007250 2
309657600 70
308700000 28
308629440 50
308281344 1
307328000 10
307200000 20
306180000 81
306110016 1
304819200 173
303750000 2
303464448 9
302526000 7
302400000 140
302330880 30
301056000 33
300056400 51
300000000 2
298722816 8
298598400 84
297675000 13
297606960 21
297271296 7
296352000 86
295245000 9
295034880 2
294912000 30
294055272 1
294000000 14
293932800 192
293601280 1
292626432 20
291721500 4
291600000 97
290424960 9
290304000 243
289340100 17
289013760 11
288120000 10
288054144 20
288000000 36
286978140 1
286720000 18
286654464 3
285768000 181
284497920 58
283500000 28
283435200 36
283115520 2
282240000 108
282175488 25
281302875 1
280985600 6
280052640 28
280000000 5
279936000 167
278691840 41
277830000 43
277766496 15
276595200 28
276480000 102
275562000 54
275251200 12
274400000 7
274337280 97
273375000 2
272273400 5
272160000 252
272097792 6
270950400 117
270112500 3
270050760 15
270000000 7
268912000 5
268800000 53
268738560 43
267907500 11
267846264 2
266716800 114
265720500 4
265531392 2
265420800 50
264710250 1
264600000 76
264539520 58
263424000 35
262549350 2
262500000 2
262440000 72
261382464 5
261273600 269
260406090 6
260112384 11
259308000 33
259200000 123
258155520 2
258048000 97
257250000 4
257191200 102
256048128 20
256000000 7
255150000 47
255091680 12
254803968 2
254121840 4
254016000 277
252887040 16
252105000 4
252047376 7
252000000 67
251942400 118
250880000 24
250822656 21
250047000 29
250000000 2
248935680 32
248832000 184
248062500 2
248005800 25
247726080 25
246960000 74
246903552 40
246037500 4
245862400 8
245760000 23
245046060 4
245000000 3
244944000 313
243855360 105
243101250 1
243045684 1
243000000 40
242020800 7
241920000 222
241864704 6
241116750 4
240844800 26
240100000 3
240045120 71
240000000 12
238878720 43
238140000 109
238085568 8
237081600 118
236294415 1
236250000 5
236196000 44
236027904 1
235929600 13
235200000 54
235146240 121
233377200 29
233280000 207
232339968 1
232243200 157
231525000 8
231472080 45
231211008 3
230496000 21
230400000 50
229635000 28
229376000 17
228709656 1
228614400 293
227598336 9
226894500 2
226800000 159
226748160 47
226492416 1
225886080 1
225792000 162
225042300 18
225000000 4
224788480 2
224042112 20
224000000 27
223948800 158
223205220 2
222953472 14
222356610 2
222264000 126
221276160 18
221184000 92
220500000 20
220449600 162
220200960 3
219520000 20
219469824 33
218700000 45
217818720 13
217728000 462
217005075 1
216760320 42
216090000 11
216040608 19
216000000 55
215129600 2
215040000 92
214990848 10
214326000 111
213373440 111
212625000 8
212576400 23
212336640 11
211768200 2
211680000 230
211631616 32
210739200 29
210039480 10
210000000 13
209952000 187
209715200 1
209018880 129
208372500 12
208324872 8
207446400 52
207360000 221
206671500 24
206524416 2
206438400 57
205800000 14
205752960 132
204800000 11
204205050 4
204120000 228
204073344 6
203297472 1
203212800 292
202538070 4
202500000 10
202309632 4
201684000 8
201600000 124
201553920 76
200704000 37
200037600 121
200000000 4
199148544 9
199065600 106
198450000 47
198404640 43
198180864 2
197650320 1
197568000 120
196875000 1
196830000 26
196689920 4
196608000 15
196036848 3
196000000 18
195955200 390
195084288 22
194481000 18
194400000 145
193616640 9
193536000 306
192893400 51
192675840 10
192080000 11
192036096 21
192000000 26
191362500 8
191318760 8
191102976 3
190512000 360
189665280 68
189035532 3
189000000 51
188956800 83
188743680 5
188238400 2
188160000 108
188116992 32
187535250 9
186701760 30
186624000 294
186004350 5
185794560 88
185220000 81
185177664 24
184396800 15
184320000 89
183784545 1
183750000 6
183708000 190
183500800 8
182891520 215
182250000 15
181515600 23
181440000 430
181398528 15
180708864 2
180633600 117
180075000 3
180033840 61
180000000 15
179200000 29
179159040 84
178605000 65
178564176 7
177811200 192
177187500 2
177147000 19
176947200 53
176400000 110
176359680 150
175616000 25
175032900 12
175000000 2
174960000 199
174254976 5
174182400 429
173643750 2
173604060 20
173408256 7
172872000 64
172800000 151
172226250 4
172103680 1
172032000 69
171500000 4
171460800 298
170698752 27
170100000 124
170061120 37
169869312 4
169414560 4
169344000 401
168781725 3
168750000 1
168591360 15
168070000 3
168031584 14
168000000 48
167961600 231
167215104 25
166698000 109
165957120 33
165888000 232
165375000 11
165337200 96
165150720 10
164640000 61
164602368 65
164025000 12
163840000 11
163364040 9
163296000 537
162570240 135
162067500 15
162030456 7
162000000 63
161347200 10
161280000 248
161243136 26
160744500 32
160563200 9
160030080 141
160000000 9
159468750 1
159432300 4
159252480 48
158826150 1
158760000 259
158723712 23
158054400 122
157529610 6
157500000 10
157464000 139
157286400 11
156800000 37
156764160 266
156243654 1
155584800 68
155520000 350
154893312 1
154828800 186
154350000 26
154314720 107
153664000 19
153600000 50
153090000 113
153055008 6
152473104 1
152409600 467
151875000 4
151732224 7
151263000 7
151200000 214
151165440 88
150994944 1
150528000 117
150028200 67
150000000 5
149361408 9
149299200 250
148837500 12
148803480 21
148635648 11
148176000 174
147622500 6
147517440 7
147456000 81
147027636 5
147000000 32
146966400 355
146800640 3
146313216 45
145860750 6
145800000 99
145212480 19
145152000 614
144670050 11
144506880 55
144060000 13
144027072 38
144000000 65
143489070 2
143360000 42
143327232 14
142884000 266
142248960 138
141776649 1
141750000 30
141717600 64
141557760 13
141178800 2
141120000 266
141087744 60
140492800 14
140026320 46
140000000 15
139968000 369
139345920 190
138915000 45
138883248 13
138297600 58
138240000 241
137781000 71
137625600 35
137200000 20
137168640 264
136687500 3
136136700 4
136080000 452
136048896 15
135531648 1
135475200 330
135025380 18
135000000 22
134873088 2
134456000 7
134400000 110
134369280 130
133953750 7
133923132 1
133358400 236
132860250 2
132765696 13
132710400 139
132300000 88
132269760 116
132120576 3
131712000 94
131220000 96
131072000 3
130691232 8
130636800 628
130203045 2
130056192 33
129654000 46
129600000 214
129077760 11
129024000 242
128625000 3
128595600 167
128450560 4
128024064 45
128000000 12
127575000 30
127545840 11
127401984 10
127008000 572
126443520 51
126052500 1
126023688 16
126000000 88
125971200 249
125829120 1
125440000 60
125411328 67
125023500 41
124467840 75
124416000 485
124031250 3
124002900 22
123863040 54
123480000 87
123451776 55
123018750 1
122931200 13
122880000 53
122523030 1
122500000 6
122472000 483
121927680 294
121500000 46
121010400 12
120960000 537
120932352 27
120558375 2
120422400 88
120050000 6
120022560 108
120000000 20
119439360 119
119070000 141
119042784 17
118540800 246
118125000 6
118098000 79
118013952 3
117964800 50
117600000 108
117573120 334
116688600 24
116640000 365
116169984 4
116121600 471
115762500 6
115736040 53
115605504 5
115248000 40
115200000 157
114817500 30
114791256 1
114688000 31
114354828 1
114307200 503
113799168 31
113447250 3
113400000 230
113374080 55
113246208 7
112943040 3
112896000 306
112521150 13
112500000 1
112394240 7
112021056 19
112000000 41
111974400 383
111602610 2
111476736 30
111132000 200
110638080 45
110592000 236
110250000 23
110224800 238
110100480 11
109760000 33
109734912 99
109350000 57
108909360 14
108864000 858
108380160 135
108045000 17
108020304 18
108000000 116
107520000 170
107495424 29
107163000 135
106686720 218
106312500 2
106288200 20
106168320 50
105884100 2
105840000 366
105815808 61
105369600 79
105019740 19
105000000 8
104976000 337
104857600 4
104509440 388
104186250 8
104162436 2
103723200 102
103680000 430
103335750 8
103262208 1
103219200 141
102900000 25
102876480 248
102400000 27
102102525 1
102060000 308
102036672 10
101648736 2
101606400 626
101269035 3
101250000 6
101154816 15
100842000 6
100800000 265
100776960 158
100352000 64
100018800 185
100000000 1
99574272 36
99532800 339
99225000 37
99202320 57
99090432 11
98825160 1
98784000 235
98415000 28
98344960 4
98304000 40
98018424 3
98000000 24
97977600 782
97542144 74
97240500 12
97200000 210
96808320 19
96768000 639
96468750 1
96446700 55
96337920 31
96040000 4
96018048 59
96000000 56
95681250 1
95659380 2
95551488 19
95295690 1
95256000 565
94832640 131
94517766 1
94500000 73
94478400 162
94371840 5
94119200 4
94080000 194
94058496 79
93767625 1
93350880 79
93312000 622
93002175 3
92897280 189
92610000 93
92588832 45
92198400 59
92160000 237
91875000 1
91854000 258
91750400 17
91445760 448
91125000 12
90757800 15
90720000 711
90699264 23
90354432 1
90316800 266
90037500 3
90016920 68
90000000 22
89915392 1
89600000 55
89579520 223
89302500 53
89282088 5
88905600 394
88573500 11
88510464 11
88473600 126
88200000 151
88179840 295
88080384 2
87808000 46
87516450 7
87500000 1
87480000 260
87127488 8
87091200 904
86802030 7
86704128 19
86436000 73
86400000 273
86051840 4
86016000 170
85750000 2
85730400 394
85349376 66
85050000 113
85030560 28
84934656 9
84707280 8
84672000 652
84295680 41
84035000 2
84015792 12
84000000 72
83980800 439
83886080 2
83607552 70
83349000 124
82978560 87
82944000 523
82687500 3
82668600 94
82575360 43
82320000 81
82301184 97
82012500 9
81920000 24
81682020 10
81648000 840
81285120 355
81033750 2
81015228 8
81000000 61
80673600 14
80640000 468
80621568 39
80372250 19
80281600 46
80015040 226
80000000 16
79716150 1
79626240 125
79380000 291
79361856 34
79027200 226
78750000 9
78732000 178
78675968 1
78643200 14
78400000 83
78382080 504
77792400 81
77760000 608
77446656 8
77414400 461
77175000 26
77157360 126
77070336 6
76832000 30
76800000 92
76545000 109
76527504 3
76236552 3
76204800 847
75937500 3
75866112 33
75631500 7
75600000 339
75582720 145
75497472 2
75295360 5
75264000 255
75014100 58
75000000 1
74680704 31
74649600 595
74418750 7
74401740 24
74317824 32
74088000 319
73811250 2
73758720 32
73728000 155
73513818 5
73500000 20
73483200 587
73400320 2
73156608 143
72930375 2
72900000 129
72606240 31
72576000 1236
72253440 125
72030000 21
72013536 53
72000000 129
71680000 79
71663616 44
71442000 348
71124480 286
70875000 30
70858800 62
70778880 39
70589400 1
70560000 421
70543872 108
70246400 33
70013160 41
70000000 10
69984000 642
69672960 455
69457500 17
69441624 24
69148800 90
69120000 464
68890500 42
68841472 1
68812800 87
68600000 31
68584320 472
68343750 1
68068350 7
68040000 633
68024448 21
67765824 1
67737600 656
67512690 18
67500000 18
67436544 8
67228000 5
67200000 213
67184640 265
66976875 3
66961566 3
66679200 345
66382848 21
66355200 347
66150000 96
66134880 165
66060288 5
65856000 176
65610000 97
65536000 17
65345616 4
65318400 1157
65028096 81
64827000 43
64800000 323
64538880 19
64512000 544
64297800 167
64225280 11
64012032 97
64000000 22
63787500 25
63772920 25
63700992 21
63530460 4
63504000 888
63221760 131
63026250 1
63011844 11
63000000 99
62985600 322
62914560 4
62720000 99
62705664 130
62511750 20
62233920 112
62208000 869
62001450 16
61931520 171
61740000 159
61725888 89
61465600 29
61440000 105
61261515 3
61250000 8
61236000 583
60963840 640
60750000 39
60505200 20
60480000 893
60466176 55
60211200 171
60025000 6
60011280 122
60000000 18
59719680 259
59535000 160
59521392 22
59270400 432
59062500 2
59049000 54
59006976 8
58982400 91
58824500 3
58800000 127
58786560 573
58720256 1
58344300 33
58320000 504
58084992 15
58060800 1049
57881250 5
57868020 34
57802752 19
57624000 53
57600000 275
57408750 9
57395628 1
57344000 60
57153600 843
56899584 97
56700000 234
56687040 98
56623104 6
56471520 3
56448000 671
56260575 5
56250000 1
56197120 9
56010528 40
56000000 50
55987200 745
55801305 1
55738368 120
55566000 232
55319040 72
55296000 479
55125000 16
55112400 298
55050240 30
54880000 55
54867456 202
54675000 27
54454680 23
54432000 1414
54190080 318
54022500 10
54010152 17
54000000 143
53782400 11
53760000 305
53747712 83
53581500 96
53343360 334
53156250 1
53144100 14
53084160 153
52942050 1
52920000 503
52907904 99
52684800 153
52509870 15
52500000 19
52488000 444
52428800 6
52254720 825
52093125 3
52081218 3
51861600 122
51840000 776
51667875 1
51631104 3
51609600 351
51450000 28
51438240 353
51380224 1
51200000 47
51030000 284
51018336 11
50824368 5
50803200 1107
50625000 5
50577408 33
50421000 11
50400000 437
50388480 296
50331648 1
50176000 109
50009400 185
50000000 4
49787136 50
49766400 755
49612500 36
49601160 72
49545216 29
49412580 1
49392000 323
49218750 1
49207500 18
49172480 15
49152000 94
49009212 4
49000000 26
48988800 1121
48771072 156
48620250 16
48600000 262
48404160 28
48384000 1236
48223350 30
48168960 55
48020000 21
48009024 103
48000000 65
47829690 1
47775744 44
47628000 661
47416320 308
47258883 2
47250000 54
47239200 183
47185920 40
47059600 4
47040000 310
47029248 174
46875000 2
46675440 100
46656000 978
46448640 495
46305000 69
46294416 52
46099200 94
46080000 411
45937500 1
45927000 188
45875200 23
45722880 767
45562500 8
45378900 13
45360000 978
45349632 49
45158400 555
45018750 1
45008460 57
45000000 29
44957696 4
44800000 93
44789760 408
44651250 17
44641044 7
44452800 547
44296875 1
44286750 5
44255232 23
44236800 272
44100000 140
44089920 434
44040192 5
43904000 83
43758225 2
43750000 1
43740000 301
43563744 12
43545600 1685
43401015 4
43352064 77
43218000 82
43200000 427
43025920 7
43008000 344
42875000 4
42865200 482
42674688 145
42525000 90
42515280 41
42467328 21
42353640 4
42336000 1045
42147840 84
42007896 18
42000000 90
41990400 667
41943040 2
41803776 184
41674500 69
41489280 108
41472000 966
41343750 2
41334300 83
41287680 133
41160000 128
41150592 183
41006250 6
40960000 60
40841010 7
40824000 1137
40642560 672
40516875 1
40507614 8
40500000 79
40336800 20
40320000 772
40310784 92
40186125 5
40140800 74
40007520 292
40000000 15
39813120 321
39690000 318
39680928 63
39513600 421
39375000 8
39366000 195
39337984 3
39321600 38
39200000 83
39191040 979
38896200 88
38880000 833
38723328 6
38707200 961
38587500 8
38578680 135
38535168 12
38416000 31
38400000 152
38272500 64
38263752 4
38102400 1229
37933056 77
37815750 2
37800000 440
37791360 247
37748736 6
37647680 1
37632000 429
37507050 30
37500000 2
37340352 62
37324800 991
37209375 2
37200870 9
37158912 81
37044000 359
36879360 56
36864000 356
36750000 16
36741600 702
36700160 6
36578304 264
36450000 114
36303120 28
36288000 1850
36126720 267
36015000 13
36006768 57
36000000 153
35840000 135
35831808 106
35721000 260
35562240 470
35437500 16
35429400 67
35389440 107
35294700 1
35280000 580
35271936 173
35123200 71
35006580 42
35000000 20
34992000 798
34836480 1010
34728750 13
34720812 15
34574400 129
34560000 787
34445250 9
34420736 3
34406400 227
34300000 23
34292160 641
34034175 2
34020000 653
34012224 25
33882912 2
33868800 1161
33756345 6
33750000 13
33718272 7
33614000 9
33600000 272
33592320 500
33339600 358
33191424 40
33177600 693
33075000 67
33067440 198
33030144 18
32928000 245
32805000 84
32768000 34
32672808 12
32659200 1787
32514048 174
32413500 42
32400000 456
32269440 12
32256000 965
32156250 2
32148900 135
32112640 22
32006016 149
32000000 41
31893750 4
31886460 13
31850496 55
31765230 4
31752000 1137
31610880 236
31505922 3
31500000 98
31492800 451
31457280 12
31360000 151
31352832 287
31255875 4
31116960 150
31104000 1318
31000725 1
30965760 464
30870000 126
30862944 120
30732800 35
30720000 223
30625000 3
30618000 580
30481920 1039
30375000 30
30252600 18
30240000 1183
30233088 88
30118144 2
30105600 276
30012500 2
30005640 163
30000000 28
29859840 550
29767500 79
29760696 26
29635200 623
29524500 31
29503488 14
29491200 208
29400000 133
29393280 853
29360128 2
29172150 20
29160000 625
29042496 18
29030400 1789
28934010 25
28901376 51
28812000 57
28800000 363
28704375 2
28672000 108
28576800 912
28449792 150
28350000 222
28343520 100
28311552 18
28235760 4
28224000 949
28125000 2
28098560 30
28005264 41
28000000 61
27993600 1160
27869184 205
27783000 186
27659520 139
27648000 915
27562500 8
27556200 221
27525120 72
27440000 97
27433728 261
27337500 24
27227340 11
27216000 1886
27095040 616
27011250 1
27005076 18
27000000 127
26891200 10
26880000 465
26873856 138
26790750 39
26671680 448
26578125 2
26572050 3
26542080 308
26460000 502
26453952 145
26342400 236
26254935 4
26250000 14
26244000 436
26214400 12
26127360 1327
26040609 5
25930800 125
25920000 1064
25815552 6
25804800 730
25725000 30
25719120 363
25690112 3
25600000 76
25515000 239
25509168 8
25412184 3
25401600 1664
25312500 1
25288704 57
25210500 7
25200000 452
25194240 454
25165824 3
25088000 148
25004700 114
25000000 3
24893568 66
24883200 1261
24806250 10
24800580 60
24772608 79
24696000 386
24603750 9
24586240 19
24576000 212
24504606 3
24500000 26
24494400 1314
24385536 311
24310125 4
24300000 268
24202080 42
24192000 1919
24111675 6
24084480 122
24010000 12
24004512 113
24000000 93
23887872 133
23814000 621
23708160 486
23625000 35
23619600 185
23592960 76
23529800 2
23520000 397
23514624 347
23337720 85
23328000 1357
23224320 961
23152500 53
23147208 50
23049600 115
23040000 671
22963500 124
22937600 49
22861440 1040
22781250 1
22689450 9
22680000 1051
22674816 68
22588608 2
22579200 952
22504230 32
22500000 23
22478848 3
22400000 121
22394880 763
22325625 2
22320522 5
22226400 597
22143375 1
22127616 51
22118400 591
22050000 118
22044960 451
22020096 12
21952000 126
21870000 253
21781872 10
21772800 2410
21676032 136
21609000 60
21600000 500
21512960 8
21504000 565
21437500 2
21432600 352
21337344 202
21262500 50
21257640 31
21233664 39
21176820 1
21168000 1334
21073920 109
21003948 10
21000000 86
20995200 958
20971520 4
20901888 353
20837250 32
20744640 175
20736000 1477
20667150 31
20643840 281
20580000 119
20575296 202
20480000 70
20420505 4
20412000 1191
20321280 1148
20250000 60
20168400 12
20160000 1168
20155392 148
20070400 104
20003760 337
20000000 19
19906560 638
19845000 256
19840464 61
19756800 593
19687500 1
19683000 137
19668992 4
19660800 99
19600000 85
19595520 1355
19448100 66
19440000 961
19361664 15
19353600 1656
19293750 7
19289340 90
19267584 24
19208000 34
19200000 214
19136250 32
19131876 2
19059138 3
19051200 1541
18966528 149
18907875 2
18900000 370
18895680 249
18874368 7
18823840 3
18816000 660
18753525 4
18750000 2
18670176 70
18662400 1552
18600435 2
18579456 199
18522000 325
18439680 65
18432000 562
18375000 15
18370800 648
18350080 11
18289152 429
18225000 84
18151560 32
18144000 2395
18063360 457
18007500 14
18003384 58
18000000 160
17920000 201
17915904 183
17860500 149
17781120 587
17718750 4
17714700 36
17694720 219
17647350 1
17640000 547
17635968 236
17561600 97
17503290 19
17500000 7
17496000 866
17418240 1567
17364375 1
17360406 4
17287200 164
17280000 1048
17222625 7
17210368 2
17203200 377
17150000 17
17146080 727
17010000 563
17006112 32
16941456 5
16934400 1616
16875000 6
16859136 28
16807000 3
16800000 323
16796160 746
16669800 294
16595712 71
16588800 1208
16537500 46
16533720 155
16515072 39
16464000 283
16402500 44
16384000 74
16336404 6
16329600 2279
16257024 284
16206750 14
16200000 405
16134720 24
16128000 1463
16074450 51
16056320 41
16003008 203
16000000 44
15946875 2
15943230 2
15925248 123
15876000 1061
15805440 380
15752961 2
15750000 67
15746400 486
15728640 29
15680000 196
15676416 470
15558480 151
15552000 1845
15482880 764
15435000 89
15431472 117
15366400 39
15360000 317
15312500 2
15309000 365
15240960 1403
15187500 12
15126300 20
15120000 1359
15116544 128
15052800 491
15006250 2
15002820 107
15000000 21
14929920 889
14883750 28
14880348 14
14817600 721
14762250 9
14751744 22
14745600 402
14700000 144
14696640 897
14680064 2
14586075 9
14580000 522
14521248 17
14515200 2700
14467005 7
14450688 84
14406000 60
14400000 501
14336000 194
14288400 826
14224896 213
14175000 143
14171760 106
14155776 29
14117880 6
14112000 1214
14049280 46
14002632 37
14000000 63
13996800 1473
13934592 401
13891500 133
13829760 163
13824000 1389
13781250 3
13778100 158
13762560 108
13720000 59
13716864 358
13668750 7
13613670 9
13608000 1954
13547520 1059
13505625 1
13502538 9
13500000 113
13445600 9
13440000 684
13436928 239
13395375 10
13335840 491
13286025 1
13271040 560
13230000 415
13226976 142
13171200 365
13125000 7
13122000 373
13107200 29
13063680 1885
12965400 82
12960000 1258
12907776 13
12902400 1148
12862500 17
12859560 265
12845056 6
12800000 81
12757500 130
12754584 9
12706092 1
12700800 1902
12644352 98
12600000 429
12597120 568
12582912 5
12544000 241
12502350 66
12500000 1
12446784 82
12441600 1826
12403125 2
12400290 13
12386304 156
12348000 375
12293120 28
12288000 299
12250000 15
12247200 1325
12192768 452
12150000 223
12101040 29
12096000 2407
12042240 210
12005000 10
12002256 123
12000000 102
11943936 213
11907000 499
11854080 604
11812500 17
11809800 112
11796480 117
11764900 1
11760000 421
11757312 417
11668860 66
11664000 1537
11612160 1553
11576250 16
11573604 25
11524800 123
11520000 907
11481750 46
11468800 98
11430720 1191
11344725 1
11340000 993
11337408 82
11294304 2
11289600 1310
11252115 3
11250000 13
11239424 7
11200000 148
11197440 1097
11160261 2
11113200 524
11063808 43
11059200 988
11025000 78
11022480 420
11010048 16
10976000 119
10935000 155
10890936 25
10886400 3019
10838016 262
10804500 29
10800000 526
10756480 11
10752000 782
10716300 242
10668672 242
10631250 14
10628820 17
10616832 98
10588410 4
10584000 1326
10536960 204
10501974 15
10500000 74
10497600 865
10485760 9
10450944 560
10418625 5
10372320 175
10368000 2168
10321920 447
10290000 117
10287648 239
10240000 118
10206000 891
10160640 1604
10125000 37
10084200 14
10080000 1257
10077696 201
10035200 175
10001880 224
10000000 15
9953280 1005
9922500 142
9920232 48
9882516 1
9878400 667
9843750 2
9841500 70
9834496 5
9830400 172
9800000 75
9797760 1642
9724050 30
9720000 870
9680832 11
9676800 2494
9646875 1
9644670 48
9633792 45
9604000 34
9600000 309
9568125 6
9525600 1462
9483264 215
9450000 261
9447840 279
9437184 19
9411920 1
9408000 749
9375000 1
9335088 62
9331200 2040
9289728 365
9261000 223
9219840 79
9216000 949
9185400 415
9175040 35
9144576 502
9112500 40
9075780 18
9072000 2604
9031680 702
9003750 3
9001692 37
9000000 124
8960000 272
8957952 310
8930250 71
8890560 728
8859375 1
8857350 17
8847360 417
8820000 551
8817984 275
8780800 135
8751645 3
8750000 8
8748000 830
8709120 2241
8680203 2
8643600 132
8640000 1272
8605184 2
8601600 588
8575000 10
8573040 679
8505000 331
8503056 34
8470728 3
8467200 2041
8437500 4
8429568 48
8403500 1
8400000 362
8398080 965
8388608 2
8334900 164
8297856 90
8294400 1920
8268750 12
8266860 79
8257536 76
8232000 277
8201250 15
8192000 91
8168202 2
8164800 2342
8128512 465
8103375 4
8100000 342
8067360 23
8064000 1971
8037225 7
8028160 66
8001504 217
8000000 45
7971615 1
7962624 203
7938000 880
7902720 498
7875000 56
7873200 352
7864320 55
7840000 200
7838208 599
7779240 100
7776000 2037
7741440 1286
7717500 46
7715736 89
7683200 54
7680000 434
7654500 210
7620480 1674
7593750 7
7563150 5
7560000 1286
7558272 178
7526400 668
7501410 59
7500000 25
7464960 1347
7441875 5
7440174 7
7408800 704
7381125 2
7375872 28
7372800 585
7350000 92
7348320 914
7340032 5
7290000 362
7260624 15
7257600 3392
7225344 174
7203000 52
7200000 504
7168000 268
7144200 617
7112448 283
7087500 78
7085880 76
7077888 63
7058940 4
7056000 1281
7024640 58
7001316 29
7000000 45
6998400 1553
6967296 608
6945750 49
6914880 178
6912000 1880
6889050 55
6881280 207
6860000 72
6858432 414
6806835 3
6804000 1640
6773760 1405
6751269 3
6750000 74
6722800 10
6720000 787
6718464 301
6667920 487
6635520 895
6615000 299
6613488 104
6585600 418
6562500 7
6561000 249
6553600 42
6531840 2250
6482700 81
6480000 1241
6453888 8
6451200 1718
6431250 3
6429780 166
6422528 13
6400000 119
6378750 46
6377292 2
6353046 1
6350400 2018
6328125 1
6322176 144
6302625 1
6300000 359
6298560 538
6291456 6
6272000 322
6251175 9
6250000 2
6223392 70
6220800 2536
6200145 3
6193152 256
6174000 288
6146560 32
6144000 439
6125000 10
6123600 1031
6096384 655
6075000 103
6050520 24
6048000 2770
6021120 337
6002500 6
6001128 92
6000000 92
5971968 365
5953500 236
5927040 719
5906250 1
5904900 82
5898240 221
5882450 1
5880000 396
5878656 466
5834430 34
5832000 1434
5806080 2102
5788125 2
5786802 23
5762400 95
5760000 1070
5740875 11
5734400 174
5715360 1124
5670000 757
5668704 81
5647152 1
5644800 1652
5625000 11
5619712 13
5600000 171
5598720 1358
5556600 366
5531904 83
5529600 1452
5512500 44
5511240 297
5505024 35
5488000 137
5467500 66
5445468 4
5443200 3171
5419008 344
5402250 14
5400000 457
5378240 10
5376000 1078
5358150 79
5334336 268
5315625 4
5314410 7
5308416 184
5294205 2
5292000 1175
5268480 262
5250987 1
5250000 42
5248800 792
5242880 23
5225472 818
5186160 154
5184000 2387
5160960 762
5145000 54
5143824 238
5120000 179
5103000 593
5080320 1827
5062500 8
5042100 12
5040000 1153
5038848 269
5017600 227
5000940 145
5000000 10
4976640 1426
4961250 48
4960116 40
4939200 622
4920750 12
4917248 8
4915200 276
4900000 61
4898880 1597
4862025 6
4860000 762
4840416 18
4838400 3062
4822335 4
4816896 74
4802000 30
4800000 331
4782969 1
4762800 1137
4741632 265
4725000 150
4723920 191
4718592 37
4704000 829
4687500 1
4667544 59
4665600 2354
4644864 553
4630500 134
4609920 115
4608000 1214
4593750 2
4592700 241
4587520 67
4572288 603
4556250 4
4537890 12
4536000 2418
4515840 944
4501875 1
4500846 19
4500000 90
4480000 329
4478976 395
4465125 12
4445280 624
4428675 2
4423680 665
4410000 397
4408992 312
4390400 146
4375000 2
4374000 597
4354560 2695
4321800 80
4320000 1368
4302592 1
4300800 779
4287500 4
4286520 436
4252500 147
4251528 18
4235364 1
4233600 2041
4214784 73
4200000 276
4199040 1001
4194304 1
4167450 72
4148928 91
4147200 2406
4134375 2
4133430 37
4128768 148
4116000 282
4100625 1
4096000 134
4084101 1
4082400 2048
4064256 638
4050000 211
4033680 23
4032000 2152
4014080 88
4000752 167
4000000 50
3981312 347
3969000 558
3951360 571
3937500 18
3936600 221
3932160 106
3920000 190
3919104 722
3889620 67
3888000 2088
3870720 1709
3858750 20
3857868 57
3841600 41
3840000 558
3828125 1
3827250 77
3810240 1556
3781575 3
3780000 1033
3779136 160
3763200 894
3750705 13
3750000 10
3732480 1621
3704400 529
3687936 37
3686400 877
3675000 57
3674160 669
3670016 2
3645000 205
3630312 8
3628800 3712
3612672 212
3601500 24
3600000 414
3584000 348
3572100 327
3556224 323
3543750 19
3542940 34
3538944 138
3529470 1
3528000 1120
3512320 89
3500658 17
3500000 34
3499200 1468
3483648 783
3472875 4
3457440 144
3456000 2197
3444525 16
3440640 301
3430000 42
3429216 430
3402000 1224
3386880 1718
3375000 33
3361400 8
3360000 736
3359232 402
3333960 321
3317760 1208
3307500 123
3306744 101
3294172 1
3292800 413
3281250 4
3280500 112
3276800 77
3265920 2300
3241350 33
3240000 1146
3226944 8
3225600 2090
3215625 2
3214890 59
3211264 20
3200000 123
3189375 6
3188646 3
3176523 1
3175200 1663
3161088 170
3150000 221
3149280 462
3145728 17
3136000 313
3125000 2
3111696 78
3110400 2780
3096576 402
3087000 185
3073280 35
3072000 622
3062500 3
3061800 640
3048192 754
3037500 43
3025260 13
3024000 2687
3010560 508
3001250 2
3000564 45
3000000 79
2985984 476
2976750 66
2963520 672
2953125 1
2952450 23
2949120 335
2940000 319
2939328 455
2917215 14
2916000 1146
2903040 2685
2893401 1
2881200 84
2880000 1043
2867200 217
2857680 843
2835000 393
2834352 52
2822400 1708
2812500 3
2809856 13
2800000 125
2799360 1579
2778300 213
2765952 76
2764800 1937
2756250 11
2755620 140
2752512 59
2744000 113
2733750 21
2722734 8
2721600 2931
2709504 438
2701125 4
2700000 356
2689120 11
2688000 1164
2679075 20
2667168 244
2657205 1
2654208 246
2646000 821
2634240 306
2625000 26
2624400 532
2621440 26
2612736 1013
2593080 103
2592000 2446
2580480 1084
2572500 28
2571912 155
2560000 159
2551500 283
2540160 1895
2531250 6
2521050 3
2520000 1012
2519424 260
2508800 269
2500470 58
2500000 8
2488320 1821
2480625 5
2480058 8
2469600 496
2460375 2
2458624 19
2457600 365
2450000 42
2449440 1269
2430000 494
2420208 7
2419200 3382
2408448 98
2401000 17
2400000 281
2381400 628
2370816 307
2362500 64
2361960 121
2359296 67
2352980 1
2352000 739
2333772 26
2332800 2255
2322432 703
2315250 48
2304960 94
2304000 1492
2296875 1
2296350 88
2293760 77
2286144 576
2268945 5
2268000 1865
2257920 1101
2250423 3
2250000 59
2240000 306
2239488 544
2222640 471
2211840 904
2205000 190
2204496 169
2195200 149
2187500 3
2187000 335
2177280 2925
2160900 46
2160000 1206
2151296 6
2150400 1022
2143750 2
2143260 217
2126250 45
2125764 9
2117682 2
2116800 1832
2107392 80
2100000 202
2099520 929
2097152 3
2083725 11
2074464 69
2073600 2757
2066715 9
2064384 218
2058000 193
2048000 177
2041200 1387
2032128 720
2025000 119
2016840 17
2016000 2158
2007040 98
2000376 145
2000000 38
1990656 493
1984500 265
1975680 526
1968750 5
1968300 116
1966080 126
1960000 182
1959552 720
1944810 23
1944000 1764
1935360 2140
1929375 3
1928934 25
1920800 43
1920000 613
1913625 10
1905120 1347
1890000 665
1889568 157
1881600 889
1875000 5
1866240 1925
1852200 347
1843968 33
1843200 1164
1837500 21
1837080 429
1835008 15
1822500 78
1815156 10
1814400 3568
1806336 309
1800750 14
1800000 341
1792000 378
1786050 105
1778112 274
1771875 3
1771470 9
1769472 172
1764000 862
1756160 82
1750329 6
1750000 20
1749600 1198
1741824 979
1728720 128
1728000 2178
1720320 440
1715000 24
1714608 283
1701000 708
1693440 1702
1687500 11
1680700 2
1680000 684
1679616 417
1666980 174
1658880 1617
1653750 40
1653372 49
1646400 381
1640250 35
1638400 92
1632960 2097
1620675 6
1620000 806
1613472 6
1612800 2317
1607445 18
1605632 12
1600000 114
1587600 1183
1580544 197
1575000 130
1574640 329
1572864 27
1568000 272
1555848 51
1555200 2798
1548288 534
1543500 96
1536640 36
1536000 730
1531250 1
1530900 291
1524096 704
1518750 10
1512630 8
1512000 2175
1505280 540
1500282 22
1500000 58
1492992 568
1488375 8
1481760 548
1476225 1
1474560 441
1470000 203
1469664 439
1458000 696
1451520 2829
1440600 53
1440000 977
1433600 306
1428840 534
1417500 155
1417176 39
1411788 5
1411200 1505
1404928 27
1400000 98
1399680 1403
1389150 53
1382976 66
1382400 2199
1378125 1
1377810 51
1376256 100
1372000 95
1366875 4
1361367 1
1360800 2258
1354752 563
1350000 212
1344560 11
1344000 1213
1333584 192
1327104 360
1323000 474
1317120 293
1312500 9
1312200 322
1310720 17
1306368 961
1296540 55
1296000 2142
1290240 1290
1286250 9
1285956 75
1280000 183
1275750 96
1270080 1629
1260525 2
1260000 711
1259712 261
1254400 281
1250235 13
1250000 4
1244160 2041
1240029 2
1234800 328
1229312 8
1228800 552
1225000 18
1224720 1009
1215000 268
1210104 8
1209600 3326
1204224 143
1200500 7
1200000 217
1190700 351
1185408 313
1181250 19
1180980 62
1179648 86
1176000 580
1166886 17
1166400 1786
1161216 861
1157625 5
1152480 84
1152000 1553
1148175 9
1146880 108
1143072 410
1134000 1219
1128960 1151
1125000 27
1120000 263
1119744 538
1111320 302
1105920 1049
1102500 83
1102248 130
1097600 153
1093750 1
1093500 161
1088640 2674
1080450 20
1080000 938
1075648 3
1075200 1119
1071875 1
1071630 84
1063125 4
1062882 7
1058400 1370
1053696 105
1050000 138
1049760 602
1048576 5
1037232 67
1036800 2781
1032192 280
1029000 106
1024000 161
1020600 777
1016064 717
1012500 41
1008420 4
1008000 1827
1003520 145
1000188 67
1000000 27
995328 571
992250 72
987840 481
984150 27
983040 184
980000 115
979776 675
972405 6
972000 1265
967680 2311
964467 4
960400 34
960000 611
952560 865
945000 340
944784 74
941192 1
940800 840
937500 3
933120 1873
926100 147
921984 37
921600 1363
918750 5
918540 209
917504 24
911250 23
907578 1
907200 2861
903168 347
900375 1
900000 213
896000 431
893025 20
889056 254
885735 2
884736 237
882000 507
878080 101
875000 6
874800 702
870912 1071
864360 68
864000 2037
860160 538
857500 10
857304 192
850500 275
846720 1614
843750 3
840350 2
840000 532
839808 397
833490 57
829440 1786
826875 5
826686 17
823200 277
820125 7
819200 128
816480 1565
810000 450
806736 8
806400 2337
802816 38
800000 81
793800 638
790272 193
787500 39
787320 194
786432 28
784000 225
777924 31
777600 2430
774144 615
771750 25
768320 34
768000 721
765450 111
762048 614
759375 1
756315 1
756000 1509
752640 579
750141 3
750000 32
746496 578
740880 375
737280 603
735000 91
734832 306
729000 374
725760 2697
720300 20
720000 817
716800 290
714420 273
708750 50
708588 24
705894 2
705600 1145
702464 24
700000 65
699840 1136
694575 10
691488 49
691200 2315
688905 11
688128 113
686000 48
680400 1399
677376 568
675000 92
672280 3
672000 987
666792 118
663552 424
661500 174
658560 225
656250 2
656100 133
655360 44
653184 887
648270 22
648000 1571
645120 1387
643125 1
642978 24
640000 177
637875 12
635040 1275
630000 452
629856 182
627200 267
625000 1
622080 2026
617400 210
614656 7
614400 546
612500 7
612360 530
607500 92
605052 7
604800 2717
602112 134
600250 4
600000 162
595350 100
592704 253
590625 5
590490 19
589824 110
588000 424
583443 3
583200 1260
580608 891
576240 49
576000 1410
573440 152
571536 318
567000 601
564480 1054
562500 12
560000 213
559872 533
555660 145
552960 1312
551250 28
551124 55
548800 81
546750 38
544320 2098
540225 4
540000 580
537824 1
537600 1115
535815 20
529200 858
526848 102
525000 47
524880 411
524288 11
518616 34
518400 2472
516096 329
514500 47
512000 178
510300 325
508032 612
506250 12
504210 3
504000 1364
501760 173
500094 22
500000 21
497664 630
496125 11
493920 342
492075 6
491520 256
490000 51
489888 459
486000 694
483840 2222
480200 17
480000 421
476280 506
472500 104
472392 48
470400 696
466560 1610
463050 61
460992 25
460800 1416
459375 2
459270 78
458752 22
455625 4
453789 1
453600 1890
451584 343
450000 130
448000 339
444528 167
442368 307
441000 284
439040 84
437500 2
437400 372
435456 956
432180 27
432000 1580
430080 584
428750 2
428652 75
425250 61
423360 1223
420175 1
420000 321
419904 298
416745 9
414720 1805
413343 3
411600 157
409600 125
408240 970
405000 228
403368 4
403200 1990
401408 31
400000 57
396900 281
395136 149
393750 16
393660 68
393216 45
392000 157
388962 8
388800 1838
387072 682
385875 5
384160 26
384000 687
382725 11
381024 418
378000 883
376320 506
375000 12
373248 668
370440 208
368640 734
367500 33
367416 147
364500 142
362880 2236
360150 9
360000 572
358400 304
357210 95
354375 11
354294 2
352947 1
352800 813
351232 24
350000 31
349920 796
345744 30
345600 2124
344064 130
343000 23
340200 716
338688 488
337500 27
336140 1
336000 817
333396 54
331776 528
330750 52
329280 208
328125 1
328050 40
327680 42
326592 687
324135 4
324000 1004
322560 1408
321489 5
320000 148
317520 763
315000 183
314928 120
313600 241
311040 1873
308700 79
307328 10
307200 565
306250 3
306180 207
303750 28
302526 3
302400 2045
301056 162
300000 102
297675 14
296352 143
295245 4
294912 163
294000 215
291600 702
290304 860
288120 27
288000 1254
286720 126
285768 190
283500 211
282240 860
281250 1
280000 140
279936 436
277830 47
276480 1261
275625 5
275562 18
274400 53
273375 5
272160 1423
270000 327
268800 933
264600 464
263424 83
262500 21
262440 217
262144 4
259308 18
259200 1988
258048 366
257250 9
256000 214
255150 93
254016 491
252105 1
252000 895
250880 153
250047 6
250000 3
248832 614
246960 225
245760 258
245000 19
244944 286
243000 329
241920 1858
240100 5
240000 319
238140 226
236250 26
236196 12
235200 537
233280 1149
231525 9
230496 17
230400 1298
229635 10
229376 23
226800 1178
225792 324
225000 40
224000 248
222264 99
221184 302
220500 113
219520 55
218700 133
217728 783
216090 13
216000 1095
215040 590
214326 19
212625 13
211680 755
210000 168
209952 229
207360 1688
205800 83
204800 148
204120 453
202500 71
201684 1
201600 1542
200704 45
200000 41
198450 72
197568 116
196875 2
196830 19
196608 58
196000 88
194481 3
194400 1095
193536 665
192080 12
192000 572
190512 273
189000 407
188160 465
187500 4
186624 543
185220 84
184320 767
183750 13
183708 53
182250 31
181440 1654
180000 339
179200 271
178605 8
176400 453
175616 27
175000 21
174960 440
172872 20
172800 1722
172032 148
171500 12
170100 254
169344 417
168750 7
168070 3
168000 532
166698 19
165888 497
165375 9
164640 128
164025 7
163840 51
163296 459
162000 546
161280 1217
160000 113
158760 373
157500 59
157464 61
156800 152
155520 1360
154350 25
153664 8
153600 607
153090 69
151875 4
151200 1251
150528 158
150000 49
148176 97
147456 158
147000 123
145800 364
145152 755
144060 11
144000 863
143360 119
142884 68
141750 76
141120 627
140000 69
139968 322
138915 11
138240 1283
137781 2
137200 41
136080 826
135000 127
134456 3
134400 759
132300 169
131712 57
131250 5
131220 80
131072 18
129654 4
129600 1351
129024 340
128625 2
128000 154
127575 16
127008 361
126000 431
125440 115
125000 3
124416 572
123480 110
122880 292
122500 12
122472 158
121500 111
120960 1446
120050 2
120000 224
119070 68
118125 4
118098 6
117600 328
116640 717
115248 12
115200 1195
114688 35
113400 503
112896 269
112500 17
112000 169
111132 28
110592 328
110250 33
109760 41
109350 22
108864 539
108045 1
108000 650
107520 522
107163 6
105840 465
105000 82
104976 135
103680 1351
102900 34
102400 134
102060 178
101250 16
100842 2
100800 1039
100352 27
100000 26
99225 11
98784 76
98415 3
98304 56
98000 55
97200 623
96768 566
96040 9
96000 445
95256 133
94500 148
94080 336
93750 1
93312 428
92610 20
92160 710
91875 2
91854 18
91125 6
90720 1043
90000 159
89600 199
88200 239
87808 12
87500 4
87480 200
86436 9
86400 1195
86016 158
85750 2
85050 70
84672 311
84000 332
83349 2
82944 447
82320 73
81920 49
81648 273
81000 239
80640 966
80000 74
79380 145
78750 23
78732 25
78400 90
77760 937
77175 6
76832 8
76800 503
76545 7
75600 690
75264 131
75000 24
74088 57
73728 181
73500 36
72900 115
72576 589
72030 6
72000 522
71680 128
71442 19
70875 6
70560 416
70000 31
69984 194
69120 1036
68600 14
68040 388
67500 42
67228 1
67200 567
66150 44
65856 52
65625 1
65610 17
65536 10
64800 786
64512 344
64000 124
63504 194
63000 202
62720 103
62500 3
62208 450
61740 27
61440 279
61250 1
61236 64
60750 33
60480 997
60000 121
59535 8
58800 177
58320 381
57624 10
57600 842
57344 33
56700 154
56448 239
56250 2
56000 126
55566 9
55296 306
55125 3
54880 36
54675 4
54432 359
54000 324
53760 454
52920 213
52500 28
52488 52
51840 941
51450 9
51200 132
51030 58
50625 4
50400 629
50176 31
50000 12
49392 55
49152 52
49000 20
48600 235
48384 454
48020 1
48000 314
47628 58
47250 28
47040 227
46656 280
46305 5
46080 593
45927 2
45360 547
45000 59
44800 158
44100 70
43904 12
43740 69
43218 3
43200 788
43008 121
42875 2
42525 15
42336 207
42000 171
41472 387
41160 29
40960 52
40824 133
40500 69
40320 679
40000 52
39690 43
39375 1
39366 6
39200 69
38880 554
38416 3
38400 380
37800 283
37632 90
37500 10
37044 10
36864 177
36750 7
36450 30
36288 431
36000 306
35840 113
35721 2
35280 222
35000 11
34992 113
34560 739
34300 6
34020 122
33750 9
33600 338
33075 10
32928 25
32805 4
32768 5
32400 386
32256 282
32000 89
31752 72
31500 68
31360 81
31104 327
30870 9
30720 250
30625 1
30618 14
30375 10
30240 622
30000 47
29400 73
29160 169
28812 1
28800 556
28672 25
28350 53
28224 136
28000 65
27783 1
27648 283
27440 16
27216 185
27000 123
26880 323
26460 83
26250 9
26244 23
25920 624
25600 80
25515 10
25200 303
25088 24
25000 7
24696 19
24576 57
24500 7
24300 79
24192 306
24010 1
24000 193
23814 17
23625 2
23520 115
23328 172
23040 479
22680 236
22500 14
22400 111
22050 29
21952 8
21870 18
21600 435
21504 113
21168 85
21000 62
20736 290
20580 18
20480 40
20412 38
20250 14
20160 421
20000 31
19845 3
19683 1
19600 31
19440 282
19208 2
19200 244
18900 114
18816 65
18750 5
18522 7
18432 140
18225 6
18144 235
18000 144
17920 94
17640 90
17500 5
17496 58
17280 491
17150 2
17010 33
16800 187
16464 17
16384 5
16200 167
16128 211
16000 65
15876 47
15750 12
15680 37
15552 208
15360 194
15309 4
15120 289
15000 14
14700 30
14580 56
14406 1
14400 365
14336 24
14175 9
14112 71
14000 21
13824 220
13720 7
13608 94
13500 34
13440 230
13230 25
13122 8
12960 356
12800 89
12600 109
12544 13
12500 1
12348 9
12288 44
12150 19
12096 174
12000 85
11907 1
11760 69
11664 84
11520 328
11340 78
11250 3
11200 60
11025 1
10976 8
10935 2
10800 202
10752 82
10584 45
10500 24
10368 209
10290 3
10240 50
10206 13
10125 3
10080 229
10000 13
9800 18
9720 99
9604 1
9600 153
9450 34
9408 33
9261 2
9216 100
9072 106
9000 51
8960 63
8820 27
8748 20
8640 294
8505 2
8400 83
8232 4
8192 10
8100 48
8064 130
8000 26
7938 8
7875 3
7840 23
7776 130
7680 134
7560 120
7500 7
7350 8
7290 17
7200 171
7168 24
7056 28
7000 4
6912 152
6860 2
6804 32
6750 14
6720 140
6615 4
6561 1
6480 139
6400 42
6300 48
6272 7
6174 2
6144 44
6125 1
6075 3
6048 113
6000 44
5880 33
5832 35
5760 193
5670 26
5600 40
5488 2
5400 84
5376 47
5292 13
5250 10
5184 111
5145 1
5120 33
5103 1
5040 121
5000 2
4900 2
4860 31
4800 107
4725 4
4704 25
4608 81
4536 49
4500 14
4480 27
4410 6
4374 6
4320 164
4200 44
4116 1
4096 8
4050 15
4032 96
4000 23
3969 1
3920 7
3888 62
3840 92
3780 48
3750 2
3675 2
3645 2
3600 64
3584 12
3528 13
3500 8
3456 88
3430 2
3402 7
3375 1
3360 65
3240 70
3200 33
3150 6
3136 8
3072 36
3024 53
3000 14
2940 8
2916 11
2880 123
2835 5
2800 16
2744 2
2700 26
2688 34
2646 4
2592 62
2560 23
2520 43
2500 3
2450 4
2430 5
2400 38
2352 15
2304 53
2268 11
2250 4
2240 19
2205 2
2187 1
2160 67
2100 9
2048 4
2016 37
2000 6
1960 3
1944 18
1920 47
1890 10
1800 23
1792 7
1764 3
1750 1
1728 50
1701 3
1680 29
1620 19
1600 12
1575 4
1568 2
1536 15
1512 31
1500 5
1470 1
1458 1
1440 50
1400 3
1372 1
1350 10
1344 19
1323 1
1296 32
1280 11
1260 13
1250 1
1215 1
1200 21
1176 5
1152 39
1134 2
1125 1
1120 5
1080 14
1050 2
1024 7
1008 23
1000 2
980 1
972 7
960 33
900 6
896 5
864 27
840 10
810 5
800 11
784 2
768 9
756 15
750 1
735 1
729 1
720 24
700 1
672 12
648 6
640 11
630 3
600 8
588 2
576 20
560 1
540 7
512 3
504 4
500 1
490 2
480 10
448 4
432 12
420 1
405 1
400 2
384 4
378 1
360 11
336 7
324 3
320 5
315 1
300 2
288 10
280 2
270 1
252 3
240 6
216 2
210 1
192 5
180 3
168 3
162 3
150 1
144 7
140 1
120 2
112 1
108 1
96 2
90 1
72 1
64 1
54 1
32 1
