4665600000 1
4592700000 1
4082400000 1
3628800000 1
3528000000 1
3499200000 2
3456000000 1
3401222400 1
3306744000 1
3265920000 1
3136000000 1
3110400000 1
2916000000 1
2893401000 1
2880000000 1
2857680000 1
2822400000 1
2800000000 1
2799360000 1
2721600000 2
2624400000 1
2612736000 1
2582803260 1
2571912000 4
2540160000 2
2519424000 1
2488320000 2
2449440000 1
2419200000 3
2381400000 1
2361960000 3
2352000000 2
2351462400 3
2332800000 2
2322432000 1
2314720800 1
2304000000 2
2296350000 1
2295825120 1
2286144000 1
2268000000 1
2239488000 1
2232052200 1
2222640000 2
2204496000 3
2187000000 1
2177280000 1
2125764000 1
2099520000 4
2090188800 1
2073600000 7
2066715000 1
2057529600 1
2041200000 3
2032128000 2
2025380700 1
2025000000 3
2016000000 1
2015539200 2
2007040000 1
2000376000 1
1990656000 1
1984500000 1
1984046400 2
1975680000 3
1968300000 2
1959552000 7
1944000000 2
1935360000 2
1928934000 3
1905120000 3
1890000000 1
1889568000 4
1881600000 1
1866240000 5
1860043500 1
1857945600 1
1851776640 1
1837080000 3
1835008000 1
1828915200 1
1814400000 7
1792000000 1
1786050000 1
1778112000 2
1771470000 1
1764000000 1
1763596800 3
1749600000 3
1741824000 4
1736040600 1
1728720000 1
1728000000 2
1714608000 7
1701000000 3
1700611200 4
1693440000 1
1679616000 8
1672151040 2
1666980000 2
1658880000 1
1653372000 7
1646023680 2
1640250000 1
1632960000 8
1625702400 1
1612800000 9
1607445000 3
1592524800 1
1587600000 6
1574640000 2
1572864000 1
1567641600 6
1555848000 1
1555200000 7
1548288000 2
1543147200 3
1530900000 3
1524096000 6
1512000000 3
1511654400 3
1492992000 5
1481760000 4
1474560000 1
1469664000 10
1463132160 1
1458000000 4
1451520000 11
1446700500 2
1440270720 2
1433600000 2
1428840000 13
1422489600 3
1417176000 3
1411200000 4
1410877440 4
1404928000 1
1400000000 1
1399680000 9
1393459200 3
1388832480 1
1382976000 1
1382400000 5
1372000000 1
1371686400 9
1361367000 1
1360800000 6
1360488960 1
1354752000 8
1350253800 1
1344000000 6
1343692800 7
1333584000 3
1327104000 4
1323000000 4
1322697600 5
1316818944 1
1312200000 6
1306368000 17
1296540000 4
1296000000 7
1290240000 4
1285956000 6
1280240640 1
1280000000 1
1275750000 5
1275458400 2
1270080000 14
1269789696 1
1260000000 2
1259712000 14
1254400000 1
1254113280 2
1250235000 2
1244678400 2
1244160000 12
1240029000 3
1238630400 3
1234800000 4
1234517760 1
1228800000 3
1225230300 1
1224720000 16
1219276800 8
1209600000 11
1209323520 2
1200225600 7
1194393600 2
1190700000 6
1190427840 3
1185408000 3
1180980000 2
1176000000 4
1175731200 19
1170505728 1
1166886000 1
1166400000 14
1161216000 13
1157360400 2
1152000000 8
1148175000 2
1143072000 25
1137991680 3
1134000000 5
1133740800 6
1128960000 13
1128701952 1
1125211500 1
1120000000 1
1119744000 16
1116026100 3
1114767360 1
1111320000 13
1105920000 7
1102248000 13
1097600000 2
1097349120 7
1093705578 1
1089093600 1
1088640000 30
1083801600 3
1080000000 1
1075200000 5
1074954240 2
1071630000 7
1066867200 11
1062882000 2
1061683200 1
1058841000 1
1058400000 7
1058158080 9
1050197400 3
1049760000 19
1045094400 12
1041624360 1
1040449536 1
1037232000 4
1036800000 20
1033357500 1
1032192000 3
1028764800 12
1024192512 1
1024000000 2
1020600000 14
1016064000 33
1008000000 10
1007769600 12
1003520000 3
1000188000 11
995742720 2
995328000 8
992023200 7
990904320 1
987840000 10
984150000 2
983449600 1
983040000 4
980184240 1
979776000 28
975421440 4
972405000 3
972000000 6
967680000 23
967458816 1
964467000 3
963379200 2
960400000 1
960180480 8
960000000 4
956593800 3
955514880 2
952560000 33
948326400 3
945177660 1
945000000 3
944784000 11
940800000 3
940584960 4
933508800 7
933120000 23
928972800 8
926100000 5
925888320 8
921984000 1
921600000 9
918540000 15
914457600 31
910393344 2
907200000 27
906992640 1
903168000 10
900169200 7
900000000 1
896000000 5
895795200 6
893025000 7
889056000 23
885735000 1
884736000 4
882000000 6
881798400 20
878080000 3
877879296 2
874800000 8
871274880 2
870912000 44
868020300 3
867041280 3
864360000 6
864162432 2
864000000 9
860934420 1
860518400 1
860160000 6
859963392 2
857304000 33
853493760 8
850500000 4
850305600 7
846720000 21
846526464 2
842956800 1
840350000 1
840157920 1
840000000 2
839808000 20
836075520 6
833490000 11
829785600 3
829440000 28
826686000 12
825753600 4
823200000 1
823011840 10
819200000 2
816820200 2
816480000 55
812851200 23
810152280 2
810000000 2
806400000 16
806215680 3
803722500 3
800150400 14
796262400 3
793800000 13
793618560 12
790272000 13
787320000 12
784000000 2
783820800 36
780337152 1
777924000 9
777600000 32
774144000 20
771750000 1
771573600 13
768320000 2
768144384 1
768000000 4
765450000 7
765275040 1
762365520 1
762048000 59
758661120 3
756000000 21
755827200 19
752640000 10
752467968 2
750141000 11
746807040 4
746496000 35
744017400 6
743178240 2
740880000 14
740710656 1
737587200 1
737280000 8
735138180 1
735000000 1
734832000 51
731566080 16
729137052 1
729000000 11
726062400 1
725760000 63
725594112 2
723350250 1
722534400 7
720300000 1
720135360 9
720000000 6
716636160 5
714420000 30
714256704 1
711244800 16
708588000 10
707788800 1
705600000 21
705438720 15
703096443 1
702464000 1
700131600 5
699840000 34
696729600 32
694575000 1
694416240 2
691488000 8
691200000 21
688905000 8
688128000 2
686000000 3
685843200 48
680400000 31
680244480 9
677658240 1
677376000 41
675126900 7
672280000 2
672000000 9
671846400 15
669615660 1
668860416 1
666792000 23
663828480 3
663552000 15
661500000 4
661348800 23
660602880 1
658560000 9
658409472 4
656100000 8
655360000 1
653456160 1
653184000 70
651015225 1
650280960 7
648270000 1
648121824 2
648000000 32
645120000 34
644972544 1
642978000 30
640120320 17
640000000 3
637875000 2
637729200 3
637009920 3
635040000 69
634894848 3
632217600 10
630118440 3
630000000 7
629856000 37
627200000 7
627056640 28
625117500 1
622339200 14
622080000 57
620014500 4
619315200 17
617400000 8
617258880 18
614656000 4
614400000 7
612615150 1
612360000 48
612220032 1
609638400 65
607614210 1
607500000 1
605052000 2
604800000 56
604661760 13
602654094 1
602112000 11
600112800 24
600000000 1
597445632 1
597196800 26
595350000 12
595213920 6
592704000 24
590490000 8
589824000 6
588000000 7
587865600 72
585252864 3
583443000 9
583200000 27
580849920 2
580608000 94
578680200 7
578027520 1
576240000 7
576108288 6
576000000 11
573440000 4
573308928 3
571536000 68
568995840 17
567000000 13
566870400 14
566231040 1
564480000 49
564350976 4
562605750 1
561971200 1
560105280 9
560000000 5
559872000 61
558013050 1
557383680 16
555660000 22
555532992 5
553190400 7
552960000 24
551353635 1
551250000 1
551124000 33
550502400 2
548800000 10
548674560 35
546750000 1
544546800 3
544320000 99
544195584 1
542126592 1
541900800 24
540225000 4
540101520 10
540000000 9
537824000 1
537600000 21
537477120 13
535815000 10
533433600 38
531441000 6
530841600 14
529200000 42
529079040 24
526848000 8
525098700 4
525000000 1
524880000 36
524288000 1
522764928 1
522547200 73
520812180 5
520224768 1
518616000 9
518400000 46
516678750 1
516096000 33
514500000 3
514382400 62
512096256 6
512000000 7
510300000 33
510183360 1
509607936 1
508032000 100
505774080 10
504210000 1
504094752 3
504000000 31
503884800 42
502211745 1
501760000 10
501645312 6
500094000 25
497871360 7
497664000 59
496125000 3
496011600 10
495452160 4
493920000 31
493807104 7
492075000 2
491724800 1
491520000 9
490092120 1
490000000 5
489888000 116
487710720 26
486202500 1
486000000 21
484041600 4
483840000 84
483729408 5
482233500 10
481890304 1
481689600 9
480200000 1
480090240 26
480000000 3
478296900 2
477757440 4
476280000 72
476171136 4
474163200 35
472500000 4
472392000 26
471859200 4
470596000 1
470400000 21
470292480 50
466754400 12
466560000 94
464679936 1
464486400 60
463050000 13
462944160 15
462422016 1
460992000 6
460800000 34
459270000 29
459165024 1
458752000 4
457228800 112
455196672 3
453789000 1
453600000 90
453496320 21
451584000 49
450084600 11
450000000 5
449576960 3
448084224 3
448000000 13
447897600 44
446512500 6
446410440 2
444713220 1
444528000 60
442867500 4
442552320 2
442368000 32
441082908 1
441000000 10
440899200 87
439040000 14
438939648 9
437582250 2
437400000 27
435637440 4
435456000 153
434010150 2
433520640 5
432180000 10
432081216 6
432000000 31
430080000 18
429981696 4
428652000 56
426746880 34
425250000 8
425152800 11
424673280 7
423360000 110
423263232 12
421478400 11
420175000 1
420078960 5
420000000 7
419904000 89
419430400 1
418037760 34
416745000 7
416649744 3
414892800 21
414720000 88
413343000 17
413048832 1
412876800 12
411600000 10
411505920 50
409600000 3
408410100 1
408240000 127
408146688 1
406425600 84
405076140 5
405000000 11
404619264 1
403368000 3
403200000 76
403107840 30
401861250 2
401769396 1
401408000 6
400075200 66
400000000 3
398297088 2
398131200 39
396900000 34
396809280 26
395136000 39
393660000 22
393216000 8
392073696 2
392000000 7
391910400 136
390168576 3
388962000 13
388800000 66
387233280 3
387072000 103
385875000 1
385786800 36
385351680 2
384160000 7
384072192 9
384000000 19
382725000 8
382637520 5
382205952 4
381024000 148
379330560 25
378157500 1
378000000 29
377913600 50
377487360 1
376320000 42
376233984 11
375070500 11
373403520 18
373248000 125
372008700 7
371589120 23
370440000 48
370355328 17
369056250 1
368793600 5
368640000 33
367500000 4
367416000 128
365783040 75
364568526 1
364500000 15
363031200 9
362880000 191
362797056 6
361675125 2
361267200 23
360150000 1
360067680 23
360000000 6
358400000 14
358318080 29
357210000 50
357128352 5
355622400 83
354375000 3
354294000 11
354041856 2
353894400 12
352800000 61
352719360 88
352321536 1
351232000 18
350065800 15
349920000 90
348509952 4
348364800 139
347287500 2
347208120 6
346816512 3
345744000 28
345600000 70
344452500 4
344373768 1
344064000 22
343000000 2
342921600 130
341397504 7
340200000 75
340122240 17
338829120 3
338688000 134
337563450 4
337182720 2
336063168 7
336000000 35
335923200 96
334807830 1
334430208 5
333396000 71
331914240 14
331776000 80
330812181 1
330750000 6
330674400 46
330301440 5
329280000 31
329204736 24
328050000 12
327680000 4
326728080 6
326592000 240
325140480 37
324135000 4
324060912 3
324000000 37
322694400 1
322560000 92
322486272 4
321489000 29
321126400 5
320060160 41
320000000 3
318937500 2
318864600 4
318504960 16
317652300 1
317520000 156
317447424 11
316108800 49
315059220 3
315000000 14
314928000 84
314572800 1
313600000 22
313528320 86
312558750 3
312487308 1
311169600 35
311040000 155
310007250 4
309786624 4
309657600 49
308700000 22
308629440 49
307328000 5
307200000 23
306250000 1
306180000 87
306110016 3
304819200 198
303807105 1
303750000 1
303464448 3
302526000 2
302400000 134
302330880 43
301056000 46
300056400 35
300000000 1
298722816 7
298598400 80
297675000 17
297606960 17
297271296 4
296352000 98
295245000 4
295034880 4
294912000 17
294000000 25
293932800 203
292626432 20
291721500 11
291600000 77
290424960 10
290304000 239
289340100 13
289013760 12
288120000 13
288054144 4
288000000 40
286978140 1
286720000 13
286654464 3
285768000 176
284497920 32
283553298 1
283500000 28
283435200 43
283115520 3
282357600 2
282240000 130
282175488 17
280985600 4
280052640 25
280000000 8
279936000 177
278691840 52
277830000 32
277766496 9
276595200 32
276480000 102
275562000 85
275251200 14
274400000 8
274337280 114
273375000 5
272273400 8
272160000 285
272097792 3
271063296 1
270950400 108
270050760 12
270000000 10
268912000 1
268800000 60
268738560 44
267907500 14
266716800 139
265720500 1
265531392 3
265420800 55
264600000 68
264539520 69
264241152 2
263424000 40
262549350 3
262440000 76
261382464 3
261273600 266
260406090 2
260112384 15
259308000 34
259200000 107
258339375 2
258155520 2
258048000 102
257250000 1
257191200 110
256901120 1
256048128 15
256000000 8
255150000 47
255091680 10
254803968 2
254121840 1
254016000 229
252887040 19
252105000 2
252047376 4
252000000 64
251942400 98
250880000 30
250822656 20
250047000 48
248935680 31
248832000 188
248062500 1
248005800 35
247726080 20
246960000 63
246903552 23
245862400 13
245760000 13
245046060 2
245000000 5
244944000 272
243855360 115
243101250 2
243045684 1
243000000 34
242020800 17
241920000 263
241864704 17
241116750 6
240844800 25
240100000 3
240045120 61
240000000 13
239148450 1
238878720 43
238140000 140
238085568 13
237081600 122
236250000 4
236196000 50
236027904 1
235929600 11
235298000 1
235200000 50
235146240 141
233377200 41
233280000 195
232339968 4
232243200 205
231525000 14
231472080 39
231211008 1
230496000 22
230400000 72
229635000 37
229376000 14
228614400 282
227812500 1
227598336 18
226894500 7
226800000 162
226748160 35
225886080 3
225792000 141
225042300 21
225000000 2
224788480 2
224042112 13
224000000 19
223948800 175
223256250 3
223205220 4
222953472 13
222264000 154
221433750 1
221276160 16
221184000 81
220541454 2
220500000 18
220449600 146
220200960 2
219520000 22
219469824 40
218700000 47
217818720 9
217728000 417
216760320 52
216090000 7
216040608 9
216000000 63
215129600 7
215040000 73
214990848 7
214326000 101
213373440 107
212625000 7
212576400 24
212336640 20
211768200 1
211680000 213
211631616 36
210739200 31
210039480 14
210000000 12
209952000 213
209018880 125
208372500 11
208324872 4
207446400 55
207360000 228
206671500 13
206438400 43
205800000 27
205752960 136
204800000 12
204205050 4
204120000 231
204073344 6
203297472 1
203212800 313
202538070 4
202500000 6
202309632 6
201684000 2
201600000 149
201553920 63
200930625 1
200884698 1
200704000 30
200037600 108
199290375 1
199148544 12
199065600 123
198450000 57
198404640 48
198180864 7
197650320 2
197568000 125
196875000 1
196830000 26
196689920 1
196608000 17
196036848 1
196000000 13
195955200 383
195084288 28
194481000 29
194400000 141
193616640 7
193536000 304
192937500 2
192893400 60
192675840 12
192080000 7
192036096 35
192000000 23
191362500 10
191318760 5
191102976 6
190512000 372
189665280 59
189078750 1
189035532 1
189000000 52
188956800 90
188743680 3
188238400 1
188160000 96
188116992 34
187535250 8
186701760 54
186624000 296
186004350 7
185794560 69
185220000 73
185177664 29
184396800 21
184320000 84
183784545 2
183750000 2
183708000 181
183500800 4
182891520 190
182250000 19
181515600 8
181440000 455
181398528 11
180633600 124
180075000 2
180033840 61
180000000 19
179200000 34
179159040 78
178605000 59
178564176 10
177811200 195
177187500 1
177147000 16
177020928 8
176947200 51
176400000 108
176359680 157
175616000 21
175032900 21
175000000 2
174960000 173
174254976 2
174182400 395
173604060 18
173408256 4
172872000 46
172800000 165
172226250 2
172103680 2
172032000 65
171500000 4
171460800 253
170698752 31
170100000 107
170061120 23
169869312 2
169414560 2
169344000 350
168781725 1
168591360 14
168070000 2
168031584 8
168000000 59
167961600 230
167215104 28
166698000 112
165957120 34
165888000 227
165375000 7
165337200 88
165150720 23
164640000 64
164602368 52
164025000 11
163840000 11
163364040 4
163296000 542
162570240 133
162067500 11
162030456 1
162000000 59
161347200 11
161280000 251
161243136 23
160744500 30
160563200 15
160030080 142
160000000 18
159468750 1
159432300 2
159252480 56
158760000 266
158723712 19
158054400 106
157529610 4
157500000 12
157464000 134
157286400 9
156800000 33
156764160 250
156243654 2
155584800 71
155520000 319
154893312 4
154828800 160
154350000 25
154314720 112
154140672 2
153664000 19
153600000 60
153090000 118
153055008 4
152473104 1
152409600 479
151875000 2
151732224 5
151263000 4
151200000 227
151165440 85
150994944 1
150590720 1
150528000 119
150028200 61
150000000 3
149361408 16
149299200 261
148837500 6
148803480 17
148635648 5
148176000 179
147622500 7
147517440 7
147456000 53
147027636 1
147000000 38
146966400 375
146313216 46
145860750 5
145800000 101
145212480 15
145152000 624
144670050 12
144506880 43
144060000 10
144027072 35
144000000 68
143360000 25
143327232 11
142884000 260
142248960 132
141750000 39
141717600 66
141557760 19
141178800 3
141120000 275
141087744 54
140492800 19
140026320 27
140000000 8
139968000 357
139345920 199
138915000 36
138883248 18
138297600 54
138240000 229
137781000 63
137682944 1
137625600 28
137200000 22
137168640 252
136687500 2
136136700 7
136080000 434
136048896 14
135531648 3
135475200 308
135025380 27
135000000 17
134873088 2
134456000 6
134400000 121
134369280 150
133953750 5
133923132 2
133358400 256
132860250 1
132765696 11
132710400 143
132355125 1
132300000 109
132269760 138
132120576 3
131712000 87
131274675 2
131250000 1
131220000 115
131072000 12
130691232 8
130636800 625
130056192 21
129654000 30
129600000 231
129077760 5
129024000 244
128625000 2
128595600 165
128450560 3
128024064 56
128000000 12
127575000 30
127545840 11
127401984 6
127060920 3
127008000 550
126443520 66
126023688 7
126000000 74
125971200 214
125829120 1
125440000 60
125411328 64
125023500 35
124467840 64
124416000 426
124002900 23
123863040 83
123480000 119
123451776 56
122931200 18
122880000 65
122523030 1
122500000 2
122472000 456
121927680 305
121500000 42
121010400 14
120960000 504
120932352 30
120558375 1
120422400 84
120050000 4
120022560 120
120000000 16
119439360 113
119070000 171
119042784 13
118540800 274
118125000 5
118098000 69
118013952 4
117964800 32
117649000 1
117600000 98
117573120 297
116688600 51
116640000 370
116169984 2
116121600 529
115762500 3
115736040 61
115605504 6
115248000 41
115200000 144
114817500 24
114791256 3
114688000 28
114307200 531
113906250 1
113799168 33
113447250 5
113400000 218
113374080 69
113246208 3
112943040 4
112896000 351
112521150 16
112500000 4
112394240 6
112021056 18
112000000 37
111974400 381
111602610 2
111476736 46
111178305 1
111132000 224
110638080 46
110592000 254
110250000 23
110224800 238
110100480 10
109760000 28
109734912 100
109350000 31
108909360 8
108864000 892
108380160 149
108045000 14
108020304 27
108000000 85
107564800 9
107520000 210
107495424 29
107163000 126
106686720 205
106312500 5
106288200 22
106168320 46
105884100 1
105840000 381
105815808 60
105369600 62
105019740 17
105000000 16
104976000 281
104857600 1
104509440 348
104186250 9
104162436 4
103723200 93
103680000 427
103335750 12
103262208 2
103219200 165
102900000 32
102876480 223
102400000 26
102102525 1
102060000 324
102036672 9
101648736 1
101606400 627
101250000 7
101154816 16
100842000 4
100800000 267
100776960 160
100352000 58
100018800 169
100000000 7
99574272 17
99532800 373
99225000 42
99202320 64
99090432 12
98784000 231
98437500 1
98415000 31
98344960 5
98304000 36
98018424 6
98000000 19
97977600 733
97542144 65
97240500 20
97200000 234
96808320 22
96768000 667
96446700 54
96337920 23
96040000 15
96018048 51
96000000 46
95681250 3
95659380 3
95551488 13
95295690 1
95256000 508
94832640 168
94517766 3
94500000 76
94478400 167
94371840 14
94119200 1
94080000 211
94058496 89
93767625 2
93750000 1
93350880 81
93312000 597
93002175 1
92897280 225
92610000 88
92588832 47
92198400 52
92160000 213
91875000 1
91854000 208
91750400 15
91445760 446
91125000 16
90757800 19
90720000 739
90699264 34
90316800 268
90037500 3
90016920 55
90000000 38
89600000 53
89579520 221
89302500 43
89282088 11
88942644 1
88905600 402
88573500 12
88510464 13
88473600 127
88200000 135
88179840 282
88080384 1
87808000 59
87516450 16
87500000 3
87480000 242
87127488 9
87091200 909
86802030 6
86704128 22
86436000 71
86400000 285
86113125 1
86051840 4
86016000 131
85750000 6
85730400 393
85349376 80
85050000 140
85030560 27
84934656 8
84707280 2
84672000 684
84295680 38
84035000 3
84015792 24
84000000 66
83980800 432
83607552 77
83349000 119
82978560 77
82944000 477
82687500 9
82668600 72
82575360 52
82354300 1
82320000 87
82301184 104
82012500 10
81920000 26
81682020 10
81648000 936
81285120 379
81033750 1
81015228 4
81000000 96
80673600 24
80640000 514
80621568 55
80372250 19
80281600 36
80015040 258
80000000 14
79716150 2
79626240 115
79380000 319
79361856 58
79027200 245
78764805 3
78750000 11
78732000 149
78675968 2
78643200 21
78400000 53
78382080 530
78121827 1
77792400 92
77760000 570
77446656 11
77414400 471
77175000 17
77157360 126
77070336 2
76832000 24
76800000 86
76545000 109
76527504 8
76236552 1
76204800 866
75866112 35
75631500 4
75600000 360
75582720 153
75295360 1
75264000 252
75014100 64
75000000 2
74680704 39
74649600 572
74418750 6
74401740 13
74317824 31
74088000 290
73811250 2
73758720 29
73728000 172
73513818 1
73500000 31
73483200 558
73400320 5
73156608 139
72900000 109
72606240 20
72576000 1222
72335025 1
72253440 116
72030000 18
72013536 47
72000000 122
71744535 1
71680000 69
71663616 38
71442000 328
71124480 306
70875000 14
70858800 88
70778880 37
70560000 379
70543872 116
70246400 30
70013160 49
70000000 11
69984000 625
69672960 471
69457500 36
69441624 15
69148800 114
69120000 465
68890500 59
68841472 1
68812800 99
68600000 25
68584320 448
68068350 10
68040000 628
68024448 23
67765824 3
67737600 666
67512690 16
67500000 18
67436544 9
67228000 12
67200000 215
67184640 296
66679200 327
66382848 24
66355200 367
66150000 107
66134880 171
66060288 7
65856000 175
65610000 95
65536000 12
65345616 9
65318400 1189
65028096 84
64827000 42
64800000 332
64538880 17
64512000 554
64312500 2
64297800 163
64225280 9
64012032 79
64000000 19
63787500 16
63772920 12
63700992 24
63530460 6
63504000 841
63221760 138
63026250 1
63011844 5
63000000 113
62985600 326
62914560 2
62720000 85
62705664 159
62511750 17
62233920 104
62208000 924
62001450 12
61931520 182
61740000 139
61725888 103
61465600 22
61440000 117
61261515 1
61250000 3
61236000 604
60963840 694
60750000 41
60505200 16
60480000 844
60466176 56
60211200 156
60025000 5
60011280 167
60000000 13
59719680 257
59535000 157
59521392 17
59270400 455
59049000 54
59006976 7
58982400 98
58824500 1
58800000 136
58786560 577
58344300 42
58320000 496
58084992 14
58060800 1076
57868020 46
57802752 20
57624000 57
57600000 272
57408750 13
57395628 1
57344000 50
57177414 2
57153600 828
56899584 88
56723625 1
56700000 277
56687040 112
56623104 9
56471520 1
56448000 673
56260575 4
56250000 1
56197120 18
56010528 36
56000000 50
55987200 763
55738368 81
55566000 249
55319040 78
55296000 486
55125000 17
55112400 276
55050240 27
54880000 58
54867456 162
54675000 42
54454680 14
54432000 1440
54190080 323
54022500 6
54010152 31
54000000 144
53782400 6
53760000 355
53747712 68
53581500 95
53343360 352
53156250 1
53144100 18
53084160 128
52920000 486
52907904 104
52706752 1
52684800 190
52509870 15
52500000 15
52488000 458
52428800 8
52254720 745
52093125 1
52081218 1
51861600 141
51840000 749
51667875 2
51631104 2
51609600 372
51450000 26
51438240 342
51200000 42
51030000 294
51018336 16
50824368 1
50803200 1119
50625000 4
50577408 31
50421000 8
50400000 405
50388480 336
50176000 98
50009400 153
50000000 1
49787136 44
49766400 678
49612500 30
49601160 76
49545216 33
49412580 3
49392000 364
49207500 22
49172480 13
49152000 88
49009212 4
49000000 27
48988800 1121
48771072 132
48620250 8
48600000 282
48404160 31
48384000 1171
48223350 41
48168960 60
48020000 23
48009024 101
48000000 74
47840625 1
47829690 2
47775744 49
47628000 695
47416320 301
47250000 55
47239200 173
47185920 24
47059600 1
47040000 304
47029248 217
46675440 89
46656000 1012
46448640 479
46305000 56
46294416 61
46099200 94
46080000 400
45937500 1
45927000 215
45875200 33
45722880 780
45562500 9
45378900 8
45360000 966
45349632 66
45177216 1
45158400 540
45008460 59
45000000 33
44957696 2
44800000 93
44789760 406
44651250 13
44641044 11
44452800 546
44286750 5
44255232 16
44236800 295
44100000 166
44089920 391
44040192 4
43904000 80
43758225 2
43750000 3
43740000 309
43563744 14
43545600 1643
43352064 68
43218000 57
43200000 404
43025920 7
43008000 346
42875000 3
42865200 469
42674688 112
42525000 89
42515280 48
42467328 32
42353640 2
42336000 1025
42147840 77
42017500 2
42007896 28
42000000 83
41990400 708
41943040 2
41803776 199
41674500 73
41489280 143
41472000 976
41343750 1
41334300 83
41287680 140
41160000 131
41150592 185
41006250 3
40960000 43
40841010 7
40824000 1137
40642560 658
40507614 4
40500000 83
40336800 14
40320000 837
40310784 87
40186125 2
40140800 55
40007520 282
40000000 16
39813120 314
39690000 311
39680928 63
39513600 401
39375000 6
39366000 157
39337984 3
39321600 42
39200000 83
39191040 934
38896200 90
38880000 830
38723328 7
38707200 887
38587500 18
38578680 149
38535168 17
38416000 37
38400000 158
38272500 71
38263752 2
38118276 2
38102400 1272
37933056 79
37815750 4
37800000 374
37791360 231
37748736 7
37647680 1
37632000 410
37507050 29
37500000 4
37340352 52
37324800 1055
37200870 15
37158912 99
37044000 359
36879360 53
36864000 365
36750000 32
36741600 695
36700160 10
36578304 250
36450000 107
36303120 32
36288000 1850
36126720 261
36015000 19
36006768 59
36000000 150
35840000 135
35831808 98
35721000 250
35562240 480
35437500 19
35429400 54
35389440 115
35280000 531
35271936 203
35123200 73
35006580 37
35000000 10
34992000 756
34836480 935
34728750 12
34720812 10
34574400 148
34560000 780
34445250 29
34420736 3
34406400 209
34300000 26
34292160 620
34020000 645
34012224 36
33882912 1
33868800 1144
33756345 5
33750000 10
33718272 19
33614000 12
33600000 301
33592320 520
33339600 356
33191424 44
33177600 744
33075000 79
33067440 185
33030144 19
32928000 257
32805000 88
32768000 28
32672808 17
32659200 1748
32514048 153
32413500 28
32400000 386
32269440 25
32256000 1016
32148900 126
32112640 22
32006016 150
32000000 29
31893750 12
31886460 8
31850496 53
31765230 1
31752000 1165
31610880 230
31505922 4
31500000 92
31492800 446
31457280 14
31360000 149
31352832 302
31255875 7
31116960 158
31104000 1354
31000725 3
30965760 420
30870000 146
30862944 110
30732800 43
30720000 223
30625000 1
30618000 563
30481920 1044
30375000 24
30252600 16
30240000 1197
30233088 114
30118144 3
30105600 313
30012500 1
30005640 145
30000000 30
29859840 572
29767500 74
29760696 17
29635200 582
29524500 30
29503488 11
29491200 175
29400000 158
29393280 808
29172150 14
29160000 578
29042496 16
29030400 1860
28934010 24
28901376 51
28812000 67
28800000 382
28704375 6
28672000 123
28576800 929
28449792 160
28350000 212
28343520 120
28311552 16
28235760 4
28224000 945
28125000 2
28098560 27
28005264 58
28000000 55
27993600 1115
27869184 222
27783000 201
27659520 146
27648000 892
27562500 2
27556200 236
27525120 69
27440000 71
27433728 294
27337500 18
27227340 15
27216000 1851
27095040 588
27011250 4
27005076 23
27000000 132
26891200 16
26880000 483
26873856 131
26790750 41
26671680 519
26572050 4
26542080 280
26471025 2
26460000 509
26453952 148
26342400 258
26254935 7
26250000 13
26244000 430
26214400 8
26127360 1229
26040609 3
25930800 126
25920000 1069
25815552 11
25804800 707
25725000 27
25719120 346
25690112 3
25600000 77
25515000 237
25509168 15
25412184 4
25401600 1602
25288704 58
25210500 3
25200000 471
25194240 431
25165824 3
25088000 147
25004700 97
25000000 4
24893568 70
24883200 1275
24806250 16
24800580 42
24772608 60
24706290 1
24696000 417
24603750 2
24586240 20
24576000 169
24500000 14
24494400 1314
24385536 320
24310125 5
24300000 235
24202080 36
24192000 1829
24111675 8
24084480 128
24010000 15
24004512 136
24000000 113
23887872 137
23814000 645
23708160 427
23625000 33
23619600 167
23592960 79
23529800 3
23520000 409
23514624 319
23337720 96
23328000 1350
23224320 937
23152500 31
23147208 48
23049600 103
23040000 613
22963500 121
22937600 70
22861440 1029
22689450 6
22680000 1097
22674816 64
22588608 1
22579200 920
22504230 25
22500000 30
22478848 6
22400000 131
22394880 705
22325625 2
22320522 5
22226400 595
22143375 1
22127616 41
22118400 583
22050000 167
22044960 485
22020096 9
21952000 90
21870000 230
21781872 11
21772800 2423
21676032 127
21609000 71
21600000 488
21512960 8
21504000 520
21437500 2
21432600 373
21337344 199
21262500 39
21257640 35
21233664 58
21176820 4
21168000 1296
21073920 110
21003948 13
21000000 87
20995200 864
20971520 6
20901888 346
20837250 38
20744640 162
20736000 1528
20667150 37
20643840 279
20580000 105
20575296 202
20503125 1
20480000 79
20420505 3
20412000 1155
20321280 1160
20253807 1
20250000 53
20168400 28
20160000 1079
20155392 160
20070400 104
20003760 295
20000000 11
19906560 608
19845000 239
19840464 72
19765032 1
19756800 578
19687500 7
19683000 112
19668992 4
19660800 84
19600000 89
19595520 1327
19448100 60
19440000 972
19361664 17
19353600 1716
19293750 2
19289340 107
19267584 13
19208000 38
19200000 210
19136250 23
19131876 2
19051200 1483
18966528 144
18907875 3
18900000 365
18895680 271
18874368 11
18823840 1
18816000 596
18753525 8
18750000 3
18670176 71
18662400 1535
18579456 171
18522000 325
18439680 78
18432000 656
18375000 15
18370800 598
18350080 18
18289152 404
18225000 80
18151560 24
18144000 2365
18063360 439
18007500 4
18003384 54
18000000 115
17920000 181
17915904 189
17860500 166
17781120 626
17718750 6
17714700 31
17694720 217
17640000 562
17635968 285
17561600 98
17503290 24
17500000 10
17496000 884
17418240 1578
17364375 1
17360406 13
17287200 163
17280000 1120
17222625 3
17210368 6
17203200 370
17150000 26
17146080 717
17010000 526
17006112 29
16941456 5
16934400 1678
16875000 8
16859136 21
16807000 7
16800000 355
16796160 727
16669800 289
16595712 70
16588800 1252
16537500 33
16533720 143
16515072 40
16464000 317
16402500 42
16384000 47
16336404 6
16329600 2316
16257024 316
16206750 15
16200000 415
16134720 35
16128000 1505
16074450 59
16056320 52
16003008 197
16000000 60
15946875 2
15943230 5
15925248 130
15882615 1
15876000 1099
15805440 362
15752961 3
15750000 58
15746400 462
15728640 27
15680000 202
15676416 436
15558480 133
15552000 1835
15482880 778
15435000 84
15431472 109
15366400 47
15360000 348
15312500 2
15309000 398
15240960 1430
15187500 21
15126300 9
15120000 1381
15116544 135
15059072 1
15052800 484
15002820 96
15000000 28
14929920 934
14883750 32
14880348 16
14817600 711
14762250 8
14751744 19
14745600 402
14700000 130
14696640 990
14680064 3
14586075 5
14580000 520
14521248 21
14515200 2779
14467005 6
14450688 104
14406000 57
14400000 486
14336000 183
14288400 870
14224896 221
14175000 137
14171760 96
14155776 26
14117880 1
14112000 1231
14062500 3
14049280 44
14002632 30
14000000 54
13996800 1499
13934592 384
13891500 122
13829760 168
13824000 1356
13781250 4
13778100 124
13762560 128
13720000 64
13716864 385
13668750 5
13613670 6
13608000 1987
13547520 1007
13505625 2
13502538 11
13500000 125
13445600 19
13440000 701
13436928 207
13395375 11
13335840 546
13271040 553
13230000 434
13226976 127
13171200 330
13125000 6
13122000 345
13107200 30
13063680 1859
12965400 104
12960000 1287
12907776 11
12902400 1146
12862500 9
12859560 280
12845056 6
12800000 81
12757500 118
12754584 14
12706092 2
12700800 2016
12656250 2
12644352 88
12605250 6
12600000 440
12597120 537
12582912 4
12544000 226
12502350 61
12500000 1
12446784 76
12441600 1967
12400290 22
12386304 158
12348000 415
12293120 34
12288000 306
12252303 1
12250000 19
12247200 1364
12192768 476
12150000 195
12101040 31
12096000 2601
12042240 226
12005000 12
12002256 109
12000000 103
11943936 233
11907000 460
11854080 628
11812500 20
11809800 115
11796480 145
11760000 410
11757312 459
11668860 61
11664000 1507
11612160 1553
11576250 18
11573604 28
11524800 140
11520000 864
11481750 43
11468800 108
11430720 1196
11344725 1
11340000 994
11337408 78
11294304 6
11289600 1292
11252115 3
11250000 9
11239424 3
11200000 165
11197440 1063
11160261 1
11113200 550
11063808 72
11059200 965
11025000 96
11022480 419
11010048 16
10976000 124
10935000 154
10890936 24
10886400 3080
10838016 241
10804500 35
10800000 540
10756480 12
10752000 837
10716300 230
10668672 276
10631250 13
10628820 27
10616832 117
10588410 1
10584000 1344
10536960 223
10501974 6
10500000 58
10497600 906
10485760 6
10450944 561
10418625 15
10372320 180
10368000 2125
10333575 6
10321920 477
10290000 102
10287648 234
10240000 123
10206000 948
10160640 1480
10125000 28
10084200 21
10080000 1272
10077696 226
10035200 158
10001880 265
10000000 20
9953280 947
9922500 127
9920232 46
9878400 608
9841500 54
9834496 7
9830400 150
9800000 100
9797760 1597
9724050 27
9720000 878
9680832 16
9676800 2421
9646875 1
9644670 46
9633792 50
9604000 39
9600000 311
9568125 3
9565938 2
9525600 1380
9483264 201
9450000 251
9447840 241
9437184 26
9411920 1
9408000 721
9375000 1
9335088 62
9331200 2067
9289728 344
9261000 235
9219840 91
9216000 960
9187500 9
9185400 451
9175040 37
9144576 550
9112500 35
9075780 24
9072000 2595
9031680 704
9003750 2
9001692 35
9000000 132
8960000 271
8957952 323
8930250 82
8890560 700
8857350 7
8847360 378
8820000 540
8817984 312
8780800 138
8751645 9
8750000 11
8748000 781
8709120 2149
8680203 5
8643600 161
8640000 1333
8601600 562
8575000 14
8573040 597
8505000 331
8503056 29
8467200 2054
8437500 2
8429568 53
8403500 3
8400000 343
8398080 948
8334900 169
8297856 90
8294400 2010
8268750 12
8266860 84
8257536 77
8232000 301
8201250 20
8192000 85
8168202 5
8164800 2256
8128512 456
8103375 3
8100000 303
8067360 23
8064000 1946
8037225 14
8028160 52
8001504 199
8000000 49
7962624 207
7938000 889
7902720 516
7875000 49
7873200 364
7864320 57
7840000 201
7838208 641
7779240 122
7776000 2206
7741440 1237
7717500 46
7715736 88
7683200 52
7680000 441
7654500 201
7620480 1695
7593750 4
7563150 5
7560000 1259
7558272 148
7529536 1
7526400 705
7501410 36
7500000 23
7464960 1328
7441875 5
7440174 6
7408800 653
7381125 1
7375872 30
7372800 653
7350000 99
7348320 928
7340032 7
7290000 362
7260624 23
7257600 3409
7225344 156
7203000 43
7200000 468
7168000 258
7144200 565
7112448 293
7087500 61
7085880 81
7077888 61
7058940 1
7056000 1312
7024640 64
7001316 24
7000000 36
6998400 1658
6967296 587
6945750 40
6914880 185
6912000 1884
6889050 45
6881280 202
6860000 62
6858432 399
6806835 2
6804000 1701
6773760 1445
6751269 4
6750000 73
6722800 11
6720000 777
6718464 314
6667920 422
6635520 890
6615000 259
6613488 122
6585600 419
6562500 3
6561000 239
6553600 48
6531840 2195
6482700 57
6480000 1254
6453888 7
6451200 1688
6431250 4
6429780 172
6422528 9
6400000 104
6378750 30
6377292 9
6353046 2
6350400 1976
6322176 132
6300000 358
6298560 568
6291456 7
6272000 269
6251175 14
6250000 1
6223392 80
6220800 2460
6200145 2
6193152 260
6174000 304
6146560 45
6144000 510
6125000 4
6123600 1090
6096384 617
6075000 126
6050520 22
6048000 2773
6021120 332
6002500 3
6001128 81
6000000 110
5971968 307
5953500 226
5927040 704
5906250 4
5904900 79
5898240 223
5880000 382
5878656 484
5834430 28
5832000 1470
5806080 2170
5788125 4
5786802 16
5762400 113
5760000 1050
5740875 11
5734400 171
5715360 1181
5670000 687
5668704 70
5644800 1575
5625000 5
5619712 15
5600000 154
5598720 1366
5556600 331
5531904 56
5529600 1473
5512500 32
5511240 266
5505024 28
5488000 142
5467500 66
5445468 14
5443200 3296
5419008 400
5402250 10
5400000 442
5378240 8
5376000 1067
5358150 77
5334336 302
5315625 1
5314410 10
5308416 191
5292000 1172
5268480 263
5250987 5
5250000 54
5248800 803
5242880 12
5225472 733
5186160 158
5184000 2437
5160960 760
5145000 56
5143824 209
5120000 149
5103000 602
5080320 1855
5062500 9
5042100 5
5040000 1226
5038848 259
5017600 207
5000940 164
5000000 13
4976640 1360
4961250 44
4960116 37
4939200 624
4920750 18
4917248 7
4915200 266
4900000 70
4898880 1567
4862025 4
4860000 704
4840416 15
4838400 3105
4822335 10
4816896 71
4802000 22
4800000 311
4762800 1100
4741632 254
4725000 123
4723920 215
4718592 30
4705960 1
4704000 811
4687500 1
4667544 45
4665600 2404
4644864 516
4630500 119
4609920 102
4608000 1230
4593750 3
4592700 229
4587520 44
4572288 571
4556250 6
4537890 17
4536000 2387
4515840 959
4500846 18
4500000 96
4480000 309
4478976 433
4465125 13
4445280 671
4428675 4
4423680 623
4410000 377
4408992 277
4390400 145
4375000 2
4374000 549
4354560 2650
4321800 80
4320000 1364
4302592 3
4300800 798
4287500 7
4286520 469
4252500 160
4251528 22
4235364 1
4233600 2142
4214784 65
4201750 1
4200000 273
4199040 1000
4167450 75
4148928 88
4147200 2403
4134375 1
4133430 29
4128768 136
4116000 266
4100625 2
4096000 133
4084101 2
4082400 1954
4064256 621
4050000 241
4033680 22
4032000 2176
4014080 93
4000752 145
4000000 56
3981312 320
3969000 549
3951360 556
3937500 20
3936600 219
3932160 79
3920000 178
3919104 720
3889620 77
3888000 2109
3870720 1683
3858750 16
3857868 43
3841600 48
3840000 545
3827250 60
3810240 1582
3781575 1
3780000 1003
3779136 192
3763200 845
3750705 15
3750000 7
3732480 1712
3720087 1
3704400 532
3687936 38
3686400 816
3675000 44
3674160 735
3670016 15
3645000 236
3630312 12
3628800 3824
3612672 230
3601500 26
3600000 462
3584000 347
3572100 297
3556224 333
3543750 17
3542940 46
3538944 135
3528000 1185
3515625 1
3512320 82
3500658 12
3500000 26
3499200 1496
3483648 845
3472875 3
3457440 161
3456000 2164
3444525 11
3440640 291
3430000 50
3429216 363
3402000 1212
3386880 1648
3375000 33
3361400 10
3360000 844
3359232 373
3333960 322
3317760 1279
3307500 103
3306744 85
3292800 398
3280500 105
3276800 77
3265920 2299
3241350 37
3240000 1118
3226944 11
3225600 1990
3214890 69
3211264 19
3200000 123
3189375 5
3188646 2
3175200 1751
3161088 173
3150000 228
3149280 455
3145728 18
3136000 324
3111696 74
3110400 2734
3096576 394
3087000 203
3073280 37
3072000 562
3062500 1
3061800 661
3048192 705
3037500 40
3025260 9
3024000 2653
3010560 499
3001250 4
3000564 46
3000000 88
2985984 488
2976750 86
2963520 697
2953125 1
2952450 13
2949120 364
2940000 327
2939328 444
2917215 9
2916000 1154
2903040 2681
2893401 4
2881200 93
2880000 1127
2867200 214
2857680 913
2835000 370
2834352 48
2823576 1
2822400 1634
2812500 3
2809856 22
2800000 162
2799360 1537
2778300 186
2765952 85
2764800 1867
2756250 10
2755620 158
2752512 66
2744000 127
2733750 14
2722734 3
2721600 2925
2709504 496
2701125 1
2700000 296
2689120 16
2688000 1142
2679075 15
2667168 236
2657205 1
2654208 256
2646000 834
2634240 299
2625000 28
2624400 597
2621440 22
2612736 904
2593080 104
2592000 2380
2580480 1103
2572500 27
2571912 128
2560000 178
2551500 271
2540160 1893
2531250 5
2521050 2
2520000 987
2519424 265
2508800 292
2500470 64
2500000 10
2488320 1743
2480625 5
2480058 14
2469600 497
2460375 4
2458624 18
2457600 411
2450000 29
2449440 1298
2430000 477
2420208 14
2419200 3384
2408448 97
2401000 17
2400000 311
2381400 716
2370816 282
2362500 75
2361960 125
2359296 65
2352000 721
2333772 23
2332800 2186
2322432 697
2315250 43
2304960 115
2304000 1402
2296350 79
2293760 89
2286144 555
2278125 3
2268945 3
2268000 1859
2257920 1163
2250423 7
2250000 55
2240000 320
2239488 554
2222640 500
2211840 961
2205000 208
2204496 195
2195200 152
2187000 317
2177280 2890
2160900 49
2160000 1213
2151296 6
2150400 994
2143750 2
2143260 238
2126250 59
2125764 11
2116800 1894
2109375 1
2107392 75
2100000 209
2099520 887
2097152 6
2083725 14
2074464 92
2073600 2780
2066715 4
2064384 175
2058000 173
2048000 167
2041200 1365
2032128 710
2025000 134
2016840 8
2016000 2091
2007040 121
2000376 104
2000000 42
1990656 488
1984500 276
1975680 540
1968750 4
1968300 98
1966080 138
1960000 144
1959552 765
1944810 29
1944000 1793
1935360 2073
1929375 1
1928934 28
1920800 40
1920000 608
1913625 10
1905120 1358
1890000 602
1889568 133
1881600 875
1875000 5
1866240 1850
1852200 335
1843968 25
1843200 1220
1837500 27
1837080 420
1835008 15
1822500 101
1815156 6
1814400 3429
1806336 293
1800750 6
1800000 352
1792000 347
1786050 103
1778112 347
1771875 3
1771470 13
1769472 178
1764000 927
1756160 92
1750000 29
1749600 1139
1741824 993
1728720 120
1728000 2213
1720320 435
1715000 25
1714608 299
1701000 631
1693440 1819
1687500 14
1680700 4
1680000 645
1679616 450
1666980 186
1658880 1590
1653750 34
1653372 44
1646400 366
1640250 28
1638400 91
1632960 2045
1620675 4
1620000 796
1613472 6
1612800 2294
1607445 14
1605632 21
1600000 108
1587600 1189
1580544 212
1575000 129
1574640 363
1572864 20
1568000 289
1555848 45
1555200 2783
1548288 517
1543500 78
1536640 34
1536000 679
1530900 342
1524096 745
1518750 13
1512630 4
1512000 2121
1505280 535
1500282 24
1500000 56
1492992 588
1488375 11
1481760 569
1476225 4
1474560 496
1470000 216
1469664 392
1458000 724
1451520 2823
1440600 56
1440000 997
1433600 278
1428840 514
1417500 170
1417176 35
1411200 1585
1404928 27
1400000 119
1399680 1374
1389150 66
1382976 68
1382400 2203
1377810 46
1376256 73
1372000 86
1366875 2
1361367 3
1360800 2242
1354752 555
1350000 200
1344560 3
1344000 1191
1333584 192
1327104 352
1323000 429
1317120 295
1312500 12
1312200 320
1310720 31
1306368 975
1296540 58
1296000 2141
1290240 1207
1286250 16
1285956 68
1280000 202
1275750 89
1270080 1595
1260000 726
1259712 205
1254400 282
1250235 16
1250000 3
1244160 1950
1240029 1
1234800 362
1229312 14
1228800 534
1225000 16
1224720 962
1215000 249
1210104 5
1209600 3186
1204224 144
1200500 5
1200000 239
1190700 314
1185408 282
1181250 17
1180980 55
1179648 90
1176000 603
1166886 17
1166400 1764
1161216 820
1157625 1
1152480 63
1152000 1497
1148175 10
1146880 119
1143072 441
1134000 1220
1128960 1123
1125000 18
1120000 254
1119744 503
1111320 261
1105920 1176
1102500 93
1102248 111
1097600 120
1093500 139
1088640 2656
1080450 19
1080000 907
1075648 6
1075200 1153
1071875 1
1071630 78
1063125 3
1062882 4
1058400 1412
1053696 97
1050000 99
1049760 664
1048576 6
1037232 74
1036800 2889
1032192 304
1029000 102
1024000 186
1020600 812
1016064 714
1012500 48
1008420 7
1008000 1844
1003520 152
1000188 60
1000000 24
995328 569
992250 83
987840 466
984375 2
984150 26
983040 177
980000 110
979776 628
972405 4
972000 1188
967680 2297
964467 5
960400 29
960000 515
952560 915
945000 324
944784 81
941192 1
940800 779
937500 3
933120 1829
926100 135
921984 41
921600 1347
918750 8
918540 226
917504 20
911250 22
907578 6
907200 2905
903168 359
900375 1
900000 231
896000 357
893025 19
889056 220
885735 2
884736 229
882000 587
878080 87
875000 6
874800 717
870912 979
864360 62
864000 2076
860160 565
857500 12
857304 177
850500 295
846720 1609
843750 2
840350 1
840000 511
839808 360
833490 54
829440 1756
826875 8
826686 21
823200 258
820125 5
819200 140
816480 1547
810000 424
806736 4
806400 2312
802816 29
800000 76
793800 656
790272 190
787500 51
787320 189
786432 22
784000 207
777924 28
777600 2339
774144 647
771750 23
768320 36
768000 684
765450 95
762048 596
759375 2
756315 1
756000 1538
752640 545
750141 2
750000 25
746496 656
740880 366
737280 600
735000 109
734832 284
729000 372
725760 2700
720300 24
720000 795
716800 299
714420 237
708750 45
708588 17
705894 1
705600 1240
702464 25
700000 70
699840 1137
694575 16
691488 62
691200 2298
688905 14
688128 102
686000 66
680400 1401
677376 610
675000 80
672280 6
672000 1025
666792 118
663552 487
661500 188
658560 281
656100 149
655360 46
653184 887
648270 14
648000 1580
645120 1370
643125 1
642978 24
640000 201
637875 17
635040 1220
630000 429
629856 179
627200 262
625000 2
622080 2109
617400 201
614656 8
614400 583
612500 7
612360 517
607500 87
605052 7
604800 2756
602112 141
600250 1
600000 174
595350 99
592704 228
590490 16
589824 118
588000 409
583443 3
583200 1333
580608 935
576240 56
576000 1401
573440 125
571536 308
567000 600
564480 1099
562500 15
560000 181
559872 563
555660 126
552960 1263
551250 24
551124 69
548800 94
546750 35
544320 2215
540225 2
540000 602
537824 6
537600 1135
535815 16
529200 832
526848 109
525000 59
524880 435
524288 5
518616 32
518400 2492
516096 336
514500 50
512000 189
510300 339
508032 618
506250 11
504210 1
504000 1406
501760 153
500094 26
500000 15
497664 597
496125 10
493920 328
492075 10
491520 240
490000 66
489888 449
486000 753
483840 2250
480200 12
480000 439
476280 547
472500 139
472392 57
470400 683
466560 1531
463050 50
460992 46
460800 1424
459375 3
459270 63
458752 23
455625 3
453600 1918
451584 377
450000 103
448000 348
444528 127
442368 283
441000 277
439040 91
437500 6
437400 372
435456 960
432180 26
432000 1633
430080 533
428750 4
428652 77
425250 85
423360 1187
420000 314
419904 329
416745 9
414720 1856
413343 1
411600 158
409600 128
408240 953
405000 205
403368 1
403200 2048
401408 38
400000 74
396900 254
395136 160
393750 12
393660 67
393216 31
392000 196
388962 7
388800 1759
387072 674
385875 5
384160 22
384000 739
382725 8
381024 442
378000 848
376320 538
375000 7
373248 619
370440 202
368640 723
367500 33
367416 139
364500 153
362880 2241
360150 9
360000 523
358400 305
357210 73
354375 3
354294 2
352800 817
351232 25
350000 32
349920 786
345744 39
345600 2068
344064 128
343000 20
340200 768
338688 505
337500 52
336140 3
336000 822
333396 62
331776 508
330750 54
329280 197
328050 30
327680 51
326592 728
324135 2
324000 999
322560 1414
321489 3
320000 158
317520 740
315000 207
314928 119
313600 189
311040 1820
308700 93
307328 11
307200 550
306250 3
306180 239
303750 29
302526 3
302400 1997
301056 147
300000 119
297675 19
296352 178
295245 4
294912 133
294000 253
291600 732
290304 901
288120 25
288000 1133
286720 137
285768 157
283500 209
282240 855
281250 2
280000 135
279936 432
277830 52
276480 1346
275625 2
275562 21
274400 66
273375 3
272160 1437
270000 307
268912 1
268800 1015
264600 427
263424 79
262500 22
262440 218
262144 10
259308 18
259200 1955
258048 387
257250 8
256000 206
255150 122
254016 481
252105 1
252000 858
250880 143
250047 9
250000 7
248832 624
246960 194
245760 274
245000 23
244944 269
243000 311
241920 2031
240100 8
240000 359
238140 247
236250 32
236196 24
235200 489
233280 1152
231525 10
230496 24
230400 1344
229635 7
229376 26
226800 1130
225792 326
225000 46
224000 229
222264 107
221184 311
220500 94
219520 50
218750 1
218700 154
217728 822
216090 14
216000 1172
215040 621
214326 29
212625 9
211680 790
210000 169
209952 198
207360 1718
205800 85
204800 133
204120 485
202500 78
201684 6
201600 1531
200704 34
200000 38
198450 79
197568 115
196875 2
196830 17
196608 59
196000 101
194481 3
194400 1125
193536 673
192080 19
192000 630
190512 241
189000 395
188160 439
187500 5
186624 553
185220 83
184320 763
183750 9
183708 73
182250 28
181440 1575
180000 321
179200 260
178605 9
177147 4
176400 492
175616 24
175000 15
174960 417
172872 23
172800 1737
172032 131
171500 10
170100 283
169344 435
168750 3
168000 550
166698 21
165888 469
165375 4
164640 151
164025 6
163840 72
163296 453
162000 574
161280 1226
160000 114
158760 418
157500 72
157464 42
156800 184
156250 1
155520 1380
154350 24
153664 5
153600 560
153090 65
151875 2
151263 1
151200 1335
150528 145
150000 43
148176 108
147456 145
147000 129
145800 370
145152 802
144060 15
144000 930
143360 111
142884 81
141750 67
141120 635
140000 63
139968 318
138915 4
138240 1266
137781 3
137200 46
136080 821
135000 147
134400 759
132300 196
131712 65
131250 3
131220 85
131072 11
129654 4
129600 1355
129024 377
128000 179
127575 15
127008 356
126000 440
125440 144
125000 4
124416 546
123480 94
122880 297
122500 9
122472 149
121500 119
120960 1527
120000 216
119070 60
118125 3
118098 5
117600 324
116640 760
115248 5
115200 1065
114688 32
113400 511
112896 283
112500 23
112000 178
111132 35
110592 325
110250 25
109760 40
109350 29
108864 591
108045 2
108000 620
107520 552
107163 4
105840 465
105000 63
104976 120
103680 1383
102900 27
102400 118
102060 207
101250 16
100800 1081
100352 39
100000 23
99225 11
98784 77
98415 2
98304 56
98000 71
97200 564
96768 583
96040 3
96000 474
95256 140
94500 166
94080 310
93750 1
93312 454
92610 29
92160 683
91854 10
91125 7
90720 1039
90000 171
89600 202
88200 205
87808 16
87500 7
87480 203
86436 8
86400 1295
86016 159
85750 5
85050 66
84672 304
84375 1
84035 1
84000 315
83349 4
82944 486
82320 66
81920 58
81648 272
81000 227
80640 991
80000 84
79380 124
78750 26
78732 25
78400 103
77760 910
77175 4
76832 3
76800 497
76545 6
75600 668
75264 128
75000 22
74088 42
73728 166
73500 28
72900 115
72576 614
72030 6
72000 495
71680 162
71442 22
70875 6
70560 387
70000 42
69984 205
69120 1022
68600 24
68040 374
67500 55
67200 586
66150 54
65856 59
65625 1
65610 17
65536 5
64827 1
64800 869
64512 319
64000 116
63504 203
63000 207
62720 105
62500 1
62208 418
61740 44
61440 263
61250 4
61236 56
60750 16
60480 993
60000 112
59535 13
59049 1
58800 162
58320 408
57624 7
57600 817
57344 29
56700 205
56448 191
56250 1
56000 120
55566 9
55296 319
55125 4
54880 23
54675 2
54432 364
54000 283
53760 472
52920 228
52500 23
52488 42
51840 1034
51450 9
51200 115
51030 53
50400 630
50176 27
50000 9
49392 50
49152 58
49000 17
48600 288
48384 423
48020 3
48000 311
47628 46
47250 37
47040 259
46656 309
46305 5
46080 597
45360 528
45000 69
44800 161
44100 78
43904 16
43750 1
43740 69
43218 3
43200 796
43008 122
42525 13
42336 186
42000 145
41472 422
41160 39
40960 56
40824 115
40500 77
40320 757
40000 61
39690 47
39375 1
39366 8
39200 58
38880 520
38416 1
38400 398
37800 288
37632 80
37500 6
37044 29
36864 166
36750 10
36450 30
36288 375
36000 334
35840 105
35721 5
35280 217
35000 11
34992 96
34560 785
34300 7
34020 138
33750 11
33600 353
33075 4
32928 28
32805 7
32768 16
32400 388
32256 275
32000 89
31752 103
31500 66
31360 58
31104 305
30870 11
30720 246
30618 10
30375 7
30240 596
30000 56
29400 77
29160 174
28812 3
28800 561
28672 27
28350 44
28224 135
28000 55
27783 4
27648 270
27440 14
27216 186
27000 114
26880 332
26460 92
26250 5
26244 21
25920 596
25600 113
25515 9
25200 295
25088 27
25000 8
24696 26
24576 64
24500 7
24300 85
24192 321
24010 1
24000 191
23814 15
23625 4
23520 123
23328 172
23040 454
22680 241
22500 11
22400 89
22050 18
21952 3
21870 17
21609 1
21600 446
21504 119
21168 98
21000 73
20736 273
20580 10
20480 49
20412 45
20250 14
20160 470
20000 21
19845 6
19683 1
19600 55
19440 265
19208 1
19200 266
18900 89
18816 61
18522 3
18432 134
18375 1
18225 5
18144 229
18000 155
17920 86
17640 93
17500 5
17496 50
17280 538
17150 3
17010 39
16875 1
16800 195
16464 8
16384 15
16200 171
16128 196
16000 65
15876 35
15750 19
15680 54
15552 222
15435 1
15360 168
15120 287
15000 20
14700 25
14580 55
14406 2
14400 358
14336 22
14175 2
14112 66
14000 30
13824 225
13720 7
13608 81
13500 43
13440 214
13230 22
13125 2
13122 6
12960 315
12800 71
12600 135
12544 18
12500 1
12348 8
12288 52
12250 5
12150 15
12096 204
12000 74
11760 67
11664 86
11520 323
11340 82
11250 4
11200 60
11025 1
10976 5
10935 7
10800 176
10752 81
10584 46
10500 22
10368 203
10290 4
10240 30
10206 16
10125 1
10080 226
10000 7
9800 11
9720 120
9604 2
9600 162
9450 22
9408 38
9375 1
9261 1
9216 114
9072 107
9000 46
8960 64
8820 33
8748 14
8640 273
8505 3
8400 89
8232 4
8192 6
8100 60
8064 124
8000 35
7938 12
7875 3
7840 23
7776 98
7680 130
7560 109
7500 6
7350 2
7290 16
7200 185
7168 23
7056 38
7000 12
6912 158
6860 3
6804 24
6750 12
6720 141
6615 4
6480 182
6400 40
6300 43
6272 14
6174 5
6144 40
6075 4
6048 98
6000 29
5880 20
5832 42
5760 230
5670 18
5625 2
5600 31
5400 73
5376 50
5292 23
5250 2
5184 130
5120 27
5040 115
5000 7
4900 2
4860 27
4800 94
4725 3
4704 24
4608 84
4536 44
4500 17
4480 35
4410 5
4374 4
4320 162
4200 31
4116 1
4096 5
4050 8
4032 83
4000 7
3969 2
3920 13
3888 57
3840 96
3780 34
3750 4
3675 2
3600 92
3584 16
3528 14
3500 1
3456 104
3402 8
3375 1
3360 51
3240 60
3200 13
3150 7
3136 7
3072 38
3024 57
3000 11
2940 12
2916 17
2880 155
2835 1
2800 18
2744 1
2700 14
2688 29
2646 10
2625 1
2592 51
2560 18
2520 44
2500 2
2430 9
2400 50
2352 6
2304 66
2268 14
2250 1
2240 18
2205 2
2160 76
2100 20
2048 10
2016 42
2000 11
1960 4
1944 21
1920 46
1890 9
1800 31
1792 6
1728 45
1680 40
1620 15
1600 12
1575 3
1568 4
1536 16
1512 24
1500 2
1470 6
1458 2
1440 68
1400 8
1350 4
1344 16
1323 1
1296 29
1280 12
1260 16
1250 1
1215 2
1200 17
1176 4
1152 33
1134 2
1120 4
1080 25
1050 1
1024 4
1008 18
1000 2
980 1
972 6
960 34
945 1
900 6
896 9
864 19
840 6
810 7
800 12
768 16
756 9
750 1
735 1
720 33
700 1
675 1
672 7
648 8
640 7
630 2
600 4
588 1
576 17
567 1
560 6
540 7
512 2
504 5
500 2
480 14
441 1
432 11
420 5
400 3
384 5
378 1
360 11
336 4
324 3
320 5
300 3
288 12
280 2
270 1
256 3
252 1
240 1
216 2
210 1
200 2
192 7
180 3
168 1
160 1
144 4
108 2
100 2
90 1
72 1
70 1
56 1
40 1
28 1
