3064 1
3046 2
3043 1
3040 1
3035 1
3027 2
3022 1
3019 1
3018 2
3017 1
3015 1
3013 1
3012 1
3011 3
3010 1
3009 2
3008 2
3007 2
3006 2
3005 2
3004 3
3003 3
3002 3
3000 1
2999 6
2998 5
2997 3
2996 1
2995 1
2994 4
2993 4
2992 4
2991 4
2990 7
2989 6
2988 4
2987 7
2986 9
2985 10
2984 12
2983 9
2982 8
2981 12
2980 12
2979 17
2978 9
2977 17
2976 12
2975 16
2974 17
2973 13
2972 19
2971 24
2970 22
2969 22
2968 23
2967 30
2966 27
2965 19
2964 21
2963 17
2962 28
2961 22
2960 30
2959 35
2958 26
2957 22
2956 35
2955 44
2954 47
2953 43
2952 52
2951 40
2950 44
2949 44
2948 57
2947 63
2946 55
2945 48
2944 63
2943 61
2942 82
2941 79
2940 76
2939 68
2938 81
2937 95
2936 80
2935 85
2934 121
2933 110
2932 97
2931 110
2930 126
2929 140
2928 137
2927 165
2926 125
2925 165
2924 167
2923 151
2922 171
2921 182
2920 181
2919 196
2918 195
2917 211
2916 241
2915 221
2914 232
2913 232
2912 264
2911 254
2910 267
2909 304
2908 303
2907 322
2906 330
2905 328
2904 361
2903 366
2902 397
2901 339
2900 408
2899 393
2898 483
2897 483
2896 432
2895 501
2894 516
2893 567
2892 522
2891 580
2890 580
2889 632
2888 619
2887 666
2886 692
2885 708
2884 702
2883 717
2882 761
2881 716
2880 798
2879 805
2878 904
2877 833
2876 892
2875 896
2874 955
2873 999
2872 983
2871 1048
2870 1118
2869 1066
2868 1173
2867 1143
2866 1203
2865 1249
2864 1270
2863 1327
2862 1325
2861 1477
2860 1476
2859 1435
2858 1470
2857 1585
2856 1617
2855 1655
2854 1725
2853 1719
2852 1755
2851 1851
2850 1824
2849 1997
2848 1961
2847 1902
2846 2106
2845 2062
2844 2123
2843 2090
2842 2257
2841 2264
2840 2306
2839 2367
2838 2421
2837 2470
2836 2494
2835 2581
2834 2663
2833 2651
2832 2699
2831 2888
2830 2872
2829 2950
2828 2981
2827 2954
2826 3131
2825 3243
2824 3220
2823 3068
2822 3271
2821 3453
2820 3442
2819 3472
2818 3537
2817 3535
2816 3708
2815 3688
2814 3852
2813 3884
2812 3779
2811 3960
2810 4097
2809 4095
2808 4148
2807 4166
2806 4260
2805 4389
2804 4286
2803 4405
2802 4399
2801 4516
2800 4527
2799 4667
2798 4735
2797 4858
2796 4852
2795 4991
2794 4930
2793 4945
2792 5016
2791 5207
2790 5217
2789 5114
2788 5303
2787 5217
2786 5356
2785 5334
2784 5464
2783 5621
2782 5489
2781 5475
2780 5507
2779 5545
2778 5551
2777 5545
2776 5574
2775 5827
2774 5722
2773 5811
2772 5851
2771 5906
2770 5953
2769 5813
2768 6007
2767 5965
2766 5886
2765 5992
2764 5997
2763 6009
2762 5981
2761 6191
2760 6159
2759 6195
2758 6312
2757 6132
2756 6189
2755 6209
2754 6256
2753 6154
2752 6187
2751 6214
2750 6151
2749 6193
2748 6196
2747 6176
2746 6123
2745 6112
2744 6157
2743 6210
2742 6057
2741 6224
2740 6109
2739 6114
2738 6110
2737 5999
2736 6095
2735 6032
2734 6113
2733 6042
2732 5940
2731 6052
2730 6025
2729 5948
2728 5868
2727 5909
2726 5873
2725 5789
2724 5678
2723 5665
2722 5767
2721 5598
2720 5582
2719 5585
2718 5405
2717 5483
2716 5415
2715 5330
2714 5312
2713 5324
2712 5151
2711 5063
2710 5204
2709 5026
2708 5010
2707 4889
2706 4766
2705 4892
2704 4775
2703 4720
2702 4662
2701 4702
2700 4571
2699 4560
2698 4517
2697 4450
2696 4487
2695 4220
2694 4179
2693 4303
2692 4185
2691 4112
2690 4072
2689 4040
2688 4017
2687 3838
2686 3827
2685 3680
2684 3567
2683 3517
2682 3654
2681 3489
2680 3352
2679 3449
2678 3272
2677 3307
2676 3184
2675 3122
2674 3143
2673 3013
2672 2939
2671 2943
2670 2932
2669 2833
2668 2660
2667 2682
2666 2565
2665 2588
2664 2530
2663 2465
2662 2463
2661 2398
2660 2286
2659 2249
2658 2249
2657 2160
2656 2191
2655 2077
2654 2002
2653 1879
2652 1953
2651 1864
2650 1827
2649 1786
2648 1760
2647 1670
2646 1710
2645 1635
2644 1561
2643 1510
2642 1556
2641 1466
2640 1429
2639 1360
2638 1356
2637 1334
2636 1262
2635 1189
2634 1176
2633 1209
2632 1203
2631 1113
2630 1064
2629 1075
2628 1030
2627 1020
2626 954
2625 969
2624 830
2623 898
2622 857
2621 851
2620 872
2619 810
2618 736
2617 705
2616 706
2615 680
2614 681
2613 627
2612 634
2611 545
2610 553
2609 577
2608 545
2607 549
2606 512
2605 498
2604 474
2603 434
2602 446
2601 445
2600 392
2599 389
2598 367
2597 366
2596 334
2595 308
2594 317
2593 339
2592 328
2591 278
2590 300
2589 283
2588 269
2587 249
2586 222
2585 220
2584 218
2583 214
2582 186
2581 214
2580 162
2579 164
2578 166
2577 156
2576 166
2575 158
2574 166
2573 144
2572 154
2571 121
2570 121
2569 129
2568 110
2567 107
2566 114
2565 93
2564 82
2563 96
2562 90
2561 69
2560 85
2559 77
2558 65
2557 62
2556 55
2555 42
2554 55
2553 64
2552 49
2551 57
2550 52
2549 39
2548 46
2547 24
2546 37
2545 42
2544 28
2543 30
2542 26
2541 34
2540 28
2539 29
2538 28
2537 23
2536 28
2535 25
2534 26
2533 19
2532 26
2531 20
2530 13
2529 14
2528 15
2527 17
2526 11
2525 13
2524 7
2523 8
2522 10
2521 11
2520 7
2519 12
2518 9
2517 11
2516 4
2515 6
2514 7
2513 9
2512 6
2511 5
2510 5
2509 5
2508 2
2507 3
2506 3
2505 7
2504 5
2503 8
2502 4
2501 6
2498 3
2497 4
2496 2
2495 3
2494 1
2493 4
2492 1
2491 3
2490 2
2489 2
2488 1
2485 1
2484 2
2482 2
2481 2
2480 3
2479 1
2478 1
2477 1
2472 3
2461 1
2458 1
2452 1
2445 1
