3063 1
3037 1
3035 1
3030 1
3029 1
3027 1
3024 1
3023 1
3020 1
3019 2
3018 2
3015 1
3014 2
3013 1
3012 1
3011 2
3010 2
3009 1
3008 2
3007 1
3006 3
3005 1
3004 3
3003 4
3002 4
3001 3
3000 1
2999 4
2998 3
2997 2
2996 2
2995 2
2994 4
2993 3
2992 6
2991 8
2990 1
2989 4
2988 9
2987 11
2986 9
2985 4
2984 8
2983 12
2982 7
2981 7
2980 13
2979 15
2978 9
2977 12
2976 15
2975 14
2974 12
2973 15
2972 14
2971 17
2970 20
2969 19
2968 26
2967 20
2966 17
2965 19
2964 26
2963 21
2962 41
2961 22
2960 20
2959 26
2958 38
2957 30
2956 42
2955 37
2954 35
2953 43
2952 46
2951 45
2950 50
2949 45
2948 54
2947 56
2946 52
2945 47
2944 56
2943 84
2942 62
2941 82
2940 71
2939 86
2938 99
2937 109
2936 97
2935 112
2934 97
2933 110
2932 101
2931 112
2930 121
2929 138
2928 118
2927 152
2926 164
2925 154
2924 155
2923 158
2922 162
2921 153
2920 181
2919 178
2918 194
2917 221
2916 254
2915 240
2914 237
2913 226
2912 265
2911 279
2910 293
2909 284
2908 285
2907 291
2906 299
2905 336
2904 332
2903 345
2902 389
2901 367
2900 384
2899 393
2898 423
2897 466
2896 482
2895 490
2894 499
2893 506
2892 517
2891 542
2890 577
2889 547
2888 641
2887 696
2886 611
2885 683
2884 718
2883 721
2882 751
2881 780
2880 833
2879 816
2878 830
2877 847
2876 910
2875 1011
2874 971
2873 980
2872 1034
2871 1026
2870 1142
2869 1066
2868 1196
2867 1136
2866 1265
2865 1304
2864 1237
2863 1373
2862 1375
2861 1377
2860 1510
2859 1532
2858 1495
2857 1609
2856 1573
2855 1653
2854 1686
2853 1655
2852 1784
2851 1797
2850 1899
2849 1888
2848 1869
2847 1977
2846 2085
2845 2113
2844 2128
2843 2236
2842 2289
2841 2353
2840 2328
2839 2348
2838 2482
2837 2445
2836 2509
2835 2545
2834 2658
2833 2733
2832 2725
2831 2851
2830 2942
2829 2803
2828 2996
2827 2934
2826 3056
2825 3218
2824 3204
2823 3273
2822 3329
2821 3365
2820 3406
2819 3483
2818 3598
2817 3659
2816 3565
2815 3685
2814 3784
2813 3992
2812 3962
2811 4010
2810 3932
2809 3979
2808 4172
2807 4125
2806 4313
2805 4298
2804 4308
2803 4420
2802 4419
2801 4441
2800 4736
2799 4568
2798 4823
2797 4648
2796 4794
2795 4987
2794 4978
2793 4976
2792 5068
2791 5041
2790 5076
2789 5186
2788 5155
2787 5110
2786 5315
2785 5311
2784 5274
2783 5409
2782 5564
2781 5407
2780 5635
2779 5549
2778 5576
2777 5689
2776 5752
2775 5869
2774 5696
2773 5847
2772 5883
2771 5987
2770 6051
2769 5931
2768 5861
2767 6202
2766 6127
2765 6026
2764 6129
2763 5981
2762 6066
2761 6090
2760 6092
2759 6226
2758 6070
2757 6177
2756 6150
2755 6135
2754 6156
2753 6140
2752 6233
2751 6182
2750 6242
2749 6226
2748 6237
2747 6116
2746 6240
2745 6207
2744 6253
2743 6237
2742 6370
2741 6109
2740 6130
2739 6157
2738 6083
2737 6051
2736 6170
2735 6043
2734 6112
2733 6017
2732 6040
2731 5763
2730 6124
2729 5806
2728 5867
2727 5823
2726 5794
2725 5810
2724 5681
2723 5684
2722 5550
2721 5693
2720 5620
2719 5601
2718 5522
2717 5471
2716 5342
2715 5373
2714 5077
2713 5195
2712 5103
2711 5264
2710 5200
2709 4973
2708 4885
2707 4974
2706 4918
2705 4832
2704 4902
2703 4724
2702 4762
2701 4614
2700 4627
2699 4462
2698 4446
2697 4336
2696 4327
2695 4234
2694 4299
2693 4187
2692 4109
2691 4015
2690 4012
2689 4073
2688 3916
2687 3855
2686 3827
2685 3657
2684 3662
2683 3584
2682 3520
2681 3488
2680 3483
2679 3454
2678 3305
2677 3260
2676 3260
2675 3086
2674 3073
2673 3023
2672 2874
2671 2939
2670 2851
2669 2821
2668 2710
2667 2663
2666 2568
2665 2562
2664 2459
2663 2528
2662 2468
2661 2400
2660 2334
2659 2300
2658 2264
2657 2129
2656 2016
2655 2099
2654 2072
2653 1925
2652 1921
2651 1869
2650 1835
2649 1803
2648 1755
2647 1731
2646 1691
2645 1640
2644 1629
2643 1577
2642 1490
2641 1448
2640 1403
2639 1386
2638 1347
2637 1332
2636 1232
2635 1322
2634 1223
2633 1206
2632 1146
2631 1149
2630 1076
2629 1013
2628 1036
2627 976
2626 949
2625 956
2624 916
2623 881
2622 860
2621 855
2620 746
2619 782
2618 824
2617 755
2616 731
2615 686
2614 682
2613 606
2612 622
2611 632
2610 593
2609 582
2608 526
2607 491
2606 500
2605 478
2604 488
2603 452
2602 431
2601 422
2600 383
2599 363
2598 404
2597 339
2596 342
2595 317
2594 327
2593 338
2592 322
2591 267
2590 293
2589 310
2588 257
2587 253
2586 248
2585 214
2584 219
2583 196
2582 194
2581 162
2580 172
2579 174
2578 159
2577 158
2576 141
2575 149
2574 142
2573 129
2572 132
2571 130
2570 111
2569 113
2568 114
2567 105
2566 114
2565 91
2564 105
2563 85
2562 74
2561 93
2560 77
2559 81
2558 84
2557 79
2556 72
2555 64
2554 58
2553 48
2552 41
2551 49
2550 40
2549 42
2548 41
2547 43
2546 39
2545 31
2544 39
2543 46
2542 44
2541 32
2540 31
2539 19
2538 35
2537 30
2536 24
2535 25
2534 14
2533 17
2532 13
2531 24
2530 18
2529 14
2528 11
2527 15
2526 13
2525 14
2524 12
2523 10
2522 13
2521 15
2520 5
2519 10
2518 6
2517 13
2516 5
2515 6
2514 11
2513 2
2512 8
2511 7
2510 5
2509 4
2508 2
2507 4
2506 4
2505 6
2504 5
2503 4
2502 4
2501 1
2500 1
2499 1
2498 1
2497 4
2496 3
2495 4
2494 1
2493 3
2492 2
2491 3
2490 2
2489 1
2488 3
2486 1
2485 1
2484 2
2483 2
2482 1
2480 2
2479 1
2475 2
2474 1
2473 1
2471 1
2469 1
2467 1
2465 1
2463 1
2461 1
2455 1
2449 1
2440 1
