3075 1
3065 1
3048 2
3036 1
3030 1
3029 2
3024 1
3023 1
3019 2
3018 1
3017 1
3016 1
3015 2
3014 3
3013 3
3012 2
3010 1
3009 1
3008 1
3007 4
3006 3
3005 1
3004 1
3003 3
3002 3
3001 1
3000 2
2999 5
2998 4
2997 1
2996 4
2995 5
2994 3
2993 4
2992 9
2991 2
2990 1
2989 8
2988 6
2987 12
2986 7
2985 8
2984 5
2983 8
2982 9
2981 10
2980 13
2979 11
2978 11
2977 11
2976 20
2975 9
2974 12
2973 21
2972 16
2971 15
2970 22
2969 13
2968 31
2967 22
2966 19
2965 20
2964 23
2963 19
2962 31
2961 23
2960 31
2959 41
2958 27
2957 32
2956 34
2955 43
2954 36
2953 48
2952 48
2951 41
2950 56
2949 47
2948 62
2947 47
2946 65
2945 72
2944 64
2943 65
2942 71
2941 87
2940 71
2939 83
2938 82
2937 90
2936 84
2935 89
2934 91
2933 109
2932 87
2931 119
2930 112
2929 137
2928 132
2927 154
2926 132
2925 156
2924 153
2923 148
2922 164
2921 203
2920 182
2919 215
2918 181
2917 211
2916 204
2915 249
2914 225
2913 266
2912 257
2911 272
2910 315
2909 284
2908 296
2907 325
2906 329
2905 343
2904 312
2903 406
2902 389
2901 404
2900 407
2899 434
2898 461
2897 488
2896 489
2895 461
2894 500
2893 503
2892 484
2891 574
2890 572
2889 554
2888 596
2887 640
2886 699
2885 683
2884 679
2883 736
2882 677
2881 757
2880 789
2879 772
2878 867
2877 820
2876 863
2875 898
2874 980
2873 1064
2872 1013
2871 1058
2870 1069
2869 1083
2868 1181
2867 1171
2866 1260
2865 1264
2864 1279
2863 1334
2862 1311
2861 1366
2860 1469
2859 1404
2858 1499
2857 1642
2856 1623
2855 1612
2854 1657
2853 1672
2852 1779
2851 1739
2850 1922
2849 1879
2848 1852
2847 1993
2846 2051
2845 2132
2844 2145
2843 2153
2842 2286
2841 2274
2840 2372
2839 2340
2838 2413
2837 2546
2836 2524
2835 2524
2834 2681
2833 2621
2832 2735
2831 2785
2830 2893
2829 2941
2828 2976
2827 2997
2826 3142
2825 3238
2824 3186
2823 3286
2822 3337
2821 3353
2820 3481
2819 3533
2818 3569
2817 3622
2816 3537
2815 3710
2814 3770
2813 3871
2812 3915
2811 3950
2810 3948
2809 4010
2808 4172
2807 4165
2806 4228
2805 4498
2804 4406
2803 4449
2802 4409
2801 4627
2800 4717
2799 4613
2798 4675
2797 4712
2796 4871
2795 4733
2794 4974
2793 5013
2792 4973
2791 5115
2790 5063
2789 5221
2788 5353
2787 5251
2786 5337
2785 5477
2784 5450
2783 5487
2782 5411
2781 5353
2780 5530
2779 5643
2778 5667
2777 5751
2776 5730
2775 5834
2774 5949
2773 5938
2772 5917
2771 5795
2770 5833
2769 5912
2768 5919
2767 6047
2766 6048
2765 6128
2764 5949
2763 6046
2762 6129
2761 6074
2760 6214
2759 6189
2758 6121
2757 6174
2756 6166
2755 6240
2754 6110
2753 5968
2752 6180
2751 6189
2750 6314
2749 6271
2748 6400
2747 6322
2746 5990
2745 6278
2744 6215
2743 6189
2742 6214
2741 6031
2740 6082
2739 6167
2738 6129
2737 6059
2736 6052
2735 5965
2734 6005
2733 5913
2732 6037
2731 5876
2730 5923
2729 5848
2728 5842
2727 5795
2726 5726
2725 5736
2724 5744
2723 5711
2722 5709
2721 5584
2720 5541
2719 5463
2718 5580
2717 5418
2716 5227
2715 5454
2714 5222
2713 5303
2712 5184
2711 5178
2710 5193
2709 5094
2708 4867
2707 4904
2706 5046
2705 4899
2704 4721
2703 4687
2702 4705
2701 4740
2700 4475
2699 4592
2698 4401
2697 4413
2696 4369
2695 4319
2694 4361
2693 4273
2692 3946
2691 4073
2690 4051
2689 3944
2688 3910
2687 3855
2686 3709
2685 3712
2684 3676
2683 3544
2682 3510
2681 3515
2680 3392
2679 3376
2678 3347
2677 3206
2676 3159
2675 3037
2674 3031
2673 3048
2672 2995
2671 2944
2670 2855
2669 2722
2668 2676
2667 2698
2666 2656
2665 2644
2664 2630
2663 2543
2662 2523
2661 2394
2660 2317
2659 2279
2658 2211
2657 2198
2656 2115
2655 2047
2654 2033
2653 2011
2652 1980
2651 1878
2650 1914
2649 1863
2648 1711
2647 1689
2646 1650
2645 1564
2644 1527
2643 1569
2642 1527
2641 1478
2640 1473
2639 1421
2638 1371
2637 1379
2636 1248
2635 1272
2634 1227
2633 1219
2632 1147
2631 1173
2630 1070
2629 1024
2628 1027
2627 1023
2626 950
2625 925
2624 901
2623 882
2622 907
2621 847
2620 772
2619 737
2618 801
2617 738
2616 677
2615 660
2614 664
2613 623
2612 594
2611 599
2610 610
2609 547
2608 551
2607 512
2606 537
2605 508
2604 467
2603 454
2602 415
2601 397
2600 386
2599 423
2598 385
2597 356
2596 323
2595 367
2594 308
2593 307
2592 311
2591 285
2590 292
2589 241
2588 229
2587 218
2586 235
2585 210
2584 227
2583 181
2582 222
2581 191
2580 173
2579 183
2578 165
2577 169
2576 157
2575 150
2574 142
2573 133
2572 139
2571 142
2570 145
2569 142
2568 124
2567 108
2566 105
2565 87
2564 104
2563 81
2562 74
2561 76
2560 69
2559 84
2558 55
2557 72
2556 67
2555 63
2554 66
2553 59
2552 60
2551 56
2550 45
2549 46
2548 47
2547 44
2546 31
2545 29
2544 37
2543 33
2542 28
2541 32
2540 26
2539 21
2538 26
2537 27
2536 20
2535 19
2534 23
2533 18
2532 14
2531 16
2530 18
2529 23
2528 14
2527 10
2526 14
2525 18
2524 5
2523 12
2522 11
2521 12
2520 7
2519 4
2518 10
2517 9
2516 12
2515 9
2514 9
2513 8
2512 3
2511 5
2510 10
2509 3
2508 6
2507 5
2506 4
2505 3
2504 2
2503 3
2502 4
2501 4
2500 4
2499 5
2498 6
2497 4
2496 2
2495 4
2494 1
2493 2
2492 2
2491 1
2490 2
2489 2
2488 1
2485 1
2483 2
2482 3
2481 2
2480 2
2476 1
2475 2
2474 1
2473 1
2471 1
2470 3
2469 2
2466 1
2459 1
2458 1
2447 1
2442 1
