5248800000 1
5184000000 1
4320000000 1
3720087000 1
3674160000 2
3628800000 1
3359232000 1
3306744000 1
3276800000 1
3265920000 2
3240000000 1
3214890000 1
3149280000 1
3136000000 1
3024000000 1
2939328000 1
2916000000 1
2903040000 2
2867200000 1
2857680000 2
2799360000 2
2778300000 1
2764800000 2
2755620000 1
2721600000 2
2687385600 1
2645395200 2
2612736000 1
2604060900 1
2580480000 1
2571912000 1
2540160000 1
2519424000 2
2508800000 1
2488320000 2
2480058000 1
2457600000 2
2449440000 6
2419200000 2
2391484500 1
2351462400 2
2332800000 2
2322432000 3
2304000000 3
2296350000 1
2286144000 2
2268000000 1
2267481600 1
2222640000 1
2204496000 3
2195200000 1
2177280000 1
2160900000 1
2160000000 1
2143260000 1
2116316160 1
2099520000 5
2090188800 1
2073600000 3
2064384000 2
2041200000 1
2040733440 1
2032128000 1
2025000000 1
2016000000 3
2000376000 2
1990656000 2
1975680000 2
1968300000 1
1960000000 1
1959552000 6
1944000000 1
1935360000 1
1928934000 2
1913187600 1
1905120000 8
1889568000 4
1866240000 3
1857945600 1
1852200000 1
1851776640 1
1843200000 2
1837080000 2
1828915200 2
1822500000 1
1814400000 10
1813985280 1
1800338400 2
1791590400 3
1786050000 1
1778112000 1
1771470000 2
1764000000 2
1763596800 4
1750329000 1
1749600000 4
1741824000 5
1728720000 1
1728000000 2
1720320000 1
1714608000 3
1701000000 2
1700611200 1
1693440000 3
1679616000 3
1666980000 1
1658880000 4
1653372000 5
1632960000 8
1625702400 2
1620304560 1
1620000000 3
1612800000 7
1607445000 2
1600300800 3
1592524800 1
1587600000 2
1575296100 2
1574640000 7
1568000000 1
1567641600 6
1555200000 9
1543500000 1
1543147200 2
1530900000 1
1524096000 12
1512630000 1
1512000000 5
1511654400 6
1505280000 1
1504935936 1
1500282000 2
1492992000 3
1481760000 2
1476225000 1
1469664000 11
1458000000 3
1451520000 13
1440270720 5
1440000000 1
1433600000 1
1428840000 5
1422489600 7
1417500000 1
1417176000 1
1411200000 8
1410877440 2
1399680000 11
1393459200 5
1382976000 5
1382400000 4
1371686400 10
1360800000 7
1360488960 2
1354752000 6
1350253800 1
1350000000 1
1344000000 2
1343692800 6
1333584000 10
1328602500 1
1327104000 3
1322697600 9
1317120000 3
1312200000 4
1306368000 14
1300561920 2
1296540000 1
1296000000 1
1290240000 7
1285956000 8
1280240640 3
1275750000 1
1274019840 2
1270080000 13
1269789696 1
1264435200 1
1260000000 3
1259712000 13
1254400000 2
1254113280 1
1244160000 10
1240029000 1
1234800000 7
1234517760 6
1229312000 1
1224720000 29
1219276800 5
1215000000 1
1209600000 14
1209323520 2
1200225600 5
1200000000 1
1194393600 4
1190700000 2
1190427840 4
1185408000 6
1180980000 1
1179648000 1
1176000000 1
1175731200 20
1166886000 1
1166400000 17
1161216000 16
1157360400 6
1152480000 2
1152216576 2
1152000000 2
1148175000 1
1146880000 3
1143072000 21
1134000000 4
1133740800 3
1128960000 15
1128701952 1
1125211500 1
1120210560 2
1119744000 12
1114767360 1
1111320000 9
1111065984 1
1105920000 7
1102707270 1
1102500000 1
1102248000 12
1097600000 1
1097349120 3
1093500000 2
1088640000 23
1088391168 1
1083801600 2
1080450000 1
1080203040 5
1080000000 4
1075200000 6
1074954240 2
1071630000 2
1066867200 9
1062882000 3
1061683200 3
1058400000 10
1058158080 7
1050197400 1
1049760000 15
1045094400 12
1041624360 1
1037232000 3
1036800000 17
1033357500 2
1032192000 3
1028764800 10
1024000000 1
1020600000 15
1020366720 1
1016064000 20
1012690350 1
1011548160 1
1008000000 7
1007769600 14
1003520000 1
1000188000 10
995328000 11
992250000 2
992023200 12
990904320 1
987840000 13
987614208 1
984150000 2
983040000 2
980184240 2
980000000 1
979776000 40
975421440 2
972405000 2
972000000 7
967680000 28
967458816 1
964467000 4
963379200 3
960180480 1
960000000 1
956593800 1
955514880 1
952560000 27
948326400 7
945177660 1
945000000 4
944784000 12
940800000 4
940584960 6
933508800 3
933120000 29
928972800 10
926100000 1
925888320 3
921984000 1
921600000 6
918540000 17
914457600 25
907200000 32
906992640 5
903168000 8
900169200 5
900000000 1
896000000 4
895795200 5
893025000 3
892820880 4
889056000 15
885735000 2
884736000 5
882000000 6
881798400 22
878080000 2
877879296 2
875000000 1
874800000 13
871274880 1
870912000 36
868020300 2
867041280 3
864360000 3
864162432 1
864000000 11
860160000 8
859963392 1
857500000 1
857304000 23
853493760 5
850500000 5
850305600 5
847072800 1
846720000 32
846526464 3
842956800 1
840157920 2
840000000 3
839808000 34
836075520 3
833490000 5
829785600 3
829440000 24
826686000 15
825753600 2
823200000 6
823011840 9
820125000 1
819200000 2
816820200 3
816480000 56
816293376 1
812851200 29
810152280 1
810000000 3
806736000 1
806400000 30
806215680 5
803722500 2
802816000 2
800150400 24
797161500 2
796262400 10
793800000 17
793618560 10
790272000 10
787320000 13
786432000 1
784000000 6
783820800 31
777924000 9
777600000 30
774144000 20
771573600 18
768320000 2
768144384 3
768000000 5
765450000 3
765275040 2
762048000 46
758661120 3
756000000 14
755827200 14
752640000 17
752467968 1
750141000 8
746807040 4
746496000 25
744017400 5
743178240 5
740880000 17
740710656 2
737587200 1
737280000 8
735138180 1
734832000 30
731566080 15
729000000 1
726062400 2
725760000 71
725594112 1
723350250 1
722534400 6
720135360 12
720000000 6
716800000 3
716636160 2
714420000 29
714256704 1
711244800 19
708750000 1
708588000 5
707788800 1
705600000 21
705438720 16
702464000 5
700131600 8
700000000 2
699840000 44
696729600 32
694575000 1
694416240 11
693633024 1
691488000 10
691200000 25
688905000 6
688128000 8
686000000 1
685843200 36
680400000 35
680244480 3
679477248 1
677376000 31
675126900 5
675000000 1
672126336 3
672000000 9
671846400 30
666792000 28
663828480 3
663552000 22
661500000 6
661348800 15
660602880 1
658560000 3
658409472 8
656100000 7
655360000 2
653456160 3
653184000 92
650280960 6
648270000 2
648121824 2
648000000 11
645120000 36
644972544 1
642978000 21
640120320 15
640000000 1
637875000 2
637729200 8
637009920 1
635040000 56
634894848 1
632217600 7
630118440 3
630000000 5
629856000 32
627200000 9
627056640 19
625117500 3
622339200 6
622080000 43
620014500 3
619315200 9
617400000 16
617258880 22
614656000 2
614400000 4
612615150 1
612360000 46
612220032 1
609638400 50
607614210 1
606928896 1
605052000 2
604800000 40
604661760 7
602362880 1
602112000 8
600112800 25
597196800 24
595350000 16
595213920 5
592704000 33
590490000 11
590069760 1
589824000 3
588000000 12
587865600 60
585252864 7
583443000 6
583200000 36
580608000 76
578680200 14
578027520 1
576480100 1
576240000 1
576108288 10
576000000 16
574087500 2
573956280 1
573440000 5
571536000 82
568995840 11
567000000 14
566870400 21
564480000 36
564350976 3
562605750 1
561971200 2
560105280 10
560000000 1
559872000 64
557383680 10
555660000 26
555532992 5
553190400 7
552960000 21
551250000 2
551124000 36
548800000 4
548674560 43
546750000 2
544546800 3
544320000 112
541900800 24
540225000 4
540101520 4
540000000 9
537824000 3
537600000 19
537477120 12
535815000 6
533433600 40
531441000 2
530841600 8
529420500 1
529200000 39
529079040 32
526848000 8
525098700 7
525000000 3
524880000 41
522547200 53
520812180 3
518616000 11
518400000 57
516678750 1
516096000 19
514500000 5
514382400 50
512096256 5
512000000 2
510300000 32
510183360 5
508243680 1
508032000 118
505774080 3
504094752 3
504000000 29
503884800 41
502211745 1
501760000 10
501645312 2
500094000 23
497871360 7
497664000 55
496125000 2
496011600 17
495452160 4
493920000 31
493807104 5
492075000 4
491724800 2
491520000 9
490092120 2
490000000 3
489888000 124
487710720 33
486202500 3
486091368 1
486000000 25
484041600 2
483840000 87
483729408 1
482233500 7
481689600 7
480200000 1
480090240 22
480000000 9
478296900 1
477757440 6
476280000 73
476171136 6
474163200 35
472588830 2
472500000 2
472392000 22
470400000 21
470292480 45
466754400 20
466560000 75
464486400 61
463050000 10
462944160 19
460992000 6
460800000 26
459270000 26
458752000 9
457228800 108
455196672 2
453789000 4
453600000 81
453496320 13
451584000 54
450084600 7
450000000 6
448084224 5
448000000 12
447897600 51
446512500 2
446410440 3
445906944 2
444528000 70
442867500 1
442552320 8
442368000 29
441082908 1
441000000 12
440899200 77
440401920 1
439040000 8
438939648 8
437400000 31
435637440 2
435456000 183
434010150 1
433520640 13
432180000 8
432081216 7
432000000 28
430259200 1
430080000 36
429981696 3
428652000 80
426746880 26
425250000 6
425152800 15
424673280 3
423536400 3
423360000 100
423263232 4
421478400 10
420078960 10
420000000 6
419904000 87
419430400 1
418037760 47
416745000 15
414892800 9
414720000 66
413343000 15
412876800 18
411600000 16
411505920 50
409600000 4
408410100 3
408240000 118
408146688 3
406594944 1
406425600 99
405076140 3
405000000 4
403368000 3
403200000 79
403107840 20
401861250 2
401769396 2
401408000 10
400075200 67
400000000 2
398297088 1
398131200 36
396900000 34
396809280 23
395300640 1
395136000 45
393660000 31
393216000 5
392000000 6
391910400 136
390168576 5
388962000 16
388800000 61
387233280 2
387072000 102
385875000 1
385786800 50
385351680 3
384160000 7
384072192 17
384000000 11
382725000 7
382637520 4
382205952 4
381024000 173
379330560 15
378071064 2
378000000 22
377913600 51
377487360 1
376476800 1
376320000 46
376233984 6
375070500 14
373403520 21
373248000 114
372008700 7
371589120 19
370440000 40
370355328 9
368793600 14
368640000 35
367500000 2
367416000 106
367001600 1
365783040 67
364568526 1
364500000 13
363031200 6
362880000 213
362797056 2
361417728 1
361267200 42
360150000 2
360067680 29
360000000 10
358722675 1
358400000 12
358318080 29
357210000 50
357128352 7
355622400 102
354375000 1
354294000 24
354041856 1
353894400 11
352800000 60
352719360 64
351232000 12
350065800 15
349920000 83
348509952 1
348364800 122
347287500 3
347208120 11
345744000 18
345600000 73
344452500 10
344207360 1
344064000 29
343000000 6
342921600 123
341397504 8
340341750 2
340200000 77
340122240 12
339738624 1
338829120 3
338688000 123
337563450 2
337182720 1
336140000 2
336063168 6
336000000 26
335923200 83
334807830 2
334430208 12
333396000 52
331914240 13
331776000 82
330750000 7
330674400 59
330301440 5
329280000 36
329204736 15
328050000 14
327680000 9
326592000 253
325140480 41
324135000 9
324060912 2
324000000 42
322694400 5
322560000 96
322486272 5
321489000 33
321126400 1
320060160 62
320000000 4
318937500 2
318864600 7
318504960 16
317652300 1
317520000 136
317447424 10
316108800 35
315059220 3
315000000 8
314928000 99
314572800 3
313600000 23
313528320 98
312558750 1
312487308 3
311169600 31
311040000 154
310007250 4
309786624 1
309657600 69
308700000 19
308629440 58
308281344 2
307328000 8
307200000 36
306180000 91
306110016 1
304819200 181
303807105 1
303750000 1
303464448 6
302526000 6
302400000 137
302330880 31
301056000 35
300056400 49
298722816 5
298598400 94
297675000 20
297606960 19
297271296 1
296352000 100
295245000 3
295034880 3
294912000 29
294055272 1
294000000 14
293932800 182
292626432 16
291721500 9
291600000 81
290424960 5
290304000 211
289340100 19
289013760 8
288240050 1
288120000 8
288054144 11
288000000 30
286978140 1
286720000 17
286654464 5
285887070 1
285768000 173
284497920 47
283553298 1
283500000 23
283435200 31
283115520 6
282357600 1
282240000 118
282175488 16
280985600 8
280052640 29
280000000 4
279936000 189
279006525 1
278691840 52
277830000 38
277766496 6
276595200 26
276480000 93
275625000 1
275562000 60
275365888 1
275251200 9
274400000 11
274337280 102
273375000 4
272273400 11
272160000 259
272097792 5
271063296 1
270950400 113
270050760 15
270000000 11
269746176 1
268912000 5
268800000 59
268738560 50
267907500 10
267846264 3
266827932 1
266716800 125
265720500 2
265531392 6
265420800 39
264600000 79
264539520 79
264241152 1
263424000 33
262549350 10
262440000 93
262144000 3
261382464 5
261273600 250
260406090 1
260112384 6
259308000 32
259200000 133
258155520 1
258048000 105
257250000 1
257191200 107
256901120 2
256048128 16
256000000 7
255150000 34
255091680 9
254803968 1
254121840 3
254016000 286
252887040 13
252105000 1
252047376 4
252000000 56
251942400 122
250880000 34
250822656 27
250047000 36
248935680 28
248832000 190
248062500 1
248005800 25
247726080 12
246960000 65
246903552 29
246037500 4
245862400 8
245760000 20
245046060 4
245000000 6
244944000 280
243855360 116
243101250 3
243045684 3
243000000 28
242020800 8
241920000 253
241864704 7
241116750 1
240844800 23
240045120 74
240000000 12
238878720 35
238140000 135
238085568 15
237081600 91
236250000 3
236196000 62
235929600 13
235298000 1
235200000 43
235146240 127
233377200 32
233280000 203
232339968 3
232243200 188
231525000 6
231472080 36
231211008 2
230496000 15
230400000 93
229635000 24
229582512 1
229376000 10
228614400 276
227598336 8
226894500 3
226800000 178
226748160 35
225886080 1
225792000 146
225042300 18
225000000 4
224788480 4
224042112 14
224000000 17
223948800 162
223256250 1
223205220 4
222953472 5
222264000 136
221276160 22
221184000 63
220541454 1
220500000 29
220449600 173
220200960 3
219520000 17
219469824 31
218700000 53
217818720 9
217728000 410
217005075 1
216760320 44
216090000 13
216040608 6
216000000 57
215129600 3
215040000 62
214990848 9
214375000 1
214326000 103
213373440 103
212625000 8
212576400 23
212336640 24
211768200 3
211680000 189
211631616 27
210739200 27
210039480 17
210000000 7
209952000 174
209715200 2
209018880 150
208372500 10
208324872 3
207446400 47
207360000 249
206671500 15
206524416 3
206438400 60
205800000 15
205752960 128
204800000 11
204205050 1
204120000 237
204073344 2
203297472 1
203212800 308
202538070 2
202500000 8
202309632 2
201684000 5
201600000 167
201553920 83
201326592 1
200704000 15
200037600 110
200000000 4
199148544 11
199065600 118
198450000 48
198404640 51
197568000 116
196830000 32
196689920 3
196608000 18
196036848 4
196000000 16
195955200 373
195084288 34
194481000 18
194400000 135
193616640 13
193536000 285
192937500 3
192893400 53
192675840 11
192080000 11
192036096 33
192000000 28
191362500 5
191318760 3
191102976 6
190591380 2
190512000 371
189665280 68
189035532 2
189000000 58
188956800 107
188743680 5
188238400 1
188160000 90
188116992 32
187535250 6
186701760 44
186624000 288
186004350 3
185794560 66
185220000 75
185177664 24
184396800 22
184320000 88
183750000 2
183708000 193
183500800 2
182891520 201
182250000 20
181515600 12
181440000 434
181398528 11
180633600 100
180075000 3
180033840 53
180000000 24
179200000 37
179159040 74
178605000 49
178564176 7
177885288 1
177811200 198
177147000 19
177020928 3
176947200 36
176400000 105
176359680 174
176160768 1
175616000 32
175032900 10
175000000 1
174960000 196
174254976 8
174182400 399
173643750 1
173604060 13
173408256 7
172872000 41
172800000 152
172226250 1
172103680 3
172032000 78
171500000 3
171460800 298
170698752 34
170100000 115
170061120 28
169869312 1
169414560 3
169344000 335
168781725 1
168750000 2
168591360 15
168070000 4
168031584 6
168000000 54
167961600 223
167215104 36
166698000 88
165957120 37
165888000 213
165375000 10
165337200 75
165150720 17
164640000 71
164602368 49
164025000 11
163840000 7
163364040 14
163296000 557
162570240 147
162067500 8
162030456 8
162000000 66
161347200 12
161280000 278
161243136 22
160744500 42
160563200 15
160030080 138
160000000 7
159432300 3
159252480 40
158826150 1
158760000 242
158723712 20
158054400 118
157529610 3
157500000 9
157464000 120
157351936 1
157286400 8
156800000 43
156764160 247
155584800 73
155520000 359
154893312 2
154828800 183
154350000 28
154314720 118
154140672 2
153664000 24
153600000 47
153125000 1
153090000 93
153055008 3
152409600 484
151875000 1
151732224 15
151263000 2
151200000 244
151165440 100
150528000 125
150028200 58
150000000 2
149361408 27
149299200 254
148837500 14
148803480 23
148635648 10
148176000 178
147622500 9
147517440 12
147456000 91
147027636 4
147000000 28
146966400 359
146800640 5
146313216 47
145860750 5
145800000 111
145212480 14
145152000 590
144670050 14
144506880 45
144060000 14
144027072 30
144000000 77
143360000 25
143327232 14
142884000 286
142248960 140
141776649 1
141750000 29
141717600 55
141557760 21
141178800 3
141120000 283
141087744 55
140492800 23
140026320 42
140000000 13
139968000 381
139345920 197
138915000 34
138883248 13
138297600 60
138240000 269
137812500 2
137781000 69
137682944 1
137625600 30
137200000 21
137168640 241
136687500 3
136136700 8
136080000 444
136048896 4
135531648 4
135475200 335
135056250 1
135025380 12
135000000 16
134873088 4
134456000 10
134400000 119
134369280 140
133953750 5
133923132 2
133358400 243
132765696 15
132710400 142
132300000 82
132269760 112
132120576 5
131712000 96
131274675 1
131250000 1
131220000 94
131072000 7
130691232 8
130636800 665
130203045 3
130056192 33
129654000 45
129600000 230
129077760 5
129024000 282
128625000 3
128595600 158
128450560 3
128024064 50
128000000 11
127575000 35
127545840 17
127401984 4
127060920 4
127008000 566
126443520 64
126052500 1
126023688 4
126000000 78
125971200 246
125829120 1
125440000 48
125411328 65
125023500 31
124467840 68
124416000 403
124031250 2
124002900 22
123863040 68
123480000 109
123451776 58
122931200 14
122880000 46
122523030 2
122500000 1
122472000 486
121927680 307
121500000 32
121010400 17
120960000 535
120932352 33
120422400 85
120050000 5
120022560 134
120000000 21
119439360 108
119070000 153
119042784 19
118590192 1
118540800 279
118125000 5
118098000 42
118013952 2
117964800 46
117649000 2
117600000 97
117573120 323
116688600 41
116640000 370
116169984 6
116121600 440
115762500 2
115736040 54
115605504 7
115248000 47
115200000 142
114817500 26
114791256 2
114688000 29
114354828 2
114307200 546
113799168 46
113447250 1
113400000 236
113374080 78
113246208 1
112943040 3
112896000 332
112521150 15
112500000 3
112394240 8
112021056 26
112000000 29
111974400 403
111628125 1
111602610 4
111476736 47
111132000 213
110638080 32
110592000 238
110250000 22
110224800 221
110100480 18
109760000 43
109734912 86
109350000 39
108909360 20
108864000 869
108380160 122
108045000 13
108020304 26
108000000 101
107564800 6
107520000 168
107495424 30
107163000 139
106686720 214
106312500 5
106288200 27
106168320 58
105884100 3
105840000 377
105815808 62
105369600 80
105019740 24
105000000 19
104976000 304
104857600 4
104509440 375
104186250 4
104162436 7
103723200 93
103680000 417
103335750 7
103262208 1
103219200 160
102900000 31
102876480 274
102760448 1
102400000 19
102060000 324
102036672 12
101648736 3
101606400 635
101269035 2
101250000 12
101154816 9
100842000 13
100800000 296
100776960 198
100663296 1
100352000 39
100018800 175
100000000 3
99574272 29
99532800 340
99225000 42
99202320 79
99090432 9
98784000 221
98415000 33
98344960 5
98304000 44
98018424 3
98000000 32
97977600 741
97542144 66
97240500 22
97200000 210
96808320 23
96768000 627
96446700 50
96337920 18
96040000 11
96018048 53
96000000 71
95659380 3
95551488 16
95295690 1
95256000 598
94832640 148
94517766 1
94500000 51
94478400 136
94371840 13
94119200 1
94080000 193
94058496 85
93767625 1
93350880 81
93312000 620
93002175 2
92897280 217
92610000 91
92588832 51
92198400 50
92160000 203
91854000 227
91750400 11
91445760 426
91125000 10
90757800 10
90720000 708
90699264 28
90316800 280
90037500 4
90016920 72
90000000 17
89600000 68
89579520 220
89302500 42
89282088 6
88905600 361
88573500 10
88510464 10
88473600 139
88200000 144
88179840 290
87808000 62
87516450 14
87480000 263
87127488 13
87091200 897
86802030 13
86704128 27
86436000 55
86400000 292
86113125 1
86051840 5
86016000 166
85730400 403
85349376 66
85050000 132
85030560 33
84934656 6
84707280 5
84672000 690
84295680 32
84035000 5
84015792 15
84000000 65
83980800 421
83886080 1
83607552 81
83349000 97
82978560 89
82944000 542
82687500 7
82668600 88
82575360 59
82354300 1
82320000 107
82301184 107
82012500 5
81920000 22
81682020 7
81648000 929
81285120 366
81033750 6
81015228 10
81000000 86
80673600 13
80640000 481
80621568 46
80372250 17
80281600 25
80015040 227
80000000 11
79716150 2
79626240 172
79413075 1
79380000 363
79361856 47
79027200 217
78764805 1
78750000 8
78732000 180
78675968 2
78643200 13
78400000 65
78382080 524
77792400 78
77760000 614
77446656 9
77414400 488
77175000 22
77157360 136
77070336 4
76832000 26
76800000 106
76562500 1
76545000 113
76527504 4
76236552 3
76204800 865
75866112 45
75631500 7
75600000 349
75582720 146
75497472 4
75295360 1
75264000 216
75014100 52
75000000 7
74680704 32
74649600 565
74418750 4
74401740 19
74317824 46
74088000 284
73811250 5
73758720 33
73728000 172
73513818 1
73500000 36
73483200 570
73400320 5
73156608 122
72900000 120
72606240 24
72576000 1213
72335025 3
72253440 128
72030000 18
72013536 43
72000000 110
71744535 1
71680000 74
71663616 38
71442000 347
71124480 298
70875000 20
70858800 68
70778880 43
70589400 4
70560000 452
70543872 130
70246400 31
70013160 34
70000000 13
69984000 620
69672960 465
69457500 40
69441624 19
69148800 92
69120000 456
68890500 49
68841472 1
68812800 92
68600000 33
68584320 504
68343750 1
68068350 6
68040000 604
68024448 23
67765824 2
67737600 650
67512690 11
67500000 23
67436544 6
67228000 5
67200000 185
67184640 280
66976875 1
66679200 346
66382848 20
66355200 352
66150000 96
66134880 161
66060288 12
65856000 168
65610000 122
65536000 12
65345616 17
65318400 1209
65028096 63
64827000 47
64800000 335
64538880 12
64512000 551
64312500 2
64297800 167
64225280 14
64012032 91
64000000 21
63787500 16
63772920 17
63700992 21
63530460 2
63504000 872
63221760 131
63011844 8
63000000 105
62985600 350
62914560 5
62720000 95
62705664 161
62511750 12
62500000 2
62233920 109
62208000 833
62001450 13
61931520 180
61740000 131
61725888 83
61465600 26
61440000 128
61261515 1
61250000 3
61236000 547
60963840 591
60750000 35
60505200 29
60480000 879
60466176 43
60236288 1
60211200 170
60025000 2
60011280 140
60000000 25
59719680 298
59535000 157
59521392 30
59295096 1
59270400 477
59062500 1
59049000 54
59006976 7
58982400 90
58800000 131
58786560 583
58720256 1
58344300 44
58320000 527
58084992 12
58060800 1066
57881250 2
57868020 48
57802752 17
57624000 63
57600000 259
57408750 11
57395628 2
57344000 59
57153600 814
56899584 69
56700000 255
56687040 106
56623104 8
56471520 2
56448000 637
56260575 6
56250000 3
56197120 14
56010528 31
56000000 53
55987200 759
55801305 2
55738368 98
55566000 230
55319040 70
55296000 471
55125000 10
55112400 309
55050240 32
54880000 67
54867456 159
54675000 36
54454680 20
54432000 1466
54190080 344
54022500 13
54010152 26
54000000 124
53782400 12
53760000 347
53747712 69
53581500 105
53343360 363
53156250 1
53144100 14
53084160 131
52942050 1
52920000 544
52907904 90
52684800 153
52509870 13
52500000 13
52488000 408
52428800 6
52254720 757
52093125 1
52081218 4
51861600 130
51840000 712
51667875 1
51631104 6
51609600 344
51450000 36
51438240 319
51200000 40
51030000 308
51018336 16
50824368 5
50803200 1108
50625000 2
50577408 25
50421000 7
50400000 376
50388480 301
50176000 107
50009400 149
50000000 4
49787136 43
49766400 760
49612500 17
49601160 60
49545216 29
49392000 344
49207500 14
49172480 13
49152000 83
49009212 3
49000000 31
48988800 1099
48771072 179
48620250 7
48600000 238
48404160 25
48384000 1147
48234375 1
48223350 33
48168960 80
48020000 15
48009024 101
48000000 98
47829690 2
47775744 48
47647845 1
47628000 711
47416320 331
47258883 2
47250000 66
47239200 176
47185920 24
47059600 6
47040000 310
47029248 201
46675440 97
46656000 995
46448640 502
46305000 87
46294416 53
46099200 93
46080000 360
45927000 214
45875200 38
45722880 771
45562500 7
45378900 16
45360000 961
45349632 56
45177216 3
45158400 555
45008460 60
45000000 25
44957696 3
44800000 94
44789760 417
44651250 18
44641044 8
44452800 518
44286750 4
44255232 25
44236800 278
44100000 141
44089920 388
44040192 6
43904000 74
43758225 1
43740000 268
43563744 14
43545600 1699
43401015 5
43352064 69
43218000 63
43200000 401
43025920 11
43008000 367
42875000 5
42865200 445
42674688 128
42525000 92
42515280 39
42467328 24
42353640 8
42336000 1044
42147840 68
42017500 2
42007896 16
42000000 82
41990400 620
41943040 4
41803776 172
41674500 92
41489280 121
41472000 972
41343750 1
41334300 76
41287680 138
41160000 107
41150592 182
41006250 1
40960000 52
40841010 8
40824000 1211
40642560 684
40507614 7
40500000 93
40336800 24
40320000 804
40310784 96
40186125 5
40140800 55
40007520 310
40000000 22
39858075 1
39813120 332
39690000 347
39680928 59
39513600 422
39375000 14
39366000 162
39337984 1
39321600 49
39200000 90
39191040 859
38896200 95
38880000 792
38723328 6
38707200 1001
38587500 11
38578680 140
38535168 9
38416000 33
38400000 172
38272500 66
38263752 5
38118276 1
38102400 1284
37933056 70
37800000 413
37791360 235
37748736 1
37647680 3
37632000 415
37507050 30
37500000 1
37340352 56
37324800 1069
37200870 9
37158912 82
37044000 352
36879360 67
36864000 381
36750000 30
36741600 688
36700160 9
36578304 283
36450000 123
36303120 28
36288000 1821
36126720 265
36015000 13
36006768 52
36000000 144
35840000 132
35831808 91
35721000 267
35562240 451
35437500 12
35429400 60
35389440 115
35294700 2
35280000 553
35271936 169
35123200 53
35006580 45
35000000 14
34992000 799
34836480 936
34728750 9
34720812 15
34574400 106
34560000 805
34445250 26
34420736 1
34406400 150
34300000 26
34292160 664
34171875 1
34034175 2
34020000 669
34012224 33
33882912 2
33868800 1176
33756345 5
33750000 16
33718272 23
33614000 5
33600000 278
33592320 523
33480783 1
33339600 353
33191424 49
33177600 693
33075000 70
33067440 191
33030144 25
32928000 227
32812500 1
32805000 80
32768000 28
32672808 8
32659200 1838
32514048 162
32413500 37
32400000 427
32269440 18
32256000 950
32148900 143
32112640 22
32006016 150
32000000 37
31893750 13
31886460 7
31850496 52
31765230 3
31752000 1137
31610880 243
31505922 6
31500000 101
31492800 433
31457280 16
31360000 133
31352832 293
31255875 8
31116960 140
31104000 1368
31000725 6
30965760 365
30870000 123
30862944 119
30732800 41
30720000 220
30625000 3
30618000 520
30481920 1002
30375000 28
30252600 29
30240000 1236
30233088 82
30118144 1
30105600 318
30012500 1
30005640 134
30000000 27
29859840 533
29767500 81
29760696 20
29635200 679
29524500 35
29503488 13
29491200 220
29400000 131
29393280 803
29360128 1
29172150 21
29160000 567
29042496 17
29030400 1798
28934010 25
28901376 50
28812000 69
28800000 364
28704375 1
28697814 1
28672000 101
28576800 880
28449792 157
28350000 214
28343520 106
28311552 21
28235760 6
28224000 997
28125000 3
28098560 16
28005264 50
28000000 52
27993600 1125
27869184 193
27783000 235
27659520 114
27648000 841
27562500 8
27556200 212
27525120 59
27440000 77
27433728 295
27337500 14
27227340 15
27216000 1888
27095040 652
27011250 5
27005076 16
27000000 142
26891200 21
26880000 503
26873856 124
26790750 37
26671680 510
26572050 6
26542080 289
26460000 515
26453952 157
26353376 1
26342400 251
26254935 5
26250000 5
26244000 438
26214400 19
26127360 1314
25930800 138
25920000 1108
25815552 7
25804800 635
25725000 21
25719120 345
25690112 2
25600000 65
25515000 225
25509168 10
25412184 1
25401600 1630
25312500 3
25288704 55
25210500 6
25200000 435
25194240 478
25165824 3
25088000 162
25004700 109
25000000 2
24893568 77
24883200 1239
24806250 16
24800580 49
24772608 78
24696000 415
24603750 3
24586240 18
24576000 182
24504606 3
24500000 28
24494400 1382
24385536 302
24310125 6
24300000 234
24202080 34
24192000 1925
24111675 5
24084480 105
24010000 15
24004512 117
24000000 109
23887872 117
23814000 636
23708160 505
23625000 40
23619600 168
23592960 69
23529800 2
23520000 420
23514624 306
23337720 97
23328000 1374
23224320 960
23152500 47
23147208 50
23049600 95
23040000 619
22963500 105
22937600 58
22861440 1097
22689450 5
22680000 1078
22674816 66
22588608 4
22579200 945
22504230 39
22500000 32
22478848 5
22400000 131
22394880 696
22325625 5
22320522 4
22226400 564
22127616 40
22118400 632
22050000 162
22044960 485
22020096 13
21952000 121
21870000 234
21781872 14
21772800 2479
21676032 148
21609000 68
21600000 508
21512960 11
21504000 551
21432600 349
21337344 225
21262500 51
21257640 44
21233664 46
21176820 2
21168000 1296
21073920 123
21003948 22
21000000 78
20995200 881
20971520 4
20901888 383
20837250 28
20744640 172
20736000 1508
20667150 34
20643840 283
20580000 109
20575296 253
20480000 76
20420505 1
20412000 1154
20321280 1194
20253807 3
20250000 67
20168400 22
20160000 1108
20155392 153
20070400 127
20003760 314
20000000 14
19906560 584
19845000 238
19840464 60
19756800 569
19687500 4
19683000 133
19668992 6
19660800 98
19600000 98
19595520 1358
19448100 78
19440000 890
19361664 13
19353600 1725
19293750 8
19289340 102
19267584 24
19208000 42
19200000 244
19136250 22
19059138 1
19051200 1558
18966528 137
18907875 2
18900000 395
18895680 285
18874368 7
18823840 1
18816000 631
18753525 12
18750000 1
18670176 67
18662400 1659
18600435 1
18579456 201
18522000 319
18439680 72
18432000 607
18375000 15
18370800 609
18350080 22
18289152 440
18225000 83
18151560 18
18144000 2359
18063360 450
18007500 7
18003384 49
18000000 177
17920000 190
17915904 182
17860500 181
17781120 674
17718750 7
17714700 43
17694720 231
17647350 2
17640000 601
17635968 253
17561600 105
17503290 19
17500000 15
17496000 892
17418240 1596
17364375 4
17360406 8
17287200 149
17280000 1134
17222625 5
17210368 5
17203200 333
17150000 19
17146080 720
17010000 551
17006112 31
16941456 2
16934400 1699
16875000 8
16859136 28
16807000 2
16800000 316
16796160 761
16777216 1
16669800 289
16595712 59
16588800 1202
16537500 46
16533720 153
16515072 47
16470860 1
16464000 306
16402500 45
16384000 58
16336404 5
16329600 2276
16257024 308
16206750 23
16200000 412
16134720 26
16128000 1547
16074450 57
16056320 37
16003008 190
16000000 43
15946875 3
15943230 4
15925248 117
15876000 1078
15805440 391
15752961 2
15750000 68
15746400 448
15728640 35
15680000 201
15676416 481
15558480 137
15552000 1875
15482880 744
15435000 92
15431472 127
15366400 47
15360000 331
15312500 3
15309000 390
15240960 1426
15187500 13
15126300 10
15120000 1277
15116544 134
15059072 1
15052800 511
15006250 1
15002820 96
15000000 18
14929920 896
14883750 32
14880348 15
14817600 673
14762250 5
14751744 15
14745600 338
14700000 121
14696640 963
14680064 2
14586075 8
14580000 512
14521248 18
14515200 2713
14467005 4
14450688 87
14406000 60
14400000 490
14336000 184
14288400 791
14224896 241
14175000 152
14171760 112
14155776 34
14117880 3
14112000 1264
14062500 1
14049280 52
14002632 35
14000000 57
13996800 1464
13934592 425
13891500 127
13829760 163
13824000 1379
13781250 3
13778100 136
13762560 113
13720000 61
13716864 375
13668750 6
13613670 12
13608000 2028
13547520 1004
13505625 3
13502538 13
13500000 97
13445600 14
13440000 680
13436928 255
13395375 12
13335840 464
13286025 1
13271040 486
13230000 401
13226976 153
13171200 345
13125000 4
13122000 333
13107200 36
13063680 1865
12965400 115
12960000 1242
12907776 9
12902400 1114
12862500 11
12859560 282
12845056 3
12800000 95
12757500 119
12754584 9
12700800 1923
12644352 107
12605250 1
12600000 433
12597120 519
12582912 4
12544000 226
12502350 54
12500000 2
12446784 76
12441600 1926
12403125 3
12400290 19
12386304 144
12348000 401
12293120 31
12288000 306
12252303 2
12250000 16
12247200 1379
12192768 459
12150000 164
12101040 27
12096000 2471
12042240 194
12005000 12
12002256 127
12000000 100
11943936 237
11907000 478
11854080 657
11812500 22
11809800 114
11796480 150
11764900 1
11760000 475
11757312 424
11668860 56
11664000 1499
11612160 1587
11576250 15
11573604 34
11524800 123
11520000 869
11481750 48
11468800 107
11430720 1274
11344725 2
11340000 941
11337408 80
11289600 1295
11252115 9
11250000 13
11239424 6
11200000 153
11197440 1072
11160261 2
11113200 480
11063808 48
11059200 999
11025000 66
11022480 454
11010048 19
10976000 124
10935000 169
10890936 12
10886400 3128
10838016 260
10804500 29
10800000 536
10756480 19
10752000 845
10718750 2
10716300 248
10668672 281
10631250 15
10628820 29
10616832 98
10588410 2
10584000 1405
10536960 191
10501974 11
10500000 68
10497600 899
10485760 11
10450944 637
10418625 4
10372320 170
10368000 1993
10333575 8
10321920 496
10290000 106
10287648 226
10240000 110
10206000 891
10160640 1538
10125000 27
10084200 23
10080000 1274
10077696 235
10035200 200
10001880 271
10000000 12
9953280 1002
9922500 127
9920232 53
9878400 672
9843750 1
9841500 77
9834496 9
9830400 164
9800000 91
9797760 1628
9724050 33
9720000 903
9680832 29
9676800 2303
9646875 1
9644670 55
9633792 41
9604000 30
9600000 302
9568125 5
9565938 1
9525600 1546
9483264 187
9450000 251
9447840 249
9437184 16
9411920 4
9408000 777
9375000 1
9335088 57
9331200 2039
9289728 370
9261000 252
9219840 104
9216000 937
9187500 8
9185400 410
9175040 36
9144576 524
9112500 20
9075780 19
9072000 2572
9031680 729
9003750 2
9001692 38
9000000 165
8960000 260
8957952 302
8930250 67
8890560 713
8859375 2
8857350 6
8847360 401
8820000 520
8817984 279
8780800 131
8751645 11
8750000 12
8748000 840
8709120 2242
8680203 2
8643600 138
8640000 1279
8605184 6
8601600 573
8575000 19
8573040 680
8505000 343
8503056 26
8470728 1
8467200 2046
8437500 1
8429568 43
8403500 3
8400000 347
8398080 928
8388608 2
8334900 184
8297856 85
8294400 1859
8268750 10
8266860 106
8257536 89
8232000 287
8201250 17
8192000 99
8168202 3
8164800 2368
8128512 503
8103375 3
8100000 370
8067360 26
8064000 1886
8037225 12
8028160 71
8001504 215
8000000 53
7971615 1
7962624 218
7938000 854
7902720 489
7875000 43
7873200 361
7864320 50
7840000 187
7838208 632
7779240 111
7776000 2017
7741440 1243
7717500 56
7715736 80
7683200 51
7680000 488
7654500 202
7620480 1565
7593750 2
7563150 8
7560000 1303
7558272 169
7526400 727
7501410 37
7500000 17
7464960 1365
7441875 6
7440174 6
7408800 680
7381125 1
7375872 29
7372800 602
7350000 85
7348320 879
7340032 6
7290000 400
7260624 15
7257600 3448
7225344 148
7203000 39
7200000 508
7168000 254
7144200 618
7112448 295
7087500 68
7085880 76
7077888 81
7058940 3
7056000 1333
7024640 62
7001316 22
7000000 45
6998400 1588
6967296 581
6945750 48
6914880 164
6912000 1868
6890625 1
6889050 48
6881280 199
6860000 66
6858432 394
6834375 1
6806835 2
6804000 1656
6773760 1390
6751269 4
6750000 82
6722800 8
6720000 776
6718464 314
6667920 448
6635520 862
6615000 297
6613488 158
6585600 413
6562500 5
6561000 208
6553600 37
6531840 2308
6482700 57
6480000 1288
6453888 12
6451200 1629
6431250 5
6429780 179
6422528 10
6400000 116
6378750 39
6377292 8
6353046 2
6350400 2056
6322176 149
6300000 334
6298560 568
6291456 9
6272000 303
6251175 14
6250000 1
6223392 81
6220800 2371
6200145 2
6193152 249
6174000 330
6146560 32
6144000 467
6125000 11
6123600 1049
6096384 630
6075000 113
6050520 25
6048000 2772
6021120 329
6002500 9
6001128 84
6000000 116
5971968 365
5953500 266
5927040 702
5906250 7
5904900 64
5898240 245
5882450 1
5880000 382
5878656 504
5834430 32
5832000 1471
5806080 2093
5788125 3
5786802 17
5762400 95
5760000 1044
5740875 7
5734400 183
5715360 1135
5670000 693
5668704 59
5647152 1
5644800 1582
5625000 6
5619712 13
5600000 157
5598720 1334
5556600 402
5531904 68
5529600 1491
5512500 36
5511240 326
5505024 31
5488000 129
5467500 84
5445468 9
5443200 3271
5419008 371
5402250 23
5400000 465
5378240 5
5376000 1040
5359375 1
5358150 73
5334336 271
5315625 3
5314410 4
5308416 167
5294205 1
5292000 1168
5268480 248
5250987 3
5250000 55
5248800 786
5242880 12
5225472 783
5186160 143
5184000 2432
5160960 729
5145000 65
5143824 218
5120000 149
5103000 587
5080320 1792
5062500 16
5042100 5
5040000 1197
5038848 250
5017600 216
5000940 147
5000000 14
4976640 1406
4961250 37
4960116 37
4939200 664
4920750 23
4917248 9
4915200 284
4900000 65
4898880 1571
4862025 4
4860000 744
4840416 10
4838400 3117
4822335 9
4816896 80
4802000 30
4800000 326
4762800 1134
4741632 231
4725000 155
4723920 212
4718592 36
4705960 1
4704000 771
4687500 1
4667544 46
4665600 2285
4644864 589
4630500 123
4609920 99
4608000 1216
4593750 1
4592700 239
4587520 49
4572288 583
4556250 15
4537890 5
4536000 2462
4515840 985
4501875 1
4500846 29
4500000 110
4480000 288
4478976 421
4465125 15
4445280 627
4428675 4
4423680 626
4410000 376
4408992 276
4390400 174
4375000 1
4374000 594
4354560 2751
4321800 96
4320000 1320
4302592 3
4300800 749
4287500 11
4286520 461
4252500 147
4251528 22
4235364 3
4233600 2182
4218750 2
4214784 80
4201750 2
4200000 285
4199040 964
4194304 3
4167450 67
4148928 90
4147200 2389
4134375 1
4133430 50
4128768 124
4117715 1
4116000 245
4100625 2
4096000 122
4084101 2
4082400 1961
4064256 585
4050000 223
4033680 19
4032000 2146
4014080 87
4000752 164
4000000 57
3981312 338
3969000 570
3951360 562
3937500 14
3936600 219
3932160 77
3920000 187
3919104 749
3889620 79
3888000 2038
3870720 1720
3858750 20
3857868 55
3841600 37
3840000 583
3827250 64
3810240 1637
3781575 1
3780000 993
3779136 144
3764768 1
3763200 871
3750705 15
3750000 7
3732480 1697
3720087 1
3704400 503
3687936 44
3686400 899
3675000 53
3674160 661
3670016 9
3645000 221
3630312 16
3628800 3767
3612672 237
3601500 23
3600000 443
3584000 324
3572100 270
3556224 319
3543750 21
3542940 34
3538944 116
3529470 3
3528000 1139
3512320 80
3500658 8
3500000 27
3499200 1386
3483648 762
3472875 7
3457440 170
3456000 2108
3444525 7
3440640 317
3430000 42
3429216 393
3402000 1245
3386880 1643
3375000 40
3361400 12
3360000 763
3359232 405
3333960 301
3317760 1203
3307500 143
3306744 72
3292800 418
3280500 115
3276800 65
3265920 2337
3241350 23
3240000 1101
3226944 11
3225600 2051
3214890 72
3211264 13
3200000 120
3189375 1
3188646 1
3175200 1654
3161088 157
3150000 222
3149280 489
3145728 15
3136000 315
3111696 86
3110400 2690
3096576 369
3087000 188
3073280 38
3072000 582
3062500 3
3061800 670
3048192 762
3037500 48
3025260 15
3024000 2685
3010560 463
3001250 1
3000564 51
3000000 80
2985984 499
2976750 60
2963520 687
2953125 2
2952450 26
2949120 343
2940000 324
2939328 480
2917215 10
2916000 1096
2903040 2673
2893401 2
2881200 80
2880000 1113
2867200 228
2857680 834
2835000 433
2834352 48
2822400 1740
2812500 2
2809856 16
2800000 143
2799360 1584
2778300 211
2765952 71
2764800 1806
2756250 9
2755620 160
2752512 54
2744000 122
2733750 23
2722734 4
2721600 2996
2709504 501
2701125 1
2700000 343
2689120 8
2688000 1167
2679075 20
2667168 256
2657205 4
2654208 271
2646000 778
2634240 297
2625000 25
2624400 543
2621440 25
2612736 890
2593080 109
2592000 2428
2580480 1067
2572500 27
2571912 141
2560000 179
2551500 281
2540160 1873
2531250 6
2521050 2
2520000 1049
2519424 265
2508800 270
2500470 61
2500000 6
2488320 1805
2480625 4
2480058 10
2469600 484
2460375 6
2458624 11
2457600 401
2450000 48
2449440 1314
2430000 468
2420208 12
2419200 3436
2408448 86
2401000 16
2400000 304
2381400 730
2370816 290
2362500 58
2361960 151
2359296 67
2352000 741
2333772 21
2332800 2187
2322432 724
2315250 55
2304960 103
2304000 1446
2296350 80
2293760 94
2286144 593
2278125 1
2268945 1
2268000 1871
2257920 1145
2250000 58
2240000 294
2239488 542
2222640 514
2211840 884
2205000 215
2204496 194
2195200 155
2187500 2
2187000 321
2177280 2934
2160900 44
2160000 1221
2151296 1
2150400 1000
2143750 4
2143260 217
2126250 40
2125764 17
2116800 1855
2107392 88
2100000 186
2099520 862
2097152 2
2083725 8
2074464 88
2073600 2841
2066715 2
2064384 220
2058000 181
2048000 149
2041200 1421
2032128 708
2025000 121
2016840 10
2016000 2179
2007040 130
2000376 131
2000000 41
1990656 465
1984500 253
1975680 533
1968750 4
1968300 124
1966080 128
1960000 140
1959552 719
1944810 31
1944000 1837
1935360 2138
1929375 2
1928934 24
1920800 37
1920000 534
1913625 11
1905120 1311
1890000 613
1889568 128
1882384 1
1881600 924
1875000 5
1866240 1829
1852200 333
1843968 46
1843200 1155
1837500 23
1837080 403
1835008 17
1822500 97
1815156 7
1814400 3522
1806336 295
1800750 9
1800000 327
1792000 356
1786050 102
1778112 309
1771470 18
1769472 171
1764000 860
1756160 93
1750329 4
1750000 17
1749600 1141
1741824 997
1728720 114
1728000 2210
1720320 427
1715000 18
1714608 303
1701000 676
1693440 1724
1687500 10
1680700 3
1680000 678
1679616 392
1666980 166
1658880 1579
1653750 34
1653372 42
1646400 349
1640250 37
1638400 110
1632960 2158
1620675 5
1620000 783
1613472 6
1612800 2340
1607445 9
1605632 30
1600000 97
1594323 1
1587600 1195
1580544 182
1575000 110
1574640 338
1572864 21
1568000 286
1555848 42
1555200 2719
1548288 555
1543500 88
1536640 40
1536000 701
1531250 1
1530900 315
1524096 682
1518750 7
1512630 6
1512000 2129
1505280 526
1500282 19
1500000 62
1492992 627
1488375 16
1481760 594
1476225 1
1474560 478
1470000 206
1469664 391
1458000 722
1451520 2805
1440600 46
1440000 1036
1433600 258
1428840 561
1417500 183
1417176 32
1411788 1
1411200 1535
1404928 28
1400000 102
1399680 1330
1389150 75
1382976 61
1382400 2202
1378125 1
1377810 63
1376256 88
1372000 82
1366875 3
1361367 1
1360800 2189
1354752 588
1350000 168
1344560 7
1344000 1124
1333584 211
1327104 379
1323000 482
1317120 301
1312500 7
1312200 320
1310720 29
1306368 956
1296540 48
1296000 2088
1290240 1287
1286250 9
1285956 85
1280000 175
1275750 107
1270080 1683
1260525 1
1260000 742
1259712 225
1254400 289
1250235 14
1250000 5
1244160 2102
1240029 3
1234800 365
1229312 9
1228800 475
1225000 14
1224720 926
1215000 272
1210104 9
1209600 3328
1204224 133
1200500 9
1200000 229
1190700 337
1185408 305
1181250 19
1180980 62
1179648 82
1176000 639
1166886 20
1166400 1765
1161216 906
1157625 9
1152480 82
1152000 1459
1148175 14
1146880 99
1143072 448
1134000 1172
1128960 1208
1125000 29
1120000 269
1119744 577
1111320 283
1105920 1104
1102500 82
1102248 100
1097600 116
1093500 131
1088640 2583
1080450 18
1080000 901
1075648 6
1075200 1041
1071630 76
1063125 1
1062882 4
1058400 1408
1053696 104
1050000 123
1049760 659
1048576 6
1037232 56
1036800 2719
1032192 289
1029000 88
1024000 191
1020600 704
1016064 711
1012500 37
1008420 8
1008000 1808
1003520 163
1000188 49
1000000 33
995328 560
992250 74
987840 449
984150 34
983040 195
980000 94
979776 624
972405 3
972000 1333
967680 2338
964467 6
960400 33
960000 592
952560 899
945000 338
944784 82
940800 854
937500 2
933120 1862
926100 151
921984 50
921600 1394
918750 10
918540 177
917504 18
911250 24
907578 4
907200 2875
903168 332
900375 1
900000 226
896000 387
893025 20
889056 214
885735 1
884736 238
882000 578
878080 100
875000 13
874800 708
870912 1035
864360 70
864000 1990
860160 573
857500 13
857304 179
850500 285
846720 1520
843750 1
840350 2
840000 499
839808 411
833490 71
829440 1866
826875 8
826686 16
823200 249
820125 1
819200 108
816480 1482
810000 453
806736 9
806400 2135
802816 34
800000 113
793800 644
790272 175
787500 49
787320 189
786432 31
784000 249
777924 25
777600 2350
774144 644
771750 29
768320 27
768000 727
765450 94
762048 596
756315 1
756000 1514
752640 563
750141 4
750000 28
746496 658
740880 367
737280 635
735000 113
734832 266
729000 391
725760 2719
720300 23
720000 803
716800 311
714420 229
708750 44
708588 8
705600 1223
702464 21
700000 73
699840 1100
694575 12
691488 59
691200 2294
688905 9
688128 118
686000 44
680400 1340
677376 571
675000 102
672280 5
672000 1017
666792 129
663552 451
661500 209
658560 266
656250 4
656100 131
655360 38
653184 854
648270 17
648000 1624
645120 1411
643125 1
642978 26
640000 164
637875 9
635040 1276
630000 370
629856 186
627200 289
622080 2024
617400 205
614656 10
614400 553
612500 12
612360 490
607500 83
605052 5
604800 2778
602112 155
600250 1
600000 156
595350 97
592704 236
590625 3
590490 16
589824 132
588000 400
583443 4
583200 1309
580608 908
576240 44
576000 1424
573440 125
571536 294
567000 612
564480 1076
562500 4
560000 215
559872 512
555660 141
552960 1277
551250 26
551124 63
548800 98
546750 45
544320 2087
540225 5
540000 590
537824 5
537600 1089
535815 15
529200 868
526848 93
525000 56
524880 409
524288 6
518616 42
518400 2567
516096 374
514500 44
512000 200
510300 337
508032 674
506250 10
504210 3
504000 1396
501760 171
500094 16
500000 13
497664 640
496125 12
493920 307
492075 4
491520 231
490000 58
489888 455
486000 687
483840 2191
480200 17
480000 497
476280 479
472500 109
472392 51
470400 690
468750 1
466560 1522
463050 43
460992 28
460800 1472
459270 69
458752 16
455625 2
453600 1914
451584 348
450000 136
448000 319
444528 158
442368 314
441000 261
439040 94
437500 10
437400 362
435456 944
432180 40
432000 1583
430080 581
428750 4
428652 89
425250 68
423360 1292
420000 329
419904 331
416745 13
414720 1877
413343 4
411600 163
409600 142
408240 945
405000 223
403368 2
403200 1958
401408 31
400000 79
396900 284
395136 164
393750 9
393660 70
393216 48
392000 182
388962 7
388800 1730
387072 664
385875 6
384160 19
384000 704
382725 11
381024 439
378000 880
376320 545
375000 11
373248 662
370440 186
368640 752
367500 34
367416 162
364500 134
362880 2317
360150 10
360000 551
358400 313
357210 74
354375 4
354294 4
352800 837
351232 27
350000 31
349920 772
345744 36
345600 2100
344064 137
343000 23
340200 697
338688 520
337500 32
336140 2
336000 788
333396 57
331776 516
330750 67
329280 222
328050 39
327680 58
326592 616
324135 9
324000 1019
322560 1391
321489 4
320000 165
317520 798
315000 206
314928 117
313600 234
311040 1799
308700 72
307328 11
307200 568
306180 201
303750 15
302526 1
302400 2018
301056 168
300000 123
297675 14
296352 168
295245 4
294912 145
294000 223
291600 738
290304 918
288120 34
288000 1171
286720 150
285768 178
283500 241
282240 924
280000 119
279936 504
277830 45
276480 1308
275625 3
275562 15
274400 65
273375 4
272160 1463
270000 294
268912 2
268800 1003
264600 395
263424 76
262500 21
262440 232
262144 9
259308 19
259200 1970
258048 368
257250 5
256000 214
255150 97
254016 474
253125 2
252000 877
250880 143
250047 4
250000 13
248832 633
246960 239
245760 293
245000 23
244944 290
243000 352
241920 1962
240100 2
240000 369
238140 241
236250 30
236196 23
235200 484
233280 1167
231525 11
230496 16
230400 1287
229635 7
229376 22
226800 1166
225792 362
225000 61
224000 254
222264 83
221184 305
220500 116
219520 72
218700 154
217728 787
216090 12
216000 1068
215040 612
214375 1
214326 25
212625 8
211680 819
210000 172
209952 228
207360 1748
205800 79
204800 137
204120 495
202500 72
201684 4
201600 1502
200704 36
200000 47
198450 85
197568 154
196875 1
196830 15
196608 41
196000 112
194481 1
194400 1115
193536 707
192080 13
192000 608
190512 267
189000 433
188160 453
187500 7
186624 501
185220 90
184320 755
183750 7
183708 73
182250 30
181440 1690
180075 1
180000 349
179200 267
178605 5
176400 420
175616 18
175000 9
174960 428
172872 20
172800 1610
172032 140
171500 9
170100 275
169344 429
168750 8
168070 1
168000 512
166698 18
165888 552
165375 4
164640 138
164025 5
163840 53
163296 466
162000 599
161280 1225
160000 116
158760 374
157500 67
157464 56
156800 167
155520 1389
154350 25
153664 7
153600 533
153090 66
151875 2
151200 1328
150528 170
150000 38
148176 91
147456 175
147000 111
145800 331
145152 768
144060 9
144000 879
143360 120
142884 72
141750 58
141120 661
140000 73
139968 335
138915 4
138240 1195
137781 1
137200 45
136080 841
135000 154
134400 779
132300 185
131712 61
131250 3
131220 83
131072 13
129654 6
129600 1344
129024 355
128625 2
128000 160
127575 13
127008 341
126000 436
125440 116
125000 4
124416 518
123480 116
122880 260
122500 6
122472 130
121500 117
120960 1500
120000 219
119070 71
118125 4
118098 8
117600 353
116640 731
115248 12
115200 1128
114688 29
113400 538
112896 269
112500 21
112000 200
111132 33
110592 337
110250 35
109760 61
109350 31
108864 582
108045 2
108000 625
107520 501
107163 9
105840 485
105000 78
104976 124
103680 1406
102900 33
102400 136
102060 183
101250 13
100842 1
100800 1045
100352 27
100000 25
99225 12
98784 92
98415 4
98304 50
98000 51
97200 573
96768 581
96040 5
96000 468
95256 123
94500 145
94080 349
93312 383
92610 25
92160 714
91854 25
91125 7
90720 1058
90000 164
89600 207
88200 212
87808 23
87500 4
87480 210
86436 5
86400 1204
86016 142
85750 3
85050 74
84672 291
84375 1
84000 357
83349 6
82944 488
82320 68
81920 69
81648 259
81000 241
80640 983
80000 68
79380 127
78750 18
78732 21
78400 109
77760 869
77175 4
76832 3
76800 495
76545 8
75600 678
75264 116
75000 16
74088 47
73728 158
73500 40
72900 132
72576 581
72030 3
72000 545
71680 133
71442 24
70875 5
70560 360
70000 48
69984 214
69120 1042
68600 20
68040 369
67500 45
67228 1
67200 593
66150 43
65856 43
65625 1
65610 24
65536 10
64800 800
64512 337
64000 119
63504 176
63000 199
62720 88
62208 451
61740 33
61440 283
61250 3
61236 62
60750 32
60480 1030
60000 109
59535 8
59049 1
58800 177
58320 427
57624 10
57600 808
57344 25
56700 186
56448 227
56250 2
56000 118
55566 12
55296 308
55125 4
54880 19
54675 9
54432 344
54000 329
53760 421
52920 201
52500 21
52488 50
51840 989
51450 8
51200 122
51030 49
50625 2
50421 1
50400 616
50176 31
50000 12
49392 46
49152 52
49000 19
48600 278
48384 463
48020 2
48000 310
47628 55
47250 39
47040 202
46656 247
46305 4
46080 640
45927 1
45360 578
45000 61
44800 168
44100 92
43904 13
43750 1
43740 70
43218 3
43200 804
43008 126
42875 1
42525 15
42336 187
42000 162
41472 380
41160 36
40960 64
40824 96
40500 84
40320 688
40000 41
39690 47
39375 3
39366 4
39200 56
38880 557
38416 1
38400 399
37800 302
37632 109
37500 7
37044 17
36864 147
36750 10
36450 26
36288 362
36015 1
36000 281
35840 126
35721 4
35280 182
35000 16
34992 101
34560 776
34300 8
34020 168
33750 8
33614 1
33600 366
33075 7
32928 33
32805 2
32768 12
32400 378
32256 240
32000 100
31752 88
31500 68
31360 64
31104 320
30870 11
30720 210
30618 18
30375 6
30240 590
30000 44
29400 66
29160 159
28812 4
28800 573
28672 32
28350 56
28224 159
28000 64
27783 2
27648 255
27440 20
27216 211
27000 137
26880 327
26460 72
26250 3
26244 13
25920 608
25725 2
25600 106
25515 3
25200 262
25088 23
25000 4
24696 28
24576 71
24500 8
24300 101
24192 338
24010 2
24000 183
23814 11
23625 5
23520 110
23328 155
23040 495
22680 270
22500 23
22400 117
22050 11
21952 8
21870 16
21600 413
21504 101
21168 108
21000 74
20736 262
20580 13
20480 48
20412 47
20250 17
20160 430
20000 30
19845 7
19683 1
19600 37
19440 299
19208 2
19200 262
18900 92
18816 72
18522 5
18432 144
18225 3
18144 233
18000 131
17920 94
17640 74
17500 4
17496 58
17280 474
17150 2
17010 33
16800 191
16464 22
16384 12
16200 161
16128 224
16000 47
15876 34
15750 17
15680 37
15552 189
15435 2
15360 168
15309 3
15120 308
15000 16
14700 25
14580 53
14400 332
14336 23
14175 5
14112 74
14000 34
13824 216
13720 10
13608 79
13500 33
13440 239
13230 12
13125 1
13122 5
12960 353
12800 73
12600 124
12544 21
12500 1
12348 9
12288 50
12250 1
12150 21
12096 223
12000 97
11907 1
11760 68
11664 90
11520 364
11340 91
11250 4
11200 73
11025 2
10976 3
10935 2
10800 212
10752 81
10584 49
10500 28
10368 187
10290 5
10240 45
10206 9
10080 252
10000 7
9800 13
9720 115
9600 174
9450 30
9408 39
9261 1
9216 112
9072 103
9000 41
8960 52
8820 36
8750 1
8748 14
8640 305
8505 2
8400 94
8232 5
8192 8
8100 51
8064 145
8000 24
7938 9
7875 5
7840 22
7776 112
7680 150
7560 124
7500 7
7350 8
7290 16
7200 166
7168 19
7056 33
7000 15
6912 137
6860 2
6804 26
6750 9
6720 111
6615 3
6480 141
6400 46
6300 41
6272 12
6144 43
6048 105
6000 45
5880 23
5832 31
5760 231
5670 17
5600 31
5488 2
5400 68
5376 46
5292 19
5250 7
5184 116
5120 34
5103 3
5040 97
4900 3
4860 27
4800 83
4725 2
4704 27
4608 81
4536 51
4500 24
4480 28
4410 8
4374 4
4320 164
4200 47
4116 2
4096 9
4050 6
4032 77
4000 16
3920 10
3888 70
3840 73
3780 40
3750 1
3675 1
3645 1
3600 73
3584 17
3528 14
3500 3
3456 74
3430 1
3402 8
3360 59
3240 53
3200 25
3150 10
3136 9
3072 40
3024 36
3000 19
2940 7
2916 8
2880 117
2835 2
2800 12
2744 1
2700 26
2688 34
2646 6
2625 1
2592 49
2560 19
2520 36
2500 1
2450 1
2430 6
2400 53
2352 11
2304 58
2268 23
2250 3
2240 17
2160 65
2100 10
2048 7
2016 47
2000 8
1960 4
1944 25
1920 54
1890 7
1875 1
1800 24
1792 14
1764 2
1750 1
1728 49
1701 1
1680 28
1620 15
1600 25
1575 1
1568 6
1536 22
1512 17
1500 4
1470 2
1458 4
1440 45
1400 3
1372 1
1350 4
1344 14
1296 30
1280 12
1260 13
1200 25
1176 2
1152 30
1134 6
1125 1
1120 10
1080 22
1050 1
1024 5
1008 17
1000 3
980 1
972 9
960 31
945 2
900 5
896 7
882 2
864 24
840 13
810 3
800 5
784 1
768 9
756 1
750 1
735 1
720 17
700 3
672 7
648 7
640 8
630 3
600 6
588 1
576 14
567 1
560 4
540 6
504 4
500 3
490 1
486 2
480 14
450 2
448 2
432 17
420 5
405 1
400 1
384 9
360 9
336 2
324 1
320 4
315 1
300 2
288 4
280 1
256 3
252 2
240 4
224 2
216 3
210 1
196 1
192 6
180 1
168 1
162 2
160 2
144 4
128 1
120 1
112 1
96 1
70 1
60 1
48 1
