4536000000 1
4251528000 1
4133430000 1
4050000000 1
3874204890 1
3826375200 1
3686400000 1
3628800000 1
3402000000 1
3240000000 1
3225600000 1
3149280000 2
3024000000 2
2985984000 1
2976069600 1
2939328000 4
2903040000 2
2893401000 1
2857680000 2
2834352000 1
2822400000 1
2799360000 1
2721600000 1
2646000000 1
2624400000 3
2612736000 1
2604060900 1
2592000000 2
2571912000 1
2540160000 2
2520000000 1
2519424000 1
2480058000 3
2469600000 1
2457600000 1
2449440000 1
2430000000 1
2419200000 2
2388787200 2
2359296000 1
2351462400 2
2332800000 1
2314720800 3
2304000000 2
2286144000 3
2268000000 4
2257920000 1
2250423000 1
2239488000 2
2222640000 2
2204496000 3
2177280000 2
2160000000 1
2150400000 1
2116800000 4
2099520000 3
2090188800 2
2073600000 4
2057529600 4
2048000000 1
2041200000 4
2040733440 1
2032128000 1
2016000000 2
2015539200 2
1984500000 1
1984046400 1
1968300000 2
1959552000 4
1944810000 1
1944000000 3
1935360000 3
1928934000 1
1911029760 1
1905120000 1
1890000000 2
1889568000 2
1881600000 1
1881169920 1
1866240000 3
1852200000 1
1837080000 3
1828915200 3
1814400000 7
1800338400 1
1792000000 2
1791590400 2
1786050000 2
1778112000 1
1769472000 2
1764000000 2
1763596800 4
1749600000 1
1741824000 4
1728000000 2
1714608000 6
1701000000 3
1700611200 4
1693440000 2
1679616000 7
1672151040 1
1666980000 1
1658880000 4
1653372000 4
1646400000 1
1646023680 3
1632960000 8
1625702400 1
1620304560 3
1620000000 2
1612800000 2
1607445000 1
1600300800 2
1587600000 5
1587237120 7
1574640000 2
1568000000 3
1567641600 6
1555848000 1
1555200000 4
1548288000 3
1543147200 5
1536000000 1
1530900000 4
1524096000 4
1512000000 3
1511654400 4
1505280000 1
1500282000 2
1500000000 1
1492992000 7
1488034800 2
1486356480 1
1481760000 2
1476225000 1
1474560000 2
1469664000 15
1458000000 1
1451520000 12
1446700500 1
1440270720 2
1433600000 1
1428840000 3
1428513408 1
1422489600 4
1417500000 4
1417176000 3
1415577600 2
1411200000 3
1410877440 4
1404928000 1
1400263200 1
1399680000 10
1393459200 8
1389150000 2
1388832480 2
1382976000 1
1382400000 3
1377810000 4
1371686400 9
1360800000 9
1360488960 2
1354752000 2
1350000000 1
1344000000 2
1343692800 2
1333584000 6
1327104000 3
1323000000 2
1322697600 5
1317120000 2
1312200000 4
1306368000 20
1296000000 4
1290240000 7
1285956000 12
1280000000 1
1275750000 2
1275458400 1
1270080000 18
1269789696 1
1260000000 1
1259712000 7
1254400000 2
1254113280 2
1250235000 3
1244678400 3
1244160000 7
1240029000 3
1238630400 2
1234800000 1
1234517760 5
1229312000 1
1228800000 2
1224720000 23
1219276800 8
1215228420 2
1215000000 1
1209600000 9
1209323520 1
1204224000 3
1200225600 4
1200000000 1
1194393600 3
1190700000 1
1190427840 2
1185408000 4
1180980000 2
1176000000 2
1175731200 12
1166400000 16
1161216000 15
1157360400 6
1156055040 1
1152480000 1
1152000000 1
1148175000 1
1143072000 15
1137991680 1
1134000000 13
1133740800 5
1128960000 9
1120000000 2
1119744000 9
1114767360 2
1111320000 11
1111065984 1
1106380800 2
1105920000 4
1102500000 1
1102248000 10
1097600000 3
1097349120 5
1093500000 1
1089093600 1
1088640000 28
1083801600 5
1080450000 1
1080000000 5
1075648000 1
1075200000 2
1071630000 4
1066867200 7
1062882000 2
1061683200 1
1058400000 6
1058158080 6
1050197400 1
1050000000 1
1049760000 14
1048576000 1
1045094400 14
1037232000 2
1036800000 13
1033357500 1
1032192000 6
1028764800 13
1020600000 12
1020366720 1
1016064000 30
1012500000 1
1008000000 10
1007769600 9
1003520000 2
1000188000 8
995328000 9
992250000 3
992023200 8
990904320 1
987840000 11
987614208 4
984150000 2
983040000 1
980000000 1
979776000 23
975421440 4
972000000 5
967680000 23
967458816 1
964467000 11
960180480 4
960000000 1
956593800 1
952560000 22
952342272 1
948326400 3
945177660 2
945000000 4
944784000 12
943718400 1
940800000 3
940584960 8
933508800 3
933120000 28
928972800 12
926100000 2
925888320 8
921600000 8
918540000 10
914457600 32
907200000 25
906992640 1
903168000 10
900169200 3
896168448 1
896000000 3
895795200 15
892820880 1
889056000 13
885104640 3
884736000 7
882000000 7
881798400 18
878080000 2
874800000 16
871274880 1
870912000 44
868020300 2
864360000 5
864162432 2
864000000 13
860160000 4
857304000 25
853493760 5
850500000 3
850305600 5
847072800 1
846720000 28
846526464 2
842956800 2
840157920 4
840000000 5
839808000 30
837019575 1
836075520 2
833490000 4
829785600 4
829440000 27
826686000 6
825753600 11
823200000 1
823011840 15
819200000 1
816480000 51
816293376 1
812851200 10
810000000 2
806736000 1
806400000 23
806215680 11
803722500 1
802816000 2
800150400 14
796594176 1
796262400 4
793800000 17
793618560 8
790272000 14
787648050 1
787320000 12
786432000 1
784147392 1
784000000 4
783820800 37
781218270 3
777924000 6
777600000 22
774466560 1
774144000 29
771750000 1
771573600 8
770703360 1
768320000 1
768144384 1
768000000 3
765450000 6
765275040 2
762048000 57
758661120 2
756142128 1
756000000 14
755827200 16
752640000 7
752467968 1
750141000 7
750000000 1
746807040 1
746496000 40
744017400 4
743178240 2
740880000 22
740710656 1
737587200 1
737280000 9
735000000 1
734832000 38
731566080 13
729000000 7
726062400 1
725760000 53
725594112 3
722534400 10
720300000 1
720135360 18
720000000 2
716800000 4
716636160 8
714420000 26
711244800 19
708750000 4
708588000 10
707788800 5
705600000 26
705438720 20
702464000 5
700131600 10
699840000 48
696729600 28
694416240 6
691488000 10
691200000 22
688905000 4
688128000 4
686000000 1
685843200 63
682795008 2
680683500 1
680400000 47
680244480 1
677658240 1
677376000 40
675126900 3
674365440 1
672280000 2
672126336 1
672000000 9
671846400 28
669615660 1
666792000 26
663828480 2
663552000 22
661500000 3
661348800 26
658560000 12
658409472 6
656100000 9
655360000 1
653184000 85
650280960 8
648270000 3
648121824 3
648000000 24
645388800 5
645120000 31
644972544 2
642978000 22
640120320 11
640000000 3
637729200 2
637009920 2
635040000 46
634894848 4
632217600 9
630118440 3
630000000 7
629856000 38
627200000 6
627056640 17
625117500 2
624974616 1
622339200 13
622080000 61
620014500 3
619315200 19
617400000 12
617258880 19
614656000 9
614400000 8
612615150 1
612500000 1
612360000 35
612220032 1
609638400 56
607500000 3
604800000 49
604661760 8
602112000 12
600112800 21
600000000 1
597196800 24
595350000 7
595213920 6
594542592 1
592704000 29
590490000 5
589824000 5
588000000 8
587865600 61
583443000 4
583200000 39
580849920 2
580608000 73
578680200 13
578027520 2
576240000 2
576108288 6
576000000 10
574087500 1
573956280 3
573440000 3
573308928 2
571536000 71
568995840 11
567106596 2
567000000 14
566870400 19
564480000 49
564350976 5
561971200 1
560105280 3
560000000 2
559872000 67
557383680 8
555660000 22
555532992 2
553190400 6
552960000 26
551250000 2
551124000 39
550502400 3
548800000 7
548674560 37
544546800 5
544320000 102
544195584 2
541900800 25
540225000 2
540101520 8
540000000 10
537824000 1
537600000 19
537477120 21
535815000 15
533433600 30
531441000 1
530841600 8
529200000 38
529079040 18
526848000 7
525098700 4
525000000 1
524880000 36
522547200 75
520812180 2
518616000 12
518400000 50
516096000 33
514500000 2
514382400 50
512096256 1
512000000 7
510300000 27
510183360 3
508032000 75
506345175 1
505774080 3
504094752 2
504000000 16
503884800 43
501760000 8
501645312 3
500094000 26
497871360 6
497664000 57
496125000 3
496011600 20
495452160 4
493920000 34
493807104 8
492075000 7
491724800 4
491520000 5
490092120 3
490000000 2
489888000 106
487710720 29
486202500 1
486091368 3
486000000 13
484041600 4
483840000 77
483729408 1
482233500 4
481689600 7
480200000 3
480090240 27
480000000 3
478296900 1
477757440 9
476280000 64
476171136 3
474163200 30
472588830 2
472500000 5
472392000 29
471859200 2
470596000 1
470400000 23
470292480 35
466754400 16
466560000 88
464486400 45
463050000 10
462944160 22
462422016 1
460992000 4
460800000 18
459270000 36
458752000 5
457419312 1
457228800 108
455196672 3
453789000 2
453600000 76
453496320 12
451584000 46
450084600 15
450000000 2
448084224 1
448000000 10
447897600 43
446512500 2
446410440 7
445906944 2
444528000 56
442552320 6
442368000 25
441000000 18
440899200 71
440401920 1
439040000 12
438939648 8
437582250 2
437400000 34
435637440 3
435456000 141
434010150 3
433520640 9
432180000 13
432081216 9
432000000 33
430080000 27
429981696 2
428750000 1
428652000 68
426746880 21
425250000 11
425152800 8
424673280 6
423536400 2
423360000 86
423263232 10
421478400 7
420078960 13
420000000 3
419904000 91
418037760 33
416745000 6
416649744 3
414892800 24
414720000 71
413343000 16
412876800 14
411600000 9
411505920 59
409600000 7
408410100 1
408240000 133
408146688 3
406425600 79
405076140 3
405000000 8
403368000 1
403200000 73
403107840 23
401861250 3
401769396 2
401408000 8
400075200 54
400000000 2
398580750 1
398297088 2
398131200 32
396900000 39
396809280 25
395136000 45
393750000 1
393660000 18
393379840 2
393216000 3
392000000 7
391910400 126
390168576 6
388962000 18
388800000 58
387233280 6
387072000 104
385875000 1
385786800 53
385351680 1
384160000 8
384072192 9
384000000 8
382725000 10
382637520 6
382205952 1
381182760 1
381024000 150
379330560 19
378071064 2
378000000 30
377913600 47
376320000 43
376233984 13
375070500 5
375000000 1
373403520 16
373248000 129
372008700 9
371589120 12
370440000 43
370355328 12
368793600 6
368640000 38
367416000 127
367001600 1
365783040 68
364568526 3
364500000 11
363031200 5
362880000 178
362797056 5
361267200 35
360150000 1
360067680 23
360000000 15
359661568 1
358400000 14
358318080 21
357210000 53
357128352 2
355622400 65
354375000 1
354294000 16
354041856 1
353894400 7
352947000 1
352800000 62
352719360 62
351232000 9
350065800 11
350000000 1
349920000 85
348509952 2
348364800 139
347287500 3
347208120 15
346816512 1
345744000 27
345600000 64
344452500 14
344064000 27
343000000 6
342921600 122
341397504 5
340341750 3
340200000 72
340122240 13
338688000 136
337563450 5
337500000 1
337182720 5
336140000 3
336063168 6
336000000 17
335923200 88
334807830 1
334430208 15
333396000 56
331914240 14
331776000 81
330750000 7
330674400 53
330301440 6
329280000 18
329204736 19
328050000 22
327680000 3
326728080 2
326592000 253
325140480 46
324135000 11
324060912 6
324000000 34
322694400 7
322560000 100
322486272 6
321489000 43
321126400 5
320060160 57
320000000 9
318937500 3
318864600 2
318504960 10
317520000 148
317447424 9
316108800 44
315059220 3
315000000 8
314928000 76
314572800 1
313600000 20
313528320 88
312558750 2
312487308 2
311169600 43
311040000 163
309657600 57
308700000 19
308629440 56
308281344 1
307328000 5
307200000 21
306180000 79
306110016 1
304946208 1
304819200 187
303750000 1
303464448 4
302526000 4
302400000 144
302330880 44
301181440 1
301056000 37
300125000 1
300056400 31
300000000 2
298722816 8
298598400 86
297675000 14
297606960 15
297271296 1
296352000 95
295245000 7
295034880 6
294912000 33
294000000 23
293932800 198
292626432 13
291721500 10
291600000 68
290424960 13
290304000 271
289340100 14
289013760 14
288120000 10
288054144 17
288000000 39
286720000 31
286654464 3
285887070 1
285768000 173
284497920 46
283500000 29
283435200 31
283115520 5
282240000 123
282175488 14
280985600 7
280052640 14
280000000 4
279936000 171
279006525 1
278691840 62
277830000 44
277766496 9
276595200 18
276480000 109
275625000 2
275562000 66
275251200 8
274400000 10
274337280 114
273375000 3
272273400 3
272160000 274
272097792 5
271063296 2
270950400 120
270112500 1
270050760 17
270000000 10
268912000 1
268800000 46
268738560 52
267907500 10
267846264 1
266716800 123
265720500 4
265531392 2
265420800 44
264600000 71
264539520 70
263424000 38
262549350 6
262500000 1
262440000 62
262144000 3
261382464 8
261273600 266
260406090 3
260112384 9
259308000 39
259200000 120
258155520 4
258048000 109
257250000 2
257191200 102
256901120 3
256048128 20
256000000 9
255150000 37
255091680 7
254803968 2
254121840 2
254016000 266
252887040 21
252047376 8
252000000 44
251942400 106
251658240 1
250880000 25
250822656 17
250047000 45
248935680 27
248832000 181
248005800 24
247726080 24
246960000 66
246903552 27
246037500 4
245862400 5
245760000 23
245046060 4
245000000 6
244944000 268
243855360 102
243101250 1
243045684 5
243000000 28
242020800 11
241920000 269
241864704 11
241116750 6
240844800 22
240100000 3
240045120 76
240000000 8
238878720 22
238140000 146
238085568 10
237081600 95
236294415 2
236250000 2
236196000 43
235929600 11
235298000 1
235200000 44
235146240 160
233377200 32
233280000 209
232339968 2
232243200 176
231525000 11
231472080 42
231211008 3
230496000 26
230400000 60
229635000 37
229582512 3
229376000 15
228709656 1
228614400 279
227598336 15
226894500 7
226800000 153
226748160 35
225886080 1
225792000 177
225042300 21
225000000 6
224788480 3
224042112 6
224000000 18
223948800 155
223256250 1
223205220 2
222953472 16
222264000 123
221276160 11
221184000 72
220541454 2
220500000 18
220449600 145
220200960 2
219520000 22
219469824 39
218791125 2
218700000 45
217818720 9
217728000 478
216760320 58
216090000 12
216040608 11
216000000 68
215129600 5
215040000 80
214990848 11
214375000 1
214326000 118
213373440 103
212625000 9
212576400 17
212336640 21
211768200 3
211680000 226
211631616 28
210739200 36
210039480 13
210000000 4
209952000 183
209715200 1
209018880 149
208372500 8
208324872 6
207446400 61
207360000 203
206671500 17
206438400 59
205800000 25
205752960 132
204800000 7
204120000 237
204073344 9
203297472 2
203212800 268
202538070 7
202500000 11
202309632 4
201684000 4
201600000 145
201553920 81
200704000 28
200037600 114
199148544 10
199065600 129
198450000 40
198404640 45
198180864 6
197568000 114
196830000 32
196689920 1
196608000 8
196036848 1
196000000 17
195955200 398
195084288 29
194481000 22
194400000 139
193616640 6
193536000 275
192893400 46
192675840 11
192080000 3
192036096 22
192000000 34
191362500 6
191318760 4
191102976 11
190591380 2
190512000 329
189665280 62
189035532 4
189000000 60
188956800 99
188743680 3
188160000 94
188116992 30
187535250 4
186701760 50
186624000 292
186004350 10
185794560 71
185220000 74
185177664 22
184396800 25
184320000 92
183708000 198
183500800 1
182891520 214
182250000 7
181515600 10
181440000 416
181398528 23
180708864 1
180633600 113
180075000 2
180033840 50
180000000 28
179200000 32
179159040 90
178605000 71
178564176 10
177885288 1
177811200 200
177147000 11
177020928 2
176947200 61
176400000 117
176359680 148
176160768 1
175616000 32
175032900 10
175000000 2
174960000 183
174254976 4
174182400 424
173643750 1
173604060 11
173408256 10
172872000 48
172800000 182
172226250 4
172186884 1
172103680 2
172032000 74
171500000 2
171460800 268
170698752 33
170170875 1
170100000 116
170061120 26
169869312 7
169414560 3
169344000 320
168781725 1
168591360 17
168070000 2
168031584 9
168000000 49
167961600 250
167403915 2
167215104 36
166698000 94
165957120 32
165888000 214
165375000 8
165337200 70
165150720 18
164640000 54
164602368 52
164025000 9
163840000 12
163364040 5
163296000 537
162570240 154
162067500 6
162030456 6
162000000 77
161347200 8
161280000 275
161243136 21
160744500 44
160563200 8
160030080 138
160000000 7
159432300 6
159252480 31
158826150 1
158760000 286
158723712 19
158054400 131
157529610 7
157500000 14
157464000 127
157351936 1
157286400 9
156800000 48
156764160 268
156243654 2
155584800 70
155520000 313
154893312 2
154828800 199
154350000 21
154314720 104
153664000 9
153600000 49
153090000 88
153055008 2
152473104 1
152409600 508
151875000 3
151732224 18
151263000 6
151200000 258
151165440 87
150994944 1
150528000 110
150028200 51
150000000 2
149361408 14
149299200 238
148837500 14
148803480 27
148635648 14
148176000 206
147622500 10
147517440 13
147456000 64
147027636 1
147000000 28
146966400 370
146800640 2
146313216 45
145860750 1
145800000 114
145212480 15
145152000 622
144670050 11
144506880 45
144060000 20
144027072 30
144000000 61
143489070 1
143360000 32
143327232 19
142884000 269
142248960 142
141750000 28
141717600 57
141557760 13
141178800 2
141120000 263
141087744 50
140492800 15
140026320 37
140000000 12
139968000 380
139345920 198
138915000 49
138883248 21
138297600 70
138240000 233
137812500 2
137781000 73
137625600 32
137200000 35
137168640 248
136136700 9
136080000 463
136048896 14
135531648 4
135475200 340
135056250 1
135025380 30
135000000 16
134873088 1
134456000 10
134400000 95
134369280 139
133953750 7
133923132 1
133358400 239
132860250 1
132765696 13
132710400 133
132300000 84
132269760 115
132120576 3
131712000 98
131250000 1
131220000 103
131072000 8
130691232 2
130636800 640
130203045 2
130056192 24
129654000 44
129600000 234
129077760 10
129024000 242
128625000 4
128595600 178
128450560 5
128024064 40
128000000 15
127575000 37
127545840 16
127401984 9
127060920 1
127008000 534
126443520 59
126052500 3
126023688 7
126000000 87
125971200 230
125829120 2
125440000 72
125411328 66
125023500 36
125000000 1
124467840 70
124416000 482
124002900 28
123863040 67
123480000 119
123451776 61
122931200 13
122880000 62
122523030 4
122500000 5
122472000 467
121927680 270
121522842 2
121500000 37
121010400 22
120960000 536
120932352 24
120558375 2
120422400 76
120050000 3
120022560 97
120000000 17
119439360 109
119070000 143
119042784 21
118540800 243
118125000 10
118098000 50
117964800 35
117649000 2
117600000 108
117573120 333
116688600 45
116640000 360
116169984 6
116121600 501
115762500 6
115736040 57
115605504 5
115248000 55
115200000 165
114817500 29
114791256 1
114688000 20
114354828 2
114307200 588
113799168 34
113447250 2
113400000 234
113374080 56
113246208 1
112896000 369
112521150 11
112500000 3
112394240 10
112021056 26
112000000 39
111974400 354
111628125 1
111602610 2
111476736 42
111132000 205
110716875 1
110638080 36
110592000 231
110270727 2
110250000 21
110224800 260
110100480 11
109760000 46
109734912 92
109350000 47
108909360 12
108864000 853
108380160 147
108045000 20
108020304 24
108000000 109
107564800 7
107520000 182
107495424 37
107163000 120
106686720 243
106312500 7
106288200 21
106168320 52
105840000 365
105815808 50
105369600 90
105019740 20
105000000 16
104976000 304
104857600 3
104509440 395
104186250 6
104162436 5
103723200 95
103680000 434
103335750 10
103262208 1
103219200 153
102900000 27
102876480 249
102400000 17
102102525 2
102060000 345
102036672 11
101648736 2
101606400 641
101269035 3
101250000 11
101154816 13
100842000 6
100800000 269
100776960 155
100442349 1
100352000 72
100018800 159
100000000 3
99574272 24
99532800 292
99225000 39
99202320 59
99090432 13
98784000 233
98415000 30
98344960 5
98304000 45
98018424 3
98000000 27
97977600 792
97542144 61
97240500 16
97200000 252
96808320 20
96768000 649
96468750 1
96446700 35
96337920 30
96040000 18
96018048 61
96000000 51
95681250 3
95659380 4
95551488 31
95295690 3
95256000 608
94832640 146
94517766 3
94500000 54
94478400 173
94371840 14
94119200 4
94080000 189
94058496 104
93767625 3
93350880 72
93312000 640
93002175 1
92897280 234
92610000 106
92588832 41
92198400 44
92160000 198
91875000 1
91854000 218
91750400 22
91445760 447
91125000 10
90757800 13
90720000 728
90699264 20
90316800 275
90037500 2
90016920 66
90000000 28
89915392 2
89600000 59
89579520 197
89302500 35
89282088 9
88905600 394
88573500 14
88510464 11
88473600 131
88200000 158
88179840 272
87808000 46
87516450 14
87500000 2
87480000 238
87127488 13
87091200 864
86802030 4
86704128 25
86436000 61
86400000 279
86113125 1
86051840 5
86016000 164
85766121 1
85750000 3
85730400 403
85349376 66
85050000 105
85030560 36
84934656 13
84707280 2
84672000 724
84295680 28
84035000 1
84015792 25
84000000 71
83980800 431
83886080 2
83607552 82
83349000 120
82978560 92
82944000 493
82687500 6
82668600 83
82575360 55
82320000 104
82301184 108
82012500 6
81920000 29
81682020 7
81648000 872
81285120 344
81033750 2
81015228 8
81000000 75
80673600 17
80640000 513
80621568 45
80372250 18
80281600 33
80015040 225
80000000 10
79716150 2
79626240 125
79413075 1
79380000 332
79361856 45
79027200 260
78764805 1
78750000 10
78732000 169
78675968 3
78643200 15
78400000 55
78382080 533
78121827 1
77792400 63
77760000 580
77446656 5
77414400 453
77175000 24
77157360 145
77070336 3
76832000 20
76800000 92
76545000 95
76527504 7
76236552 3
76204800 853
75937500 1
75866112 35
75631500 9
75600000 338
75582720 162
75497472 1
75264000 267
75014100 75
75000000 4
74680704 40
74649600 588
74418750 6
74401740 19
74317824 45
74088000 297
73811250 4
73758720 32
73728000 189
73513818 3
73500000 25
73483200 602
73400320 1
73156608 130
72930375 1
72900000 107
72606240 24
72576000 1218
72335025 3
72253440 125
72030000 18
72013536 57
72000000 99
71680000 72
71663616 46
71442000 349
71124480 274
70875000 26
70858800 65
70778880 34
70589400 2
70560000 432
70543872 133
70246400 44
70013160 38
70000000 12
69984000 613
69672960 471
69457500 28
69441624 17
69148800 108
69120000 498
68906250 1
68890500 50
68812800 99
68600000 29
68584320 489
68343750 1
68068350 6
68040000 611
68024448 26
67765824 5
67737600 673
67512690 16
67500000 16
67436544 8
67228000 4
67200000 197
67184640 263
66976875 1
66679200 335
66382848 25
66355200 365
66150000 100
66134880 181
66060288 7
65883440 1
65856000 168
65625000 3
65610000 116
65536000 15
65345616 7
65318400 1238
65028096 72
64827000 40
64800000 344
64538880 16
64512000 553
64312500 1
64297800 156
64225280 7
64012032 119
64000000 31
63787500 14
63772920 8
63700992 22
63530460 4
63504000 846
63221760 121
63011844 10
63000000 105
62985600 354
62914560 7
62720000 123
62705664 121
62511750 13
62233920 115
62208000 835
62015625 1
62001450 13
61931520 188
61740000 132
61725888 78
61465600 18
61440000 129
61261515 1
61250000 2
61236000 555
60963840 597
60750000 42
60505200 13
60480000 922
60466176 49
60211200 168
60025000 2
60011280 176
60000000 25
59719680 274
59535000 158
59521392 32
59295096 2
59270400 438
59062500 1
59049000 58
59006976 5
58982400 93
58824500 1
58800000 133
58786560 594
58720256 1
58344300 49
58320000 513
58084992 13
58060800 1055
57881250 2
57868020 53
57802752 28
57624000 55
57600000 279
57408750 8
57344000 68
57177414 1
57153600 774
56899584 72
56723625 1
56700000 267
56687040 114
56623104 5
56471520 2
56448000 677
56250000 4
56197120 18
56010528 33
56000000 47
55987200 681
55801305 2
55738368 101
55566000 242
55319040 88
55296000 503
55125000 16
55112400 269
55050240 18
54880000 56
54867456 173
54675000 40
54454680 15
54432000 1433
54190080 323
54022500 13
54010152 19
54000000 118
53782400 9
53760000 359
53747712 79
53581500 84
53343360 363
53156250 2
53144100 13
53084160 142
52942050 1
52920000 481
52907904 100
52684800 147
52509870 18
52500000 14
52488000 404
52428800 5
52254720 757
52093125 2
52081218 2
51861600 128
51840000 741
51667875 2
51631104 1
51609600 361
51450000 41
51438240 326
51380224 1
51200000 40
51030000 307
51018336 18
50824368 5
50803200 1121
50625000 4
50577408 30
50421000 9
50400000 408
50388480 333
50331648 2
50176000 94
50009400 165
50000000 1
49787136 43
49766400 710
49612500 38
49601160 61
49545216 34
49412580 1
49392000 335
49207500 20
49172480 13
49152000 99
49009212 6
49000000 32
48988800 1133
48771072 175
48620250 11
48600000 283
48404160 22
48384000 1225
48223350 26
48168960 61
48020000 9
48009024 93
48000000 72
47840625 1
47829690 2
47775744 63
47628000 709
47416320 318
47250000 46
47239200 193
47185920 27
47059600 2
47040000 287
47029248 186
46675440 80
46656000 946
46448640 488
46305000 83
46294416 50
46099200 76
46080000 364
45937500 4
45927000 225
45875200 36
45722880 736
45562500 8
45378900 9
45360000 998
45349632 45
45177216 1
45158400 539
45008460 57
45000000 43
44957696 3
44800000 95
44789760 440
44651250 15
44641044 7
44471322 1
44452800 502
44286750 3
44255232 34
44236800 338
44100000 187
44089920 421
44040192 2
43904000 115
43758225 4
43750000 3
43740000 318
43563744 13
43545600 1702
43401015 3
43352064 62
43218000 59
43200000 379
43046721 1
43025920 2
43008000 324
42875000 2
42865200 450
42674688 133
42525000 93
42515280 54
42467328 22
42353640 6
42336000 1024
42147840 73
42007896 16
42000000 93
41990400 697
41943040 3
41803776 183
41674500 74
41489280 159
41472000 1000
41343750 2
41334300 69
41287680 119
41160000 116
41150592 174
41006250 1
40960000 47
40841010 7
40824000 1149
40642560 684
40507614 5
40500000 73
40336800 21
40320000 827
40310784 91
40186125 1
40140800 58
40007520 281
40000000 20
39813120 311
39690000 353
39680928 66
39513600 401
39375000 7
39366000 177
39337984 2
39321600 59
39200000 95
39191040 896
38896200 72
38880000 835
38723328 15
38707200 979
38587500 14
38578680 136
38535168 10
38416000 38
38400000 150
38272500 66
38263752 1
38102400 1263
37968750 1
37933056 66
37815750 5
37800000 426
37791360 228
37748736 6
37647680 1
37632000 356
37507050 38
37500000 1
37340352 41
37324800 979
37200870 9
37158912 86
37044000 374
36879360 51
36864000 353
36756909 1
36750000 13
36741600 680
36700160 18
36578304 271
36450000 115
36303120 26
36288000 1783
36126720 256
36015000 15
36006768 71
36000000 135
35840000 140
35831808 107
35721000 319
35562240 472
35437500 11
35429400 54
35389440 124
35294700 2
35280000 585
35271936 200
35123200 72
35006580 44
35000000 17
34992000 811
34836480 948
34728750 13
34720812 13
34574400 154
34560000 741
34445250 28
34420736 1
34406400 171
34300000 30
34292160 633
34034175 2
34020000 655
34012224 28
33882912 2
33868800 1181
33756345 6
33750000 15
33718272 18
33614000 10
33600000 287
33592320 474
33339600 358
33191424 61
33177600 753
33075000 78
33067440 209
33030144 16
32928000 224
32805000 73
32768000 37
32672808 8
32659200 1864
32514048 181
32413500 46
32400000 396
32269440 21
32256000 991
32156250 1
32148900 122
32112640 19
32006016 170
32000000 27
31893750 5
31886460 5
31850496 67
31765230 1
31752000 1107
31610880 250
31505922 2
31500000 103
31492800 459
31457280 16
31360000 160
31352832 303
31255875 6
31116960 144
31104000 1390
31000725 4
30965760 403
30870000 109
30862944 105
30732800 34
30720000 200
30625000 2
30618000 521
30481920 1035
30375000 16
30252600 23
30240000 1168
30233088 107
30118144 1
30105600 310
30012500 2
30005640 160
30000000 21
29859840 585
29767500 87
29760696 17
29635200 625
29524500 28
29503488 11
29491200 243
29400000 178
29393280 793
29172150 23
29160000 537
29042496 16
29030400 1828
28940625 1
28934010 25
28901376 59
28812000 65
28800000 413
28704375 2
28672000 126
28588707 2
28576800 907
28449792 146
28350000 233
28343520 104
28311552 19
28235760 3
28224000 1012
28125000 1
28098560 30
28005264 50
28000000 59
27993600 1148
27869184 210
27783000 200
27659520 113
27648000 835
27562500 7
27556200 222
27525120 60
27440000 71
27433728 294
27337500 12
27227340 16
27216000 1862
27095040 678
27011250 3
27005076 23
27000000 110
26891200 9
26880000 580
26873856 151
26790750 38
26671680 474
26572050 6
26542080 309
26460000 476
26453952 144
26353376 1
26342400 263
26254935 4
26250000 12
26244000 446
26214400 13
26127360 1251
25930800 128
25920000 1033
25815552 6
25804800 707
25725000 34
25719120 314
25690112 3
25600000 60
25515000 212
25509168 18
25401600 1540
25312500 5
25288704 59
25210500 5
25200000 455
25194240 464
25088000 146
25004700 113
25000000 3
24893568 75
24883200 1382
24806250 7
24800580 53
24772608 80
24696000 393
24603750 6
24586240 32
24576000 180
24504606 5
24500000 24
24494400 1380
24385536 308
24300000 230
24202080 30
24192000 1960
24111675 5
24084480 109
24010000 12
24004512 110
24000000 95
23914845 1
23887872 109
23814000 615
23708160 458
23625000 46
23619600 181
23592960 67
23529800 1
23520000 386
23514624 325
23337720 82
23328000 1374
23224320 987
23152500 53
23147208 44
23049600 117
23040000 604
22963500 132
22937600 79
22861440 1032
22781250 2
22689450 6
22680000 1052
22674816 54
22588608 6
22579200 945
22504230 26
22500000 27
22478848 2
22400000 137
22394880 727
22325625 6
22320522 4
22226400 592
22127616 48
22118400 611
22050000 141
22044960 516
22020096 2
21952000 131
21870000 264
21781872 17
21772800 2420
21676032 155
21609000 49
21600000 516
21512960 8
21504000 577
21437500 1
21432600 375
21337344 228
21262500 45
21257640 33
21233664 55
21176820 1
21168000 1310
21073920 141
21008750 2
21003948 13
21000000 99
20995200 878
20971520 2
20901888 372
20837250 33
20744640 180
20736000 1569
20667150 21
20643840 278
20580000 126
20575296 220
20480000 72
20420505 1
20412000 1204
20321280 1141
20253807 1
20250000 61
20168400 9
20160000 1091
20155392 136
20070400 123
20003760 325
20000000 16
19906560 604
19845000 244
19840464 57
19756800 543
19687500 3
19683000 112
19668992 2
19660800 72
19600000 86
19595520 1326
19448100 83
19440000 945
19361664 18
19353600 1565
19293750 10
19289340 79
19267584 22
19208000 41
19200000 249
19136250 20
19131876 6
19051200 1505
18966528 110
18907875 1
18900000 369
18895680 266
18874368 10
18823840 2
18816000 609
18753525 4
18750000 4
18670176 64
18662400 1536
18600435 1
18579456 200
18522000 353
18439680 66
18432000 601
18375000 17
18370800 651
18350080 27
18289152 410
18225000 71
18151560 25
18144000 2442
18063360 459
18007500 18
18003384 44
18000000 159
17920000 177
17915904 182
17860500 161
17781120 602
17718750 3
17714700 27
17694720 229
17647350 1
17640000 547
17635968 273
17561600 91
17503290 23
17500000 12
17496000 869
17418240 1590
17364375 2
17360406 9
17287200 151
17280000 1049
17222625 4
17210368 2
17203200 342
17150000 16
17146080 764
17010000 560
17006112 21
16941456 3
16934400 1701
16875000 12
16859136 25
16807000 3
16800000 323
16796160 767
16777216 1
16669800 288
16595712 72
16588800 1269
16537500 33
16533720 157
16515072 50
16464000 283
16402500 39
16384000 47
16336404 7
16329600 2230
16257024 318
16206750 14
16200000 401
16134720 28
16128000 1513
16074450 61
16056320 37
16003008 195
16000000 40
15946875 1
15943230 6
15925248 120
15876000 1135
15805440 341
15750000 79
15746400 405
15728640 30
15680000 179
15676416 446
15558480 138
15552000 1838
15482880 735
15435000 104
15431472 114
15366400 37
15360000 350
15309000 415
15240960 1447
15187500 10
15126300 18
15120000 1401
15116544 132
15052800 497
15006250 1
15002820 102
15000000 19
14929920 963
14883750 25
14880348 14
14817600 690
14762250 18
14751744 14
14745600 416
14700000 124
14696640 990
14680064 3
14586075 4
14580000 558
14521248 16
14515200 2798
14467005 11
14450688 76
14406000 44
14400000 444
14336000 170
14288400 840
14224896 240
14175000 145
14171760 105
14155776 37
14117880 6
14112000 1162
14062500 1
14049280 46
14002632 33
14000000 50
13996800 1452
13934592 369
13891500 128
13829760 149
13824000 1391
13781250 5
13778100 123
13762560 126
13720000 70
13716864 376
13668750 3
13613670 7
13608000 1981
13547520 1034
13502538 9
13500000 113
13445600 12
13440000 751
13436928 224
13395375 9
13335840 497
13271040 551
13230000 419
13226976 149
13171200 321
13125000 8
13122000 335
13107200 24
13063680 1888
12965400 105
12960000 1269
12907776 7
12902400 1191
12862500 10
12859560 246
12845056 6
12800000 86
12757500 118
12754584 10
12700800 2023
12644352 97
12605250 3
12600000 464
12597120 516
12582912 7
12544000 245
12502350 57
12446784 99
12441600 1883
12403125 1
12400290 21
12386304 152
12348000 377
12293120 28
12288000 283
12252303 1
12250000 16
12247200 1371
12192768 469
12150000 190
12101040 32
12096000 2511
12042240 235
12005000 5
12002256 122
12000000 109
11943936 219
11907000 454
11854080 621
11812500 20
11809800 129
11796480 116
11764900 2
11760000 409
11757312 445
11668860 54
11664000 1552
11612160 1509
11576250 14
11573604 27
11524800 107
11520000 864
11481750 51
11468800 106
11430720 1263
11344725 2
11340000 988
11337408 81
11294304 2
11289600 1315
11252115 14
11250000 24
11239424 10
11200000 142
11197440 1070
11113200 506
11063808 45
11059200 1022
11025000 92
11022480 438
11010048 27
10976000 138
10935000 155
10890936 19
10886400 3125
10838016 255
10804500 28
10800000 536
10756480 14
10752000 840
10718750 2
10716300 223
10668672 278
10631250 18
10628820 18
10616832 118
10588410 2
10584000 1445
10536960 194
10501974 8
10500000 87
10497600 911
10485760 4
10450944 537
10418625 12
10372320 205
10368000 2035
10333575 7
10321920 495
10290000 102
10287648 234
10240000 110
10206000 950
10160640 1605
10125000 31
10084200 16
10080000 1282
10077696 220
10035200 181
10001880 271
10000000 24
9953280 1026
9922500 138
9920232 54
9878400 648
9843750 1
9841500 67
9834496 9
9830400 173
9800000 84
9797760 1550
9724050 38
9720000 907
9680832 15
9676800 2357
9646875 2
9644670 50
9633792 36
9604000 33
9600000 283
9568125 7
9565938 1
9525600 1457
9483264 237
9450000 265
9447840 264
9437184 18
9411920 1
9408000 789
9335088 69
9331200 2080
9289728 339
9261000 228
9219840 99
9216000 898
9187500 8
9185400 445
9175040 47
9144576 525
9112500 35
9075780 19
9072000 2636
9031680 684
9003750 1
9001692 29
9000000 109
8960000 272
8957952 308
8930250 80
8890560 631
8857350 7
8847360 410
8820000 488
8817984 287
8780800 125
8751645 5
8750000 8
8748000 828
8709120 2219
8680203 2
8643600 136
8640000 1273
8605184 2
8601600 586
8575000 17
8573040 630
8505000 339
8503056 29
8470728 3
8467200 2069
8429568 49
8403500 4
8400000 296
8398080 924
8334900 162
8297856 76
8294400 1874
8268750 11
8266860 88
8257536 91
8232000 303
8201250 11
8192000 88
8168202 4
8164800 2388
8128512 515
8103375 1
8100000 340
8067360 21
8064000 1930
8037225 13
8028160 56
8001504 204
8000000 56
7971615 1
7962624 201
7938000 889
7902720 488
7875000 41
7873200 356
7864320 64
7840000 207
7838208 596
7779240 102
7776000 2146
7741440 1184
7717500 43
7715736 87
7683200 41
7680000 471
7654500 214
7620480 1641
7593750 5
7563150 4
7560000 1275
7558272 157
7526400 690
7501410 40
7500000 18
7464960 1424
7441875 6
7440174 5
7408800 691
7381125 1
7375872 37
7372800 613
7350000 101
7348320 889
7340032 3
7290000 370
7260624 15
7257600 3373
7225344 141
7203000 43
7200000 496
7168000 250
7144200 587
7112448 287
7087500 71
7085880 75
7077888 70
7058940 3
7056000 1301
7024640 76
7001316 26
7000000 37
6998400 1554
6967296 540
6945750 44
6914880 163
6912000 1823
6890625 1
6889050 56
6881280 232
6860000 62
6858432 426
6834375 1
6806835 2
6804000 1741
6773760 1364
6751269 8
6750000 74
6722800 8
6720000 750
6718464 362
6667920 476
6635520 915
6615000 294
6613488 130
6585600 409
6562500 1
6561000 214
6553600 38
6531840 2232
6482700 62
6480000 1276
6453888 11
6451200 1653
6431250 2
6429780 161
6422528 5
6400000 105
6378750 38
6377292 2
6350400 2013
6322176 138
6300000 363
6298560 561
6291456 12
6272000 295
6251175 11
6223392 86
6220800 2428
6200145 7
6193152 252
6174000 281
6146560 29
6144000 451
6125000 6
6123600 1112
6096384 625
6075000 112
6050520 23
6048000 2792
6021120 325
6002500 5
6001128 100
6000000 115
5971968 356
5953500 246
5927040 690
5906250 6
5904900 62
5898240 244
5880000 388
5878656 485
5834430 22
5832000 1452
5806080 2152
5786802 26
5762400 115
5760000 1033
5740875 13
5734400 172
5715360 1167
5670000 727
5668704 73
5647152 1
5644800 1518
5625000 7
5619712 14
5600000 151
5598720 1309
5556600 381
5531904 78
5529600 1433
5512500 29
5511240 290
5505024 44
5488000 131
5467500 70
5445468 6
5443200 3270
5419008 375
5402250 15
5400000 418
5378240 16
5376000 1075
5359375 1
5358150 90
5334336 303
5315625 3
5314410 10
5308416 162
5292000 1251
5268480 300
5250987 1
5250000 48
5248800 794
5242880 11
5225472 794
5186160 166
5184000 2495
5160960 750
5145000 61
5143824 198
5120000 164
5103000 606
5080320 1906
5062500 18
5042100 11
5040000 1273
5038848 288
5017600 233
5000940 158
5000000 14
4976640 1455
4961250 47
4960116 26
4939200 670
4920750 18
4917248 11
4915200 282
4900000 55
4898880 1576
4862025 9
4860000 738
4840416 10
4838400 3083
4822335 12
4816896 65
4802000 31
4800000 318
4782969 1
4762800 1103
4741632 280
4725000 153
4723920 203
4718592 35
4705960 1
4704000 798
4687500 1
4667544 42
4665600 2366
4644864 523
4630500 117
4609920 101
4608000 1207
4593750 2
4592700 236
4587520 66
4572288 588
4556250 13
4537890 10
4536000 2368
4515840 940
4501875 1
4500846 19
4500000 102
4480000 275
4478976 446
4465125 8
4445280 653
4428675 2
4423680 591
4410000 381
4408992 249
4390400 163
4375000 4
4374000 566
4354560 2750
4321800 82
4320000 1427
4302592 3
4300800 793
4287500 3
4286520 422
4252500 175
4251528 24
4235364 2
4233600 2156
4218750 2
4214784 64
4201750 2
4200000 277
4199040 975
4194304 3
4167450 76
4148928 110
4147200 2430
4134375 3
4133430 34
4128768 146
4116000 254
4100625 2
4096000 137
4084101 3
4082400 1915
4064256 594
4050000 216
4033680 20
4032000 2196
4014080 95
4000752 180
4000000 51
3981312 334
3969000 523
3951360 609
3937500 22
3936600 220
3932160 95
3920000 199
3919104 727
3889620 62
3888000 2146
3870720 1772
3858750 10
3857868 42
3841600 55
3840000 590
3827250 58
3810240 1652
3781575 1
3780000 1032
3779136 139
3763200 865
3750705 8
3750000 12
3732480 1779
3720087 1
3704400 505
3687936 38
3686400 908
3675000 55
3674160 693
3670016 9
3645000 217
3630312 15
3628800 3765
3612672 230
3601500 19
3600000 469
3584000 342
3572100 281
3556224 328
3543750 18
3542940 45
3538944 118
3529470 1
3528000 1215
3512320 93
3500658 15
3500000 30
3499200 1520
3483648 827
3472875 7
3457440 141
3456000 2184
3444525 14
3440640 329
3430000 44
3429216 402
3402000 1220
3386880 1624
3375000 38
3361400 7
3360000 751
3359232 400
3333960 338
3317760 1287
3307500 116
3306744 91
3292800 402
3281250 2
3280500 120
3276800 68
3265920 2403
3241350 25
3240000 1093
3226944 8
3225600 2135
3214890 61
3211264 19
3200000 108
3189375 8
3188646 3
3176523 1
3175200 1624
3161088 173
3150000 222
3149280 481
3145728 8
3136000 315
3111696 86
3110400 2767
3096576 347
3087000 184
3073280 31
3072000 563
3062500 5
3061800 678
3048192 707
3037500 36
3025260 10
3024000 2709
3010560 446
3000564 58
3000000 71
2985984 484
2976750 90
2963520 664
2952450 21
2949120 355
2940000 295
2939328 488
2917215 1
2916000 1148
2903040 2637
2893401 4
2881200 74
2880000 1086
2867200 213
2857680 862
2835000 417
2834352 52
2822400 1674
2809856 12
2800000 145
2799360 1429
2778300 156
2765952 84
2764800 1824
2756250 12
2755620 154
2752512 47
2744000 126
2733750 16
2722734 2
2721600 2988
2709504 471
2701125 3
2700000 370
2689120 11
2688000 1138
2679075 15
2667168 268
2654208 247
2646000 816
2634240 317
2625000 24
2624400 538
2621440 18
2612736 972
2593080 125
2592000 2467
2580480 1066
2572500 35
2571912 143
2560000 175
2551500 285
2540160 1928
2531250 1
2521050 4
2520000 1011
2519424 295
2508800 285
2500470 58
2500000 9
2488320 1752
2480625 9
2480058 8
2469600 480
2460375 5
2458624 13
2457600 408
2450000 45
2449440 1288
2430000 493
2420208 12
2419200 3429
2408448 110
2401000 14
2400000 303
2381400 742
2370816 275
2362500 55
2361960 136
2359296 64
2352980 2
2352000 738
2333772 29
2332800 2183
2322432 752
2315250 41
2304960 94
2304000 1480
2296350 82
2293760 76
2286144 605
2278125 2
2268945 1
2268000 1878
2257920 1172
2250423 6
2250000 60
2240000 334
2239488 541
2222640 521
2211840 905
2205000 200
2204496 211
2195200 144
2187500 2
2187000 320
2177280 2818
2160900 53
2160000 1282
2151296 5
2150400 984
2143260 221
2126250 45
2125764 9
2117682 2
2116800 1847
2107392 83
2100000 188
2099520 868
2097152 3
2083725 12
2074464 95
2073600 2751
2066715 7
2064384 233
2058000 174
2048000 159
2041200 1472
2032128 750
2025000 91
2016840 15
2016000 2063
2007040 108
2000376 99
2000000 35
1990656 478
1984500 272
1975680 498
1968750 4
1968300 107
1966080 152
1960000 147
1959552 745
1944810 27
1944000 1674
1935360 2070
1929375 2
1928934 25
1920800 39
1920000 544
1913625 11
1905120 1339
1890000 637
1889568 129
1882384 1
1881600 877
1875000 11
1866240 1906
1852200 302
1843968 31
1843200 1166
1837500 20
1837080 419
1835008 9
1822500 106
1815156 6
1814400 3660
1806336 289
1800750 4
1800000 346
1792000 366
1786050 109
1778112 302
1771875 2
1771470 11
1769472 151
1764000 892
1756160 92
1750329 3
1750000 21
1749600 1203
1741824 953
1728720 112
1728000 2185
1720320 419
1715000 19
1714608 302
1701000 685
1693440 1657
1687500 13
1680700 1
1680000 644
1679616 443
1666980 148
1658880 1607
1653750 33
1653372 51
1646400 323
1640250 35
1638400 124
1632960 2116
1620675 3
1620000 768
1613472 9
1612800 2221
1607445 7
1605632 26
1600000 119
1587600 1163
1580544 212
1575000 111
1574640 319
1572864 24
1568000 290
1555848 51
1555200 2854
1548288 509
1543500 89
1536640 36
1536000 701
1531250 1
1530900 294
1524096 730
1518750 14
1512630 4
1512000 2190
1505280 567
1500282 21
1500000 59
1492992 580
1488375 14
1481760 563
1476225 2
1474560 517
1470000 190
1469664 401
1458000 747
1451520 2851
1440600 43
1440000 983
1433600 286
1428840 553
1417500 175
1417176 29
1411788 1
1411200 1517
1404928 41
1400000 100
1399680 1382
1389150 75
1382976 77
1382400 2244
1378125 3
1377810 53
1376256 88
1372000 87
1366875 1
1361367 3
1360800 2183
1354752 566
1350000 157
1344560 10
1344000 1136
1333584 187
1327104 391
1323000 465
1317120 315
1312500 14
1312200 329
1310720 37
1306368 987
1296540 54
1296000 2048
1290240 1258
1286250 5
1285956 74
1280000 186
1275750 64
1270080 1537
1265625 1
1260525 1
1260000 732
1259712 246
1254400 264
1250235 17
1250000 4
1244160 2065
1240029 4
1234800 328
1229312 9
1228800 501
1225000 22
1224720 845
1215000 246
1210104 11
1209600 3296
1204224 121
1200500 8
1200000 237
1190700 331
1185408 269
1181250 10
1180980 66
1179648 87
1176000 615
1166886 12
1166400 1770
1161216 888
1157625 5
1152480 66
1152000 1569
1148175 14
1146880 105
1143072 448
1134000 1171
1128960 1156
1125000 21
1120000 269
1119744 592
1111320 317
1105920 1126
1102500 94
1102248 139
1097600 131
1093750 1
1093500 131
1088640 2620
1080450 22
1080000 890
1075648 3
1075200 1049
1071630 94
1063125 8
1062882 5
1058400 1382
1053696 105
1050000 129
1049760 656
1048576 7
1037232 59
1036800 2850
1032192 301
1029000 102
1024000 179
1020600 766
1016064 742
1012500 40
1008420 9
1008000 1884
1003520 140
1000188 64
1000000 24
995328 614
992250 91
987840 457
984375 1
984150 35
983040 186
980000 124
979776 641
972405 8
972000 1247
967680 2318
964467 4
960400 21
960000 607
952560 928
945000 347
944784 94
940800 822
937500 4
933120 1710
926100 140
921984 39
921600 1380
918750 5
918540 186
917504 22
911250 21
907578 3
907200 2839
903168 341
900000 280
896000 356
893025 13
889056 229
885735 2
884736 246
882000 563
878080 95
875000 14
874800 735
870912 993
864360 62
864000 2042
860160 560
857500 10
857304 179
850500 284
846720 1565
843750 5
840350 2
840000 493
839808 421
833490 59
829440 1807
826875 8
826686 15
823200 252
820125 2
819200 113
816480 1590
810000 435
806736 3
806400 2264
802816 29
800000 83
793800 645
790272 182
787500 43
787320 177
786432 32
784000 240
777924 20
777600 2328
774144 637
771750 18
768320 25
768000 717
765450 95
762048 605
756000 1508
752640 552
750141 9
750000 34
746496 660
740880 390
737280 593
735000 109
734832 293
729000 340
725760 2759
720300 22
720000 796
716800 252
714420 244
708750 51
708588 16
705894 1
705600 1193
702464 34
700000 57
699840 1078
694575 11
691488 66
691200 2246
688905 13
688128 108
686000 50
680400 1359
677376 590
675000 91
672280 9
672000 975
666792 112
663552 442
661500 198
658560 242
656250 3
656100 122
655360 54
653184 897
648270 16
648000 1584
645120 1434
643125 1
642978 22
640000 187
637875 12
635040 1208
630000 418
629856 166
627200 289
622080 2013
617400 184
614656 11
614400 608
612500 7
612360 540
607500 115
605052 5
604800 2735
602112 133
600250 2
600000 162
595350 91
592704 226
590625 4
590490 15
589824 124
588000 425
583443 3
583200 1194
580608 900
576240 52
576000 1507
573440 149
571536 326
567000 590
564480 1130
562500 12
560000 191
559872 531
555660 129
552960 1259
551250 18
551124 55
548800 118
546750 29
544320 2139
540000 590
537824 1
537600 1052
535815 13
529200 801
526848 102
525000 68
524880 389
524288 5
518616 40
518400 2499
516096 327
514500 42
512000 213
510300 333
508032 643
506250 10
504210 2
504000 1328
501760 166
500094 17
500000 19
497664 619
496125 13
493920 325
492075 3
491520 276
490000 51
489888 472
486000 713
483840 2267
480200 12
480000 467
476280 518
472500 142
472392 37
470400 679
466560 1564
463050 52
460992 28
460800 1425
459270 68
458752 26
455625 2
453789 1
453600 1940
451584 350
450000 124
448000 309
444528 169
442368 290
441000 273
439040 83
437500 2
437400 324
435456 1001
432180 37
432000 1536
430080 578
428750 3
428652 88
425250 68
423360 1178
421875 1
420000 316
419904 331
416745 16
414720 1843
413343 3
411600 174
409600 145
408240 1023
405000 200
403368 4
403200 1978
401408 31
400000 61
396900 271
395136 160
393750 9
393660 68
393216 42
392000 176
388962 7
388800 1741
387072 733
385875 2
384160 20
384000 696
382725 16
381024 429
378000 856
376320 543
375000 11
373248 599
370440 240
368640 708
367500 34
367416 163
364500 132
362880 2264
360150 6
360000 552
358400 299
357210 67
354375 6
354294 6
352800 833
351232 22
350000 37
349920 804
345744 36
345600 2089
344064 101
343000 23
340200 713
338688 541
337500 29
336140 3
336000 817
333396 57
331776 480
330750 45
329280 211
328050 30
327680 56
326592 685
324135 9
324000 1022
322560 1358
321489 7
320000 173
317520 707
315000 209
314928 108
313600 185
311040 1791
308700 88
307328 10
307200 582
306250 2
306180 221
303750 20
302526 3
302400 2074
301056 168
300000 92
297675 18
296352 166
295245 2
294912 138
294000 239
291600 772
290304 897
288120 19
288000 1218
286720 142
285768 195
283500 244
282240 923
281250 2
280000 158
279936 443
277830 49
276480 1331
275625 2
275562 25
274400 74
273375 7
272160 1459
270000 315
268912 2
268800 992
264600 459
263424 105
262500 21
262440 210
262144 9
259308 18
259200 1904
258048 345
257250 11
256000 179
255150 95
254016 518
253125 1
252000 887
250880 144
250047 2
250000 8
248832 664
246960 221
245760 260
245000 34
244944 291
243000 332
241920 1916
240100 5
240000 329
238140 227
236250 32
236196 25
235200 517
233280 1218
231525 8
230496 18
230400 1335
229635 6
229376 22
226800 1099
225792 332
225000 44
224000 245
222264 90
221184 306
220500 128
219520 69
218750 1
218700 149
217728 833
216090 5
216000 1108
215040 643
214326 30
212625 11
211680 814
210000 194
209952 190
207360 1704
205800 76
204800 138
204120 472
202500 69
201600 1554
200704 34
200000 40
198450 74
197568 116
196830 12
196608 49
196000 120
194400 1135
193536 657
192080 19
192000 587
190512 252
189000 403
188160 441
187500 4
186624 559
185220 84
184320 747
183750 13
183708 56
182250 31
181440 1658
180075 1
180000 295
179200 259
178605 9
177147 2
176400 471
175616 22
175000 18
174960 487
172872 22
172800 1703
172032 124
171500 6
170100 278
169344 399
168750 6
168000 545
166698 19
165888 514
165375 8
164640 129
164025 8
163840 60
163296 469
162000 588
161280 1164
160000 123
158760 365
157500 70
157464 43
156800 165
155520 1311
154350 22
153664 5
153600 600
153090 56
151875 2
151200 1213
150528 149
150000 39
148176 88
147456 164
147000 104
145800 327
145152 794
144060 10
144000 868
143360 124
142884 81
141750 44
141120 660
140000 79
139968 321
138915 6
138240 1257
137781 1
137200 43
136080 806
135000 135
134400 787
132300 157
131712 67
131250 4
131220 72
131072 8
129654 3
129600 1385
129024 363
128625 5
128000 150
127575 11
127008 331
126000 451
125440 117
125000 4
124416 537
123480 113
122880 300
122500 16
122472 155
121500 126
120960 1497
120050 2
120000 196
119070 66
118125 5
118098 3
117600 305
116640 734
115248 11
115200 1071
114688 35
113400 518
112896 279
112500 21
112000 190
111132 34
110592 342
110250 27
109760 51
109350 49
108864 630
108045 2
108000 637
107520 545
107163 5
105840 491
105000 71
104976 117
103680 1325
102900 23
102400 137
102060 184
101250 16
100842 2
100800 1072
100352 35
100000 28
99225 12
98784 102
98415 3
98304 62
98000 57
97200 611
96768 568
96040 6
96000 463
95256 159
94500 160
94080 327
93750 1
93312 393
92610 21
92160 702
91875 2
91854 23
91125 4
90720 1024
90000 165
89600 208
88200 228
87808 11
87500 4
87480 199
86436 7
86400 1217
86016 122
85750 1
85050 72
84672 306
84375 1
84000 303
83349 3
82944 441
82320 85
81920 67
81648 247
81000 267
80640 980
80000 82
79380 130
78750 17
78732 27
78400 99
77760 943
77175 3
76832 6
76800 501
76545 7
75600 669
75264 122
75000 21
74088 61
73728 175
73500 30
72900 123
72576 562
72030 4
72000 547
71680 115
71442 16
70875 8
70560 403
70000 36
69984 205
69120 1109
68600 18
68040 388
67500 46
67200 557
66150 51
65856 44
65610 15
65536 11
64827 2
64800 813
64512 368
64000 116
63504 197
63000 192
62720 95
62500 2
62208 416
61740 39
61440 263
61250 4
61236 57
60750 28
60480 1047
60025 2
60000 110
59535 10
59049 1
58800 162
58320 358
57624 4
57600 855
57344 26
56700 179
56448 211
56250 9
56000 123
55566 9
55296 297
55125 5
54880 22
54675 9
54432 363
54000 345
53760 422
52920 201
52500 27
52488 50
51840 942
51450 9
51200 135
51030 42
50625 2
50400 633
50176 22
50000 11
49392 53
49152 73
49000 27
48600 247
48384 433
48020 5
48000 330
47628 54
47250 52
47040 240
46875 1
46656 288
46305 3
46080 627
45927 5
45360 587
45000 62
44800 168
44100 67
43904 18
43750 1
43740 69
43200 810
43008 125
42875 1
42525 7
42336 167
42000 175
41472 422
41160 30
40960 56
40824 117
40500 88
40320 676
40000 47
39690 38
39375 1
39366 13
39200 61
38880 560
38416 3
38400 391
37800 279
37632 126
37500 7
37044 25
36864 176
36750 9
36450 32
36288 382
36000 296
35840 101
35721 4
35280 193
35000 18
34992 82
34560 776
34300 6
34020 147
33750 6
33600 345
33075 3
32928 30
32805 1
32768 9
32400 392
32256 261
32000 89
31752 88
31500 58
31360 55
31250 1
31104 289
30870 11
30720 251
30618 12
30375 2
30240 615
30000 60
29400 58
29160 155
28812 3
28800 559
28672 25
28350 46
28224 122
28125 2
28000 54
27648 258
27440 14
27216 193
27000 122
26880 325
26460 79
26250 5
26244 23
25920 576
25725 1
25600 83
25515 8
25200 305
25088 32
25000 9
24696 34
24576 58
24500 6
24300 85
24192 320
24000 182
23814 19
23625 1
23520 133
23328 176
23040 484
22680 250
22500 20
22400 97
22050 26
21952 7
21870 21
21600 417
21504 105
21168 86
21000 66
20736 280
20580 14
20480 43
20412 47
20250 14
20160 424
20000 29
19845 7
19600 31
19440 286
19200 255
18900 116
18816 60
18522 6
18432 140
18375 1
18225 3
18144 235
18000 127
17920 86
17640 76
17500 4
17496 41
17280 535
17010 28
16800 174
16464 22
16384 14
16200 167
16128 176
16000 51
15876 31
15750 12
15680 38
15552 186
15435 1
15360 196
15309 1
15120 259
15000 18
14700 17
14580 50
14400 323
14336 26
14175 7
14112 76
14000 30
13824 212
13720 3
13608 79
13500 47
13440 204
13230 21
13125 1
13122 4
12960 318
12800 65
12600 116
12544 15
12500 2
12348 10
12288 56
12250 3
12150 17
12096 219
12000 75
11907 2
11760 60
11664 78
11520 321
11340 73
11250 1
11200 73
11025 1
10976 5
10935 2
10800 202
10752 85
10584 31
10500 22
10368 198
10290 4
10240 30
10206 12
10080 221
10000 11
9800 13
9720 99
9604 1
9600 174
9450 23
9408 40
9216 106
9072 116
9000 45
8960 53
8820 35
8748 17
8640 311
8505 5
8400 91
8192 15
8100 53
8064 135
8000 32
7938 4
7875 3
7840 21
7776 125
7680 137
7560 121
7500 9
7350 6
7290 12
7203 1
7200 197
7168 18
7056 36
7000 10
6912 138
6860 3
6804 26
6750 11
6720 134
6615 3
6480 140
6400 46
6300 35
6272 17
6174 3
6144 46
6075 3
6048 106
6000 54
5880 26
5832 33
5760 206
5670 7
5600 28
5488 1
5400 75
5376 63
5292 19
5250 4
5184 112
5145 1
5120 31
5103 1
5040 110
5000 1
4900 2
4860 34
4800 92
4725 3
4704 32
4608 79
4536 40
4500 17
4480 23
4410 5
4374 4
4320 150
4200 38
4116 3
4096 6
4050 8
4032 78
4000 24
3969 1
3920 17
3888 51
3840 97
3780 42
3750 1
3645 1
3600 88
3584 16
3528 18
3500 2
3456 89
3430 2
3402 8
3360 62
3240 71
3200 27
3150 10
3136 4
3072 24
3024 49
3000 13
2940 6
2916 10
2880 127
2835 2
2800 12
2744 2
2700 23
2688 32
2646 2
2625 1
2592 52
2560 24
2520 47
2500 1
2450 1
2430 13
2400 41
2352 9
2304 58
2268 14
2250 2
2240 12
2160 68
2100 9
2058 3
2048 5
2016 27
2000 10
1960 5
1944 15
1920 57
1890 11
1800 41
1792 11
1764 4
1750 3
1728 36
1680 16
1620 17
1600 13
1568 3
1536 21
1512 21
1500 2
1470 2
1458 2
1440 53
1400 5
1372 1
1350 3
1344 19
1296 24
1280 11
1260 12
1200 10
1176 3
1152 39
1134 3
1120 7
1080 23
1050 2
1024 5
1008 20
1000 2
972 3
960 30
945 1
900 7
896 2
864 29
840 16
810 1
800 10
784 3
768 15
756 6
750 1
720 18
700 1
675 1
672 7
648 11
640 7
630 3
600 7
588 2
576 17
560 1
540 6
525 1
512 5
504 5
500 1
486 1
480 15
450 1
448 6
432 10
420 6
400 1
384 6
378 2
360 10
336 1
324 1
320 2
300 1
288 10
280 2
256 1
252 2
240 5
224 3
216 4
192 3
180 1
160 3
144 6
140 1
108 1
105 1
96 3
80 1
72 2
70 1
36 1
