3070 1
3058 1
3057 1
3051 1
3049 1
3031 1
3025 1
3024 1
3021 2
3020 1
3017 2
3015 1
3013 1
3012 3
3011 1
3009 2
3008 2
3007 3
3006 1
3005 1
3004 5
3003 2
3002 5
3001 6
3000 2
2999 3
2998 4
2997 5
2996 7
2995 6
2994 3
2993 4
2992 6
2991 9
2990 3
2989 5
2988 8
2987 6
2986 8
2985 8
2984 8
2983 12
2982 11
2981 9
2980 12
2979 11
2978 11
2977 13
2976 16
2975 15
2974 22
2973 11
2972 11
2971 18
2970 15
2969 14
2968 24
2967 9
2966 23
2965 22
2964 21
2963 27
2962 35
2961 27
2960 35
2959 24
2958 34
2957 38
2956 31
2955 38
2954 38
2953 38
2952 38
2951 57
2950 45
2949 69
2948 51
2947 62
2946 64
2945 55
2944 70
2943 56
2942 59
2941 62
2940 83
2939 92
2938 98
2937 84
2936 98
2935 93
2934 88
2933 102
2932 118
2931 122
2930 119
2929 107
2928 137
2927 123
2926 138
2925 157
2924 139
2923 179
2922 162
2921 179
2920 201
2919 182
2918 212
2917 218
2916 218
2915 236
2914 233
2913 262
2912 245
2911 257
2910 279
2909 323
2908 302
2907 299
2906 332
2905 338
2904 354
2903 364
2902 364
2901 435
2900 414
2899 409
2898 454
2897 443
2896 467
2895 493
2894 485
2893 519
2892 542
2891 562
2890 589
2889 624
2888 596
2887 657
2886 645
2885 670
2884 723
2883 706
2882 738
2881 768
2880 853
2879 843
2878 876
2877 875
2876 928
2875 967
2874 970
2873 1047
2872 1035
2871 1015
2870 1073
2869 1136
2868 1206
2867 1121
2866 1221
2865 1291
2864 1285
2863 1274
2862 1332
2861 1386
2860 1478
2859 1431
2858 1451
2857 1537
2856 1584
2855 1634
2854 1768
2853 1739
2852 1791
2851 1788
2850 1967
2849 1863
2848 1888
2847 1993
2846 2025
2845 2062
2844 2079
2843 2176
2842 2263
2841 2257
2840 2321
2839 2349
2838 2423
2837 2537
2836 2545
2835 2516
2834 2686
2833 2717
2832 2824
2831 2796
2830 2816
2829 2903
2828 3020
2827 2943
2826 2975
2825 3135
2824 3223
2823 3178
2822 3206
2821 3270
2820 3435
2819 3409
2818 3597
2817 3664
2816 3674
2815 3743
2814 3787
2813 3792
2812 3933
2811 3894
2810 3909
2809 4151
2808 4214
2807 4267
2806 4249
2805 4288
2804 4433
2803 4450
2802 4382
2801 4537
2800 4566
2799 4617
2798 4722
2797 4734
2796 4849
2795 4911
2794 4992
2793 4964
2792 5098
2791 5163
2790 5119
2789 5134
2788 5200
2787 5278
2786 5210
2785 5506
2784 5378
2783 5519
2782 5472
2781 5569
2780 5515
2779 5537
2778 5638
2777 5680
2776 5709
2775 5911
2774 5766
2773 5837
2772 5913
2771 5834
2770 5847
2769 5936
2768 5945
2767 6146
2766 5980
2765 5953
2764 6080
2763 6090
2762 6002
2761 6084
2760 6164
2759 6018
2758 6138
2757 6204
2756 6237
2755 6031
2754 6232
2753 6277
2752 6142
2751 6301
2750 6289
2749 6080
2748 6028
2747 6159
2746 6147
2745 6310
2744 6086
2743 6072
2742 6188
2741 6163
2740 6171
2739 6023
2738 6006
2737 6160
2736 6144
2735 6121
2734 5991
2733 5964
2732 6067
2731 5875
2730 5955
2729 5866
2728 6026
2727 5829
2726 5822
2725 5620
2724 5636
2723 5837
2722 5609
2721 5596
2720 5429
2719 5606
2718 5533
2717 5318
2716 5332
2715 5300
2714 5267
2713 5203
2712 5339
2711 5151
2710 4996
2709 5130
2708 5064
2707 4939
2706 4924
2705 4791
2704 4906
2703 4804
2702 4612
2701 4640
2700 4600
2699 4555
2698 4539
2697 4523
2696 4321
2695 4276
2694 4210
2693 4131
2692 3927
2691 3999
2690 4066
2689 3940
2688 3905
2687 3808
2686 3898
2685 3748
2684 3681
2683 3599
2682 3528
2681 3494
2680 3482
2679 3286
2678 3356
2677 3299
2676 3150
2675 3104
2674 3054
2673 3068
2672 3096
2671 2844
2670 2840
2669 2866
2668 2814
2667 2643
2666 2610
2665 2544
2664 2607
2663 2449
2662 2497
2661 2371
2660 2355
2659 2293
2658 2184
2657 2180
2656 2117
2655 2043
2654 2079
2653 1979
2652 1897
2651 1851
2650 1829
2649 1783
2648 1722
2647 1748
2646 1684
2645 1644
2644 1531
2643 1585
2642 1543
2641 1545
2640 1405
2639 1363
2638 1455
2637 1324
2636 1287
2635 1258
2634 1226
2633 1211
2632 1101
2631 1124
2630 1097
2629 1054
2628 1030
2627 990
2626 957
2625 925
2624 982
2623 882
2622 843
2621 857
2620 852
2619 770
2618 723
2617 747
2616 723
2615 703
2614 686
2613 645
2612 601
2611 587
2610 641
2609 566
2608 537
2607 527
2606 494
2605 478
2604 489
2603 466
2602 421
2601 454
2600 406
2599 395
2598 391
2597 342
2596 386
2595 328
2594 332
2593 346
2592 295
2591 302
2590 269
2589 257
2588 258
2587 276
2586 258
2585 258
2584 236
2583 188
2582 208
2581 185
2580 185
2579 217
2578 199
2577 158
2576 179
2575 183
2574 138
2573 159
2572 142
2571 142
2570 117
2569 121
2568 109
2567 90
2566 114
2565 93
2564 84
2563 72
2562 84
2561 79
2560 78
2559 76
2558 56
2557 72
2556 74
2555 64
2554 62
2553 50
2552 53
2551 47
2550 47
2549 62
2548 45
2547 37
2546 40
2545 33
2544 33
2543 33
2542 29
2541 32
2540 29
2539 37
2538 24
2537 31
2536 21
2535 17
2534 23
2533 32
2532 25
2531 13
2530 13
2529 20
2528 19
2527 12
2526 11
2525 10
2524 13
2523 14
2522 15
2521 8
2520 6
2519 8
2518 14
2517 10
2516 7
2515 5
2514 9
2513 5
2512 8
2511 9
2510 6
2509 9
2508 2
2507 4
2506 2
2505 2
2504 3
2503 6
2502 1
2501 7
2500 3
2499 3
2498 3
2497 2
2496 1
2495 1
2494 2
2493 2
2492 2
2491 3
2490 2
2489 1
2488 3
2485 1
2482 2
2480 1
2479 3
2475 2
2474 1
2472 1
2468 1
2465 1
2461 1
2444 2
