3094 1
3056 1
3047 1
3046 1
3039 1
3031 1
3028 1
3025 1
3023 1
3022 1
3020 2
3019 2
3015 2
3014 2
3013 1
3012 1
3011 1
3010 2
3009 3
3008 5
3007 1
3006 3
3005 2
3004 3
3003 1
3002 2
3001 5
3000 6
2999 2
2998 6
2997 4
2996 7
2995 3
2994 4
2993 3
2992 8
2991 7
2990 6
2989 4
2988 6
2987 5
2986 9
2985 10
2984 12
2983 7
2982 15
2981 5
2980 12
2979 13
2978 8
2977 11
2976 12
2975 22
2974 15
2973 16
2972 17
2971 21
2970 12
2969 15
2968 17
2967 21
2966 25
2965 31
2964 23
2963 20
2962 26
2961 26
2960 35
2959 35
2958 36
2957 47
2956 36
2955 38
2954 47
2953 42
2952 38
2951 48
2950 50
2949 34
2948 55
2947 53
2946 79
2945 53
2944 70
2943 72
2942 63
2941 71
2940 90
2939 77
2938 98
2937 82
2936 89
2935 103
2934 97
2933 111
2932 120
2931 124
2930 108
2929 131
2928 141
2927 145
2926 128
2925 156
2924 161
2923 174
2922 197
2921 165
2920 192
2919 185
2918 187
2917 212
2916 213
2915 232
2914 237
2913 238
2912 213
2911 294
2910 273
2909 310
2908 276
2907 332
2906 324
2905 362
2904 360
2903 353
2902 378
2901 402
2900 370
2899 385
2898 439
2897 464
2896 446
2895 512
2894 445
2893 508
2892 541
2891 509
2890 574
2889 607
2888 600
2887 604
2886 662
2885 675
2884 680
2883 703
2882 724
2881 801
2880 794
2879 790
2878 885
2877 829
2876 926
2875 970
2874 923
2873 987
2872 1074
2871 1107
2870 1110
2869 1087
2868 1107
2867 1205
2866 1233
2865 1205
2864 1342
2863 1335
2862 1374
2861 1437
2860 1360
2859 1440
2858 1515
2857 1572
2856 1530
2855 1657
2854 1669
2853 1768
2852 1726
2851 1737
2850 1811
2849 1908
2848 1878
2847 1966
2846 2044
2845 2146
2844 2094
2843 2183
2842 2176
2841 2207
2840 2435
2839 2391
2838 2387
2837 2421
2836 2487
2835 2548
2834 2593
2833 2749
2832 2747
2831 2800
2830 2895
2829 2932
2828 2975
2827 3081
2826 2992
2825 3197
2824 3305
2823 3163
2822 3201
2821 3420
2820 3485
2819 3451
2818 3522
2817 3598
2816 3765
2815 3677
2814 3744
2813 3849
2812 3903
2811 3977
2810 4071
2809 4090
2808 4160
2807 4179
2806 4261
2805 4273
2804 4330
2803 4391
2802 4479
2801 4549
2800 4577
2799 4624
2798 4686
2797 4737
2796 4738
2795 4850
2794 4978
2793 4987
2792 4976
2791 5164
2790 5061
2789 5110
2788 5254
2787 5200
2786 5315
2785 5316
2784 5452
2783 5446
2782 5373
2781 5458
2780 5548
2779 5669
2778 5662
2777 5729
2776 5740
2775 5692
2774 5776
2773 5881
2772 5941
2771 5877
2770 5919
2769 5925
2768 6053
2767 6038
2766 6049
2765 6009
2764 6002
2763 6142
2762 6085
2761 6134
2760 6170
2759 6248
2758 6186
2757 6278
2756 6155
2755 6112
2754 6194
2753 6226
2752 6195
2751 6275
2750 6193
2749 6302
2748 6303
2747 6102
2746 6242
2745 6170
2744 6125
2743 6102
2742 6316
2741 6066
2740 6215
2739 6174
2738 6156
2737 6066
2736 6144
2735 6148
2734 6108
2733 5990
2732 5954
2731 5900
2730 6021
2729 5828
2728 5804
2727 5699
2726 5859
2725 5805
2724 5607
2723 5508
2722 5632
2721 5526
2720 5576
2719 5406
2718 5376
2717 5429
2716 5548
2715 5346
2714 5253
2713 5148
2712 5151
2711 5202
2710 5097
2709 5122
2708 5040
2707 4830
2706 4961
2705 4835
2704 4842
2703 4807
2702 4715
2701 4646
2700 4667
2699 4533
2698 4404
2697 4416
2696 4424
2695 4285
2694 4362
2693 4236
2692 4210
2691 4010
2690 3914
2689 3927
2688 3888
2687 3834
2686 3883
2685 3797
2684 3649
2683 3561
2682 3616
2681 3417
2680 3507
2679 3312
2678 3380
2677 3255
2676 3233
2675 3136
2674 3051
2673 3055
2672 2943
2671 2941
2670 2954
2669 2816
2668 2711
2667 2771
2666 2678
2665 2496
2664 2509
2663 2472
2662 2369
2661 2496
2660 2311
2659 2255
2658 2263
2657 2129
2656 2175
2655 2016
2654 2013
2653 2016
2652 1930
2651 1847
2650 1867
2649 1788
2648 1770
2647 1722
2646 1749
2645 1664
2644 1656
2643 1556
2642 1539
2641 1483
2640 1431
2639 1410
2638 1342
2637 1326
2636 1283
2635 1269
2634 1188
2633 1191
2632 1164
2631 1059
2630 1079
2629 1007
2628 1042
2627 1008
2626 972
2625 934
2624 829
2623 904
2622 795
2621 826
2620 823
2619 742
2618 724
2617 733
2616 721
2615 688
2614 672
2613 586
2612 615
2611 596
2610 593
2609 565
2608 542
2607 561
2606 526
2605 484
2604 489
2603 469
2602 416
2601 452
2600 403
2599 395
2598 369
2597 359
2596 335
2595 364
2594 334
2593 326
2592 286
2591 322
2590 259
2589 255
2588 235
2587 254
2586 241
2585 240
2584 231
2583 213
2582 181
2581 192
2580 187
2579 194
2578 192
2577 192
2576 163
2575 155
2574 149
2573 125
2572 145
2571 136
2570 125
2569 115
2568 120
2567 101
2566 105
2565 99
2564 93
2563 90
2562 97
2561 81
2560 70
2559 63
2558 64
2557 86
2556 83
2555 54
2554 60
2553 58
2552 51
2551 43
2550 53
2549 46
2548 39
2547 52
2546 41
2545 42
2544 42
2543 33
2542 35
2541 33
2540 36
2539 30
2538 28
2537 29
2536 16
2535 23
2534 20
2533 16
2532 23
2531 24
2530 16
2529 9
2528 18
2527 11
2526 14
2525 11
2524 17
2523 8
2522 6
2521 11
2520 7
2519 11
2518 6
2517 9
2516 13
2515 4
2514 6
2513 7
2512 10
2511 7
2510 5
2509 5
2508 7
2507 7
2505 4
2504 3
2503 3
2502 1
2501 2
2500 4
2499 2
2498 2
2497 2
2496 3
2494 3
2493 3
2492 2
2491 1
2490 1
2488 1
2487 2
2486 1
2485 2
2484 2
2483 1
2482 1
2481 1
2479 2
2477 1
2475 1
2465 1
2458 1
