4665600000 2
4133430000 1
3969000000 1
3732480000 1
3628800000 2
3572100000 1
3456000000 1
3359232000 1
3276800000 1
3265920000 2
3240000000 1
3225600000 3
3110400000 1
2976069600 2
2916000000 1
2903040000 1
2867200000 1
2857680000 1
2835000000 1
2834352000 2
2799360000 3
2755620000 1
2721600000 6
2688000000 1
2645395200 1
2621440000 1
2612736000 1
2592000000 1
2582803260 1
2580480000 1
2571912000 2
2540160000 1
2520000000 2
2508800000 1
2500470000 2
2449440000 2
2430000000 1
2419200000 1
2380855680 1
2352000000 1
2351462400 2
2332800000 3
2322432000 2
2314720800 1
2304000000 2
2286144000 3
2268000000 2
2267481600 1
2239488000 1
2222640000 2
2211840000 1
2205000000 1
2204496000 3
2177280000 2
2160000000 1
2143260000 2
2123366400 2
2099520000 1
2090188800 1
2083248720 1
2073600000 1
2041200000 4
2032128000 2
2016000000 1
2015539200 1
2000376000 1
1990656000 3
1984046400 2
1968300000 1
1959552000 2
1944000000 4
1935360000 4
1928934000 3
1920000000 1
1905120000 4
1890000000 1
1889568000 4
1881600000 2
1866240000 1
1851776640 1
1843200000 4
1837080000 5
1828915200 3
1814400000 8
1806336000 2
1800338400 2
1792000000 3
1791590400 1
1786050000 3
1785641760 1
1778112000 3
1771470000 1
1769472000 1
1764000000 2
1763596800 4
1756160000 1
1750329000 1
1750000000 1
1749600000 3
1741824000 6
1736040600 2
1728000000 4
1714608000 3
1701000000 3
1700611200 2
1693440000 4
1679616000 2
1666980000 2
1658880000 3
1653372000 2
1646023680 1
1638400000 1
1632960000 16
1612800000 2
1607077584 1
1592524800 2
1587600000 4
1587237120 3
1574640000 5
1568000000 1
1567641600 5
1555848000 1
1555200000 9
1543147200 5
1536000000 1
1530900000 5
1524096000 2
1512000000 4
1511654400 5
1505280000 2
1492992000 5
1488034800 2
1476225000 1
1469664000 13
1463132160 2
1458000000 4
1451520000 16
1446700500 1
1445068800 1
1440270720 3
1440000000 2
1433600000 3
1428840000 8
1422489600 4
1417176000 3
1411200000 6
1410877440 1
1399680000 11
1393459200 1
1389150000 2
1388832480 5
1382976000 2
1382400000 9
1377810000 5
1376256000 1
1372000000 1
1371686400 6
1361367000 1
1360800000 5
1360488960 2
1354752000 3
1350253800 2
1344000000 2
1343692800 5
1339231320 2
1333584000 10
1327104000 4
1323000000 1
1322697600 9
1317120000 3
1312200000 8
1306368000 15
1296540000 3
1296000000 4
1290240000 6
1285956000 4
1280240640 2
1275750000 3
1275458400 1
1274019840 1
1270080000 16
1264435200 2
1260236880 1
1260000000 3
1259712000 9
1254113280 1
1250235000 2
1249949232 1
1244160000 12
1240029000 1
1238630400 1
1234800000 2
1234517760 2
1228800000 1
1225230300 1
1224720000 19
1219276800 5
1215228420 1
1215000000 2
1210104000 1
1209600000 21
1204224000 1
1200225600 1
1194393600 1
1190700000 1
1185408000 4
1180980000 5
1176000000 4
1175731200 16
1166886000 1
1166400000 3
1161216000 17
1157360400 10
1152480000 1
1152000000 8
1148175000 1
1146880000 1
1143072000 15
1137991680 1
1134000000 2
1133740800 6
1128960000 4
1125211500 1
1120210560 3
1120000000 3
1119744000 15
1116026100 2
1114767360 3
1111320000 7
1111065984 2
1106380800 1
1105920000 7
1102707270 1
1102248000 11
1097600000 2
1097349120 9
1093500000 4
1088640000 28
1088391168 1
1083801600 6
1080203040 1
1080000000 4
1075200000 4
1074954240 3
1071630000 9
1066867200 7
1062882000 2
1061683200 2
1058400000 10
1058158080 5
1053696000 2
1050000000 1
1049760000 19
1045094400 15
1041624360 3
1037232000 4
1036800000 19
1032192000 4
1028764800 19
1024192512 3
1020600000 14
1020366720 2
1016064000 27
1012690350 2
1011548160 3
1008000000 5
1007769600 5
1003520000 1
1000188000 19
995328000 12
992250000 2
992023200 10
987840000 9
987614208 4
984150000 2
983040000 2
980184240 1
980000000 2
979776000 40
975421440 3
972405000 1
972000000 11
967680000 32
967458816 2
964467000 5
960400000 1
960180480 7
960000000 1
952560000 22
948326400 6
945177660 1
945000000 5
944784000 9
940800000 2
940584960 10
933508800 3
933120000 30
928972800 7
926100000 2
925888320 5
921984000 1
921600000 11
918540000 15
918330048 1
914457600 23
911250000 1
907200000 35
906992640 5
903168000 14
900169200 2
900000000 1
896000000 3
895795200 14
893025000 4
889056000 12
885104640 1
884736000 5
882000000 7
881798400 16
878080000 4
877879296 1
875164500 2
874800000 15
871274880 1
870912000 41
868020300 2
867041280 3
864360000 6
864162432 2
864000000 5
860160000 8
857304000 37
853493760 6
850500000 9
850305600 2
849346560 1
846720000 24
846526464 4
842956800 2
840157920 2
840000000 2
839808000 29
838860800 1
836075520 7
833490000 4
833299488 2
829785600 2
829440000 17
826686000 11
825753600 4
823200000 5
823011840 8
820125000 3
816480000 37
812851200 21
810152280 2
810000000 1
806400000 19
806215680 4
803722500 2
802816000 2
800150400 13
800000000 1
796262400 7
793800000 17
793618560 5
790272000 13
787648050 1
787500000 1
787320000 15
786432000 2
784000000 3
783820800 36
781218270 2
777924000 6
777600000 32
774466560 1
774144000 20
771750000 1
771573600 18
768144384 3
768000000 3
765450000 7
762365520 1
762048000 56
758661120 7
756315000 2
756000000 13
755827200 12
752640000 10
752467968 1
750141000 5
746807040 2
746496000 38
744017400 4
743178240 10
740880000 11
740710656 4
737280000 10
735000000 1
734832000 55
734003200 1
731566080 13
729000000 3
726062400 2
725760000 65
725594112 2
723350250 1
722534400 8
720300000 2
720135360 6
720000000 7
716800000 8
716636160 3
714420000 18
714256704 1
711244800 24
708750000 2
708588000 7
708083712 1
707788800 2
705600000 21
705438720 16
702464000 3
700131600 6
700000000 1
699840000 36
696729600 33
694575000 5
694416240 2
691488000 6
691200000 21
688905000 5
688128000 5
686128968 1
685843200 50
682795008 1
680400000 40
680244480 4
677376000 44
675126900 3
675000000 1
672280000 2
672126336 1
672000000 9
671846400 24
666792000 25
663828480 2
663552000 15
661500000 4
661348800 24
658560000 12
658409472 5
656100000 8
655360000 1
653456160 2
653184000 94
650280960 7
648270000 4
648121824 1
648000000 17
645120000 30
644972544 2
642978000 19
640120320 12
640000000 2
637875000 2
637729200 1
637009920 5
635304600 1
635040000 51
634894848 3
632217600 4
630118440 5
630000000 7
629856000 32
627200000 10
627056640 21
625117500 3
622339200 6
622080000 47
620014500 4
619315200 9
617400000 6
617258880 23
614656000 4
614400000 8
612615150 1
612360000 41
612220032 1
609638400 48
607614210 3
607500000 5
606928896 1
605052000 1
604800000 45
604661760 12
602112000 8
600112800 31
600000000 1
597196800 23
595350000 9
595213920 11
592704000 33
590490000 3
589824000 10
588245000 1
588110544 1
588000000 5
587865600 75
585252864 3
583443000 6
583200000 39
580849920 1
580608000 96
578680200 13
578027520 4
576240000 1
576108288 7
576000000 11
573956280 1
573440000 3
571536000 66
568995840 6
567000000 24
566870400 10
566231040 1
564480000 52
564350976 6
561971200 1
560105280 12
560000000 7
559872000 52
558013050 2
557383680 14
555660000 20
553190400 9
552960000 26
551250000 3
551124000 40
550502400 3
548800000 10
548674560 35
546852789 2
546750000 2
544546800 2
544320000 99
544195584 2
541900800 25
540225000 4
540101520 17
540000000 9
537824000 1
537600000 26
537477120 13
535815000 8
533433600 39
531441000 3
531062784 1
530841600 13
529200000 31
529079040 35
526848000 15
525098700 8
525000000 1
524880000 48
522547200 82
520812180 4
520224768 1
518616000 21
518400000 58
516678750 1
516311040 1
516096000 33
514500000 2
514382400 46
512096256 5
512000000 2
510300000 26
510183360 3
509607936 1
508243680 1
508032000 98
506345175 1
505774080 3
504094752 5
504000000 19
503884800 38
501760000 11
501645312 3
500094000 21
497871360 8
497664000 64
496125000 1
496011600 16
495452160 2
493920000 28
493807104 4
492075000 4
491724800 2
491520000 6
490092120 2
490000000 1
489888000 120
487710720 26
486000000 14
484041600 6
483840000 86
483729408 1
482233500 9
481689600 2
480200000 3
480090240 18
480000000 10
478296900 2
477757440 9
476280000 58
476171136 9
474163200 33
472588830 1
472500000 5
472392000 20
471859200 3
470596000 1
470400000 23
470292480 58
466754400 18
466560000 82
464486400 48
463050000 8
462944160 30
460992000 9
460800000 20
459270000 22
459165024 1
458752000 4
457419312 1
457228800 97
455196672 2
453600000 92
453496320 12
452984832 1
451584000 47
450084600 26
450000000 3
449576960 1
448084224 2
448000000 8
447897600 54
446512500 4
446410440 3
445906944 2
444528000 63
442552320 4
442368000 24
441000000 12
440899200 80
439040000 11
438939648 15
437582250 3
437400000 29
435637440 6
435456000 124
434010150 8
433520640 13
432180000 8
432081216 4
432000000 22
430080000 30
429981696 3
428652000 79
426746880 38
425250000 11
425152800 10
424673280 4
423536400 1
423360000 110
423263232 11
421478400 14
420078960 14
420000000 4
419904000 86
418037760 40
416745000 6
416649744 2
414892800 17
414720000 81
413343000 14
412876800 18
411600000 9
411505920 60
409600000 5
408410100 2
408240000 121
408146688 1
406594944 3
406425600 97
405076140 3
405000000 4
404619264 2
403368000 5
403200000 50
403107840 25
401861250 1
401769396 1
401408000 15
400075200 56
400000000 2
398297088 2
398131200 31
396900000 47
396809280 22
396361728 1
395136000 38
393824025 1
393660000 27
393216000 2
392000000 8
391910400 152
390168576 5
388962000 24
388800000 66
387233280 3
387072000 92
385875000 2
385786800 55
385351680 4
384160000 9
384072192 12
384000000 8
382725000 17
382637520 1
381182760 1
381024000 176
379330560 18
378157500 1
378000000 48
377913600 37
376320000 36
376233984 11
375070500 7
375000000 1
373403520 23
373248000 117
372008700 5
371589120 31
370440000 56
370355328 12
368793600 6
368640000 36
367416000 117
367001600 1
365783040 77
364500000 7
363031200 4
362880000 208
362797056 3
361675125 1
361267200 34
360150000 3
360067680 30
360000000 11
358400000 14
358318080 29
357210000 48
357128352 4
355622400 79
354294000 14
354041856 1
353894400 22
352800000 76
352719360 65
351232000 15
350065800 12
350000000 1
349920000 96
348509952 2
348364800 139
347287500 3
347208120 6
346816512 1
345744000 19
345600000 68
344452500 6
344207360 1
344064000 20
343000000 5
342921600 124
341397504 8
340200000 80
340122240 15
339738624 1
338829120 1
338688000 130
337563450 3
337500000 3
336140000 1
336063168 6
336000000 27
335923200 111
334430208 6
333396000 60
331914240 12
331776000 99
330750000 3
330674400 48
330301440 5
329280000 31
329204736 20
328050000 8
327680000 3
326728080 5
326592000 254
325140480 40
324135000 11
324060912 6
324000000 34
322694400 2
322560000 92
322486272 6
321489000 41
321126400 4
320060160 52
320000000 1
318937500 3
318864600 4
318504960 11
317520000 136
317447424 6
316108800 42
315059220 2
315000000 9
314928000 85
314572800 4
313600000 12
313528320 98
312558750 1
312487308 2
311169600 39
311040000 129
309786624 1
309657600 63
308700000 15
308629440 55
307328000 8
307200000 18
306307575 1
306250000 1
306180000 88
306110016 2
304819200 212
303750000 2
303464448 4
302526000 8
302400000 137
302330880 44
301327047 1
301056000 35
300056400 54
300000000 1
298722816 4
298598400 90
297675000 14
297606960 17
297271296 2
296352000 95
295245000 11
295034880 2
294912000 21
294055272 1
294000000 13
293932800 177
293601280 2
292626432 15
291721500 6
291600000 77
290424960 6
290304000 245
289340100 21
289013760 8
288120000 12
288054144 13
288000000 35
287043750 2
286978140 3
286720000 10
286654464 9
285887070 2
285768000 194
284497920 68
283553298 2
283500000 37
283435200 51
283115520 4
282357600 2
282240000 143
282175488 12
281250000 1
280985600 6
280052640 20
280000000 7
279936000 178
278691840 55
277830000 46
277766496 11
276595200 24
276480000 83
275625000 2
275562000 63
275251200 8
274400000 11
274337280 121
273375000 3
272273400 7
272160000 233
272097792 8
270950400 127
270112500 2
270050760 19
270000000 9
268912000 2
268800000 62
268738560 52
267907500 13
267846264 2
266827932 2
266716800 124
265720500 3
265531392 2
265420800 53
264600000 69
264539520 66
264241152 1
263424000 36
262500000 3
262440000 79
262144000 2
261382464 2
261273600 237
260406090 1
260112384 9
259308000 37
259200000 126
258155520 1
258048000 98
257250000 3
257191200 119
256901120 2
256048128 16
256000000 3
255150000 51
255091680 10
254803968 3
254121840 2
254016000 285
252887040 18
252105000 1
252047376 5
252000000 56
251942400 97
251658240 1
250880000 23
250822656 16
250047000 30
248935680 22
248832000 185
248062500 4
248005800 29
247726080 23
246960000 61
246903552 35
246037500 2
245862400 4
245760000 24
245046060 7
245000000 2
244944000 281
243855360 120
243101250 2
243045684 3
243000000 23
242020800 11
241920000 247
241864704 11
241116750 5
240844800 31
240100000 4
240045120 63
240000000 10
238878720 22
238140000 107
238085568 10
237081600 97
236250000 6
236196000 63
235929600 12
235298000 1
235200000 55
235146240 146
233377200 27
233280000 199
232243200 193
231525000 8
231472080 41
231211008 4
230496000 19
230400000 68
229635000 41
229582512 2
229376000 11
228709656 1
228614400 303
227598336 12
226894500 2
226800000 162
226748160 43
225886080 1
225792000 181
225042300 21
225000000 2
224788480 3
224042112 10
224000000 23
223948800 171
223256250 1
222953472 14
222264000 132
221433750 1
221276160 19
221184000 84
220500000 24
220449600 183
220200960 3
219520000 19
219469824 30
218700000 37
217818720 14
217728000 484
216760320 60
216090000 19
216040608 9
216000000 73
215129600 1
215040000 82
214990848 12
214375000 1
214326000 124
213373440 88
212625000 11
212576400 19
212336640 15
211680000 197
211631616 28
210739200 37
210039480 9
210000000 14
209952000 176
209715200 1
209018880 144
208372500 11
208324872 8
207446400 43
207360000 187
206671500 21
206438400 64
205800000 21
205752960 152
204800000 12
204205050 3
204120000 234
204073344 3
203297472 1
203212800 260
202538070 8
202500000 15
202309632 4
201684000 6
201600000 175
201553920 83
200704000 32
200037600 117
200000000 1
199148544 17
199065600 118
198450000 49
198404640 52
198180864 6
197568000 124
196875000 1
196830000 36
196689920 4
196608000 14
196036848 3
196000000 17
195955200 385
195084288 33
194481000 17
194400000 173
193616640 8
193536000 259
192937500 3
192893400 60
192675840 11
192080000 8
192036096 27
192000000 41
191362500 12
191318760 3
191102976 5
190512000 361
189665280 65
189078750 1
189035532 1
189000000 48
188956800 106
188743680 5
188160000 102
188116992 37
187535250 11
187500000 1
186701760 35
186624000 309
186004350 3
185794560 94
185220000 67
185177664 31
184396800 24
184320000 79
183784545 3
183708000 218
183500800 5
182891520 183
182250000 13
181515600 11
181440000 435
181398528 10
180633600 127
180033840 47
180000000 27
179200000 32
179159040 106
178605000 64
178564176 4
177811200 182
177147000 20
177020928 2
176947200 56
176400000 106
176359680 178
176160768 1
175616000 35
175032900 24
175000000 4
174960000 211
174254976 6
174182400 380
173604060 8
173408256 9
172872000 43
172800000 138
172226250 3
172103680 1
172032000 62
171532242 1
171500000 6
171460800 270
170698752 21
170100000 112
170061120 30
169869312 2
169414560 2
169344000 344
168750000 1
168591360 12
168070000 4
168031584 13
168000000 54
167961600 214
167215104 27
166698000 103
165957120 39
165888000 216
165375000 10
165337200 81
165150720 23
164640000 73
164602368 61
164025000 15
163840000 8
163364040 1
163296000 537
162570240 153
162067500 4
162030456 8
162000000 84
161347200 8
161280000 263
161243136 19
160744500 35
160563200 18
160030080 124
160000000 6
159468750 2
159432300 3
159252480 61
158760000 223
158723712 21
158120256 1
158054400 103
157529610 3
157500000 14
157464000 136
157286400 3
156800000 43
156764160 261
155584800 65
155520000 317
155003625 1
154893312 2
154828800 208
154350000 24
154314720 118
154140672 1
153664000 12
153600000 54
153090000 107
152473104 1
152409600 462
151732224 12
151263000 7
151200000 249
151165440 77
150528000 124
150062500 1
150028200 68
150000000 3
149361408 11
149299200 260
148837500 7
148803480 19
148635648 20
148176000 200
147622500 3
147517440 11
147456000 83
147027636 2
147000000 19
146966400 382
146800640 1
146313216 51
145860750 2
145800000 109
145212480 13
145152000 566
144670050 4
144506880 47
144060000 19
144027072 27
144000000 77
143489070 1
143360000 42
143327232 20
142884000 319
142248960 159
141776649 1
141750000 26
141717600 51
141557760 13
141178800 2
141120000 275
141087744 68
140492800 21
140026320 35
140000000 8
139968000 379
139345920 205
138915000 38
138883248 17
138297600 66
138240000 239
137781000 79
137625600 26
137200000 15
137168640 291
136136700 10
136080000 421
136048896 17
135475200 331
135056250 1
135025380 19
135000000 32
134873088 1
134456000 5
134400000 104
134369280 120
133953750 5
133923132 1
133358400 251
132860250 2
132765696 16
132710400 163
132300000 89
132269760 137
131766880 1
131712000 119
131250000 1
131220000 95
131072000 4
130691232 7
130636800 633
130056192 22
129654000 55
129600000 248
129077760 13
129024000 258
128625000 1
128595600 161
128450560 4
128024064 47
128000000 13
127575000 34
127545840 13
127401984 7
127060920 2
127008000 584
126443520 55
126052500 1
126023688 5
126000000 94
125971200 247
125829120 4
125440000 50
125411328 62
125023500 34
124467840 65
124416000 435
124031250 1
124002900 22
123863040 59
123531450 1
123480000 121
123451776 45
123018750 1
122931200 15
122880000 52
122523030 3
122500000 4
122472000 447
121927680 325
121522842 3
121500000 41
121010400 18
120960000 512
120932352 31
120558375 2
120422400 79
120050000 5
120022560 140
120000000 14
119439360 109
119070000 137
119042784 18
118540800 231
118125000 5
118098000 53
118013952 5
117964800 38
117600000 86
117573120 338
116688600 53
116640000 331
116169984 4
116121600 533
115762500 6
115736040 47
115605504 11
115248000 47
115200000 128
114817500 32
114791256 1
114688000 28
114354828 1
114307200 514
113906250 1
113799168 34
113447250 1
113400000 236
113374080 53
112943040 5
112896000 378
112521150 14
112500000 3
112394240 10
112021056 23
112000000 32
111974400 372
111628125 1
111602610 1
111476736 29
111178305 1
111132000 213
110638080 49
110592000 234
110270727 2
110250000 24
110224800 253
110100480 14
109760000 39
109734912 89
109350000 49
108909360 16
108864000 890
108380160 130
108045000 18
108020304 16
108000000 91
107564800 7
107520000 190
107495424 32
107163000 158
106686720 214
106312500 4
106288200 22
106168320 56
105884100 2
105840000 360
105815808 57
105369600 64
105019740 17
105000000 15
104976000 340
104509440 369
104186250 7
104162436 3
103723200 93
103680000 444
103335750 8
103262208 1
103219200 175
102900000 32
102876480 219
102760448 1
102400000 27
102102525 2
102060000 298
102036672 10
101648736 2
101606400 614
101250000 6
101154816 11
100842000 4
100800000 272
100776960 145
100352000 48
100018800 161
100000000 3
99574272 36
99532800 309
99225000 44
99202320 73
99090432 7
98784000 233
98415000 34
98344960 4
98304000 43
98018424 4
98000000 17
97977600 709
97542144 60
97240500 21
97200000 245
96808320 20
96768000 646
96446700 52
96337920 26
96040000 16
96018048 51
96000000 43
95681250 2
95659380 3
95551488 15
95295690 2
95256000 541
94832640 156
94517766 1
94500000 69
94478400 155
94371840 15
94119200 2
94080000 182
94058496 106
93767625 3
93350880 80
93312000 581
93002175 1
92897280 220
92610000 84
92588832 39
92198400 50
92160000 207
91875000 3
91854000 218
91750400 18
91445760 442
91125000 12
90757800 10
90720000 763
90699264 28
90316800 294
90016920 63
90000000 20
89915392 2
89600000 74
89579520 224
89302500 48
89282088 3
88942644 1
88905600 394
88573500 14
88510464 13
88473600 139
88200000 161
88179840 303
88080384 2
87808000 48
87516450 13
87500000 3
87480000 266
87127488 10
87091200 848
86802030 14
86704128 31
86436000 69
86400000 291
86113125 2
86051840 4
86016000 157
85750000 4
85730400 403
85349376 55
85050000 125
85030560 42
84934656 5
84707280 5
84672000 671
84295680 36
84035000 1
84015792 20
84000000 82
83980800 459
83886080 1
83607552 66
83349000 98
82978560 96
82944000 549
82687500 10
82668600 103
82575360 55
82320000 86
82301184 101
82012500 1
81920000 30
81682020 5
81648000 891
81285120 380
81033750 3
81015228 8
81000000 77
80673600 18
80640000 473
80621568 43
80372250 20
80281600 32
80015040 246
80000000 19
79716150 3
79626240 131
79380000 359
79361856 28
79027200 226
78764805 2
78750000 7
78732000 186
78675968 2
78643200 16
78400000 68
78382080 550
78121827 1
77792400 90
77760000 570
77446656 7
77414400 438
77175000 23
77157360 139
77070336 5
76832000 24
76800000 120
76545000 110
76527504 4
76236552 4
76204800 889
75866112 36
75631500 7
75600000 359
75582720 163
75497472 2
75264000 218
75014100 64
75000000 9
74680704 44
74649600 612
74418750 6
74401740 18
74317824 47
74088000 290
73811250 2
73758720 26
73728000 149
73513818 2
73500000 24
73483200 542
73400320 1
73156608 129
72930375 2
72900000 149
72606240 34
72576000 1153
72335025 3
72253440 115
72030000 17
72013536 44
72000000 98
71680000 95
71663616 43
71442000 372
71124480 263
70875000 20
70858800 55
70778880 53
70589400 5
70560000 446
70543872 117
70246400 26
70013160 50
70000000 9
69984000 585
69672960 449
69457500 36
69441624 13
69148800 113
69120000 448
68906250 1
68890500 42
68812800 98
68600000 27
68584320 458
68068350 3
68040000 638
68024448 18
67737600 674
67512690 11
67500000 21
67436544 10
67228000 6
67200000 199
67184640 291
66976875 1
66679200 339
66382848 22
66355200 326
66150000 103
66134880 161
66060288 11
65856000 141
65610000 108
65536000 13
65345616 10
65318400 1135
65028096 64
64827000 45
64800000 311
64538880 13
64512000 569
64312500 1
64297800 172
64225280 9
64012032 96
64000000 37
63787500 18
63772920 18
63700992 22
63530460 3
63504000 905
63221760 128
63026250 1
63011844 6
63000000 103
62985600 369
62914560 6
62720000 91
62705664 141
62511750 18
62500000 1
62233920 118
62208000 799
62001450 13
61931520 206
61740000 136
61725888 84
61465600 22
61440000 123
61261515 2
61236000 554
60963840 620
60750000 30
60505200 24
60480000 843
60466176 44
60211200 155
60025000 6
60011280 146
60000000 29
59719680 275
59535000 152
59521392 22
59270400 437
59062500 2
59049000 52
59006976 3
58982400 96
58800000 144
58786560 593
58344300 34
58320000 553
58084992 13
58060800 1046
57881250 5
57868020 50
57802752 25
57624000 66
57600000 247
57408750 11
57395628 1
57344000 71
57153600 853
56899584 83
56700000 239
56687040 102
56623104 7
56471520 1
56448000 652
56260575 1
56250000 2
56197120 16
56010528 36
56000000 54
55987200 749
55801305 1
55738368 93
55566000 256
55319040 85
55296000 501
55125000 17
55112400 265
55050240 28
54880000 66
54867456 187
54675000 40
54454680 21
54432000 1433
54190080 332
54022500 13
54010152 26
54000000 117
53782400 7
53760000 317
53747712 64
53581500 84
53343360 364
53156250 2
53144100 20
53084160 105
52920000 499
52907904 101
52684800 163
52509870 14
52500000 7
52488000 440
52428800 11
52254720 742
52093125 3
52081218 4
51861600 140
51840000 778
51667875 2
51631104 4
51609600 390
51450000 32
51438240 333
51200000 41
51030000 320
51018336 12
50824368 3
50803200 1161
50625000 6
50577408 21
50421000 9
50400000 362
50388480 291
50331648 1
50176000 108
50009400 170
50000000 5
49787136 52
49766400 705
49612500 31
49601160 65
49545216 27
49392000 313
49207500 14
49172480 15
49152000 79
49009212 8
49000000 28
48988800 1085
48771072 162
48620250 15
48600000 269
48404160 21
48384000 1316
48223350 15
48168960 71
48020000 20
48009024 103
48000000 83
47829690 4
47775744 59
47628000 714
47416320 326
47258883 1
47250000 56
47239200 175
47185920 30
47059600 1
47040000 312
47029248 178
46675440 101
46656000 1001
46448640 511
46305000 79
46294416 48
46099200 73
46080000 381
45937500 1
45927000 202
45875200 30
45722880 746
45562500 5
45378900 11
45360000 953
45349632 43
45177216 1
45158400 552
45008460 62
45000000 31
44957696 2
44800000 116
44789760 413
44651250 18
44641044 6
44452800 506
44286750 4
44255232 24
44236800 302
44100000 170
44089920 443
44040192 1
43904000 81
43758225 2
43750000 2
43740000 305
43563744 11
43545600 1607
43401015 1
43352064 66
43218000 71
43200000 421
43025920 4
43008000 324
42875000 1
42865200 473
42674688 116
42525000 109
42515280 48
42467328 11
42353640 5
42336000 1097
42147840 93
42017500 1
42007896 18
42000000 96
41990400 643
41803776 200
41674500 85
41489280 137
41472000 1013
41334300 72
41287680 144
41160000 105
41150592 193
41006250 3
40960000 49
40841010 6
40824000 1166
40642560 735
40516875 1
40507614 3
40500000 72
40336800 18
40320000 836
40310784 82
40186125 2
40140800 78
40007520 333
40000000 15
39813120 297
39690000 330
39680928 64
39530064 1
39513600 405
39375000 2
39366000 176
39337984 3
39321600 57
39200000 82
39191040 904
38896200 83
38880000 804
38723328 8
38707200 916
38587500 9
38578680 156
38535168 8
38416000 37
38400000 164
38272500 65
38263752 1
38118276 2
38102400 1314
37968750 1
37933056 77
37815750 5
37800000 386
37791360 228
37748736 2
37647680 1
37632000 409
37507050 28
37500000 3
37340352 47
37324800 1032
37209375 1
37200870 12
37158912 88
37059435 1
37044000 377
36905625 2
36879360 34
36864000 370
36756909 2
36750000 32
36741600 630
36700160 9
36578304 235
36450000 114
36303120 29
36288000 1753
36126720 248
36015000 17
36006768 63
36000000 141
35840000 152
35831808 97
35721000 290
35562240 465
35437500 14
35429400 46
35389440 107
35280000 555
35271936 204
35123200 58
35006580 41
35000000 18
34992000 799
34836480 920
34728750 15
34720812 19
34574400 140
34560000 760
34445250 18
34406400 179
34300000 29
34292160 654
34020000 682
34012224 24
33868800 1113
33750000 7
33718272 16
33614000 5
33600000 275
33592320 503
33480783 1
33339600 355
33191424 46
33177600 720
33075000 75
33067440 200
33030144 28
32941720 1
32928000 243
32805000 92
32768000 35
32672808 13
32659200 1811
32514048 163
32413500 33
32400000 426
32269440 16
32256000 990
32148900 161
32112640 15
32006016 150
32000000 42
31893750 8
31886460 6
31850496 67
31752000 1087
31610880 262
31505922 7
31500000 79
31492800 524
31457280 14
31360000 160
31352832 300
31255875 7
31116960 131
31104000 1339
31000725 2
30965760 408
30870000 131
30862944 103
30732800 37
30720000 219
30625000 2
30618000 548
30481920 1041
30375000 21
30252600 18
30240000 1234
30233088 98
30105600 301
30012500 2
30005640 140
30000000 25
29859840 549
29767500 69
29760696 18
29635200 590
29524500 28
29503488 8
29491200 199
29400000 158
29393280 819
29360128 2
29172150 14
29160000 553
29042496 23
29030400 1845
28934010 33
28901376 48
28812000 59
28800000 397
28704375 1
28697814 1
28672000 117
28576800 943
28449792 174
28350000 234
28343520 136
28311552 12
28235760 2
28224000 983
28125000 2
28098560 27
28005264 37
28000000 60
27993600 1169
27869184 240
27783000 170
27659520 148
27648000 838
27562500 7
27556200 201
27525120 68
27440000 81
27433728 269
27337500 18
27227340 10
27216000 1957
27095040 634
27011250 5
27005076 16
27000000 126
26891200 17
26880000 503
26873856 137
26790750 30
26671680 476
26572050 7
26542080 312
26460000 529
26453952 132
26342400 269
26254935 6
26250000 8
26244000 456
26214400 14
26127360 1300
26040609 2
25930800 127
25920000 1064
25815552 10
25804800 704
25725000 20
25719120 335
25600000 65
25515000 235
25509168 12
25412184 1
25401600 1647
25312500 1
25288704 50
25210500 8
25200000 472
25194240 426
25165824 1
25088000 181
25004700 118
25000000 6
24893568 75
24883200 1320
24806250 13
24800580 68
24772608 77
24696000 417
24603750 6
24586240 24
24576000 188
24504606 2
24500000 27
24494400 1389
24385536 314
24310125 2
24300000 246
24202080 37
24192000 1887
24111675 5
24084480 99
24010000 12
24004512 131
24000000 106
23914845 1
23887872 114
23814000 609
23708160 459
23625000 53
23619600 167
23592960 66
23529800 3
23520000 412
23514624 327
23337720 77
23328000 1356
23224320 966
23152500 53
23147208 39
23049600 114
23040000 603
22963500 123
22937600 61
22861440 1000
22689450 7
22680000 1120
22674816 61
22588608 4
22579200 928
22504230 29
22500000 23
22478848 13
22400000 134
22394880 761
22325625 5
22320522 3
22226400 640
22143375 2
22127616 45
22118400 530
22050000 118
22044960 469
22020096 15
21952000 98
21870000 223
21781872 15
21772800 2515
21676032 122
21609000 65
21600000 476
21512960 12
21504000 531
21437500 1
21432600 353
21337344 200
21262500 41
21257640 36
21233664 47
21176820 2
21168000 1342
21073920 141
21008750 2
21003948 11
21000000 82
20995200 856
20971520 3
20901888 326
20837250 42
20744640 189
20736000 1504
20671875 1
20667150 35
20643840 264
20580000 123
20575296 238
20480000 84
20412000 1207
20321280 1128
20253807 1
20250000 46
20168400 20
20160000 1179
20155392 163
20070400 120
20003760 324
20000000 19
19906560 589
19845000 218
19840464 57
19756800 536
19687500 2
19683000 125
19668992 5
19660800 94
19600000 93
19595520 1322
19448100 83
19440000 963
19361664 19
19353600 1683
19293750 6
19289340 100
19267584 22
19208000 39
19200000 243
19136250 21
19131876 4
19059138 2
19051200 1544
18966528 118
18900000 347
18895680 265
18874368 9
18823840 4
18816000 648
18753525 8
18750000 4
18670176 68
18662400 1566
18600435 3
18579456 204
18522000 338
18439680 92
18432000 596
18375000 13
18370800 617
18350080 11
18289152 405
18225000 75
18151560 25
18144000 2481
18063360 436
18007500 9
18003384 59
18000000 134
17920000 214
17915904 195
17860500 171
17781120 638
17718750 4
17714700 48
17694720 244
17640000 582
17635968 264
17561600 117
17503290 17
17500000 18
17496000 902
17418240 1529
17364375 3
17360406 9
17287200 157
17280000 1108
17222625 3
17210368 1
17203200 394
17150000 17
17146080 710
17010000 582
17006112 39
16941456 3
16934400 1675
16875000 5
16859136 27
16807000 5
16800000 370
16796160 739
16669800 274
16595712 65
16588800 1201
16537500 37
16533720 182
16515072 53
16464000 312
16402500 45
16384000 55
16336404 2
16329600 2249
16257024 323
16206750 13
16200000 439
16134720 27
16128000 1502
16074450 53
16056320 36
16003008 198
16000000 50
15943230 3
15925248 122
15882615 1
15876000 1109
15805440 390
15750000 70
15746400 451
15728640 31
15680000 170
15676416 460
15558480 141
15552000 1848
15482880 778
15435000 98
15431472 89
15366400 48
15360000 329
15312500 3
15309000 430
15240960 1371
15187500 11
15126300 18
15120000 1360
15116544 131
15052800 484
15006250 2
15002820 117
15000000 22
14929920 883
14883750 32
14880348 13
14817600 698
14762250 7
14751744 20
14745600 398
14700000 116
14696640 869
14680064 3
14586075 8
14580000 563
14521248 18
14515200 2689
14467005 4
14450688 88
14406000 49
14400000 459
14348907 1
14336000 201
14288400 843
14224896 232
14175000 159
14171760 97
14155776 38
14117880 1
14112000 1172
14062500 2
14049280 49
14002632 39
14000000 54
13996800 1469
13934592 373
13891500 145
13829760 149
13824000 1329
13781250 6
13778100 147
13762560 118
13720000 70
13716864 410
13668750 4
13613670 10
13608000 2035
13547520 1008
13505625 1
13502538 15
13500000 114
13445600 11
13440000 670
13436928 221
13395375 8
13335840 516
13271040 544
13230000 408
13226976 141
13176688 1
13171200 337
13125000 6
13122000 361
13107200 26
13063680 1889
12965400 105
12960000 1245
12907776 8
12902400 1174
12862500 7
12859560 308
12845056 8
12800000 81
12757500 117
12754584 7
12706092 1
12700800 1970
12644352 88
12605250 1
12600000 433
12597120 550
12582912 1
12544000 236
12502350 48
12500000 5
12446784 88
12441600 1978
12403125 3
12400290 21
12386304 158
12348000 400
12301875 1
12293120 30
12288000 298
12250000 11
12247200 1327
12192768 486
12150000 188
12101040 26
12096000 2482
12042240 234
12005000 6
12002256 111
12000000 128
11943936 209
11907000 438
11854080 620
11812500 19
11809800 122
11796480 114
11760000 463
11757312 454
11668860 60
11664000 1494
11612160 1448
11576250 15
11573604 29
11524800 101
11520000 846
11481750 39
11468800 117
11430720 1179
11390625 1
11344725 3
11340000 991
11337408 73
11294304 5
11289600 1307
11252115 8
11250000 15
11239424 14
11200000 148
11197440 1050
11113200 522
11063808 45
11059200 1009
11025000 88
11022480 385
11010048 23
10976000 157
10935000 160
10890936 14
10886400 3028
10838016 269
10804500 43
10800000 508
10756480 7
10752000 796
10718750 1
10716300 228
10668672 264
10631250 15
10628820 25
10616832 108
10588410 2
10584000 1352
10536960 174
10501974 15
10500000 79
10497600 896
10485760 6
10450944 605
10418625 8
10372320 167
10368000 2056
10333575 9
10321920 521
10290000 95
10287648 231
10240000 113
10206000 914
10160640 1595
10125000 32
10084200 18
10080000 1247
10077696 222
10035200 172
10001880 235
10000000 14
9953280 954
9922500 124
9920232 47
9882516 1
9878400 693
9841500 55
9834496 5
9830400 174
9800000 80
9797760 1553
9724050 27
9720000 933
9680832 14
9676800 2435
9644670 40
9633792 32
9604000 24
9600000 296
9568125 2
9565938 1
9525600 1440
9483264 203
9450000 266
9447840 289
9437184 15
9411920 1
9408000 721
9335088 68
9331200 2049
9289728 338
9261000 250
9219840 97
9216000 885
9187500 6
9185400 442
9175040 42
9144576 540
9112500 23
9075780 22
9072000 2641
9031680 668
9003750 3
9001692 28
9000000 127
8960000 243
8957952 318
8930250 62
8890560 683
8859375 1
8857350 11
8847360 404
8823675 1
8820000 555
8817984 300
8780800 146
8751645 5
8750000 3
8748000 847
8709120 2197
8680203 2
8643600 123
8640000 1298
8605184 5
8601600 575
8575000 16
8573040 627
8505000 322
8503056 37
8467200 1941
8437500 5
8429568 55
8403500 5
8400000 343
8398080 883
8388608 1
8334900 185
8297856 77
8294400 1786
8268750 16
8266860 78
8257536 78
8232000 282
8201250 11
8192000 80
8168202 3
8164800 2401
8128512 487
8103375 2
8100000 309
8067360 28
8064000 1867
8037225 12
8028160 67
8001504 213
8000000 50
7971615 2
7962624 201
7938000 852
7902720 537
7875000 39
7873200 360
7864320 54
7840000 199
7838208 595
7779240 109
7776000 2128
7741440 1270
7717500 65
7715736 80
7683200 53
7680000 478
7654500 206
7620480 1648
7563150 6
7560000 1217
7558272 145
7529536 2
7526400 751
7501410 63
7500000 19
7464960 1404
7441875 10
7440174 11
7408800 716
7381125 1
7375872 37
7372800 633
7350000 102
7348320 824
7340032 3
7290000 394
7260624 15
7257600 3405
7225344 148
7203000 48
7200000 513
7168000 255
7144200 593
7112448 270
7087500 48
7085880 83
7077888 65
7058940 3
7056000 1317
7024640 64
7001316 33
7000000 40
6998400 1546
6967296 605
6945750 46
6914880 173
6912000 1806
6889050 66
6881280 228
6860000 54
6858432 412
6834375 1
6806835 3
6804000 1763
6773760 1366
6751269 5
6750000 76
6722800 4
6720000 797
6718464 322
6667920 477
6635520 894
6615000 276
6613488 126
6585600 400
6562500 6
6561000 231
6553600 56
6531840 2234
6482700 53
6480000 1260
6453888 11
6451200 1679
6431250 4
6429780 166
6422528 15
6400000 106
6378750 51
6377292 7
6353046 1
6350400 1955
6322176 135
6300000 369
6298560 583
6291456 7
6272000 262
6251175 11
6250000 1
6223392 101
6220800 2438
6200145 2
6193152 226
6174000 284
6146560 35
6144000 402
6125000 11
6123600 1072
6096384 668
6075000 108
6050520 22
6048000 2816
6021120 330
6002500 5
6001128 75
6000000 93
5971968 357
5953500 253
5927040 694
5906250 4
5904900 60
5898240 222
5880000 398
5878656 520
5859375 1
5834430 32
5832000 1499
5806080 2154
5788125 3
5786802 21
5762400 118
5760000 1024
5740875 6
5734400 173
5715360 1103
5670000 749
5668704 88
5647152 4
5644800 1551
5625000 7
5619712 6
5600000 163
5598720 1407
5556600 346
5531904 76
5529600 1517
5512500 22
5511240 278
5505024 42
5488000 126
5467500 61
5445468 14
5443200 3232
5419008 368
5402250 13
5400000 449
5378240 9
5376000 1028
5358150 84
5334336 273
5315625 2
5314410 5
5308416 164
5292000 1208
5268480 278
5250987 3
5250000 44
5248800 780
5242880 14
5225472 792
5186160 164
5184000 2437
5160960 789
5145000 69
5143824 212
5120000 149
5103000 592
5080320 1876
5062500 13
5042100 10
5040000 1226
5038848 264
5017600 210
5000940 147
5000000 11
4976640 1350
4961250 35
4960116 40
4939200 607
4920750 18
4917248 10
4915200 284
4900000 63
4898880 1642
4862025 8
4860000 705
4840416 17
4838400 3077
4822335 10
4816896 62
4802000 19
4800000 334
4762800 1142
4741632 263
4725000 151
4723920 229
4718592 36
4705960 1
4704000 842
4667544 48
4665600 2220
4644864 539
4630500 139
4609920 101
4608000 1249
4593750 2
4592700 249
4587520 62
4572288 608
4556250 15
4537890 14
4536000 2465
4515840 921
4500846 15
4500000 92
4480000 295
4478976 440
4465125 13
4445280 615
4423680 646
4410000 374
4408992 253
4390400 179
4375000 3
4374000 560
4354560 2712
4321800 106
4320000 1402
4302592 4
4300800 778
4287500 9
4286520 411
4252500 159
4251528 26
4235364 3
4233600 2083
4214784 71
4201750 1
4200000 287
4199040 905
4194304 1
4167450 63
4148928 90
4147200 2459
4133430 40
4128768 145
4116000 259
4100625 2
4096000 119
4084101 1
4082400 1966
4064256 583
4050000 211
4033680 22
4032000 2183
4014080 99
4000752 193
4000000 53
3981312 329
3969000 535
3951360 557
3937500 18
3936600 226
3932160 75
3920000 219
3919104 753
3889620 69
3888000 2013
3870720 1677
3858750 21
3857868 57
3841600 36
3840000 543
3827250 76
3810240 1648
3781575 3
3780000 1013
3779136 157
3763200 884
3750705 7
3750000 13
3732480 1698
3720087 3
3704400 530
3687936 45
3686400 891
3675000 44
3674160 709
3670016 7
3645000 223
3630312 10
3628800 3806
3612672 227
3601500 20
3600000 423
3584000 353
3572100 290
3556224 307
3543750 18
3542940 36
3538944 125
3529470 1
3528000 1154
3512320 78
3500658 9
3500000 40
3499200 1491
3483648 831
3472875 9
3457440 148
3456000 2131
3444525 4
3440640 304
3430000 47
3429216 341
3402000 1233
3386880 1691
3375000 32
3361400 5
3360000 831
3359232 455
3333960 292
3317760 1197
3307500 131
3306744 77
3292800 361
3280500 100
3276800 78
3265920 2294
3241350 22
3240000 1111
3226944 13
3225600 2100
3215625 1
3214890 84
3211264 17
3200000 106
3189375 6
3188646 3
3175200 1672
3161088 169
3150000 244
3149280 455
3145728 12
3136000 333
3125000 1
3111696 59
3110400 2807
3096576 363
3087000 204
3073280 48
3072000 558
3062500 8
3061800 614
3048192 745
3037500 41
3025260 11
3024000 2664
3010560 430
3000564 49
3000000 79
2985984 459
2976750 90
2963520 687
2952450 20
2949120 362
2941225 1
2940000 318
2939328 495
2917215 1
2916000 1154
2903040 2674
2893401 2
2881200 89
2880000 1090
2867200 226
2857680 848
2835000 423
2834352 59
2823576 3
2822400 1547
2812500 6
2809856 22
2800000 168
2799360 1499
2778300 187
2765952 66
2764800 1906
2756250 10
2755620 157
2752512 41
2744000 118
2733750 13
2722734 2
2721600 2936
2709504 483
2701125 8
2700000 325
2689120 10
2688000 1173
2679075 15
2667168 243
2657205 2
2654208 264
2646000 835
2634240 293
2625000 29
2624400 557
2621440 31
2612736 954
2593080 100
2592000 2414
2580480 1012
2572500 29
2571912 146
2560000 169
2551500 266
2540160 1880
2531250 2
2521050 2
2520000 1002
2519424 272
2508800 263
2500470 65
2500000 5
2488320 1855
2480625 8
2480058 5
2469600 550
2460375 2
2458624 13
2457600 367
2450000 37
2449440 1354
2430000 485
2420208 14
2419200 3365
2408448 109
2401000 16
2400000 277
2381400 694
2370816 282
2362500 64
2361960 138
2359296 68
2352000 771
2333772 26
2332800 2212
2322432 734
2315250 42
2304960 91
2304000 1532
2296350 75
2293760 67
2286144 518
2278125 1
2268945 3
2268000 1955
2257920 1159
2250423 2
2250000 60
2240000 298
2239488 530
2222640 466
2211840 894
2205000 180
2204496 193
2195200 141
2187500 2
2187000 283
2177280 2975
2160900 43
2160000 1213
2151296 8
2150400 1021
2143750 2
2143260 234
2126250 52
2125764 7
2117682 2
2116800 1876
2107392 82
2100000 225
2099520 921
2097152 2
2083725 14
2074464 94
2073600 2741
2066715 9
2064384 217
2058000 165
2048000 167
2041200 1390
2032128 736
2025000 102
2016840 6
2016000 2135
2007040 121
2000376 110
2000000 34
1990656 467
1984500 257
1975680 545
1968750 6
1968300 133
1966080 154
1960000 156
1959552 743
1944810 33
1944000 1814
1935360 2132
1929375 2
1928934 30
1920800 37
1920000 560
1913625 5
1905120 1308
1890000 681
1889568 130
1881600 822
1875000 9
1866240 1873
1852200 295
1843968 33
1843200 1110
1837500 21
1837080 435
1835008 16
1822500 87
1815156 9
1814400 3554
1806336 311
1800750 10
1800000 351
1792000 337
1786050 106
1778112 282
1771875 3
1771470 11
1769472 165
1764000 871
1756160 116
1750329 5
1750000 30
1749600 1126
1741824 975
1728720 98
1728000 2213
1720320 474
1715000 21
1714608 278
1701000 651
1693440 1615
1687500 19
1680700 6
1680000 689
1679616 457
1666980 156
1658880 1616
1653750 37
1653372 44
1646400 331
1640250 36
1638400 93
1632960 2036
1620675 6
1620000 705
1613472 8
1612800 2393
1607445 9
1605632 34
1600000 104
1587600 1175
1580544 189
1575000 111
1574640 327
1572864 24
1568000 289
1555848 51
1555200 2767
1548288 500
1543500 93
1536640 35
1536000 683
1531250 2
1530900 296
1524096 692
1518750 19
1512630 6
1512000 2171
1505280 568
1500282 27
1500000 51
1492992 618
1488375 12
1481760 576
1476225 3
1474560 488
1470000 200
1469664 377
1458000 751
1451520 2882
1440600 40
1440000 970
1433600 239
1428840 535
1417500 163
1417176 45
1411200 1539
1404928 25
1400000 104
1399680 1438
1389150 85
1382976 70
1382400 2260
1378125 1
1377810 46
1376256 73
1372000 83
1366875 3
1360800 2213
1354752 591
1350000 214
1344560 3
1344000 1181
1333584 200
1327104 343
1323000 429
1317120 283
1312500 13
1312200 288
1310720 24
1306368 985
1296540 53
1296000 2144
1290240 1341
1286250 12
1285956 75
1280000 178
1275750 90
1270080 1611
1260000 691
1259712 233
1254400 306
1250235 12
1250000 2
1244160 1994
1240029 3
1234800 331
1229312 6
1228800 478
1225000 23
1224720 943
1215000 261
1210104 6
1209600 3266
1204224 115
1200500 7
1200000 249
1190700 323
1185408 285
1181250 21
1180980 66
1179648 84
1176000 619
1166886 7
1166400 1792
1161216 820
1157625 6
1152480 70
1152000 1549
1148175 10
1146880 106
1143072 454
1134000 1255
1128960 1143
1125000 27
1120000 264
1119744 590
1111320 287
1105920 1162
1102500 104
1102248 136
1097600 130
1093500 150
1088640 2565
1080450 11
1080000 920
1075648 4
1075200 1099
1071630 88
1063125 5
1062882 6
1058400 1424
1053696 86
1050000 123
1049760 672
1048576 5
1037232 55
1036800 2774
1032192 280
1029000 93
1024000 187
1020600 767
1016064 728
1012500 37
1008420 7
1008000 1857
1003520 131
1000188 58
1000000 29
995328 538
992250 94
987840 469
984375 1
984150 37
983040 185
980000 97
979776 624
972405 5
972000 1193
967680 2356
964467 6
960400 26
960000 547
952560 901
945000 332
944784 85
940800 832
937500 3
933120 1886
926100 140
921984 34
921600 1355
918750 7
918540 197
917504 23
911250 33
907578 6
907200 2854
903168 341
900375 1
900000 197
896000 346
893025 15
889056 240
885735 3
884736 237
882000 582
878080 107
875000 11
874800 690
870912 1079
864360 64
864000 2039
860160 531
857500 5
857304 177
850500 266
846720 1552
843750 3
840350 1
840000 470
839808 419
833490 65
829440 1800
826875 3
826686 14
823200 233
820125 4
819200 127
816480 1527
810000 449
806736 3
806400 2311
802816 30
800000 101
793800 678
790272 186
787500 51
787320 159
786432 29
784000 249
777924 24
777600 2411
774144 573
771750 23
768320 26
768000 721
765450 83
762048 598
756315 2
756000 1424
752640 551
750141 4
750000 39
746496 651
740880 364
737280 651
735000 103
734832 261
729000 332
725760 2776
720300 16
720000 804
716800 291
714420 264
708750 49
708588 29
705894 1
705600 1203
702464 21
700000 68
699840 1153
694575 11
691488 47
691200 2301
688905 8
688128 98
686000 44
680400 1363
677376 604
675000 89
672280 2
672000 1014
666792 101
663552 467
661500 203
658560 268
656250 1
656100 157
655360 34
653184 844
648270 14
648000 1613
645120 1472
643125 2
642978 18
640000 194
637875 16
635040 1232
630000 436
629856 173
627200 259
625000 4
622080 2099
617400 214
614656 16
614400 553
612500 9
612360 483
607500 83
605052 2
604800 2759
602112 159
600250 3
600000 156
595350 101
592704 260
590625 2
590490 17
589824 119
588000 408
583443 4
583200 1260
580608 958
576240 47
576000 1412
573440 140
571536 321
567000 654
564480 1143
562500 12
560000 242
559872 518
555660 155
552960 1247
551250 28
551124 76
548800 103
546750 39
544320 2165
540225 5
540000 579
537824 1
537600 1089
535815 20
529200 847
526848 91
525000 60
524880 405
524288 5
518616 33
518400 2500
516096 339
514500 40
512000 193
510300 325
508032 662
506250 14
504210 3
504000 1388
501760 131
500094 26
500000 19
497664 641
496125 17
493920 344
492075 4
491520 242
490000 69
489888 466
486000 701
483840 2177
480200 15
480000 450
476280 491
472500 150
472392 40
470400 694
466560 1412
463050 45
460992 32
460800 1425
459270 62
458752 36
455625 5
453600 1960
451584 351
450000 124
448000 353
444528 136
442368 304
441000 271
439040 89
437500 4
437400 356
435456 1007
432180 45
432000 1615
430080 624
428750 2
428652 89
425250 96
423360 1180
421875 1
420000 317
419904 319
416745 10
414720 1820
413343 5
411600 144
409600 132
408240 941
405000 213
403368 5
403200 2055
401408 35
400000 63
396900 253
395136 190
393750 9
393660 84
393216 50
392000 152
388962 8
388800 1857
387072 649
385875 1
384160 32
384000 661
382725 17
381024 462
378000 827
376320 552
375000 9
373248 692
370440 186
368640 688
367500 34
367416 155
364500 133
362880 2228
360150 6
360000 565
358400 308
357210 84
354375 10
354294 4
352800 881
351232 20
350000 32
349920 815
345744 30
345600 2068
344064 142
343000 25
340200 733
338688 551
337500 17
336140 2
336000 782
333396 52
331776 481
330750 57
329280 175
328125 1
328050 35
327680 46
326592 712
324135 3
324000 1021
322560 1341
321489 6
320000 163
317520 750
315000 190
314928 103
313600 235
312500 1
311040 1791
308700 99
307328 7
307200 568
306250 3
306180 222
303750 26
302526 1
302400 2023
301056 129
300000 105
297675 20
296352 178
295245 4
294912 151
294000 242
291600 701
290304 854
288120 25
288000 1209
286720 144
285768 174
283500 255
282240 876
281250 3
280000 142
279936 442
277830 42
276480 1357
275625 3
275562 15
274400 64
273375 3
272160 1386
270000 325
268912 2
268800 976
264600 430
263424 70
262500 29
262440 211
262144 7
259308 12
259200 2009
258048 399
257250 9
256000 202
255150 73
254016 512
253125 3
252000 917
250880 163
250047 5
250000 7
248832 599
246960 206
245760 282
245000 35
244944 266
243000 352
241920 1947
240100 4
240000 310
238140 174
236250 35
236196 24
235200 512
234375 1
233280 1090
231525 3
230496 28
230400 1316
229635 8
229376 31
226800 1174
225792 338
225000 53
224000 248
222264 89
221184 308
220500 117
219520 73
218750 1
218700 137
217728 765
216090 12
216000 1093
215040 641
214326 34
212625 14
211680 824
210000 175
209952 206
207360 1712
205800 80
204800 130
204120 464
202500 83
201684 1
201600 1568
200704 35
200000 42
198450 71
197568 126
196830 25
196608 49
196000 91
194481 3
194400 1081
193536 671
192080 10
192000 565
190512 269
189000 422
188160 445
187500 3
186624 570
185220 104
184320 795
183750 12
183708 73
182250 41
181440 1644
180075 1
180000 346
179200 253
178605 13
177147 2
176400 433
175616 29
175000 13
174960 453
172872 17
172800 1744
172032 119
171500 11
170100 286
169344 442
168750 8
168000 563
166698 18
165888 526
165375 5
164640 122
164025 6
163840 59
163296 429
162000 564
161280 1253
160000 99
158760 395
157500 77
157464 58
156800 161
155520 1339
154350 28
153664 12
153600 570
153090 83
151875 1
151200 1253
150528 148
150000 49
148176 91
147456 190
147000 100
145800 304
145152 765
144060 12
144000 817
143360 158
142884 71
141750 54
141120 685
140000 85
139968 328
138915 6
138240 1251
137781 2
137200 37
136080 838
135000 132
134456 1
134400 778
132300 180
131712 54
131250 3
131220 95
131072 8
129654 4
129600 1380
129024 388
128000 162
127575 8
127008 333
126000 437
125440 124
125000 2
124416 545
123480 99
122880 285
122500 10
122472 128
121500 119
120960 1438
120050 4
120000 201
119070 53
118125 4
118098 6
117600 288
116640 766
115248 16
115200 1073
114688 29
113400 588
112896 263
112500 17
112000 193
111132 53
110592 319
110250 25
109760 60
109350 44
108864 551
108000 665
107520 449
107163 1
105840 452
105000 72
104976 122
103680 1322
102900 41
102400 145
102060 160
101250 12
100842 1
100800 1039
100352 34
100000 28
99225 15
98784 77
98415 4
98304 55
98000 39
97200 604
96768 571
96040 5
96000 441
95256 110
94500 151
94080 348
93312 424
92610 28
92160 704
91875 1
91854 19
91125 3
90720 1028
90000 178
89600 211
88200 218
87808 11
87500 9
87480 204
86436 8
86400 1252
86016 123
85750 4
85050 63
84672 304
84375 1
84035 1
84000 304
83349 1
82944 449
82320 80
81920 66
81648 282
81000 265
80640 979
80000 67
79380 139
78750 16
78732 24
78400 94
77760 948
77175 2
76832 5
76800 480
76545 12
75600 731
75264 116
75000 16
74088 52
73728 178
73500 29
72900 132
72576 594
72030 4
72000 546
71680 134
71442 24
70875 7
70560 417
70000 57
69984 223
69120 1049
68600 16
68040 369
67500 36
67200 525
66150 51
65856 55
65610 21
65536 7
64827 1
64800 819
64512 323
64000 129
63504 204
63000 214
62720 103
62500 1
62208 465
61740 35
61440 242
61250 3
61236 69
60750 31
60480 1026
60000 122
59535 8
58800 189
58320 386
57624 3
57600 873
57344 26
56700 180
56448 227
56250 3
56000 115
55566 13
55296 303
55125 2
54880 34
54675 4
54432 366
54000 338
53760 433
52920 214
52500 30
52488 59
51840 1014
51450 9
51200 122
51030 51
50625 4
50400 593
50176 26
50000 11
49392 51
49152 59
49000 19
48600 263
48384 465
48020 1
48000 302
47628 52
47250 39
47040 255
46656 264
46305 4
46080 583
45927 4
45360 592
45000 75
44800 169
44100 75
43904 12
43750 2
43740 73
43218 1
43200 785
43008 133
42525 10
42336 180
42000 146
41472 417
41160 28
40960 49
40824 134
40500 84
40320 757
40000 62
39690 40
39375 1
39366 4
39200 44
38880 540
38416 3
38400 403
37800 297
37632 99
37500 8
37044 22
36864 174
36750 7
36450 28
36288 407
36000 291
35840 124
35721 2
35280 215
35000 22
34992 102
34560 797
34300 5
34020 127
33750 13
33600 341
33075 7
32928 27
32805 3
32768 16
32400 379
32256 266
32000 89
31752 82
31500 78
31360 72
31104 325
30870 11
30720 275
30618 18
30375 2
30240 587
30000 49
29400 85
29160 175
28812 4
28800 606
28672 26
28350 45
28224 135
28000 44
27783 2
27648 252
27440 15
27216 199
27000 122
26880 309
26460 69
26250 4
26244 20
25920 645
25725 1
25600 80
25515 10
25200 289
25088 22
25000 6
24696 17
24576 62
24500 14
24300 90
24192 325
24000 198
23814 16
23625 6
23520 126
23328 181
23040 470
22680 230
22500 19
22400 101
22050 20
21952 6
21870 17
21600 437
21504 104
21168 93
21000 69
20736 295
20580 15
20480 48
20412 50
20250 25
20160 398
20000 28
19845 5
19600 39
19440 263
19208 2
19200 244
18900 87
18816 67
18750 1
18522 6
18432 146
18375 1
18225 3
18144 222
18000 143
17920 69
17640 95
17500 9
17496 59
17280 581
17010 32
16875 1
16800 181
16464 19
16384 9
16200 135
16128 204
16000 58
15876 40
15750 19
15680 47
15552 194
15435 3
15360 183
15309 4
15120 249
15000 22
14700 29
14580 45
14400 320
14336 27
14175 5
14112 84
14000 30
13824 201
13720 11
13608 74
13500 34
13440 220
13230 20
13125 1
13122 5
12960 351
12800 84
12600 132
12544 14
12500 2
12348 13
12288 74
12250 1
12150 22
12096 210
12000 88
11907 3
11760 47
11664 87
11520 307
11340 81
11250 5
11200 67
11025 4
10976 3
10935 3
10800 200
10752 91
10584 45
10500 24
10368 189
10290 1
10240 48
10206 18
10125 2
10080 228
10000 17
9800 16
9720 97
9600 174
9450 20
9408 38
9216 121
9072 128
9000 69
8960 47
8820 40
8748 16
8640 281
8575 1
8505 8
8400 108
8232 3
8192 11
8100 54
8064 151
8000 33
7938 10
7875 1
7840 20
7776 112
7680 163
7560 136
7500 11
7350 4
7290 12
7200 164
7168 19
7056 46
7000 8
6912 150
6860 1
6804 29
6750 9
6720 150
6615 2
6561 1
6480 155
6400 48
6300 45
6272 7
6174 2
6144 30
6075 3
6048 115
6000 35
5880 30
5832 45
5760 209
5670 17
5600 34
5488 1
5400 70
5376 52
5292 18
5250 6
5184 109
5145 1
5120 26
5103 1
5040 116
5000 5
4900 5
4860 26
4800 97
4725 1
4704 19
4608 95
4536 43
4500 19
4480 25
4410 6
4374 4
4320 160
4200 44
4116 3
4096 7
4050 17
4032 77
4000 18
3969 2
3920 14
3888 60
3840 94
3780 33
3750 1
3675 3
3645 2
3600 70
3584 16
3528 17
3500 5
3456 73
3430 1
3402 5
3375 1
3360 61
3240 71
3200 27
3150 8
3136 6
3072 34
3024 43
3000 15
2940 8
2916 8
2880 121
2835 3
2800 17
2700 24
2688 37
2646 1
2592 52
2560 28
2520 41
2500 2
2430 7
2400 49
2352 9
2304 58
2268 15
2250 5
2240 14
2205 4
2160 72
2100 18
2048 14
2025 2
2016 51
2000 7
1960 4
1944 13
1920 55
1890 8
1800 32
1792 9
1764 6
1750 4
1728 44
1701 1
1680 26
1620 25
1600 19
1575 1
1568 8
1536 17
1512 18
1500 6
1470 1
1458 2
1440 77
1400 8
1350 2
1344 26
1323 1
1296 28
1280 11
1260 13
1200 15
1176 4
1152 35
1134 3
1120 12
1080 25
1050 3
1024 4
1008 17
1000 1
980 4
972 4
960 29
945 2
900 4
896 4
864 24
840 11
810 1
800 2
784 4
768 9
756 7
750 4
720 24
700 3
675 1
672 12
648 8
640 9
630 3
600 10
588 3
576 16
567 2
560 4
540 12
512 2
504 8
500 1
480 18
450 1
448 1
432 12
420 5
400 3
392 1
384 12
360 4
336 2
324 1
320 4
300 2
294 2
288 9
280 1
270 1
256 2
252 1
240 1
224 1
216 9
200 1
192 4
180 1
168 2
160 1
150 1
144 1
135 1
128 2
120 2
108 2
96 1
84 1
80 1
64 1
63 1
60 1
36 1
32 1
24 1
16 1
8 1
