3052 2
3051 1
3050 1
3032 1
3030 1
3029 1
3028 1
3026 1
3025 2
3023 1
3021 2
3019 3
3017 1
3016 2
3013 1
3012 4
3011 1
3010 2
3008 1
3007 2
3005 2
3004 1
3003 1
3002 4
3001 5
3000 5
2999 1
2998 7
2997 2
2996 2
2995 3
2994 6
2993 4
2992 8
2991 4
2990 7
2989 7
2988 3
2987 6
2986 8
2985 9
2984 9
2983 10
2982 5
2981 18
2980 12
2979 5
2978 14
2977 9
2976 11
2975 11
2974 12
2973 17
2972 17
2971 20
2970 21
2969 15
2968 17
2967 24
2966 24
2965 22
2964 24
2963 25
2962 30
2961 31
2960 28
2959 23
2958 26
2957 30
2956 41
2955 41
2954 45
2953 43
2952 48
2951 38
2950 46
2949 47
2948 61
2947 66
2946 40
2945 67
2944 67
2943 69
2942 68
2941 68
2940 65
2939 84
2938 83
2937 82
2936 113
2935 102
2934 98
2933 98
2932 107
2931 128
2930 102
2929 119
2928 140
2927 113
2926 159
2925 141
2924 144
2923 156
2922 176
2921 176
2920 185
2919 201
2918 191
2917 204
2916 181
2915 204
2914 254
2913 228
2912 282
2911 261
2910 288
2909 277
2908 265
2907 313
2906 341
2905 298
2904 374
2903 370
2902 372
2901 418
2900 445
2899 419
2898 448
2897 447
2896 485
2895 477
2894 521
2893 554
2892 519
2891 544
2890 575
2889 612
2888 640
2887 600
2886 631
2885 706
2884 722
2883 733
2882 763
2881 743
2880 748
2879 772
2878 861
2877 869
2876 934
2875 981
2874 948
2873 1006
2872 1019
2871 1087
2870 1052
2869 1140
2868 1103
2867 1177
2866 1239
2865 1256
2864 1258
2863 1375
2862 1397
2861 1420
2860 1398
2859 1495
2858 1490
2857 1661
2856 1615
2855 1649
2854 1685
2853 1734
2852 1707
2851 1833
2850 1849
2849 1924
2848 1887
2847 1969
2846 1992
2845 2024
2844 2124
2843 2081
2842 2206
2841 2293
2840 2349
2839 2394
2838 2485
2837 2504
2836 2537
2835 2721
2834 2624
2833 2766
2832 2774
2831 2768
2830 2857
2829 2856
2828 2901
2827 3070
2826 3040
2825 3062
2824 3170
2823 3316
2822 3192
2821 3415
2820 3402
2819 3364
2818 3466
2817 3588
2816 3805
2815 3691
2814 3779
2813 3885
2812 3912
2811 3905
2810 4075
2809 4069
2808 4065
2807 4153
2806 4126
2805 4374
2804 4477
2803 4528
2802 4536
2801 4530
2800 4546
2799 4589
2798 4798
2797 4733
2796 4797
2795 4972
2794 4906
2793 4892
2792 5002
2791 5115
2790 5043
2789 5281
2788 5298
2787 5210
2786 5207
2785 5270
2784 5526
2783 5438
2782 5559
2781 5485
2780 5598
2779 5670
2778 5675
2777 5634
2776 5654
2775 5760
2774 5814
2773 5919
2772 5855
2771 5938
2770 5879
2769 6082
2768 6128
2767 6067
2766 6008
2765 6081
2764 5956
2763 6118
2762 6031
2761 6072
2760 6084
2759 6065
2758 6296
2757 6197
2756 6161
2755 6157
2754 6274
2753 6311
2752 6217
2751 6175
2750 6214
2749 6242
2748 6142
2747 6128
2746 6216
2745 6135
2744 6072
2743 6143
2742 6157
2741 6082
2740 6023
2739 6041
2738 6141
2737 5886
2736 6089
2735 6026
2734 5967
2733 5993
2732 5882
2731 5868
2730 6015
2729 6014
2728 5745
2727 5813
2726 5805
2725 5673
2724 5765
2723 5924
2722 5705
2721 5632
2720 5646
2719 5503
2718 5512
2717 5505
2716 5395
2715 5235
2714 5263
2713 5280
2712 5223
2711 5225
2710 4989
2709 4926
2708 4872
2707 5045
2706 5001
2705 4922
2704 4812
2703 4653
2702 4738
2701 4735
2700 4640
2699 4472
2698 4455
2697 4399
2696 4361
2695 4367
2694 4233
2693 4158
2692 4043
2691 4001
2690 3966
2689 4072
2688 3824
2687 3906
2686 3717
2685 3641
2684 3674
2683 3618
2682 3645
2681 3513
2680 3397
2679 3422
2678 3299
2677 3309
2676 3266
2675 3181
2674 3166
2673 2958
2672 3039
2671 2908
2670 2822
2669 2871
2668 2719
2667 2773
2666 2710
2665 2579
2664 2612
2663 2511
2662 2470
2661 2316
2660 2232
2659 2223
2658 2340
2657 2187
2656 2134
2655 2066
2654 1986
2653 1922
2652 1969
2651 1956
2650 1775
2649 1821
2648 1762
2647 1717
2646 1680
2645 1636
2644 1509
2643 1546
2642 1536
2641 1422
2640 1391
2639 1392
2638 1406
2637 1330
2636 1277
2635 1283
2634 1247
2633 1174
2632 1111
2631 1103
2630 1100
2629 1039
2628 1056
2627 954
2626 937
2625 966
2624 949
2623 929
2622 852
2621 830
2620 798
2619 743
2618 728
2617 779
2616 724
2615 683
2614 659
2613 622
2612 599
2611 599
2610 574
2609 549
2608 497
2607 541
2606 454
2605 460
2604 486
2603 445
2602 440
2601 440
2600 400
2599 400
2598 384
2597 369
2596 365
2595 356
2594 297
2593 320
2592 304
2591 295
2590 271
2589 269
2588 294
2587 272
2586 243
2585 217
2584 221
2583 213
2582 198
2581 202
2580 190
2579 194
2578 186
2577 173
2576 158
2575 161
2574 156
2573 148
2572 125
2571 128
2570 137
2569 105
2568 109
2567 115
2566 92
2565 79
2564 98
2563 95
2562 77
2561 71
2560 69
2559 86
2558 66
2557 65
2556 59
2555 66
2554 60
2553 59
2552 42
2551 50
2550 52
2549 54
2548 48
2547 41
2546 36
2545 47
2544 34
2543 41
2542 34
2541 33
2540 31
2539 42
2538 32
2537 18
2536 18
2535 30
2534 13
2533 25
2532 19
2531 16
2530 17
2529 14
2528 15
2527 16
2526 13
2525 9
2524 14
2523 13
2522 13
2521 18
2520 8
2519 8
2518 7
2517 5
2516 9
2515 13
2514 5
2513 5
2512 4
2511 4
2510 10
2509 2
2508 5
2507 5
2506 3
2505 2
2504 5
2503 5
2502 6
2501 3
2500 3
2499 3
2498 3
2497 4
2496 6
2495 6
2493 2
2492 1
2491 3
2490 1
2489 2
2487 3
2486 2
2485 1
2484 3
2483 1
2481 1
2479 1
2478 1
2477 1
2473 1
2472 1
2470 1
2469 1
2468 1
2467 1
2450 1
