4665600000 1
4251528000 1
4133430000 1
3888000000 1
3600000000 1
3402000000 1
3317760000 1
3276800000 1
3265920000 2
3240000000 1
3225600000 1
3149280000 1
3110400000 1
3061800000 1
3024000000 1
3023308800 1
2949120000 1
2916000000 2
2903040000 1
2834352000 1
2822400000 1
2799360000 1
2764800000 2
2687385600 1
2678462640 1
2624400000 1
2612736000 1
2592000000 3
2580480000 1
2571912000 2
2540160000 1
2519424000 1
2500470000 1
2469600000 1
2449440000 4
2430000000 1
2419200000 2
2381400000 1
2332800000 4
2322432000 3
2304000000 2
2293760000 1
2286144000 3
2268000000 1
2257920000 1
2250000000 1
2222640000 2
2211840000 3
2204496000 5
2177280000 1
2143260000 1
2125764000 2
2116800000 2
2116316160 1
2099520000 1
2090188800 3
2073600000 2
2057529600 1
2048000000 1
2041200000 6
2032128000 3
2016000000 2
2015539200 1
2007040000 1
2000376000 1
1990656000 1
1984500000 1
1984046400 1
1975680000 2
1960000000 1
1959552000 3
1944000000 3
1935360000 3
1928934000 1
1911029760 1
1905120000 3
1890000000 2
1889568000 1
1866240000 4
1843200000 2
1837080000 5
1828915200 5
1813985280 1
1807962282 1
1806336000 2
1792000000 2
1791590400 1
1786050000 2
1785641760 2
1778112000 1
1771470000 1
1769472000 3
1764000000 2
1763596800 7
1756160000 1
1750329000 1
1749600000 3
1741824000 10
1714608000 4
1701000000 1
1700611200 1
1693440000 3
1679616000 3
1666980000 2
1658880000 3
1653372000 3
1646023680 3
1632960000 9
1625702400 2
1620304560 1
1620000000 4
1612800000 5
1607445000 2
1600300800 2
1594323000 1
1587600000 6
1587237120 1
1574640000 3
1568000000 2
1567641600 2
1562436540 1
1555848000 1
1555200000 6
1548288000 5
1543500000 1
1543147200 5
1536000000 2
1530900000 2
1524096000 14
1511654400 1
1505280000 1
1500282000 2
1492992000 4
1488034800 1
1481760000 6
1476225000 1
1474560000 1
1470000000 1
1469664000 12
1463132160 1
1458000000 2
1451520000 16
1446700500 2
1440270720 4
1440000000 1
1433600000 2
1433272320 1
1428840000 10
1422489600 2
1411200000 5
1410877440 2
1404928000 1
1400263200 1
1399680000 16
1393459200 3
1388832480 1
1382976000 4
1382400000 1
1377810000 2
1376256000 2
1371686400 9
1360800000 11
1360488960 1
1354752000 5
1350253800 1
1343692800 2
1333584000 1
1327104000 3
1323000000 4
1322697600 5
1317120000 2
1312200000 1
1306368000 20
1300561920 1
1296000000 4
1290240000 9
1285956000 10
1280240640 3
1280000000 1
1275750000 3
1275458400 3
1270080000 15
1264435200 3
1260236880 1
1260000000 4
1259712000 9
1254400000 5
1254113280 5
1250235000 4
1244678400 2
1244160000 12
1240029000 2
1238630400 3
1234800000 3
1234517760 5
1225230300 1
1224720000 15
1219276800 1
1215228420 3
1215000000 2
1209600000 17
1209323520 1
1204224000 5
1200225600 8
1194393600 4
1190700000 7
1190427840 1
1185408000 3
1180980000 3
1179648000 1
1176000000 1
1175731200 13
1166886000 1
1166400000 8
1161216000 19
1157360400 1
1152480000 2
1152000000 4
1148175000 1
1147912560 1
1146880000 1
1143072000 13
1137991680 1
1134000000 11
1133740800 3
1128960000 12
1128701952 1
1125211500 1
1125000000 1
1120210560 1
1120000000 3
1119744000 13
1116026100 1
1111320000 4
1105920000 6
1102500000 2
1102248000 10
1101004800 1
1097600000 1
1097349120 6
1093500000 1
1089093600 2
1088640000 23
1083801600 1
1080450000 1
1080203040 4
1080000000 6
1075200000 5
1074954240 3
1071630000 9
1066867200 12
1061683200 2
1058400000 19
1058158080 5
1053696000 2
1050197400 2
1049760000 23
1045094400 17
1037232000 3
1036800000 12
1033357500 2
1032192000 4
1028764800 16
1024000000 1
1020600000 15
1020366720 2
1016064000 23
1012690350 1
1011548160 1
1008189504 1
1008000000 10
1007769600 7
1003520000 2
1003290624 2
1000188000 14
995328000 20
992436543 1
992250000 2
992023200 8
987840000 8
984150000 1
983040000 2
980000000 2
979776000 39
975421440 4
972405000 1
972182736 1
972000000 10
968083200 2
967680000 19
964467000 6
963379200 1
960400000 1
960180480 5
960000000 3
956593800 1
952560000 14
952342272 3
948326400 6
945000000 1
944784000 8
943718400 1
940800000 6
940584960 6
933508800 5
933120000 22
928972800 15
926100000 5
925888320 4
921984000 2
921600000 8
918540000 14
914457600 19
911250000 1
910393344 1
907578000 2
907200000 26
906992640 6
903168000 15
900169200 3
900000000 1
896000000 3
895795200 9
893025000 1
892820880 3
891813888 1
889056000 12
885735000 5
885104640 2
884736000 4
882000000 4
881798400 23
878080000 3
875164500 1
875000000 1
874800000 10
870912000 27
868020300 5
867041280 4
864360000 6
864162432 1
864000000 9
860160000 5
857304000 18
853493760 2
850500000 3
850305600 1
846720000 29
846526464 2
842956800 2
840157920 3
840000000 4
839808000 37
836075520 6
833490000 6
833299488 1
829785600 3
829440000 18
826686000 10
825753600 2
823200000 7
823011840 10
816820200 1
816480000 41
812851200 19
810152280 2
810000000 3
806400000 19
806215680 7
803722500 2
803538792 1
802816000 5
800150400 22
800000000 2
797161500 1
796262400 4
793800000 18
793618560 15
790272000 12
787320000 8
786432000 1
784000000 5
783820800 38
781218270 2
777924000 6
777600000 25
774466560 1
774144000 20
771750000 3
771573600 17
768320000 2
768144384 1
768000000 1
765450000 3
765275040 3
762365520 1
762048000 46
758661120 1
756142128 2
756000000 9
755827200 12
752640000 10
752467968 2
750141000 8
746807040 5
746496000 40
744017400 5
743178240 6
740880000 15
740710656 2
737587200 1
737280000 10
735138180 1
734832000 55
731566080 7
729000000 9
726062400 4
725760000 57
725594112 1
722534400 5
720135360 9
720000000 7
716800000 8
716636160 2
714420000 31
714256704 4
711244800 16
708883245 1
708588000 10
707788800 5
705600000 30
705438720 14
702464000 4
700131600 5
700000000 5
699840000 42
696729600 33
694575000 1
694416240 5
693633024 1
691488000 8
691200000 20
688905000 2
688128000 4
686000000 1
685843200 33
682795008 3
680400000 42
680244480 7
677658240 1
677376000 39
675126900 2
675000000 1
672000000 7
671846400 27
669615660 1
666792000 26
663828480 4
663552000 16
661624362 1
661500000 6
661348800 27
658560000 12
658409472 2
656100000 13
655360000 1
653456160 4
653184000 97
650280960 6
648270000 4
648121824 1
648000000 21
645120000 37
644972544 1
642978000 19
642252800 2
640120320 17
640000000 1
637875000 2
637729200 3
637009920 6
635304600 1
635040000 54
634894848 2
632217600 8
630000000 6
629856000 42
629145600 1
627200000 8
627056640 23
622339200 9
622080000 35
620014500 3
619315200 10
617400000 7
617258880 30
614656000 1
614400000 4
612360000 48
612220032 2
609892416 1
609638400 39
607614210 1
607500000 2
605052000 2
604800000 64
604661760 10
602112000 5
600112800 26
600000000 1
597445632 2
597196800 17
595350000 14
595213920 6
594542592 1
592704000 27
590490000 6
589824000 5
588110544 1
588000000 9
587865600 69
585252864 4
583443000 6
583200000 43
580849920 2
580608000 84
578680200 14
578027520 2
576240000 4
576108288 5
576000000 19
574087500 1
573440000 7
571536000 70
568995840 18
567106596 1
567000000 14
566870400 23
564480000 51
564350976 8
562605750 1
561971200 1
560105280 6
559872000 65
558013050 1
557383680 9
555660000 31
555532992 3
553190400 8
552960000 26
551250000 1
551124000 50
550502400 2
548800000 5
548674560 29
546750000 1
544546800 5
544320000 113
541900800 33
540225000 1
540101520 8
540000000 10
537600000 27
537477120 12
535815000 11
535692528 3
533433600 30
531441000 1
530841600 13
529420500 1
529200000 33
529079040 26
526848000 15
525098700 1
524880000 41
524288000 1
522547200 68
520812180 1
520224768 4
518616000 13
518400000 43
516311040 1
516096000 22
514500000 1
514382400 60
512096256 2
512000000 2
510300000 30
510183360 6
508032000 110
506345175 1
505774080 5
504094752 2
504000000 18
503884800 39
501760000 10
501645312 4
500094000 17
497871360 10
497664000 66
496125000 3
496011600 19
495452160 2
493920000 33
493807104 9
492075000 1
491724800 3
491520000 10
490092120 4
490000000 4
489888000 116
487710720 25
486202500 3
486000000 21
484041600 5
483840000 82
483729408 3
482233500 9
481689600 5
480200000 2
480090240 27
480000000 6
478296900 4
477757440 15
476280000 63
476171136 3
474163200 29
472500000 5
472392000 29
471859200 4
470596000 1
470400000 14
470292480 41
466754400 15
466560000 68
464486400 45
463050000 10
462944160 25
462422016 2
460992000 14
460800000 33
459270000 32
459165024 1
458752000 3
457228800 132
455196672 2
453789000 2
453600000 85
453496320 14
451772160 1
451584000 47
450084600 13
450000000 1
449576960 4
448084224 5
448000000 6
447897600 55
446512500 5
446410440 4
445906944 2
444528000 61
442867500 3
442552320 2
442368000 20
441000000 9
440899200 77
439040000 11
438939648 4
437400000 32
435637440 1
435456000 172
434010150 3
433520640 10
432180000 6
432081216 2
432000000 32
430080000 19
428750000 1
428652000 74
426746880 30
425250000 6
425152800 4
424673280 3
423360000 87
423263232 9
421478400 5
420078960 6
420000000 11
419904000 89
419430400 1
418037760 36
416745000 15
416649744 5
414892800 24
414720000 73
413343000 10
412876800 10
411600000 12
411505920 62
410062500 1
409600000 4
408410100 3
408240000 136
408146688 3
406425600 94
405076140 5
405000000 3
404619264 1
403368000 3
403200000 67
403107840 26
401861250 2
401769396 1
401408000 7
400075200 58
398580750 1
398297088 1
398131200 37
396900000 36
396809280 27
395136000 48
393660000 32
393216000 2
392073696 1
392000000 12
391910400 133
390168576 9
388962000 12
388800000 65
387233280 2
387072000 114
385875000 2
385786800 52
385351680 1
384160000 4
384072192 10
384000000 12
382725000 7
382637520 3
382205952 1
381182760 1
381024000 171
379330560 20
378071064 2
378000000 39
377913600 54
376320000 46
376233984 9
375070500 8
373403520 16
373248000 99
372008700 7
371589120 18
370440000 41
370355328 10
368793600 6
368640000 36
367569090 3
367500000 1
367416000 111
367001600 1
365783040 58
364568526 2
364500000 10
363031200 9
362880000 171
362797056 3
361267200 34
360150000 1
360067680 28
360000000 9
358400000 15
358318080 22
357210000 50
357128352 2
355622400 84
354375000 3
354294000 13
354041856 1
353894400 12
352800000 58
352719360 67
351232000 13
350065800 14
350000000 2
349920000 76
348509952 2
348364800 128
347287500 4
347208120 12
346816512 3
345744000 32
345600000 55
344452500 2
344064000 21
343064484 1
343000000 5
342921600 147
341397504 11
340200000 93
340122240 16
339738624 1
338829120 3
338688000 151
337563450 2
337500000 1
337182720 1
336140000 1
336063168 8
336000000 24
335923200 94
334430208 8
333396000 61
331914240 18
331776000 70
330750000 15
330674400 71
330301440 7
329280000 23
329204736 23
328050000 17
326728080 7
326592000 259
325140480 41
324135000 4
324000000 54
322694400 5
322560000 120
322486272 8
321489000 32
321126400 10
320060160 54
320000000 2
318937500 2
318864600 3
318504960 12
317652300 2
317520000 143
317447424 14
316108800 51
315059220 7
315000000 10
314928000 88
314572800 2
313600000 15
313528320 96
312487308 1
311169600 41
311040000 156
310007250 2
309657600 69
308700000 17
308629440 51
307328000 6
307200000 16
306250000 1
306180000 86
306110016 3
304946208 2
304819200 210
303807105 1
303464448 1
302526000 5
302400000 138
302330880 38
301056000 28
300056400 37
300000000 2
298722816 8
298598400 92
297675000 15
297606960 21
297271296 6
296352000 96
295245000 13
295034880 4
294912000 30
294122500 1
294000000 15
293932800 175
293601280 1
292626432 13
291721500 6
291600000 65
290424960 10
290304000 243
289340100 12
289013760 11
288120000 4
288054144 15
288000000 31
287043750 2
286720000 16
286654464 4
285768000 188
284497920 52
283500000 31
283435200 51
283115520 4
282357600 3
282240000 122
282175488 25
280985600 3
280052640 21
280000000 5
279936000 165
278691840 55
277830000 49
277766496 7
276595200 23
276480000 98
275625000 1
275562000 66
275251200 11
274400000 11
274337280 112
273375000 5
272273400 6
272160000 220
272097792 4
270950400 134
270112500 1
270050760 16
270000000 19
268912000 7
268800000 42
268738560 42
267907500 18
267846264 2
266716800 125
265720500 6
265531392 5
265420800 40
264600000 64
264539520 79
264241152 1
263424000 50
262549350 4
262440000 66
262144000 2
261382464 1
261273600 247
260406090 3
260112384 5
259308000 32
259200000 118
258339375 1
258155520 2
258048000 98
257250000 4
257191200 129
256048128 15
256000000 9
255150000 40
255091680 11
254803968 2
254121840 2
254016000 275
252887040 18
252105000 1
252047376 8
252000000 57
251942400 94
250880000 34
250822656 18
250047000 32
248935680 29
248832000 194
248005800 20
247726080 20
246960000 82
246903552 21
246037500 1
245862400 6
245760000 15
245046060 1
245000000 3
244944000 306
243855360 91
243101250 4
243045684 2
243000000 27
242020800 11
241920000 237
241864704 11
241116750 7
240844800 19
240100000 2
240045120 76
240000000 8
238878720 38
238140000 135
238085568 4
237081600 113
236250000 4
236196000 58
236027904 1
235929600 9
235200000 68
235146240 144
233377200 38
233280000 217
232339968 2
232243200 197
231525000 9
231472080 39
231211008 6
230496000 20
230400000 70
229635000 34
229376000 13
228709656 1
228614400 292
227598336 14
226894500 1
226800000 151
226748160 44
225886080 1
225792000 178
225042300 26
225000000 2
224788480 1
224042112 9
224000000 22
223948800 146
223205220 3
222953472 8
222356610 1
222264000 135
221433750 1
221276160 15
221184000 81
220541454 1
220500000 20
220449600 156
220200960 5
219520000 29
219469824 25
218750000 1
218700000 41
217818720 8
217728000 423
216760320 36
216090000 17
216040608 11
216000000 67
215129600 5
215040000 67
214990848 12
214326000 135
213373440 94
212625000 12
212576400 22
212336640 15
211768200 5
211680000 244
211631616 24
210739200 36
210039480 21
210000000 10
209952000 192
209715200 1
209018880 139
208372500 13
208324872 9
207446400 55
207360000 179
206671500 13
206438400 71
205800000 23
205752960 130
204800000 6
204205050 1
204120000 229
204073344 7
203297472 2
203212800 260
202538070 1
202500000 8
202309632 1
201684000 7
201600000 144
201553920 79
200930625 1
200704000 21
200037600 116
200000000 5
199148544 16
199065600 96
198450000 50
198404640 36
198180864 1
197568000 113
196875000 2
196830000 29
196689920 3
196608000 8
196036848 4
196000000 20
195955200 385
195084288 24
194481000 23
194400000 148
193616640 9
193536000 296
192893400 49
192675840 6
192080000 9
192036096 24
192000000 29
191362500 4
191318760 9
191102976 5
190512000 346
189665280 60
189035532 5
189000000 60
188956800 113
188743680 5
188160000 105
188116992 42
187535250 11
186701760 48
186624000 302
186004350 3
185794560 79
185220000 85
185177664 25
184396800 27
184320000 98
183750000 1
183708000 177
183500800 5
182891520 195
182250000 12
181515600 14
181440000 413
181398528 10
180708864 2
180633600 103
180075000 3
180033840 33
180000000 25
179200000 38
179159040 81
178605000 59
178564176 5
177811200 184
177187500 1
177147000 11
177020928 3
176947200 45
176400000 104
176359680 176
175616000 29
175032900 17
175000000 2
174960000 198
174254976 5
174182400 448
173643750 4
173604060 8
173408256 10
172872000 52
172800000 146
172226250 2
172103680 1
172032000 80
171500000 10
171460800 284
170698752 29
170170875 1
170100000 132
170061120 31
169869312 3
169414560 1
169344000 370
168781725 2
168750000 3
168591360 14
168070000 3
168031584 16
168000000 47
167961600 227
167403915 1
167215104 28
166698000 105
165957120 42
165888000 248
165375000 11
165337200 82
165150720 22
164708600 1
164640000 59
164602368 47
164025000 14
163840000 8
163364040 7
163296000 529
162570240 115
162067500 6
162030456 4
162000000 55
161347200 6
161280000 268
161243136 23
160744500 26
160563200 18
160030080 158
160000000 10
159432300 7
159252480 52
158826150 1
158760000 253
158723712 31
158054400 114
157529610 7
157500000 11
157464000 125
157351936 1
157286400 9
156800000 29
156764160 262
156279375 1
155584800 87
155520000 305
154893312 2
154828800 219
154350000 14
154314720 110
154140672 1
153664000 16
153600000 57
153090000 106
152409600 467
151875000 1
151732224 12
151263000 7
151200000 256
151165440 66
150528000 114
150028200 64
150000000 7
149361408 12
149299200 261
148837500 11
148803480 31
148635648 14
148176000 173
147622500 10
147517440 13
147456000 85
147027636 4
147000000 30
146966400 410
146800640 2
146313216 46
145860750 2
145800000 103
145212480 15
145152000 620
144670050 5
144506880 54
144060000 14
144027072 25
144000000 68
143489070 2
143360000 43
143327232 13
142884000 274
142248960 124
141750000 32
141717600 62
141557760 19
141178800 2
141120000 270
141087744 38
140492800 12
140026320 35
140000000 13
139968000 400
139345920 184
138915000 39
138883248 18
138297600 62
138240000 247
137781000 64
137682944 1
137625600 27
137200000 15
137168640 293
136687500 1
136136700 10
136080000 429
136048896 14
135531648 1
135475200 343
135056250 2
135025380 12
135000000 15
134873088 1
134456000 6
134400000 135
134369280 141
133953750 6
133923132 1
133358400 218
132860250 2
132765696 3
132710400 144
132355125 1
132300000 100
132269760 131
132120576 2
131766880 1
131712000 102
131274675 2
131250000 1
131220000 112
131072000 7
130691232 5
130636800 646
130203045 1
130056192 29
129654000 43
129600000 240
129077760 4
129024000 254
128625000 6
128595600 157
128450560 12
128024064 50
128000000 22
127575000 31
127545840 10
127401984 9
127008000 566
126562500 1
126443520 53
126052500 2
126023688 9
126000000 77
125971200 215
125440000 51
125411328 70
125023500 34
124467840 59
124416000 389
124002900 22
123863040 75
123480000 102
123451776 60
123018750 2
122931200 13
122880000 54
122523030 8
122500000 6
122472000 426
121927680 273
121550625 1
121500000 40
121010400 19
120960000 594
120932352 26
120558375 1
120422400 69
120050000 3
120022560 123
120000000 26
119439360 105
119070000 139
119042784 13
118540800 237
118125000 4
118098000 62
118013952 3
117964800 29
117649000 2
117600000 106
117573120 305
116688600 42
116640000 375
116169984 5
116121600 459
115762500 6
115736040 57
115605504 8
115248000 37
115200000 155
114817500 31
114791256 1
114688000 30
114354828 1
114307200 555
113799168 24
113447250 2
113400000 225
113374080 56
113246208 1
112896000 394
112521150 10
112500000 6
112394240 4
112021056 23
112000000 51
111974400 388
111602610 4
111476736 38
111132000 222
110638080 47
110592000 240
110270727 1
110250000 20
110224800 239
110100480 8
109760000 34
109734912 83
109350000 45
108909360 16
108864000 945
108380160 154
108045000 21
108020304 20
108000000 98
107564800 6
107520000 153
107495424 31
107163000 112
106686720 215
106312500 1
106288200 26
106168320 55
105884100 1
105840000 401
105815808 66
105369600 57
105019740 11
105000000 14
104976000 309
104857600 5
104509440 345
104186250 5
104162436 7
103723200 96
103680000 468
103335750 15
103219200 146
102900000 32
102876480 260
102760448 1
102400000 18
102102525 1
102060000 306
102036672 5
101648736 1
101606400 631
101269035 1
101250000 8
101154816 10
100842000 8
100800000 285
100776960 193
100352000 65
100018800 181
100000000 1
99574272 18
99532800 316
99225000 53
99202320 55
99090432 8
98825160 1
98784000 229
98415000 32
98344960 6
98304000 40
98018424 5
98000000 19
97977600 714
97542144 80
97240500 23
97200000 234
96808320 17
96768000 664
96468750 3
96446700 67
96337920 26
96040000 18
96018048 66
96000000 67
95681250 4
95659380 3
95551488 26
95295690 1
95256000 543
94832640 166
94517766 4
94500000 63
94478400 170
94371840 10
94119200 5
94080000 189
94058496 102
93750000 1
93350880 74
93312000 611
93002175 2
92897280 213
92610000 92
92588832 40
92198400 52
92160000 196
91875000 3
91854000 227
91750400 11
91445760 478
91125000 10
90757800 10
90720000 675
90699264 31
90316800 263
90037500 3
90016920 59
90000000 30
89915392 2
89600000 65
89579520 199
89302500 40
89282088 9
88905600 366
88593750 1
88573500 12
88510464 12
88473600 138
88236750 1
88200000 142
88179840 296
88080384 1
87808000 65
87516450 17
87500000 3
87480000 252
87127488 10
87091200 894
86802030 15
86704128 24
86436000 67
86400000 312
86113125 1
86051840 3
86016000 159
85750000 3
85730400 394
85349376 70
85050000 122
85030560 36
84934656 6
84707280 1
84672000 710
84295680 51
84035000 2
84015792 10
84000000 80
83980800 417
83607552 78
83349000 96
82978560 72
82944000 497
82687500 6
82668600 101
82575360 58
82320000 101
82301184 105
82012500 10
81920000 24
81682020 13
81648000 909
81285120 349
81033750 4
81015228 5
81000000 75
80673600 11
80640000 508
80621568 50
80372250 15
80281600 34
80015040 247
80000000 7
79716150 1
79626240 136
79380000 331
79361856 51
79027200 241
78764805 3
78750000 15
78732000 179
78675968 2
78643200 23
78400000 63
78382080 500
78121827 1
77792400 64
77760000 589
77446656 4
77414400 465
77175000 22
77157360 140
77070336 2
76832000 23
76800000 88
76545000 113
76527504 2
76236552 3
76204800 817
75937500 1
75866112 39
75631500 5
75600000 315
75582720 141
75295360 3
75264000 237
75031250 1
75014100 65
75000000 5
74680704 35
74649600 603
74418750 3
74401740 22
74317824 44
74118870 1
74088000 285
73811250 1
73758720 31
73728000 182
73513818 1
73500000 27
73483200 604
73400320 4
73156608 132
72900000 117
72606240 19
72576000 1196
72335025 3
72253440 109
72030000 17
72013536 50
72000000 110
71680000 81
71663616 46
71442000 342
71124480 311
70875000 23
70858800 68
70778880 50
70589400 4
70560000 423
70543872 113
70246400 37
70013160 46
70000000 12
69984000 625
69672960 462
69457500 38
69441624 20
69148800 112
69120000 478
68890500 46
68812800 81
68600000 19
68584320 476
68068350 7
68040000 650
68024448 13
67765824 2
67737600 667
67512690 16
67500000 13
67436544 5
67228000 9
67200000 204
67184640 310
66976875 2
66961566 1
66679200 331
66382848 23
66355200 362
66150000 99
66134880 180
66060288 12
65856000 177
65625000 1
65610000 111
65536000 9
65345616 5
65318400 1175
65028096 67
64827000 42
64800000 369
64538880 7
64512000 527
64312500 4
64297800 190
64225280 12
64012032 89
64000000 34
63787500 30
63772920 10
63700992 22
63530460 3
63504000 859
63221760 140
63011844 8
63000000 102
62985600 358
62914560 6
62720000 106
62705664 133
62511750 17
62233920 114
62208000 874
62001450 12
61931520 193
61740000 137
61725888 95
61465600 23
61440000 121
61261515 1
61250000 4
61236000 607
60963840 577
60761421 1
60750000 36
60505200 20
60480000 835
60466176 40
60211200 163
60025000 2
60011280 144
60000000 15
59719680 285
59535000 162
59521392 24
59270400 430
59062500 3
59049000 57
59006976 10
58982400 100
58824500 1
58800000 138
58786560 606
58720256 1
58344300 43
58320000 511
58084992 12
58060800 1094
57881250 5
57868020 42
57802752 26
57624000 57
57600000 280
57408750 8
57344000 75
57153600 796
56899584 78
56700000 276
56687040 98
56623104 5
56471520 2
56448000 693
56260575 7
56250000 5
56197120 14
56010528 28
56000000 47
55987200 705
55738368 106
55566000 219
55319040 75
55296000 511
55125000 16
55112400 290
55050240 27
54880000 67
54867456 178
54675000 40
54454680 19
54432000 1473
54190080 321
54022500 18
54010152 23
54000000 137
53782400 6
53760000 323
53747712 67
53581500 96
53343360 367
53156250 3
53144100 19
53084160 117
52942050 1
52920000 506
52907904 109
52684800 159
52509870 7
52500000 13
52488000 419
52428800 8
52254720 746
52093125 1
52081218 5
51861600 130
51840000 781
51667875 2
51631104 2
51609600 368
51450000 28
51438240 349
51380224 3
51200000 50
51030000 284
51018336 9
50824368 1
50803200 1160
50625000 5
50577408 24
50421000 7
50400000 409
50388480 307
50331648 1
50176000 122
50009400 168
50000000 4
49787136 50
49766400 750
49612500 29
49601160 61
49545216 40
49392000 335
49207500 16
49172480 11
49152000 80
49009212 7
49000000 17
48988800 1135
48771072 176
48620250 12
48600000 251
48404160 26
48384000 1221
48223350 32
48168960 60
48020000 22
48009024 85
48000000 91
47775744 58
47628000 707
47416320 295
47258883 2
47250000 52
47239200 190
47185920 25
47059600 2
47040000 299
47029248 193
46675440 87
46656000 976
46448640 523
46305000 71
46294416 46
46099200 73
46080000 363
45927000 192
45875200 27
45722880 766
45562500 6
45378900 10
45360000 1008
45349632 52
45177216 2
45158400 563
45018750 1
45008460 53
45000000 17
44957696 1
44800000 107
44789760 406
44651250 13
44641044 7
44452800 558
44286750 9
44255232 19
44236800 323
44100000 156
44089920 394
44040192 5
43904000 88
43758225 2
43740000 269
43563744 7
43545600 1613
43401015 3
43352064 69
43218000 79
43200000 418
43025920 7
43008000 326
42875000 1
42865200 423
42674688 117
42525000 75
42515280 51
42467328 19
42353640 8
42336000 1050
42147840 61
42017500 2
42007896 21
42000000 90
41990400 689
41803776 167
41674500 74
41489280 122
41472000 966
41343750 2
41334300 82
41287680 134
41160000 135
41150592 166
41006250 2
40960000 52
40841010 6
40824000 1100
40642560 709
40507614 6
40500000 94
40336800 24
40320000 803
40310784 84
40186125 4
40140800 57
40007520 294
40000000 11
39813120 329
39690000 321
39680928 54
39513600 442
39375000 10
39366000 159
39337984 1
39321600 41
39200000 94
39191040 914
38896200 81
38880000 844
38723328 7
38707200 989
38587500 18
38578680 134
38535168 17
38416000 43
38400000 158
38272500 56
38118276 4
38102400 1210
37968750 1
37933056 83
37815750 3
37800000 392
37791360 245
37748736 7
37632000 429
37507050 25
37500000 5
37340352 53
37324800 1010
37200870 7
37158912 93
37044000 343
36879360 57
36864000 345
36756909 1
36750000 18
36741600 673
36700160 9
36578304 258
36450000 99
36303120 19
36288000 1844
36126720 273
36015000 11
36006768 50
36000000 118
35840000 128
35831808 112
35721000 295
35562240 497
35437500 13
35429400 59
35389440 120
35280000 556
35271936 171
35123200 76
35006580 35
35000000 16
34992000 862
34836480 933
34728750 12
34720812 17
34574400 131
34560000 773
34445250 23
34420736 6
34406400 175
34300000 36
34292160 615
34034175 1
34020000 681
34012224 21
33882912 1
33868800 1138
33756345 4
33750000 15
33718272 16
33614000 7
33600000 304
33592320 525
33554432 1
33339600 370
33191424 48
33177600 711
33075000 70
33067440 195
33030144 29
32928000 257
32805000 69
32768000 34
32672808 6
32659200 1778
32514048 154
32413500 33
32400000 410
32269440 23
32256000 997
32156250 1
32148900 132
32112640 23
32006016 148
32000000 36
31893750 7
31886460 7
31850496 58
31765230 1
31752000 1094
31610880 209
31500000 112
31492800 399
31457280 14
31360000 141
31352832 268
31255875 8
31116960 156
31104000 1348
31000725 5
30965760 420
30870000 127
30862944 113
30732800 39
30720000 190
30625000 6
30618000 501
30481920 989
30375000 27
30252600 21
30240000 1237
30233088 88
30105600 302
30012500 1
30005640 154
30000000 31
29859840 536
29767500 90
29760696 26
29647548 2
29635200 574
29524500 31
29503488 12
29491200 215
29400000 143
29393280 882
29360128 1
29172150 18
29160000 577
29042496 14
29030400 1898
28934010 29
28901376 57
28812000 69
28800000 367
28704375 1
28672000 133
28576800 975
28449792 161
28350000 247
28343520 105
28311552 22
28235760 4
28224000 976
28125000 3
28098560 37
28005264 50
28000000 57
27993600 1145
27869184 212
27783000 216
27659520 127
27648000 814
27562500 13
27556200 242
27525120 58
27440000 66
27433728 292
27337500 12
27227340 16
27216000 1888
27095040 685
27011250 5
27005076 18
27000000 129
26891200 11
26880000 513
26873856 139
26790750 40
26671680 488
26572050 8
26542080 295
26460000 522
26453952 112
26342400 237
26254935 7
26250000 12
26244000 451
26214400 14
26127360 1336
26040609 1
25930800 139
25920000 1107
25815552 8
25804800 703
25725000 21
25719120 351
25690112 4
25600000 61
25515000 226
25509168 9
25412184 2
25401600 1593
25312500 3
25288704 57
25210500 3
25200000 417
25194240 478
25088000 160
25004700 109
25000000 2
24893568 56
24883200 1212
24806250 17
24800580 55
24772608 75
24696000 434
24603750 3
24586240 31
24576000 168
24504606 5
24500000 16
24494400 1370
24385536 296
24310125 2
24300000 211
24202080 32
24192000 1888
24111675 4
24084480 145
24010000 12
24004512 110
24000000 93
23887872 106
23814000 683
23708160 457
23625000 39
23619600 173
23592960 55
23529800 4
23520000 389
23514624 300
23337720 104
23328000 1372
23224320 914
23152500 50
23147208 58
23049600 120
23040000 639
22968750 1
22963500 125
22937600 59
22861440 1056
22781250 2
22689450 6
22680000 1113
22674816 63
22588608 1
22579200 960
22504230 32
22500000 18
22478848 7
22400000 139
22394880 712
22325625 3
22226400 580
22143375 1
22127616 45
22118400 557
22050000 153
22044960 485
22020096 9
21952000 107
21875000 1
21870000 247
21781872 10
21772800 2489
21676032 134
21609000 65
21600000 499
21512960 8
21504000 525
21432600 399
21337344 218
21262500 41
21257640 32
21233664 52
21176820 2
21168000 1287
21073920 123
21008750 1
21003948 22
21000000 103
20995200 864
20971520 1
20901888 347
20837250 44
20744640 152
20736000 1525
20667150 26
20643840 296
20580000 119
20575296 236
20503125 1
20480000 92
20420505 1
20412000 1173
20321280 1142
20250000 65
20168400 16
20160000 1106
20155392 171
20070400 118
20003760 314
20000000 7
19906560 575
19845000 240
19840464 66
19756800 537
19687500 3
19683000 123
19668992 3
19660800 89
19600000 102
19595520 1325
19448100 70
19440000 959
19361664 13
19353600 1650
19293750 4
19289340 85
19267584 24
19208000 49
19200000 240
19136250 21
19131876 2
19059138 1
19051200 1532
18966528 142
18907875 2
18900000 345
18895680 290
18874368 5
18823840 4
18816000 603
18753525 4
18750000 2
18670176 68
18662400 1687
18600435 5
18579456 185
18522000 299
18439680 73
18432000 620
18375000 18
18370800 649
18350080 19
18289152 393
18225000 76
18151560 25
18144000 2340
18063360 474
18007500 14
18003384 46
18000000 151
17920000 202
17915904 182
17860500 179
17781120 603
17718750 3
17714700 31
17694720 230
17647350 3
17640000 591
17635968 285
17561600 94
17503290 18
17500000 7
17496000 896
17418240 1612
17364375 2
17360406 9
17287200 169
17280000 1149
17222625 2
17210368 2
17203200 346
17150000 21
17146080 759
17010000 556
17006112 28
16941456 3
16934400 1678
16875000 7
16859136 31
16807000 12
16800000 343
16796160 787
16777216 1
16669800 279
16595712 70
16588800 1341
16537500 39
16533720 156
16515072 48
16464000 292
16402500 50
16384000 56
16336404 16
16329600 2256
16257024 314
16206750 15
16200000 479
16134720 34
16128000 1534
16074450 63
16056320 33
16003008 206
16000000 46
15946875 2
15925248 129
15882615 1
15876000 1045
15805440 379
15752961 1
15750000 74
15746400 482
15728640 25
15680000 190
15676416 454
15625000 1
15558480 151
15552000 1809
15482880 749
15435000 94
15431472 123
15366400 60
15360000 325
15309000 429
15240960 1490
15187500 10
15126300 8
15120000 1377
15116544 129
15052800 534
15002820 113
15000000 29
14929920 884
14883750 32
14880348 14
14817600 750
14762250 16
14751744 21
14745600 357
14700000 133
14696640 923
14680064 5
14586075 7
14580000 518
14521248 21
14515200 2646
14467005 12
14450688 86
14406000 47
14400000 492
14348907 1
14336000 193
14288400 849
14224896 243
14175000 142
14171760 97
14155776 34
14117880 9
14112000 1213
14062500 3
14049280 50
14002632 32
14000000 65
13996800 1496
13934592 383
13891500 118
13829760 168
13824000 1326
13781250 6
13778100 133
13762560 130
13720000 81
13716864 393
13668750 3
13613670 3
13608000 1935
13547520 989
13505625 2
13502538 13
13500000 102
13445600 15
13440000 683
13436928 253
13395375 10
13335840 488
13271040 539
13230000 384
13226976 143
13171200 301
13125000 2
13122000 379
13107200 27
13063680 1832
12965400 130
12960000 1263
12907776 4
12902400 1136
12862500 10
12859560 285
12845056 4
12800000 95
12757500 132
12754584 7
12706092 4
12700800 2001
12644352 91
12605250 2
12600000 446
12597120 564
12582912 5
12544000 215
12502350 51
12446784 80
12441600 1854
12403125 1
12400290 22
12386304 129
12348000 383
12301875 2
12293120 20
12288000 307
12252303 5
12250000 16
12247200 1337
12192768 493
12150000 164
12101040 29
12096000 2451
12042240 214
12005000 7
12002256 108
12000000 113
11943936 209
11907000 472
11854080 630
11812500 21
11809800 134
11796480 130
11760000 429
11757312 418
11668860 63
11664000 1478
11612160 1540
11576250 18
11573604 32
11524800 111
11520000 776
11481750 38
11468800 102
11430720 1213
11344725 1
11340000 1004
11337408 65
11294304 2
11289600 1300
11252115 6
11250000 15
11239424 2
11200000 136
11197440 1114
11113200 511
11063808 72
11059200 1032
11025000 83
11022480 392
11010048 31
10976000 124
10937500 1
10935000 142
10890936 11
10886400 3041
10838016 239
10804500 30
10800000 491
10756480 10
10752000 791
10716300 200
10668672 241
10631250 14
10628820 23
10616832 108
10588410 2
10584000 1359
10536960 178
10501974 7
10500000 64
10497600 901
10485760 9
10450944 548
10418625 9
10372320 200
10368000 2053
10333575 8
10321920 484
10290000 95
10287648 238
10240000 109
10206000 973
10160640 1504
10125000 25
10084200 18
10080000 1269
10077696 225
10035200 181
10001880 248
10000000 19
9953280 1021
9922500 122
9920232 48
9878400 674
9843750 1
9841500 56
9834496 8
9830400 206
9800000 77
9797760 1636
9724050 27
9720000 973
9680832 18
9676800 2494
9644670 50
9633792 32
9604000 34
9600000 292
9568125 1
9525600 1491
9483264 206
9450000 260
9447840 261
9437184 18
9411920 3
9408000 758
9375000 1
9335088 71
9331200 2071
9289728 359
9261000 232
9219840 103
9216000 912
9187500 4
9185400 457
9175040 25
9144576 493
9112500 35
9075780 23
9072000 2647
9031680 688
9003750 3
9001692 35
9000000 126
8960000 258
8957952 300
8930250 59
8890560 722
8859375 1
8857350 14
8847360 411
8820000 556
8817984 284
8780800 131
8751645 4
8750000 3
8748000 783
8709120 2207
8680203 4
8643600 128
8640000 1287
8605184 7
8601600 540
8575000 15
8573040 643
8505000 336
8503056 27
8470728 1
8467200 2032
8429568 64
8403500 3
8400000 321
8398080 949
8388608 1
8334900 179
8297856 91
8294400 1913
8268750 10
8266860 98
8257536 84
8232000 277
8201250 12
8192000 79
8168202 4
8164800 2274
8128512 478
8103375 3
8100000 344
8067360 19
8064000 1905
8037225 9
8028160 61
8001504 202
8000000 54
7971615 1
7962624 228
7938000 907
7902720 539
7875000 36
7873200 351
7864320 58
7840000 180
7838208 621
7779240 113
7776000 2072
7741440 1168
7717500 49
7715736 98
7683200 38
7680000 426
7654500 205
7620480 1596
7593750 1
7563150 1
7560000 1314
7558272 145
7529536 1
7526400 705
7501410 64
7500000 21
7464960 1359
7441875 4
7440174 6
7408800 642
7381125 1
7375872 28
7372800 632
7350000 95
7348320 961
7340032 3
7290000 390
7260624 17
7257600 3400
7225344 135
7203000 39
7200000 506
7168000 276
7144200 637
7112448 300
7087500 51
7085880 73
7077888 65
7058940 2
7056000 1265
7024640 75
7001316 23
7000000 34
6998400 1586
6967296 554
6945750 58
6914880 156
6912000 1845
6889050 54
6881280 219
6860000 58
6858432 419
6806835 4
6804000 1657
6773760 1452
6751269 3
6750000 75
6722800 10
6720000 764
6718464 349
6667920 438
6635520 814
6615000 282
6613488 134
6585600 393
6562500 7
6561000 225
6553600 48
6531840 2333
6482700 70
6480000 1262
6453888 13
6451200 1638
6431250 3
6429780 172
6422528 9
6400000 123
6378750 48
6377292 8
6353046 2
6350400 2019
6322176 137
6300000 335
6298560 590
6291456 13
6272000 306
6251175 10
6223392 89
6220800 2431
6200145 4
6193152 257
6174000 305
6146560 36
6144000 449
6125000 8
6123600 1048
6096384 656
6075000 115
6050520 25
6048000 2832
6021120 338
6002500 13
6001128 91
6000000 99
5971968 349
5953500 225
5927040 685
5906250 3
5904900 80
5898240 217
5882450 1
5880000 425
5878656 469
5834430 24
5832000 1475
5806080 2114
5788125 2
5786802 13
5762400 105
5760000 1014
5740875 5
5734400 160
5715360 1106
5670000 706
5668704 83
5647152 2
5644800 1568
5625000 10
5619712 21
5600000 145
5598720 1399
5556600 349
5531904 73
5529600 1486
5512500 40
5511240 323
5505024 27
5488000 142
5467500 77
5445468 5
5443200 3254
5419008 366
5402250 13
5400000 422
5378240 8
5376000 1052
5358150 107
5334336 270
5315625 2
5314410 8
5308416 173
5292000 1181
5268480 266
5250987 5
5250000 52
5248800 807
5242880 9
5225472 773
5186160 145
5184000 2359
5160960 764
5145000 71
5143824 201
5120000 168
5103000 569
5080320 1872
5062500 20
5042100 8
5040000 1192
5038848 271
5017600 225
5000940 136
5000000 12
4976640 1378
4961250 42
4960116 31
4939200 646
4920750 19
4917248 8
4915200 288
4900000 73
4898880 1548
4862025 8
4860000 673
4840416 19
4838400 3144
4822335 13
4816896 81
4802000 26
4800000 298
4762800 1090
4741632 251
4725000 155
4723920 223
4718592 41
4705960 2
4704000 826
4667544 46
4665600 2308
4644864 533
4630500 117
4609920 96
4608000 1189
4593750 3
4592700 232
4587520 52
4572288 601
4556250 6
4537890 9
4536000 2452
4515840 984
4500846 20
4500000 110
4480000 307
4478976 423
4465125 12
4445280 591
4428675 1
4423680 644
4410000 355
4408992 262
4390400 161
4375000 2
4374000 589
4354560 2623
4321800 104
4320000 1251
4302592 1
4300800 767
4287500 6
4286520 449
4252500 167
4251528 22
4235364 2
4233600 2044
4214784 71
4201750 1
4200000 308
4199040 963
4194304 4
4167450 66
4148928 87
4147200 2366
4134375 1
4133430 37
4128768 139
4116000 256
4100625 2
4096000 128
4082400 2024
4064256 563
4050000 230
4033680 16
4032000 2187
4014080 95
4000752 165
4000000 47
3981312 356
3969000 556
3951360 598
3937500 16
3936600 228
3932160 93
3920000 216
3919104 765
3889620 64
3888000 2103
3870720 1749
3858750 15
3857868 50
3841600 49
3840000 543
3827250 71
3810240 1581
3780000 930
3779136 162
3764768 2
3763200 870
3750705 12
3750000 19
3732480 1743
3720087 1
3704400 507
3687936 44
3686400 907
3675000 50
3674160 698
3670016 12
3645000 223
3630312 19
3628800 3675
3612672 197
3601500 15
3600000 471
3584000 310
3572100 327
3556224 321
3543750 19
3542940 46
3538944 148
3528000 1117
3512320 89
3500658 12
3500000 40
3499200 1488
3483648 820
3472875 12
3457440 141
3456000 2259
3444525 8
3440640 302
3430000 34
3429216 363
3402000 1244
3386880 1691
3375000 33
3361400 6
3360000 792
3359232 380
3333960 296
3317760 1184
3307500 128
3306744 104
3292800 391
3280500 109
3276800 80
3265920 2339
3241350 22
3240000 1108
3226944 12
3225600 2110
3214890 58
3211264 17
3200000 114
3189375 5
3188646 3
3175200 1643
3161088 181
3150000 227
3149280 453
3145728 17
3136000 294
3125000 1
3111696 91
3110400 2839
3096576 388
3087000 203
3073280 36
3072000 591
3062500 4
3061800 685
3048192 724
3037500 43
3025260 12
3024000 2632
3010560 434
3001250 1
3000564 57
3000000 75
2985984 474
2976750 81
2963520 690
2952450 19
2949120 371
2940000 338
2939328 505
2917215 4
2916000 1098
2903040 2655
2893401 3
2881200 75
2880000 1079
2867200 233
2857680 865
2835000 402
2834352 59
2823576 1
2822400 1668
2809856 15
2800000 142
2799360 1504
2778300 185
2765952 74
2764800 1969
2756250 14
2755620 153
2752512 61
2744000 114
2733750 21
2722734 9
2721600 2939
2709504 466
2701125 3
2700000 319
2689120 11
2688000 1205
2679075 12
2667168 257
2657205 1
2654208 247
2646000 830
2634240 336
2625000 16
2624400 570
2621440 19
2612736 909
2593080 115
2592000 2420
2580480 1041
2572500 26
2571912 137
2560000 166
2551500 276
2540160 1789
2531250 2
2521050 1
2520000 1021
2519424 260
2508800 285
2500470 51
2500000 7
2488320 1778
2480625 7
2480058 11
2469600 469
2460375 2
2458624 12
2457600 395
2450000 50
2449440 1329
2430000 508
2420208 9
2419200 3468
2408448 87
2401000 15
2400000 287
2381400 701
2370816 277
2362500 70
2361960 154
2359296 54
2352000 782
2333772 31
2332800 2225
2322432 731
2315250 44
2304960 109
2304000 1500
2296350 63
2293760 89
2286144 559
2278125 2
2268945 3
2268000 1904
2257920 1120
2250423 4
2250000 49
2240000 309
2239488 478
2222640 451
2211840 914
2205000 214
2204496 183
2195200 140
2187500 2
2187000 329
2177280 2863
2160900 38
2160000 1235
2151296 8
2150400 975
2143750 2
2143260 234
2126250 44
2125764 6
2116800 1897
2107392 77
2100000 185
2099520 820
2097152 2
2083725 10
2074464 82
2073600 2718
2066715 5
2064384 217
2058000 154
2048000 148
2041200 1432
2032128 786
2025000 117
2016840 15
2016000 2169
2007040 118
2000376 123
2000000 39
1990656 447
1984500 289
1975680 562
1968750 2
1968300 102
1966080 150
1960000 172
1959552 750
1944810 27
1944000 1715
1935360 2120
1929375 3
1928934 17
1920800 46
1920000 548
1913625 11
1905120 1356
1890000 648
1889568 135
1881600 881
1875000 7
1866240 1955
1852200 298
1843968 48
1843200 1103
1837500 21
1837080 407
1835008 11
1822500 87
1815156 8
1814400 3508
1806336 300
1800750 10
1800000 340
1792000 322
1786050 100
1778112 279
1771875 4
1771470 9
1769472 193
1764735 1
1764000 879
1756160 98
1750329 2
1750000 24
1749600 1112
1741824 978
1728720 104
1728000 2200
1720320 412
1715000 29
1714608 279
1701000 712
1693440 1686
1687500 14
1680700 4
1680000 708
1679616 432
1666980 162
1658880 1635
1653750 45
1653372 44
1646400 341
1640250 33
1638400 90
1632960 2149
1620675 11
1620000 740
1613472 12
1612800 2414
1607445 10
1605632 27
1600000 129
1587600 1184
1580544 219
1575000 114
1574640 319
1572864 20
1568000 289
1562500 1
1555848 55
1555200 2753
1548288 534
1543500 102
1536640 26
1536000 672
1530900 318
1524096 709
1518750 18
1512630 6
1512000 2127
1505280 553
1500282 21
1500000 56
1492992 604
1488375 12
1481760 555
1476225 2
1474560 477
1470000 195
1469664 400
1458000 712
1451520 2927
1440600 29
1440000 980
1433600 246
1428840 525
1417500 183
1417176 31
1411788 1
1411200 1500
1406250 4
1404928 16
1400000 98
1399680 1405
1389150 59
1382976 49
1382400 2211
1378125 2
1377810 48
1376256 92
1372000 77
1366875 3
1360800 2252
1354752 568
1350000 186
1344560 9
1344000 1149
1333584 207
1327104 353
1323000 481
1317120 317
1312500 11
1312200 294
1310720 35
1306368 948
1296540 64
1296000 2124
1290240 1213
1286250 12
1285956 69
1280000 223
1275750 80
1270080 1609
1260000 703
1259712 250
1254400 319
1250235 9
1250000 2
1244160 1969
1240029 6
1234800 325
1229312 13
1228800 471
1225000 23
1224720 968
1215000 258
1210104 8
1209600 3169
1204224 137
1200500 7
1200000 210
1190700 344
1185408 302
1181250 16
1180980 66
1179648 78
1176000 575
1166886 9
1166400 1795
1161216 895
1157625 6
1152480 80
1152000 1565
1148175 12
1146880 110
1143072 494
1134000 1231
1128960 1215
1125000 27
1120000 250
1119744 571
1111320 272
1105920 1051
1102500 81
1102248 113
1097600 138
1093500 137
1088640 2601
1080450 9
1080000 890
1075648 2
1075200 1125
1071630 91
1063125 3
1062882 1
1058400 1384
1053696 116
1050000 134
1049760 672
1048576 3
1037232 56
1036800 2770
1032192 264
1029000 99
1024000 182
1020600 771
1016064 747
1012500 40
1008420 5
1008000 1897
1003520 157
1000188 59
1000000 34
995328 591
992250 79
987840 473
984375 1
984150 27
983040 169
980000 103
979776 668
972405 2
972000 1201
967680 2351
964467 6
960400 27
960000 580
952560 883
945000 347
944784 81
941192 1
940800 858
937500 2
933120 1863
926100 148
921984 45
921600 1351
918750 8
918540 200
917504 14
911250 22
907578 3
907200 2839
903168 330
900375 1
900000 227
896000 377
893025 26
889056 212
885735 4
884736 257
882000 545
878080 82
875000 7
874800 732
870912 1083
864360 66
864000 2041
860160 523
857500 15
857304 137
850500 302
846720 1527
843750 2
840350 1
840000 499
839808 374
833490 65
829440 1763
826875 4
826686 15
823200 292
820125 7
819200 129
816480 1563
810000 439
806736 2
806400 2369
802816 36
800000 118
793800 637
790272 181
787500 38
787320 193
786432 40
784000 255
777924 23
777600 2377
774144 572
771750 39
768320 34
768000 766
765450 97
762048 568
759375 1
756315 2
756000 1501
752640 597
750141 5
750000 32
746496 639
740880 391
737280 645
735000 95
734832 308
729000 358
725760 2701
720300 24
720000 806
716800 277
714420 240
708750 47
708588 14
705600 1267
702464 25
700000 71
699840 1097
694575 8
691488 54
691200 2262
688905 15
688128 107
686000 51
680400 1463
677376 602
675000 95
672280 3
672000 957
666792 116
663552 477
661500 185
658560 265
656250 4
656100 141
655360 49
653184 865
648270 23
648000 1563
645120 1401
642978 25
640000 183
637875 13
635040 1250
630000 454
629856 167
627200 277
622080 1981
617400 190
614656 10
614400 574
612500 9
612360 521
607500 107
605052 6
604800 2797
602112 158
600250 4
600000 172
595350 108
592704 238
590625 3
590490 23
589824 125
588000 434
583443 1
583200 1252
580608 992
576240 60
576000 1396
573440 112
571536 294
567000 647
564480 1108
562500 13
560000 202
559872 554
555660 134
552960 1268
551250 24
551124 51
548800 78
546750 39
544320 2152
540225 4
540000 613
537824 1
537600 1129
535815 11
529200 830
526848 99
525000 63
524880 440
524288 8
518616 37
518400 2551
516096 353
514500 32
512000 213
510300 340
508032 635
506250 13
504210 3
504000 1377
501760 181
500094 23
500000 17
497664 631
496125 14
493920 319
492075 3
491520 222
490000 58
489888 450
486000 703
483840 2300
480200 8
480000 442
476280 481
472500 114
472392 40
470596 1
470400 681
466560 1574
463050 34
460992 25
460800 1373
459270 65
458752 24
455625 3
453789 1
453600 2039
451584 385
450000 130
448000 359
444528 153
442368 274
441000 292
439040 69
437500 2
437400 386
435456 1012
432180 37
432000 1569
430080 605
428750 5
428652 84
425250 90
423360 1281
420000 299
419904 297
416745 8
414720 1831
413343 4
411600 151
409600 132
408240 930
405000 198
403368 3
403200 1981
401408 37
400000 65
396900 265
395136 163
393750 17
393660 85
393216 42
392000 167
388962 5
388800 1813
387072 652
385875 3
384160 32
384000 731
382725 21
381024 413
378000 905
376320 548
375000 15
373248 643
370440 224
368640 705
367500 42
367416 145
364500 144
362880 2364
360150 10
360000 611
358400 292
357210 101
354375 5
354294 4
352800 840
351232 34
350000 38
349920 790
345744 37
345600 2024
344064 122
343000 39
340200 714
338688 511
337500 26
336140 2
336000 829
333396 60
331776 491
330750 53
329280 224
328050 35
327680 43
326592 680
324135 4
324000 1012
322560 1394
321489 5
320000 141
317520 793
315000 212
314928 81
313600 218
312500 1
311040 1833
308700 81
307328 9
307200 568
306250 3
306180 225
303750 24
302526 3
302400 2034
301056 161
300000 98
297675 13
296352 176
295245 4
294912 149
294000 235
291600 734
290304 944
288120 23
288000 1155
286720 126
285768 167
283500 225
282240 919
281250 1
280000 135
279936 450
277830 50
276480 1346
275625 4
275562 23
274400 71
273375 2
272160 1432
270000 314
268800 1006
264600 406
263424 90
262500 28
262440 228
262144 10
259308 18
259200 1992
258048 369
257250 10
256000 194
255150 89
254016 517
253125 2
252105 1
252000 875
250880 145
250047 6
250000 13
248832 595
246960 244
245760 276
245000 26
244944 302
243000 317
241920 1889
240100 6
240000 324
238140 206
236250 29
236196 22
235200 488
233280 1115
231525 9
230496 21
230400 1339
229635 8
229376 39
226800 1087
225792 355
225000 54
224000 251
222264 87
221184 330
220500 138
219520 69
218750 1
218700 145
217728 827
216090 12
216000 1108
215040 634
214326 22
212625 7
211680 789
210000 176
209952 205
207360 1636
205800 76
204800 137
204120 473
202500 64
201684 1
201600 1553
200704 32
200000 42
198450 82
197568 156
196830 33
196608 36
196000 104
194481 1
194400 1077
193536 673
192080 8
192000 592
190512 268
189000 396
188160 445
187500 3
186624 547
185220 78
184320 748
183750 13
183708 72
182250 35
181440 1658
180000 307
179200 273
178605 21
177147 1
176400 477
175616 22
175000 15
174960 450
172872 24
172800 1641
172032 103
171500 12
170100 269
169344 450
168750 8
168070 1
168000 546
166698 24
165888 516
165375 4
164640 145
164025 8
163840 62
163296 485
162000 603
161280 1213
160000 128
158760 390
157500 82
157464 54
156800 181
155520 1350
154350 24
153664 10
153600 603
153125 1
153090 61
151875 3
151200 1275
150528 157
150000 57
148176 108
147456 168
147000 97
145800 370
145152 731
144060 10
144000 864
143360 141
142884 69
141750 61
141120 640
140000 71
139968 339
138915 3
138240 1227
137781 3
137200 33
136080 846
135000 134
134456 2
134400 817
132300 167
131712 79
131250 9
131220 84
131072 5
129654 4
129600 1383
129024 356
128625 3
128000 169
127575 11
127008 327
126000 433
125440 101
125000 4
124416 554
123480 123
122880 261
122500 11
122472 134
121500 114
120960 1510
120050 6
120000 216
119070 64
118125 5
118098 6
117600 315
116640 739
115248 10
115200 1124
114688 32
113400 550
112896 274
112500 18
112000 189
111132 32
110592 325
110250 28
109760 48
109350 41
108864 563
108045 4
108000 629
107520 584
107163 1
105840 475
105000 80
104976 106
103680 1326
102900 31
102400 132
102060 196
101250 12
100800 1097
100352 35
100000 28
99225 10
98784 80
98415 3
98304 45
98000 50
97200 561
96768 585
96040 8
96000 455
95256 140
94500 139
94080 314
93750 2
93312 422
92610 27
92160 680
91875 2
91854 17
91125 5
90720 1025
90000 172
89600 220
88200 210
87808 33
87500 3
87480 196
86436 8
86400 1209
86016 164
85750 1
85050 73
84672 328
84375 1
84000 276
83349 1
82944 452
82320 72
81920 57
81648 240
81000 246
80640 948
80000 80
79380 125
78750 8
78732 41
78400 115
77760 871
76832 2
76800 484
76545 9
75600 681
75264 125
75000 19
74088 57
73728 188
73500 44
72900 123
72576 561
72030 1
72000 590
71680 136
71442 23
70875 7
70560 408
70000 44
69984 216
69120 952
68600 28
68040 400
67500 61
67200 580
66150 49
65856 41
65625 1
65610 27
65536 9
64827 1
64800 762
64512 326
64000 126
63504 163
63000 183
62720 85
62208 422
61740 50
61440 278
61250 1
61236 58
60750 27
60480 1025
60000 118
59535 9
58800 184
58320 396
57624 7
57600 832
57344 31
56700 205
56448 209
56250 2
56000 131
55566 11
55296 291
55125 3
54880 37
54675 2
54432 362
54000 318
53760 442
52920 206
52500 33
52488 53
51840 949
51450 9
51200 114
51030 57
50625 2
50400 634
50176 35
50000 12
49392 45
49152 64
49000 16
48600 260
48384 511
48020 2
48000 311
47628 44
47250 33
47040 245
46656 289
46305 6
46080 632
45927 1
45360 478
45000 74
44800 159
44100 85
43904 13
43740 60
43218 1
43200 802
43008 136
42875 1
42525 7
42336 178
42000 157
41472 404
41160 25
40960 49
40824 110
40500 80
40320 707
40000 57
39690 38
39375 1
39200 58
38880 553
38416 1
38400 370
37800 315
37632 109
37500 8
37044 14
36864 155
36750 9
36450 18
36288 396
36000 319
35840 115
35721 4
35280 183
35000 15
34992 109
34560 765
34300 5
34020 131
33750 9
33600 366
33075 6
32928 28
32805 6
32768 10
32400 392
32256 281
32000 92
31752 88
31500 59
31360 63
31104 320
30870 9
30720 233
30625 1
30618 20
30375 2
30240 610
30000 59
29400 70
29160 156
28812 4
28800 564
28672 25
28350 46
28224 145
28000 74
27783 2
27648 282
27440 12
27216 195
27000 146
26880 324
26460 90
26250 4
26244 24
25920 585
25725 1
25600 99
25515 4
25200 299
25088 21
25000 3
24696 21
24576 67
24500 8
24300 85
24192 315
24000 182
23814 17
23625 1
23520 126
23328 146
23040 495
22680 254
22500 21
22400 124
22050 23
21952 13
21870 29
21609 1
21600 461
21504 99
21168 110
21000 57
20736 301
20580 4
20480 47
20412 41
20250 17
20160 446
20000 20
19845 6
19683 1
19600 29
19440 275
19208 1
19200 290
18900 101
18816 71
18750 3
18522 7
18432 137
18375 1
18225 3
18144 220
18000 157
17920 77
17640 92
17500 2
17496 43
17280 549
17150 1
17010 41
16800 198
16464 11
16384 9
16200 169
16128 203
16000 60
15876 41
15750 10
15680 38
15552 213
15360 202
15309 1
15120 288
15000 25
14700 31
14580 60
14406 1
14400 338
14336 26
14175 6
14112 65
14000 32
13824 233
13720 4
13608 89
13500 48
13440 229
13230 17
13122 3
12960 338
12800 68
12600 127
12544 14
12500 1
12348 6
12288 46
12250 3
12150 13
12096 192
12000 99
11907 3
11760 75
11664 96
11520 349
11340 73
11250 4
11200 56
11025 4
10976 4
10935 1
10800 200
10752 87
10584 40
10500 19
10368 198
10290 1
10240 37
10206 19
10125 2
10080 225
10000 11
9800 12
9720 104
9604 2
9600 195
9450 19
9408 41
9261 1
9216 106
9072 117
9000 55
8960 79
8820 39
8748 17
8640 277
8505 4
8400 73
8232 6
8192 11
8100 48
8064 120
8000 40
7938 6
7875 4
7840 13
7776 92
7680 127
7560 124
7500 9
7350 3
7290 11
7200 185
7168 16
7056 41
7000 11
6912 145
6860 3
6804 27
6750 8
6720 120
6615 2
6561 1
6480 150
6400 33
6300 44
6272 12
6174 1
6144 28
6125 1
6075 7
6048 109
6000 49
5880 31
5832 29
5760 213
5670 20
5625 1
5600 25
5488 4
5400 68
5376 68
5292 17
5250 6
5184 115
5145 1
5120 25
5103 1
5040 104
5000 7
4900 5
4860 39
4800 98
4704 13
4608 74
4536 55
4500 17
4480 33
4410 6
4374 2
4320 145
4200 23
4116 1
4096 11
4050 12
4032 68
4000 19
3969 1
3920 10
3888 53
3840 95
3780 54
3750 1
3675 1
3600 80
3584 14
3528 19
3500 4
3456 86
3402 6
3375 3
3360 57
3240 58
3200 22
3150 4
3136 6
3072 27
3024 62
3000 13
2940 9
2916 9
2880 100
2835 2
2800 12
2744 1
2700 26
2688 24
2646 5
2592 62
2560 22
2520 54
2500 4
2430 6
2400 56
2352 12
2304 49
2268 16
2250 6
2240 17
2205 2
2160 86
2100 7
2048 5
2025 2
2016 48
2000 7
1960 2
1944 18
1920 65
1890 8
1800 35
1792 7
1764 3
1728 43
1680 25
1620 26
1600 14
1575 1
1568 1
1536 19
1512 20
1500 5
1470 3
1458 4
1440 49
1400 3
1350 6
1344 19
1296 21
1280 14
1260 10
1215 1
1200 20
1176 6
1152 31
1134 3
1120 8
1080 22
1050 1
1024 5
1008 22
1000 2
980 1
972 4
960 16
945 2
900 8
896 5
864 21
840 11
810 7
800 8
784 2
768 22
756 3
750 2
720 28
700 1
675 1
672 8
648 10
640 5
630 8
600 8
588 2
576 17
567 1
560 3
540 11
512 6
504 2
486 1
480 15
450 1
448 2
432 12
420 4
400 3
384 2
378 2
360 8
336 4
324 2
320 4
300 2
288 4
270 1
256 3
252 4
240 6
216 5
210 3
200 1
192 6
180 1
168 1
162 1
150 1
144 3
126 1
120 2
96 2
90 1
80 2
72 1
64 1
48 1
40 1
