5248800000 1
5184000000 2
4199040000 1
3920000000 1
3888000000 1
3732480000 1
3456000000 1
3317760000 1
3265920000 1
3240000000 1
3149280000 1
3110400000 2
3024000000 1
2939328000 1
2916000000 1
2903040000 1
2857680000 1
2822400000 1
2755620000 2
2721600000 1
2700000000 1
2654208000 1
2612736000 1
2592000000 1
2571912000 2
2488320000 2
2449440000 2
2419200000 6
2418647040 1
2381400000 2
2351462400 1
2332800000 1
2322432000 1
2314720800 1
2304000000 2
2293760000 1
2286144000 4
2268000000 2
2240000000 1
2239488000 1
2211840000 1
2204496000 3
2177280000 1
2123366400 1
2116800000 3
2116316160 2
2099520000 5
2090188800 3
2073600000 3
2066715000 1
2064384000 1
2057529600 1
2041200000 1
2040733440 1
2032128000 2
2016000000 2
2000376000 2
1984500000 1
1975680000 2
1959552000 5
1944810000 1
1944000000 3
1935360000 4
1928934000 1
1920000000 1
1913187600 1
1905120000 2
1890000000 1
1889568000 5
1881600000 1
1881169920 1
1866240000 3
1857945600 1
1852200000 1
1851776640 1
1837080000 1
1828915200 4
1822842630 1
1814400000 6
1806336000 1
1792000000 1
1778112000 2
1771470000 1
1769472000 1
1764000000 1
1763596800 3
1749600000 4
1741824000 7
1728720000 1
1728000000 3
1715000000 1
1714608000 4
1701000000 1
1693440000 8
1680700000 1
1680000000 1
1679616000 5
1672151040 1
1666980000 3
1658880000 5
1653372000 3
1646023680 2
1632960000 11
1625702400 2
1620304560 1
1620000000 1
1612800000 4
1612431360 1
1607445000 1
1600300800 4
1592524800 1
1587600000 2
1587237120 1
1580544000 3
1574640000 3
1567641600 5
1555848000 3
1555200000 5
1548288000 3
1543147200 2
1530900000 5
1524096000 4
1512000000 2
1511654400 3
1505280000 2
1504935936 1
1500282000 3
1492992000 7
1488034800 2
1481760000 1
1481421312 1
1474560000 1
1469664000 12
1463132160 2
1458000000 2
1451520000 18
1446700500 2
1440000000 2
1433600000 1
1433272320 1
1428840000 9
1422489600 3
1417176000 2
1411200000 1
1410877440 1
1400263200 1
1399680000 7
1393459200 8
1389150000 2
1388832480 3
1382976000 1
1382400000 3
1377810000 4
1371686400 9
1360800000 12
1360488960 1
1354752000 3
1350253800 1
1344000000 4
1343692800 5
1337720832 1
1333584000 5
1327104000 1
1323000000 2
1322697600 7
1317120000 1
1312200000 5
1306368000 20
1300561920 3
1296540000 1
1296243648 1
1296000000 5
1290240000 6
1285956000 17
1280240640 1
1280000000 1
1275750000 3
1270080000 13
1269789696 2
1260236880 2
1260000000 2
1259712000 3
1254400000 1
1250235000 2
1249949232 1
1244678400 4
1244160000 8
1240029000 3
1234800000 6
1234517760 6
1228800000 1
1225230300 1
1224720000 13
1219276800 7
1215000000 2
1210104000 1
1209600000 15
1204224000 2
1200225600 5
1194393600 5
1190700000 2
1185408000 6
1180980000 3
1179648000 1
1176000000 5
1175731200 15
1166400000 15
1161216000 15
1157360400 7
1152000000 3
1148175000 3
1146880000 2
1146617856 1
1143072000 10
1137991680 4
1134000000 10
1133740800 6
1128960000 14
1128701952 1
1125211500 2
1120210560 2
1120000000 1
1119744000 11
1116026100 1
1111320000 7
1106380800 1
1105920000 8
1102248000 11
1101004800 1
1097600000 1
1097349120 4
1088640000 37
1083801600 5
1080450000 1
1080203040 3
1080000000 2
1075648000 1
1075200000 5
1074954240 7
1071630000 7
1066867200 7
1062882000 1
1061683200 1
1058400000 4
1058158080 4
1053696000 1
1050197400 2
1050000000 2
1049760000 22
1045094400 12
1037232000 2
1036800000 12
1033357500 1
1032192000 9
1029000000 2
1028764800 12
1020600000 16
1020366720 4
1016064000 26
1008000000 10
1007769600 5
1003520000 1
1000188000 4
995742720 2
995328000 8
992250000 1
992023200 6
987840000 8
987614208 1
984150000 1
983040000 1
980000000 2
979776000 45
975421440 6
972405000 3
972182736 2
972000000 5
967680000 21
964467000 3
963379200 1
960180480 2
960000000 2
955514880 1
952560000 10
952342272 2
948326400 3
944784000 12
940800000 10
940584960 9
937461924 1
933508800 2
933120000 28
928972800 10
926100000 6
925888320 7
921600000 11
918540000 13
914457600 21
911250000 2
907200000 26
906992640 5
903168000 12
900169200 5
900000000 1
896000000 5
895795200 8
893025000 1
892820880 2
889056000 22
885735000 2
884736000 2
882000000 4
881798400 22
878080000 3
877879296 2
875164500 1
874800000 9
870912000 38
868020300 1
864360000 2
864162432 1
864000000 7
860518400 1
860160000 6
859963392 1
857304000 28
853493760 4
850500000 6
850305600 6
847072800 1
846720000 21
846526464 1
842956800 1
840157920 2
840000000 2
839808000 31
836075520 7
833490000 5
833299488 1
829785600 6
829440000 23
826686000 8
825753600 1
823200000 4
823011840 16
816480000 39
816293376 1
812851200 19
810152280 3
806400000 25
806215680 11
803722500 5
802816000 2
800150400 16
797161500 1
796262400 9
793800000 16
793618560 10
790272000 9
787320000 11
786432000 2
784000000 4
783820800 43
780337152 1
777924000 9
777600000 29
774144000 25
771750000 1
771573600 23
770703360 1
768144384 3
768000000 5
765450000 5
765275040 2
762048000 54
758661120 5
756000000 14
755827200 12
754974720 1
752640000 4
750141000 8
746496000 19
744017400 5
743178240 3
740880000 18
740710656 2
737587200 1
737280000 6
735138180 1
735000000 4
734832000 55
731566080 16
729000000 7
726062400 1
725760000 55
725594112 2
722534400 9
720135360 10
720000000 6
716800000 7
716636160 6
714420000 36
711244800 16
708750000 2
708588000 8
707788800 4
705600000 22
705438720 22
702464000 3
700131600 6
700000000 1
699840000 33
696729600 35
694575000 1
694416240 3
691488000 11
691200000 20
688905000 3
685843200 38
682795008 1
680400000 29
680244480 5
677376000 32
675126900 6
675000000 1
672280000 1
672000000 10
671846400 27
668860416 1
666792000 26
663828480 3
663552000 32
661500000 3
661348800 20
660602880 2
658560000 9
658409472 5
656100000 8
655360000 1
653456160 2
653184000 94
650280960 8
648270000 8
648121824 4
648000000 19
645388800 1
645120000 34
642978000 19
642252800 1
640120320 16
640000000 2
637729200 2
637009920 4
635040000 56
632217600 13
630118440 3
630000000 5
629856000 34
627200000 11
627056640 22
622339200 13
622080000 48
620014500 1
619315200 14
617400000 11
617258880 23
614400000 5
612500000 1
612360000 39
609638400 45
607614210 2
607500000 1
606928896 1
605052000 4
604800000 60
604661760 14
602112000 7
600112800 24
597196800 19
595350000 16
595213920 11
594542592 2
592704000 24
590490000 6
589824000 5
588000000 11
587865600 66
583200000 31
580849920 1
580608000 73
578680200 11
578027520 3
576240000 6
576108288 5
576000000 11
574087500 2
573440000 4
573308928 1
571774140 1
571536000 82
568995840 12
567000000 17
566870400 21
566231040 2
564480000 58
564350976 8
562605750 1
561971200 2
560105280 8
560000000 2
559872000 67
557383680 12
555660000 28
555532992 5
553190400 7
552960000 24
551250000 1
551124000 42
548800000 13
548674560 30
546750000 3
544546800 1
544320000 113
542126592 1
541900800 28
540225000 1
540101520 16
540000000 6
537600000 17
537477120 16
535815000 8
533433600 37
531441000 3
531062784 2
530841600 5
529420500 1
529200000 29
529079040 20
526848000 6
525098700 1
525000000 1
524880000 43
522764928 1
522547200 84
520812180 2
520224768 3
518616000 10
518400000 59
516678750 1
516096000 18
514500000 1
514382400 67
513802240 1
512096256 4
512000000 4
510300000 27
510183360 7
508243680 1
508032000 106
506345175 1
505774080 2
504094752 3
504000000 27
503884800 37
501760000 4
501645312 6
500094000 25
497871360 6
497664000 47
496125000 2
496011600 26
495452160 6
493920000 40
493807104 9
492075000 2
491724800 2
491520000 12
490092120 1
490000000 2
489888000 119
487710720 22
486202500 2
486091368 1
486000000 15
484041600 5
483840000 78
482233500 11
481689600 5
480200000 2
480090240 31
480000000 8
477757440 10
476280000 62
476171136 5
474163200 19
472588830 1
472500000 3
472392000 30
471859200 3
470400000 22
470292480 34
466754400 8
466560000 92
464486400 56
463050000 6
462944160 14
460992000 6
460800000 31
459270000 33
459165024 1
458752000 1
457419312 1
457228800 103
455196672 3
453789000 1
453600000 91
453496320 14
451772160 1
451584000 36
450084600 12
448084224 3
448000000 9
447897600 51
446512500 2
446410440 7
445906944 2
444528000 54
442867500 1
442552320 5
442368000 20
441082908 1
441000000 7
440899200 62
440401920 1
439040000 4
438939648 6
437582250 1
437500000 1
437400000 28
435637440 1
435456000 155
434010150 1
433520640 15
432180000 10
432081216 5
432000000 34
430259200 4
430080000 27
428652000 65
426746880 34
425250000 13
425152800 16
424673280 1
423536400 3
423360000 99
423263232 9
421478400 10
420175000 1
420078960 6
420000000 3
419904000 87
418037760 42
416745000 7
416649744 4
414892800 17
414720000 68
413343000 18
412876800 13
411600000 14
411505920 56
409600000 4
408410100 2
408240000 114
408146688 2
406425600 87
405076140 6
405000000 9
403368000 3
403200000 51
403107840 25
401861250 2
401408000 5
400075200 51
398580750 1
398297088 2
398131200 34
396900000 29
396809280 22
396361728 1
395136000 43
393660000 33
393379840 1
393216000 4
392073696 3
392000000 10
391910400 125
390168576 5
388962000 16
388800000 78
387233280 2
387072000 113
385875000 1
385786800 31
385351680 5
384160000 3
384072192 7
384000000 13
382725000 6
382637520 3
382205952 2
381182760 1
381024000 147
379330560 12
378071064 1
378000000 34
377913600 53
377487360 2
376476800 1
376320000 38
376233984 10
375070500 10
373403520 26
373248000 109
372008700 6
371589120 16
370440000 30
370355328 9
368793600 7
368640000 28
367569090 4
367500000 2
367416000 126
367001600 2
365783040 62
364500000 16
363031200 9
362880000 236
362797056 6
361267200 34
360150000 1
360067680 30
360000000 10
358400000 20
358318080 22
357210000 43
357128352 4
355622400 94
354294000 16
354041856 1
353894400 15
352800000 58
352719360 64
351232000 11
350065800 12
350000000 3
349920000 106
348509952 2
348364800 140
347287500 3
347208120 8
346816512 1
345744000 29
345600000 74
344452500 3
344064000 19
343000000 1
342921600 142
341397504 9
340341750 2
340200000 80
340122240 9
339738624 2
338688000 138
337500000 1
337182720 4
336140000 2
336063168 4
336000000 25
335923200 108
334430208 8
333396000 64
331914240 15
331776000 76
330812181 1
330750000 6
330674400 59
330301440 8
329417200 1
329280000 31
329204736 19
328050000 15
327680000 3
326728080 5
326592000 269
325140480 49
324135000 8
324060912 3
324000000 38
322694400 2
322560000 96
322486272 5
321489000 43
321126400 2
320060160 49
320000000 2
318937500 1
318864600 5
318504960 15
317520000 144
317447424 15
316108800 37
315059220 3
315000000 17
314928000 73
314572800 4
313600000 33
313528320 87
312558750 3
312487308 3
311169600 27
311040000 151
309786624 1
309657600 60
308700000 25
308629440 69
307328000 7
307200000 20
306307575 1
306180000 95
306110016 2
304946208 3
304819200 209
303807105 1
303750000 1
303464448 4
302526000 5
302400000 117
302330880 36
301056000 33
300125000 1
300056400 48
298722816 3
298598400 95
297675000 18
297606960 16
297271296 3
296352000 86
295245000 7
295034880 2
294912000 29
294055272 1
294000000 13
293932800 195
292626432 14
291721500 9
291600000 89
290424960 7
290304000 241
289340100 14
289013760 13
288120000 11
288054144 13
288000000 31
286720000 21
286654464 7
285887070 1
285768000 197
284497920 41
283553298 1
283500000 29
283435200 35
283115520 3
282240000 136
282175488 21
280985600 5
280052640 20
280000000 6
279936000 167
278691840 76
277830000 37
277766496 4
276595200 28
276480000 94
275625000 2
275562000 77
275251200 10
274400000 8
274337280 124
273375000 4
272273400 4
272160000 276
272097792 7
270950400 107
270050760 19
270000000 22
268912000 7
268800000 56
268738560 42
267907500 12
266716800 125
265720500 3
265531392 4
265420800 53
264600000 71
264539520 61
263424000 30
262549350 5
262500000 1
262440000 69
262144000 4
261382464 6
261273600 264
260406090 3
260112384 15
259308000 42
259200000 129
258155520 3
258048000 98
257250000 4
257191200 118
256901120 1
256048128 20
256000000 14
255150000 36
255091680 6
254803968 2
254121840 2
254016000 285
253125000 1
252887040 20
252047376 3
252000000 50
251942400 116
250880000 21
250822656 18
250047000 38
248935680 30
248832000 186
248062500 3
248005800 27
247726080 21
246960000 77
246903552 34
246037500 2
245862400 6
245760000 20
245000000 4
244944000 302
243855360 104
243101250 1
243045684 2
243000000 34
242020800 11
241920000 255
241864704 12
241116750 5
240844800 15
240100000 3
240045120 67
240000000 6
239148450 1
238878720 39
238140000 139
238085568 9
237081600 101
236294415 1
236250000 5
236196000 41
235929600 8
235200000 49
235146240 138
233377200 31
233280000 175
232339968 2
232243200 193
231525000 8
231472080 47
231211008 2
230496000 17
230400000 65
229635000 37
229376000 10
228614400 269
227598336 13
226894500 4
226800000 180
226748160 41
226492416 2
225886080 1
225792000 157
225042300 26
225000000 4
224788480 2
224042112 9
224000000 16
223948800 176
223256250 1
223205220 6
222953472 18
222264000 139
221433750 1
221276160 16
221184000 76
220541454 1
220500000 22
220449600 186
220200960 2
219520000 29
219469824 21
218791125 1
218700000 43
217818720 8
217728000 427
217005075 2
216760320 55
216090000 18
216040608 10
216000000 73
215129600 4
215040000 71
214990848 6
214375000 1
214326000 104
213373440 115
212625000 12
212576400 29
212336640 14
211768200 1
211680000 196
211631616 26
210739200 29
210039480 11
210000000 12
209952000 174
209715200 1
209018880 123
208372500 10
208324872 1
207446400 53
207360000 223
206671500 23
206438400 60
205800000 26
205752960 118
205031250 1
204800000 7
204205050 1
204120000 247
204073344 8
203297472 2
203212800 269
202538070 1
202500000 10
202309632 3
201684000 3
201600000 160
201553920 59
200930625 1
200704000 21
200037600 115
200000000 3
199148544 11
199065600 126
198450000 57
198404640 47
198180864 3
197568000 121
196830000 38
196689920 6
196608000 11
196036848 5
196000000 12
195955200 376
195084288 22
194481000 18
194400000 149
193616640 4
193536000 277
192937500 2
192893400 54
192675840 8
192080000 10
192036096 37
192000000 34
191362500 12
191102976 9
190591380 1
190512000 344
189665280 67
189078750 1
189035532 3
189000000 49
188956800 104
188743680 4
188238400 2
188160000 97
188116992 27
187535250 9
186701760 42
186624000 296
186004350 6
185794560 77
185220000 80
185177664 22
184396800 16
184320000 76
183750000 2
183708000 200
183500800 5
182891520 220
182250000 15
181515600 12
181440000 394
181398528 12
180633600 104
180075000 2
180033840 40
180000000 21
179200000 30
179159040 101
178605000 58
178564176 10
177811200 193
177187500 1
177147000 28
177020928 5
176947200 44
176473500 1
176400000 112
176359680 168
176160768 1
175616000 22
175032900 26
175000000 2
174960000 189
174254976 2
174182400 404
173604060 13
173408256 8
172872000 48
172800000 137
172226250 4
172103680 2
172032000 52
171500000 7
171460800 270
170698752 30
170100000 120
170061120 31
169414560 3
169344000 350
168781725 2
168591360 9
168070000 1
168031584 8
168000000 38
167961600 228
167403915 1
167215104 39
166698000 92
165957120 40
165888000 210
165375000 14
165337200 93
165150720 25
164640000 57
164602368 52
164025000 18
163840000 7
163364040 10
163296000 596
162570240 154
162067500 4
162030456 11
162000000 62
161347200 8
161280000 262
161243136 9
160744500 29
160563200 15
160030080 111
160000000 5
159468750 1
159432300 7
159252480 41
158826150 1
158760000 244
158723712 31
158054400 110
157529610 2
157500000 9
157464000 119
157351936 1
157286400 6
156800000 29
156764160 248
155584800 77
155520000 337
154893312 5
154828800 181
154350000 36
154314720 91
154140672 1
153664000 13
153600000 33
153090000 122
153055008 1
152409600 473
151875000 3
151732224 18
151263000 6
151200000 229
151165440 86
150590720 3
150528000 98
150028200 65
150000000 7
149361408 19
149299200 245
148837500 14
148803480 28
148635648 12
148176000 205
147622500 6
147517440 14
147456000 76
147027636 1
147000000 25
146966400 399
146800640 1
146313216 58
145860750 4
145800000 111
145212480 16
145152000 625
144670050 9
144506880 42
144060000 16
144027072 33
144000000 74
143360000 33
143327232 15
142943535 1
142884000 265
142248960 139
141776649 1
141750000 28
141717600 70
141557760 17
141178800 4
141120000 242
141087744 45
140492800 23
140026320 35
140000000 14
139968000 391
139345920 206
138915000 37
138883248 19
138297600 63
138240000 214
137812500 1
137781000 74
137625600 30
137200000 18
137168640 260
136687500 2
136136700 9
136080000 448
136048896 9
135531648 2
135475200 306
135056250 1
135025380 25
135000000 20
134873088 4
134456000 6
134400000 142
134369280 123
133953750 5
133923132 2
133413966 1
133358400 226
132860250 2
132765696 9
132710400 146
132300000 98
132269760 149
132120576 1
131712000 93
131274675 1
131250000 2
131220000 83
131072000 4
130691232 1
130636800 600
130203045 1
130056192 35
129654000 39
129600000 203
129077760 4
129024000 248
128625000 1
128595600 184
128450560 1
128024064 49
128000000 16
127575000 47
127545840 11
127401984 8
127060920 2
127008000 500
126443520 57
126023688 9
126000000 81
125971200 211
125829120 2
125440000 56
125411328 52
125023500 35
125000000 1
124467840 74
124416000 464
124002900 26
123863040 86
123480000 116
123451776 54
123018750 1
122931200 11
122880000 64
122523030 5
122500000 5
122472000 483
121927680 300
121500000 32
121010400 18
120960000 519
120932352 24
120558375 1
120422400 86
120050000 3
120022560 98
120000000 20
119574225 1
119439360 126
119070000 185
119042784 17
118540800 230
118125000 7
118098000 58
118013952 4
117964800 41
117600000 103
117573120 331
116688600 43
116640000 372
116169984 6
116121600 509
115762500 8
115736040 43
115605504 9
115248000 37
115200000 156
114817500 22
114688000 27
114354828 3
114307200 578
113906250 1
113799168 42
113447250 4
113400000 257
113374080 79
113246208 4
112943040 3
112896000 386
112521150 13
112500000 2
112394240 8
112021056 18
112000000 29
111974400 392
111602610 2
111476736 47
111132000 218
110638080 43
110592000 189
110250000 20
110224800 230
110100480 11
109760000 43
109734912 98
109350000 47
108909360 14
108864000 860
108380160 136
108045000 18
108020304 22
108000000 92
107564800 7
107520000 167
107495424 27
107163000 142
106686720 195
106312500 5
106288200 18
106168320 66
105884100 2
105840000 374
105815808 61
105369600 91
105019740 21
105000000 16
104976000 351
104857600 3
104509440 390
104186250 7
104162436 7
103723200 93
103680000 447
103335750 6
103262208 1
103219200 174
102900000 32
102876480 243
102400000 21
102060000 300
102036672 8
101648736 1
101606400 650
101269035 1
101250000 7
101154816 10
100842000 8
100800000 277
100776960 163
100663296 1
100352000 50
100018800 176
100000000 2
99574272 20
99532800 341
99225000 34
99202320 76
99090432 12
98825160 1
98784000 238
98415000 33
98344960 7
98304000 41
98018424 5
98000000 23
97977600 744
97542144 78
97240500 25
97200000 251
96808320 16
96768000 630
96446700 55
96337920 29
96040000 9
96018048 48
96000000 43
95681250 5
95659380 3
95551488 25
95295690 2
95256000 608
94832640 156
94539375 1
94517766 3
94500000 52
94478400 160
94371840 13
94119200 1
94080000 210
94058496 98
93767625 2
93350880 70
93312000 609
92897280 213
92610000 89
92588832 36
92198400 45
92160000 199
91875000 3
91854000 202
91750400 11
91445760 465
91125000 4
90757800 6
90720000 774
90699264 31
90354432 1
90316800 280
90037500 2
90016920 82
90000000 29
89915392 4
89600000 59
89579520 210
89302500 55
89282088 6
88905600 433
88573500 7
88510464 12
88473600 150
88200000 179
88179840 297
88080384 2
87808000 64
87516450 10
87500000 2
87480000 265
87127488 8
87091200 945
86802030 10
86704128 36
86436000 59
86400000 266
86051840 2
86016000 142
85766121 1
85750000 2
85730400 399
85349376 62
85050000 108
85030560 52
84934656 7
84707280 1
84672000 675
84295680 38
84035000 1
84015792 9
84000000 71
83980800 415
83607552 68
83349000 106
82978560 86
82944000 524
82687500 7
82668600 92
82575360 60
82320000 82
82301184 100
82012500 7
81920000 26
81682020 6
81648000 898
81285120 364
81033750 2
81015228 14
81000000 75
80673600 12
80640000 499
80621568 56
80372250 15
80281600 29
80015040 246
80000000 11
79716150 4
79626240 144
79413075 1
79380000 362
79361856 30
79027200 236
78764805 1
78750000 11
78732000 198
78675968 1
78643200 22
78400000 59
78382080 561
78121827 1
77792400 103
77760000 553
77446656 11
77414400 496
77175000 22
77157360 148
77070336 6
76832000 19
76800000 93
76562500 1
76545000 92
76527504 4
76204800 873
75866112 32
75631500 8
75600000 327
75582720 170
75295360 2
75264000 223
75014100 58
75000000 1
74680704 39
74649600 558
74418750 5
74401740 19
74317824 49
74088000 292
73811250 1
73758720 26
73728000 187
73513818 2
73500000 32
73483200 585
73400320 4
73156608 149
72930375 1
72900000 139
72606240 30
72576000 1200
72335025 3
72253440 117
72030000 20
72013536 57
72000000 97
71680000 95
71663616 55
71442000 335
71124480 280
70875000 24
70858800 64
70778880 42
70589400 2
70560000 431
70543872 98
70246400 44
70013160 34
70000000 14
69984000 630
69672960 453
69457500 24
69441624 20
69148800 108
69120000 474
68890500 43
68841472 2
68812800 112
68600000 32
68584320 464
68343750 1
68068350 8
68040000 595
68024448 21
67737600 685
67512690 19
67500000 18
67436544 8
67228000 6
67200000 210
67184640 294
66976875 2
66679200 356
66430125 1
66382848 26
66355200 342
66150000 84
66134880 203
66060288 8
65856000 171
65610000 109
65536000 13
65345616 10
65318400 1138
65028096 75
64827000 54
64800000 354
64538880 8
64512000 574
64312500 3
64297800 174
64225280 8
64012032 101
64000000 31
63787500 19
63772920 8
63700992 23
63530460 2
63504000 849
63221760 124
63011844 11
63000000 104
62985600 374
62914560 7
62720000 131
62705664 156
62511750 15
62233920 114
62208000 888
62001450 12
61931520 190
61740000 128
61725888 86
61465600 27
61440000 140
61250000 6
61236000 551
60963840 598
60750000 35
60505200 35
60480000 876
60466176 45
60236288 1
60211200 189
60025000 7
60011280 160
60000000 27
59719680 289
59535000 145
59521392 25
59295096 1
59270400 445
59062500 1
59049000 64
59006976 6
58982400 92
58800000 127
58786560 587
58344300 44
58320000 493
58084992 10
58060800 1106
57881250 6
57868020 39
57802752 20
57624000 69
57600000 271
57408750 15
57344000 64
57153600 842
56899584 94
56700000 240
56687040 109
56623104 6
56471520 1
56448000 612
56260575 5
56250000 3
56197120 12
56010528 43
56000000 64
55987200 769
55738368 116
55566000 227
55319040 76
55296000 479
55125000 14
55112400 258
55050240 28
54880000 58
54867456 170
54675000 34
54454680 19
54432000 1376
54190080 316
54022500 9
54010152 14
54000000 127
53782400 8
53760000 339
53747712 81
53581500 83
53343360 373
53156250 1
53144100 14
53084160 118
52942050 2
52920000 495
52907904 98
52684800 147
52509870 13
52500000 13
52488000 434
52428800 7
52254720 762
52081218 4
51861600 113
51840000 700
51667875 5
51631104 6
51609600 342
51450000 22
51438240 329
51380224 2
51200000 36
51030000 289
51018336 15
50824368 4
50803200 1135
50625000 8
50577408 25
50421000 12
50400000 386
50388480 321
50176000 97
50009400 185
50000000 3
49787136 48
49766400 678
49612500 27
49601160 72
49545216 30
49392000 355
49207500 21
49172480 13
49152000 77
49009212 2
49000000 23
48988800 1168
48771072 154
48620250 10
48600000 241
48404160 35
48384000 1269
48223350 27
48168960 70
48020000 16
48009024 92
48000000 81
47840625 2
47829690 1
47775744 61
47647845 2
47628000 701
47416320 296
47258883 2
47250000 68
47239200 181
47185920 26
47059600 1
47040000 302
47029248 178
46675440 101
46656000 1070
46448640 486
46305000 73
46294416 55
46099200 88
46080000 387
45937500 1
45927000 205
45875200 31
45722880 735
45562500 2
45378900 10
45360000 977
45349632 53
45177216 4
45158400 547
45008460 43
45000000 28
44957696 4
44800000 125
44789760 397
44651250 14
44641044 10
44452800 519
44286750 7
44255232 18
44236800 303
44100000 161
44089920 421
44040192 6
43904000 85
43758225 3
43750000 4
43740000 272
43563744 7
43545600 1605
43401015 4
43352064 72
43218000 73
43200000 413
43025920 2
43008000 355
42875000 5
42865200 466
42674688 132
42525000 97
42515280 47
42467328 17
42353640 6
42336000 1089
42147840 76
42017500 3
42007896 19
42000000 99
41990400 707
41943040 2
41803776 199
41674500 86
41489280 132
41472000 973
41343750 1
41334300 66
41287680 120
41160000 111
41150592 184
41006250 7
40960000 53
40841010 8
40824000 1222
40642560 737
40516875 2
40507614 7
40500000 75
40336800 19
40320000 845
40310784 94
40186125 5
40140800 62
40007520 324
40000000 12
39813120 324
39690000 329
39680928 62
39513600 406
39375000 8
39366000 149
39337984 3
39321600 51
39200000 79
39191040 935
38896200 99
38880000 817
38723328 10
38707200 956
38587500 20
38578680 126
38535168 6
38416000 38
38400000 164
38272500 59
38263752 6
38118276 3
38102400 1270
37933056 67
37815750 3
37800000 362
37791360 234
37748736 2
37647680 2
37632000 416
37507050 24
37500000 4
37340352 52
37324800 1047
37200870 11
37158912 100
37044000 351
36879360 49
36864000 382
36756909 2
36750000 35
36741600 683
36700160 8
36578304 245
36450000 94
36303120 26
36288000 1878
36126720 256
36015000 19
36006768 70
36000000 154
35840000 120
35831808 95
35721000 308
35562240 440
35437500 11
35429400 50
35389440 116
35294700 2
35280000 586
35271936 195
35123200 55
35006580 35
35000000 18
34992000 810
34836480 905
34728750 14
34720812 17
34574400 145
34560000 790
34445250 18
34406400 181
34300000 23
34292160 621
34020000 588
34012224 28
33882912 4
33868800 1157
33756345 4
33750000 18
33718272 11
33614000 5
33600000 271
33592320 505
33339600 394
33191424 44
33177600 681
33075000 64
33067440 176
33030144 24
32928000 236
32805000 75
32768000 42
32672808 5
32659200 1878
32514048 162
32413500 37
32400000 393
32269440 25
32256000 1017
32148900 120
32112640 19
32006016 148
32000000 44
31893750 6
31886460 11
31850496 63
31765230 1
31752000 1068
31610880 255
31505922 6
31500000 88
31492800 439
31457280 12
31360000 144
31352832 289
31255875 3
31250000 1
31116960 135
31104000 1343
30965760 445
30870000 138
30862944 104
30732800 40
30720000 220
30625000 5
30618000 527
30481920 1046
30375000 24
30252600 21
30240000 1185
30233088 85
30118144 2
30105600 288
30012500 1
30005640 146
30000000 37
29859840 573
29767500 92
29760696 20
29635200 611
29524500 23
29503488 15
29491200 191
29412250 1
29400000 136
29393280 788
29360128 1
29172150 20
29160000 571
29042496 19
29030400 1811
28934010 24
28901376 56
28812000 58
28800000 401
28704375 3
28672000 120
28576800 959
28449792 143
28350000 239
28343520 114
28311552 11
28235760 5
28224000 966
28125000 2
28098560 25
28005264 44
28000000 52
27993600 1150
27869184 245
27783000 196
27659520 113
27648000 921
27562500 12
27556200 223
27525120 48
27440000 81
27433728 283
27337500 18
27227340 17
27216000 1862
27095040 634
27011250 7
27005076 25
27000000 130
26891200 10
26880000 472
26873856 158
26790750 42
26671680 472
26572050 6
26542080 293
26471025 1
26460000 553
26453952 118
26342400 230
26254935 5
26250000 12
26244000 453
26214400 10
26127360 1419
26040609 3
25930800 115
25920000 1076
25815552 2
25804800 685
25725000 23
25719120 331
25690112 3
25600000 61
25515000 231
25509168 13
25401600 1686
25312500 1
25288704 52
25210500 5
25200000 476
25194240 442
25088000 157
25004700 110
25000000 6
24893568 84
24883200 1198
24806250 15
24800580 50
24772608 81
24696000 411
24603750 9
24586240 27
24576000 174
24504606 2
24500000 18
24494400 1367
24385536 304
24310125 1
24300000 240
24202080 35
24192000 1927
24111675 8
24084480 123
24010000 14
24004512 150
24000000 97
23887872 109
23814000 621
23708160 517
23625000 42
23619600 160
23592960 46
23529800 2
23520000 404
23514624 318
23337720 95
23328000 1372
23224320 947
23152500 48
23147208 37
23049600 109
23040000 630
22963500 114
22937600 61
22861440 1010
22781250 3
22689450 11
22680000 1086
22674816 61
22588608 2
22579200 861
22504230 23
22500000 27
22478848 3
22400000 146
22394880 745
22325625 4
22320522 4
22226400 556
22127616 40
22118400 611
22050000 144
22044960 529
22020096 16
21952000 123
21870000 227
21781872 14
21772800 2497
21676032 133
21609000 62
21600000 483
21512960 11
21504000 514
21437500 2
21432600 362
21337344 209
21262500 61
21257640 38
21233664 60
21176820 10
21168000 1270
21073920 134
21008750 1
21003948 15
21000000 77
20995200 829
20971520 7
20901888 359
20837250 37
20744640 135
20736000 1520
20667150 32
20643840 288
20580000 120
20575296 240
20503125 1
20480000 67
20420505 2
20412000 1177
20321280 1112
20253807 3
20250000 63
20168400 14
20160000 1105
20155392 154
20070400 104
20003760 286
20000000 15
19906560 583
19845000 260
19840464 60
19756800 557
19687500 2
19683000 129
19668992 6
19660800 87
19600000 86
19595520 1323
19448100 65
19440000 952
19361664 16
19353600 1637
19293750 2
19289340 94
19267584 21
19208000 43
19200000 238
19136250 21
19131876 2
19051200 1461
18966528 141
18900000 353
18895680 282
18874368 4
18823840 3
18816000 587
18753525 9
18750000 1
18670176 79
18662400 1550
18600435 4
18579456 187
18522000 320
18439680 88
18432000 616
18375000 17
18370800 604
18350080 19
18289152 408
18225000 67
18151560 31
18144000 2472
18063360 449
18007500 7
18003384 49
18000000 157
17920000 181
17915904 183
17860500 176
17781120 647
17718750 4
17714700 38
17694720 230
17647350 3
17640000 625
17635968 251
17561600 111
17503290 16
17500000 15
17496000 913
17418240 1563
17364375 3
17360406 7
17287200 175
17280000 1082
17222625 3
17210368 3
17203200 357
17150000 17
17146080 707
17010000 596
17006112 30
16941456 6
16934400 1708
16875000 7
16859136 24
16807000 4
16800000 344
16796160 772
16669800 296
16595712 67
16588800 1218
16537500 53
16533720 155
16515072 54
16464000 265
16402500 41
16384000 62
16336404 5
16329600 2242
16257024 332
16206750 16
16200000 457
16134720 22
16128000 1433
16074450 61
16056320 33
16003008 205
16000000 49
15946875 1
15943230 2
15925248 125
15882615 1
15876000 1171
15805440 349
15752961 1
15750000 65
15746400 501
15728640 26
15680000 205
15676416 419
15558480 152
15552000 1852
15482880 789
15435000 100
15431472 130
15366400 48
15360000 322
15312500 3
15309000 404
15240960 1445
15187500 6
15126300 13
15120000 1391
15116544 125
15059072 1
15052800 513
15002820 106
15000000 22
14929920 892
14883750 22
14880348 19
14817600 718
14762250 6
14751744 24
14745600 373
14700000 130
14696640 946
14680064 4
14586075 1
14580000 519
14521248 16
14515200 2780
14467005 6
14450688 75
14406000 62
14400000 500
14336000 181
14288400 848
14224896 231
14175000 155
14171760 102
14155776 31
14117880 5
14112000 1236
14062500 1
14049280 48
14002632 38
14000000 58
13996800 1435
13934592 383
13891500 122
13829760 158
13824000 1326
13781250 3
13778100 135
13762560 112
13720000 76
13716864 406
13668750 4
13613670 9
13608000 2007
13547520 1034
13505625 1
13502538 11
13500000 98
13445600 11
13440000 727
13436928 239
13395375 8
13335840 536
13286025 1
13271040 568
13230000 413
13226976 144
13171200 339
13125000 10
13122000 348
13107200 26
13063680 1813
12965400 108
12960000 1232
12907776 13
12902400 1161
12862500 8
12859560 293
12845056 8
12800000 77
12757500 128
12754584 13
12706092 3
12700800 2022
12644352 86
12605250 1
12600000 426
12597120 532
12582912 2
12544000 221
12502350 72
12500000 1
12446784 88
12441600 1859
12403125 3
12400290 21
12386304 145
12353145 1
12348000 412
12301875 1
12293120 30
12288000 308
12250000 18
12247200 1368
12192768 462
12150000 180
12101040 21
12096000 2522
12042240 211
12005000 6
12002256 130
12000000 124
11943936 232
11907000 518
11854080 629
11812500 17
11809800 145
11796480 127
11764900 2
11760000 457
11757312 454
11668860 72
11664000 1490
11612160 1543
11576250 20
11573604 29
11524800 105
11520000 848
11481750 38
11468800 95
11430720 1214
11340000 969
11337408 75
11294304 3
11289600 1311
11252115 6
11250000 16
11239424 9
11200000 154
11197440 1078
11113200 511
11063808 59
11059200 1014
11025000 91
11022480 421
11010048 24
10976000 129
10935000 135
10890936 20
10886400 3006
10838016 250
10804500 28
10800000 530
10756480 11
10752000 843
10716300 201
10668672 274
10631250 16
10628820 29
10616832 90
10588410 1
10584000 1415
10536960 204
10504375 1
10501974 8
10500000 65
10497600 893
10485760 6
10450944 568
10418625 8
10372320 177
10368000 2106
10333575 5
10321920 531
10290000 108
10287648 235
10240000 110
10206000 942
10160640 1549
10125000 42
10084200 16
10080000 1235
10077696 234
10035200 187
10001880 246
10000000 12
9953280 939
9922500 131
9920232 39
9878400 638
9843750 2
9841500 45
9834496 6
9830400 174
9800000 94
9797760 1607
9724050 24
9720000 943
9680832 20
9676800 2491
9646875 1
9644670 43
9633792 56
9604000 32
9600000 317
9568125 2
9565938 1
9525600 1462
9483264 202
9450000 297
9447840 278
9437184 25
9411920 1
9408000 734
9375000 2
9335088 72
9331200 2038
9289728 304
9261000 216
9219840 114
9216000 941
9187500 6
9185400 448
9175040 32
9144576 552
9112500 36
9075780 27
9072000 2660
9031680 670
9003750 5
9001692 37
9000000 129
8960000 274
8957952 285
8930250 74
8890560 663
8859375 1
8857350 9
8847360 408
8820000 536
8817984 302
8780800 124
8751645 4
8750000 8
8748000 819
8709120 2270
8680203 1
8643600 131
8640000 1366
8605184 5
8601600 541
8575000 17
8573040 596
8505000 369
8503056 37
8470728 2
8467200 2022
8437500 3
8429568 49
8403500 4
8400000 335
8398080 970
8388608 1
8334900 162
8297856 94
8294400 1883
8268750 14
8266860 114
8257536 106
8232000 296
8201250 22
8192000 95
8168202 7
8164800 2351
8128512 465
8103375 6
8100000 326
8067360 26
8064000 1974
8037225 7
8028160 68
8001504 224
8000000 38
7971615 1
7962624 207
7938000 907
7902720 481
7875000 35
7873200 343
7864320 60
7840000 215
7838208 665
7779240 125
7776000 2110
7741440 1213
7717500 59
7715736 97
7683200 46
7680000 449
7656250 1
7654500 209
7620480 1600
7593750 4
7563150 5
7560000 1301
7558272 164
7526400 714
7501410 51
7500000 19
7464960 1381
7441875 5
7440174 9
7408800 666
7381125 2
7375872 35
7372800 586
7350000 105
7348320 895
7340032 5
7290000 391
7260624 23
7257600 3405
7225344 168
7203000 37
7200000 476
7168000 271
7144200 582
7112448 296
7087500 72
7085880 74
7077888 77
7058940 3
7056000 1312
7024640 69
7001316 15
7000000 40
6998400 1591
6967296 617
6945750 38
6914880 182
6912000 1775
6889050 59
6881280 197
6860000 61
6858432 427
6804000 1741
6773760 1381
6751269 6
6750000 68
6722800 6
6720000 803
6718464 352
6667920 491
6635520 869
6615000 272
6613488 128
6585600 404
6562500 2
6561000 217
6553600 46
6531840 2208
6482700 56
6480000 1238
6453888 14
6451200 1554
6431250 4
6429780 170
6422528 9
6400000 96
6378750 45
6377292 6
6353046 1
6350400 1938
6322176 130
6300000 361
6298560 600
6291456 7
6272000 288
6251175 12
6250000 1
6223392 103
6220800 2462
6200145 4
6193152 254
6174000 281
6146560 27
6144000 454
6125000 8
6123600 1019
6096384 621
6075000 103
6050520 27
6048000 2698
6021120 359
6002500 6
6001128 98
6000000 88
5971968 350
5953500 212
5927040 717
5906250 8
5904900 64
5898240 229
5880000 433
5878656 513
5834430 29
5832000 1442
5806080 2115
5788125 2
5786802 11
5762400 118
5760000 1065
5740875 4
5734400 161
5715360 1097
5670000 730
5668704 74
5647152 5
5644800 1618
5625000 7
5619712 14
5600000 152
5598720 1411
5556600 394
5531904 56
5529600 1513
5512500 39
5511240 311
5505024 41
5488000 127
5467500 64
5445468 11
5443200 3245
5419008 381
5402250 16
5400000 457
5378240 11
5376000 1050
5358150 88
5334336 272
5314410 12
5308416 157
5292000 1257
5268480 270
5250987 1
5250000 49
5248800 767
5242880 14
5225472 757
5186160 149
5184000 2381
5160960 716
5145000 58
5143824 165
5120000 135
5103000 588
5080320 1883
5062500 8
5042100 9
5040000 1241
5038848 244
5017600 229
5000940 150
5000000 14
4976640 1464
4961250 45
4960116 32
4939200 654
4920750 26
4917248 12
4915200 252
4900000 60
4898880 1580
4862025 6
4860000 757
4840416 17
4838400 3040
4822335 13
4816896 64
4802000 21
4800000 313
4762800 1121
4741632 241
4725000 146
4723920 215
4718592 41
4705960 3
4704000 834
4667544 60
4665600 2360
4644864 500
4630500 109
4609920 124
4608000 1217
4593750 2
4592700 211
4587520 54
4572288 563
4556250 11
4537890 9
4536000 2321
4515840 943
4500846 15
4500000 100
4480000 310
4478976 412
4465125 15
4445280 625
4428675 3
4423680 647
4410000 379
4408992 243
4390400 152
4375000 1
4374000 551
4354560 2631
4321800 84
4320000 1320
4302592 2
4300800 821
4287500 6
4286520 433
4252500 189
4251528 20
4235364 1
4233600 2114
4214784 69
4201750 2
4200000 281
4199040 990
4167450 62
4148928 87
4147200 2349
4133430 41
4128768 133
4116000 227
4100625 1
4096000 125
4082400 1959
4064256 683
4050000 240
4033680 17
4032000 2101
4014080 99
4000752 157
4000000 61
3981312 315
3969000 533
3951360 577
3937500 20
3936600 200
3932160 84
3920000 190
3919104 724
3889620 83
3888000 2058
3870720 1701
3858750 18
3857868 59
3841600 47
3840000 556
3827250 71
3810240 1632
3796875 1
3781575 2
3780000 987
3779136 159
3763200 857
3750705 13
3750000 8
3732480 1632
3720087 2
3704400 520
3687936 34
3686400 908
3675000 49
3674160 641
3670016 13
3645000 238
3630312 17
3628800 3791
3612672 226
3601500 19
3600000 465
3584000 326
3572100 303
3556224 334
3543750 17
3542940 40
3538944 109
3529470 1
3528000 1155
3512320 85
3500658 16
3500000 29
3499200 1513
3483648 820
3472875 6
3457440 146
3456000 2086
3444525 12
3440640 354
3430000 41
3429216 402
3402000 1225
3386880 1721
3375000 42
3361400 5
3360000 806
3359232 417
3333960 311
3317760 1213
3307500 141
3306744 91
3292800 438
3280500 105
3276800 69
3265920 2314
3241350 23
3240000 1119
3226944 14
3225600 2093
3214890 73
3211264 14
3200000 125
3189375 6
3188646 4
3176523 1
3175200 1733
3161088 178
3150000 251
3149280 462
3145728 14
3136000 330
3125000 2
3111696 76
3110400 2848
3096576 379
3087000 189
3073280 47
3072000 605
3062500 5
3061800 659
3048192 703
3037500 35
3025260 22
3024000 2492
3010560 439
3001250 3
3000564 58
3000000 73
2985984 532
2976750 85
2963520 701
2953125 1
2952450 22
2949120 352
2940000 317
2939328 484
2917215 4
2916000 1143
2903040 2687
2893401 6
2881200 81
2880000 1080
2867200 247
2857680 839
2835000 351
2834352 54
2823576 5
2822400 1679
2812500 3
2809856 18
2800000 138
2799360 1496
2778300 196
2765952 87
2764800 1926
2756250 8
2755620 171
2752512 56
2744000 127
2733750 20
2722734 7
2721600 2974
2709504 439
2701125 3
2700000 324
2689120 8
2688000 1204
2679075 14
2667168 249
2654208 237
2646000 845
2634240 295
2625000 28
2624400 575
2621440 17
2612736 927
2593080 97
2592000 2551
2580480 1009
2572500 34
2571912 117
2560000 151
2551500 267
2540160 1905
2531250 3
2521050 7
2520000 1019
2519424 246
2508800 276
2500470 67
2500000 5
2488320 1828
2480625 6
2480058 20
2469600 532
2460375 3
2458624 9
2457600 375
2450000 37
2449440 1352
2430000 472
2420208 14
2419200 3397
2408448 95
2401000 21
2400000 267
2381400 662
2370816 290
2362500 71
2361960 130
2359296 58
2352980 1
2352000 708
2333772 35
2332800 2196
2322432 736
2315250 41
2304960 92
2304000 1501
2296350 76
2293760 99
2286144 565
2278125 1
2268945 3
2268000 1857
2257920 1136
2250423 6
2250000 68
2240000 284
2239488 538
2222640 476
2211840 876
2205000 195
2204496 233
2195200 142
2187000 346
2177280 2905
2160900 51
2160000 1178
2151296 4
2150400 1043
2143260 230
2126250 53
2125764 9
2117682 2
2116800 1919
2107392 92
2100000 193
2099520 895
2097152 5
2083725 14
2074464 82
2073600 2854
2066715 12
2064384 220
2058000 165
2048000 171
2041200 1382
2032128 683
2025000 102
2016840 17
2016000 2113
2007040 125
2000376 124
2000000 45
1990656 446
1984500 275
1975680 553
1968750 3
1968300 108
1966080 151
1960000 165
1959552 692
1944810 22
1944000 1783
1935360 2116
1929375 3
1928934 26
1920800 47
1920000 555
1913625 9
1905120 1326
1890000 691
1889568 113
1882384 1
1881600 935
1875000 5
1866240 1854
1852200 354
1843968 43
1843200 1156
1837500 22
1837080 455
1835008 15
1822500 81
1815156 9
1814400 3376
1806336 337
1800750 8
1800000 319
1792000 349
1786050 114
1778112 284
1771875 4
1771470 13
1769472 182
1764000 862
1756160 94
1750329 1
1750000 18
1749600 1109
1741824 960
1728720 108
1728000 2209
1720320 443
1715000 20
1714608 269
1701000 702
1693440 1709
1687500 22
1680700 1
1680000 701
1679616 444
1666980 162
1658880 1592
1653750 36
1653372 26
1646400 352
1640250 25
1638400 109
1632960 2091
1620675 4
1620000 722
1613472 8
1612800 2349
1607445 10
1605632 24
1600000 116
1594323 1
1587600 1132
1580544 201
1575000 121
1574640 317
1572864 23
1568000 280
1555848 39
1555200 2847
1548288 491
1543500 98
1536640 37
1536000 653
1530900 286
1524096 730
1518750 16
1512630 9
1512000 2100
1505280 526
1500282 21
1500000 55
1492992 623
1488375 14
1481760 520
1476225 2
1474560 524
1470000 194
1469664 416
1458000 739
1451520 2828
1440600 46
1440000 979
1433600 293
1428840 544
1417500 171
1417176 38
1411200 1541
1406250 1
1404928 22
1400000 89
1399680 1387
1389150 58
1382976 65
1382400 2167
1377810 64
1376256 90
1372000 88
1366875 3
1361367 1
1360800 2274
1354752 600
1350000 215
1344560 11
1344000 1138
1333584 186
1327104 366
1323000 480
1317120 302
1312500 11
1312200 305
1310720 27
1306368 942
1296540 45
1296000 2190
1290240 1303
1286250 6
1285956 72
1280000 198
1275750 77
1270080 1656
1260000 727
1259712 255
1254400 270
1250235 15
1250000 6
1244160 2024
1240029 2
1234800 345
1229312 13
1228800 519
1225000 29
1224720 860
1215000 261
1210104 7
1209600 3259
1204224 116
1200500 8
1200000 225
1190700 352
1185408 299
1181250 11
1180980 66
1179648 74
1176490 1
1176000 570
1166886 19
1166400 1775
1161216 907
1157625 11
1152480 64
1152000 1593
1148175 17
1146880 105
1143072 454
1134000 1194
1128960 1208
1125000 27
1120000 268
1119744 566
1111320 286
1105920 1121
1102500 90
1102248 116
1097600 135
1093500 136
1088640 2660
1080450 15
1080000 954
1075648 6
1075200 1130
1071630 85
1063125 4
1062882 2
1058400 1353
1053696 106
1050000 117
1049760 678
1048576 7
1037232 67
1036800 2748
1032192 302
1029000 82
1024000 194
1020600 794
1016064 709
1012500 50
1008420 7
1008000 1832
1003520 148
1000188 58
1000000 30
995328 545
992250 61
987840 473
984375 2
984150 36
983040 176
980000 114
979776 630
972405 5
972000 1272
967680 2369
964467 4
960400 29
960000 569
952560 911
945000 315
944784 73
940800 835
937500 3
933120 1832
926100 160
921984 28
921600 1347
918750 4
918540 190
917504 14
911250 30
907578 6
907200 2802
903168 331
900375 2
900000 226
896000 335
893025 19
889056 253
885735 1
884736 230
882000 570
878080 101
875000 4
874800 721
870912 1106
864360 57
864000 1986
860160 524
857500 11
857304 182
850500 328
846720 1462
843750 2
840000 524
839808 384
833490 65
829440 1863
826875 8
826686 14
823200 246
820125 1
819200 127
816480 1541
810000 436
806736 7
806400 2266
802816 30
800000 90
793800 693
790272 205
787500 36
787320 191
786432 41
784000 238
777924 25
777600 2425
774144 642
771750 30
768320 34
768000 739
765450 92
762048 601
756000 1441
752640 575
750141 5
750000 24
746496 606
740880 378
737280 610
735000 98
734832 255
729000 360
725760 2743
720300 17
720000 767
716800 287
714420 271
708750 53
708588 19
705600 1277
702464 27
700000 72
699840 1087
694575 11
691488 41
691200 2329
688905 7
688128 113
686000 50
680400 1405
677376 561
675000 81
672280 4
672000 1064
666792 104
663552 452
661500 187
658560 269
656250 2
656100 128
655360 48
653184 890
648270 20
648000 1657
645120 1434
643125 2
642978 21
640000 161
637875 8
635040 1162
630000 427
629856 167
627200 289
625000 3
622080 2043
617400 194
614656 10
614400 571
612500 6
612360 496
607500 88
605052 6
604800 2778
602112 124
600250 2
600000 190
595350 101
592704 224
590625 5
590490 15
589824 137
588000 440
583443 5
583200 1230
580608 889
576240 51
576000 1493
573440 147
571536 335
567000 590
564480 1144
562500 14
560000 193
559872 550
555660 137
552960 1192
551250 34
551124 43
548800 101
546750 37
544320 2097
540225 1
540000 580
537824 3
537600 1142
535815 18
531441 1
529200 864
526848 86
525000 53
524880 393
524288 5
518616 37
518400 2530
516096 371
514500 39
512000 192
510300 332
508032 632
506250 9
504210 2
504000 1286
501760 134
500094 21
500000 22
497664 605
496125 10
493920 356
492075 4
491520 267
490000 56
489888 474
486000 687
483840 2289
480200 15
480000 427
476280 494
472500 131
472392 53
470400 678
468750 1
466560 1556
463050 52
460992 24
460800 1399
459375 1
459270 55
458752 18
455625 1
453789 2
453600 1987
451584 365
450000 140
448000 320
444528 175
442368 270
441000 284
439040 83
437500 3
437400 335
435456 1009
432180 32
432000 1572
430080 585
428750 2
428652 96
425250 91
423360 1257
420000 309
419904 316
416745 6
414720 1810
413343 3
411600 158
409600 139
408240 962
405000 197
403368 2
403200 2061
401408 37
400000 71
396900 310
395136 188
393750 17
393660 73
393216 30
392000 162
388962 13
388800 1766
387072 685
385875 4
384160 20
384000 651
382725 10
381024 429
378000 860
376320 563
375000 10
373248 624
370440 184
368640 685
367500 37
367416 141
364500 130
362880 2292
360150 9
360000 521
358400 296
357210 83
354375 7
354294 10
352800 805
351232 25
350000 35
349920 788
345744 33
345600 2105
344064 123
343000 26
340200 721
338688 550
337500 35
336000 785
333396 50
331776 468
330750 47
329280 200
328125 1
328050 35
327680 60
326592 661
324135 1
324000 1029
322560 1351
321489 2
320000 133
317520 763
315000 194
314928 137
313600 232
312500 1
311040 1815
308700 66
307328 13
307200 603
306250 2
306180 215
303750 38
302526 2
302400 2083
301056 151
300125 1
300000 98
297675 15
296352 162
295245 5
294912 140
294000 212
291600 714
290304 952
288120 22
288000 1200
286720 163
285768 171
283500 228
282240 866
281250 2
280000 111
279936 452
277830 50
276480 1292
275625 5
275562 19
274400 68
273375 3
272160 1405
270000 331
268912 2
268800 957
264600 435
263424 87
262500 24
262440 211
262144 9
259308 14
259200 1918
258048 380
257250 11
256000 152
255150 113
254016 537
252105 1
252000 858
250880 158
250047 3
250000 9
248832 582
246960 204
245760 278
245000 21
244944 289
243000 333
241920 1940
240100 7
240000 346
238140 231
236250 28
236196 17
235298 1
235200 494
233280 1072
231525 9
230496 19
230400 1340
229635 8
229376 25
226800 1175
225792 348
225000 55
224000 289
222264 95
221184 348
220500 99
219520 64
218700 138
217728 747
216090 12
216000 1134
215040 611
214326 24
212625 12
211680 795
210000 168
209952 221
207360 1695
205800 80
204800 132
204120 477
202500 74
201600 1472
200704 28
200000 37
198450 86
197568 144
196875 1
196830 21
196608 47
196000 123
194481 3
194400 1134
193536 626
192080 18
192000 576
190512 263
189000 380
188160 431
187500 4
186624 575
185220 73
184320 727
183750 13
183708 51
182250 32
181440 1617
180075 4
180000 335
179200 294
178605 15
177147 1
176400 453
175616 20
175000 21
174960 446
172872 20
172800 1752
172032 120
171500 14
170100 262
169344 441
168750 5
168000 610
166698 9
165888 512
165375 13
164640 136
164025 4
163840 58
163296 481
162000 503
161280 1289
160000 110
158760 381
157500 70
157464 73
156800 187
155520 1404
154350 19
153664 6
153600 524
153090 62
151875 1
151263 1
151200 1315
150528 147
150000 57
148176 97
147456 145
147000 104
145800 339
145152 729
144060 13
144000 865
143360 136
142884 83
141750 59
141120 593
140000 91
139968 309
138915 4
138240 1240
137781 1
137200 27
136080 764
135000 138
134400 814
132300 169
131712 68
131250 2
131220 74
131072 12
129654 10
129600 1312
129024 382
128625 1
128000 140
127575 11
127008 336
126000 476
125440 124
125000 3
124416 523
123480 107
122880 285
122500 10
122472 154
121500 109
120960 1507
120050 3
120000 197
119070 50
118125 4
118098 7
117600 330
116640 698
115248 14
115200 1089
114688 27
113400 516
112896 303
112500 20
112000 157
111132 38
110592 339
110250 24
109760 54
109350 30
108864 543
108045 1
108000 670
107520 548
107163 5
105840 490
105000 71
104976 131
103680 1337
102900 31
102400 131
102060 201
101250 16
100842 1
100800 1049
100352 39
100000 23
99225 12
98784 86
98415 1
98304 58
98000 54
97200 634
96768 553
96040 8
96000 461
95256 114
94500 165
94080 347
93312 419
92610 26
92160 760
91875 2
91854 19
91125 4
90720 1118
90000 165
89600 210
88200 240
87808 25
87500 6
87480 223
86436 6
86400 1275
86016 117
85750 2
85050 60
84672 318
84375 1
84000 317
83349 4
82944 435
82320 70
81920 60
81648 257
81000 232
80640 1017
80000 61
79380 129
78750 19
78732 16
78400 88
77760 957
77175 7
76832 3
76800 501
76545 8
75600 711
75264 137
75000 22
74088 36
73728 183
73500 41
72900 133
72576 584
72030 4
72000 586
71680 139
71442 28
70875 17
70560 433
70000 34
69984 198
69120 1009
68600 15
68040 368
67500 44
67200 515
66150 58
65856 43
65610 26
65536 14
64827 1
64800 821
64512 299
64000 141
63504 178
63000 215
62720 91
62208 438
61740 32
61440 294
61250 3
61236 59
60750 23
60480 1022
60000 144
59535 13
59049 1
58800 167
58320 360
57624 6
57600 843
57344 29
56700 199
56448 214
56000 128
55566 14
55296 306
55125 3
54880 27
54675 6
54432 350
54000 314
53760 464
52920 240
52500 22
52488 57
51840 947
51450 8
51200 96
51030 50
50400 612
50176 35
50000 13
49392 50
49152 60
49000 24
48600 256
48384 487
48020 3
48000 318
47628 71
47250 31
47040 227
46875 1
46656 265
46305 4
46080 630
45927 2
45360 539
45000 55
44800 152
44100 71
43904 16
43750 3
43740 89
43218 3
43200 781
43008 145
42525 10
42336 196
42000 165
41472 378
41160 42
40960 58
40824 117
40500 65
40320 651
40000 47
39690 43
39375 2
39366 6
39200 62
38880 577
38416 2
38400 404
37800 292
37632 95
37500 13
37044 19
36864 141
36750 11
36450 28
36288 379
36015 2
36000 323
35840 112
35721 5
35280 224
35000 21
34992 101
34560 747
34300 6
34020 162
33750 8
33600 323
33075 8
32928 20
32805 3
32768 14
32400 432
32256 301
32000 88
31752 76
31500 73
31360 58
31104 342
30870 12
30720 198
30618 18
30375 3
30240 581
30000 55
29400 65
29160 163
28812 4
28800 546
28672 21
28350 41
28224 138
28125 1
28000 72
27783 2
27648 270
27440 14
27216 217
27000 134
26880 320
26460 71
26250 7
26244 16
25920 663
25725 1
25600 110
25515 9
25200 330
25088 20
25000 2
24696 14
24576 75
24500 10
24300 84
24192 297
24010 1
24000 190
23814 8
23625 4
23520 120
23328 168
23040 459
22680 268
22500 17
22400 111
22050 15
21952 3
21870 16
21600 447
21504 122
21168 88
21000 54
20736 289
20580 10
20480 45
20412 37
20250 15
20160 450
20000 27
19845 2
19683 1
19600 23
19440 292
19200 265
18900 92
18816 71
18522 5
18432 139
18225 4
18144 208
18000 150
17920 67
17640 103
17500 10
17496 38
17280 513
17150 4
17010 36
16875 1
16800 204
16464 16
16384 15
16200 155
16128 206
16000 46
15876 26
15750 15
15680 40
15552 174
15435 1
15360 175
15120 286
15000 29
14700 30
14580 57
14406 1
14400 355
14336 20
14175 4
14112 78
14000 32
13824 220
13720 3
13608 75
13500 42
13440 213
13230 18
13122 6
12960 344
12800 64
12600 126
12544 18
12500 2
12348 6
12288 50
12250 1
12150 19
12096 188
12000 99
11907 1
11760 58
11664 82
11520 349
11340 93
11250 3
11200 50
11025 4
10976 5
10935 1
10800 199
10752 82
10584 49
10500 13
10368 201
10290 4
10240 45
10206 14
10125 3
10080 227
10000 3
9800 14
9720 104
9604 1
9600 161
9450 26
9408 40
9375 1
9216 107
9072 121
9000 52
8960 50
8820 31
8750 1
8748 16
8640 315
8505 4
8400 100
8232 3
8192 7
8100 49
8064 116
8000 28
7938 9
7875 2
7840 18
7776 103
7680 152
7560 127
7500 4
7350 5
7290 11
7200 152
7168 13
7056 41
7000 12
6912 141
6804 29
6750 12
6720 119
6615 4
6480 142
6400 54
6300 42
6272 11
6174 4
6144 31
6075 3
6048 115
6000 38
5880 33
5832 26
5760 207
5670 14
5625 2
5600 37
5488 1
5400 94
5376 60
5292 27
5250 5
5184 116
5145 1
5120 23
5103 4
5040 91
5000 3
4900 3
4860 28
4802 1
4800 72
4725 3
4704 20
4608 98
4536 51
4500 11
4480 41
4410 8
4374 3
4320 135
4200 28
4116 5
4096 3
4050 10
4032 84
4000 14
3969 3
3920 10
3888 57
3840 94
3780 40
3750 2
3645 2
3600 79
3584 13
3528 15
3500 2
3456 85
3402 8
3375 1
3360 60
3240 58
3200 33
3150 6
3136 3
3072 28
3024 45
3000 11
2940 8
2916 11
2880 111
2835 4
2800 20
2700 29
2688 36
2646 1
2592 35
2560 15
2520 42
2500 1
2450 1
2430 12
2400 44
2352 18
2304 48
2268 15
2250 4
2240 18
2205 3
2187 1
2160 59
2100 6
2058 1
2048 2
2016 39
2000 6
1960 3
1944 21
1920 51
1890 9
1800 34
1792 10
1764 4
1750 1
1728 46
1680 30
1620 19
1600 20
1568 4
1536 24
1512 20
1500 5
1470 1
1458 1
1440 51
1400 7
1350 6
1344 16
1296 28
1280 11
1260 15
1225 1
1200 23
1176 3
1152 34
1134 5
1125 2
1120 17
1080 28
1050 1
1024 6
1008 14
1000 2
980 2
972 6
960 29
945 1
900 8
896 8
882 1
864 27
840 15
810 5
800 7
784 2
768 19
756 4
720 18
675 1
672 14
648 6
640 8
630 3
600 4
588 5
576 20
567 1
560 3
540 9
512 6
504 8
486 1
480 18
450 1
448 2
432 16
420 3
405 1
400 1
384 13
378 1
360 13
336 5
320 4
300 2
288 6
270 1
256 2
250 1
240 10
225 1
224 2
216 6
210 1
196 2
192 5
180 5
168 1
144 3
140 1
135 1
128 1
126 1
120 3
112 1
108 1
98 1
96 3
60 1
48 2
16 1
