5103000000 1
4608000000 1
4082400000 1
3969000000 1
3732480000 1
3628800000 1
3360000000 1
3225600000 2
3175200000 1
2952450000 1
2939328000 1
2916000000 1
2857680000 1
2764800000 1
2755620000 2
2721600000 2
2688000000 1
2646000000 1
2645395200 2
2612736000 2
2592000000 3
2571912000 1
2551500000 1
2540160000 2
2519424000 1
2488320000 1
2480058000 1
2469600000 1
2449440000 2
2419200000 1
2381400000 1
2361960000 1
2332800000 4
2322432000 1
2296350000 2
2295825120 1
2286144000 5
2268000000 2
2232052200 1
2222640000 1
2211840000 1
2204496000 2
2195200000 1
2187000000 1
2177280000 2
2160000000 1
2125764000 1
2099520000 6
2090188800 1
2073600000 2
2066715000 1
2057529600 4
2041200000 4
2016000000 2
2007040000 1
2000376000 2
1984500000 1
1984046400 1
1975680000 1
1968300000 1
1959552000 6
1944810000 1
1944000000 2
1935360000 1
1928934000 2
1905120000 3
1889568000 1
1881169920 1
1866240000 2
1857945600 2
1852200000 1
1851776640 1
1837080000 5
1828915200 3
1814400000 7
1806336000 1
1800338400 1
1800000000 2
1792000000 1
1785641760 1
1771470000 2
1769472000 1
1764000000 2
1763596800 2
1756160000 1
1741824000 6
1728000000 3
1721868840 1
1720320000 2
1714608000 4
1700611200 1
1693440000 3
1679616000 5
1666980000 1
1658880000 3
1653372000 4
1646023680 1
1632960000 20
1620304560 1
1620000000 1
1612800000 5
1607077584 1
1600300800 1
1600000000 1
1592524800 1
1587600000 9
1587237120 2
1580544000 1
1575296100 1
1574640000 4
1568000000 2
1567641600 2
1555848000 4
1555200000 7
1548288000 1
1543147200 6
1536640000 3
1530900000 9
1530550080 1
1524096000 11
1512000000 3
1511654400 6
1500282000 1
1492992000 3
1481760000 4
1481421312 1
1476225000 1
1470000000 1
1469664000 13
1451520000 16
1446700500 1
1445068800 2
1440600000 1
1440270720 1
1440000000 5
1433600000 1
1428840000 3
1422489600 2
1417176000 4
1411200000 9
1410877440 2
1404928000 2
1400263200 2
1399680000 7
1393459200 3
1388832480 2
1382976000 2
1382400000 10
1377810000 6
1372000000 1
1371686400 9
1360800000 15
1360488960 1
1354752000 5
1350253800 1
1350000000 1
1344000000 1
1343692800 1
1333584000 6
1327104000 4
1323000000 1
1322697600 2
1312200000 1
1306368000 15
1296000000 5
1290240000 6
1285956000 16
1280000000 1
1275750000 2
1275458400 1
1270080000 17
1269789696 1
1264435200 1
1260236880 1
1260000000 2
1259712000 7
1254400000 5
1250235000 1
1249949232 1
1244678400 3
1244160000 12
1240029000 2
1238630400 2
1234800000 1
1234517760 4
1229312000 1
1228800000 2
1224720000 14
1219276800 8
1209600000 11
1209323520 3
1204224000 2
1200500000 1
1200225600 5
1194393600 2
1190700000 4
1190427840 3
1185408000 2
1180980000 1
1176000000 1
1175731200 17
1166886000 3
1166400000 9
1161216000 15
1157360400 4
1152216576 1
1152000000 4
1148175000 1
1146880000 1
1143072000 29
1137991680 1
1134000000 6
1133740800 4
1128960000 17
1128701952 1
1123942400 1
1120210560 1
1120000000 1
1119744000 19
1116026100 1
1114767360 3
1111320000 7
1111065984 2
1106380800 5
1105920000 5
1102248000 11
1097600000 4
1097349120 7
1093500000 1
1088640000 38
1083801600 3
1080450000 1
1080000000 3
1075200000 5
1071630000 6
1066867200 13
1062882000 1
1061683200 1
1058400000 8
1058158080 6
1053696000 1
1049760000 13
1045094400 10
1041624360 5
1040449536 1
1037232000 5
1036800000 12
1032192000 5
1028764800 14
1024000000 2
1020600000 15
1020366720 1
1016064000 27
1011548160 1
1008189504 1
1008000000 18
1007769600 14
1003290624 1
1000188000 8
995328000 13
992250000 3
992023200 9
987840000 5
987614208 3
984150000 1
980184240 2
980000000 2
979776000 32
975421440 5
972405000 1
972182736 1
972000000 7
967680000 14
967458816 3
964467000 4
960400000 1
960180480 13
960000000 2
956593800 1
955514880 1
952560000 29
948326400 5
945177660 3
945000000 1
944784000 8
943718400 1
940800000 6
940584960 6
933508800 4
933120000 20
928972800 9
926100000 3
925888320 6
921984000 1
921600000 13
918540000 17
914457600 22
907578000 2
907200000 35
906992640 3
903168000 7
900169200 2
900000000 2
896168448 2
896000000 2
895795200 8
893025000 2
889056000 17
885735000 2
884736000 3
882000000 10
881798400 23
878080000 2
877879296 1
875164500 1
874800000 16
870912000 44
868020300 2
867041280 1
864360000 5
864162432 2
864000000 13
860160000 4
857304000 31
853493760 6
850500000 8
850305600 3
846720000 23
846526464 1
842956800 3
840157920 1
840000000 5
839808000 23
836075520 6
833490000 4
829785600 1
829440000 28
826686000 9
825753600 1
823200000 4
823011840 18
819200000 1
816480000 47
816293376 1
812851200 21
810152280 4
810000000 9
806400000 29
806215680 6
803722500 4
800150400 16
800000000 2
797161500 1
796262400 9
793800000 11
793618560 13
790272000 13
787648050 1
787500000 2
787320000 14
784000000 2
783820800 34
777924000 4
777600000 35
774466560 1
774144000 19
771750000 2
771573600 14
768320000 2
768144384 5
768000000 1
765450000 7
765275040 2
762048000 59
758661120 1
756315000 1
756000000 6
755827200 10
752953600 1
752640000 12
752467968 2
750141000 10
746807040 5
746496000 25
744017400 11
743178240 4
740880000 16
740710656 2
737587200 1
737280000 11
735000000 1
734832000 42
731566080 22
729137052 1
729000000 7
726062400 5
725760000 62
725594112 2
722534400 6
720135360 9
720000000 7
716800000 2
716636160 4
714420000 30
711244800 13
708588000 13
708083712 1
707788800 2
705600000 27
705438720 16
702464000 6
700131600 6
700000000 1
699840000 28
696729600 25
694575000 3
694416240 5
693633024 1
691488000 10
691200000 22
688905000 8
688128000 6
686000000 3
685843200 42
682795008 2
680683500 1
680400000 43
680244480 2
677376000 34
675126900 4
675000000 1
674365440 1
672126336 1
672000000 18
671846400 25
669615660 1
666792000 35
663828480 3
663552000 22
661500000 2
661348800 19
660602880 1
658834400 1
658560000 5
658409472 4
656100000 7
653456160 5
653184000 94
650280960 12
648270000 5
648000000 27
645388800 1
645120000 18
642978000 18
640120320 22
640000000 2
637875000 4
637729200 5
637009920 3
635040000 60
634894848 1
632217600 11
630118440 2
630000000 12
629856000 29
627200000 4
627056640 12
625117500 4
622339200 13
622080000 56
620014500 3
619315200 15
617400000 10
617258880 20
614656000 4
614400000 5
612615150 1
612500000 1
612360000 52
609638400 48
607614210 1
607500000 3
604800000 56
604661760 11
602112000 15
600112800 22
600000000 4
597445632 2
597196800 32
595350000 13
595213920 7
592704000 24
590490000 6
590069760 1
589824000 5
588000000 7
587865600 67
585252864 3
583443000 5
583200000 37
580849920 3
580608000 89
578680200 10
578027520 5
576240000 3
576108288 6
576000000 22
574087500 1
573956280 1
573440000 3
571774140 1
571536000 71
568995840 13
567000000 16
566870400 23
566231040 2
564715200 1
564480000 40
564350976 4
562605750 1
561971200 1
560105280 12
560000000 6
559872000 52
558013050 1
557383680 16
555660000 23
555532992 2
553190400 9
552960000 26
551250000 2
551124000 32
550502400 2
548800000 6
548674560 44
546750000 1
544546800 2
544320000 105
544195584 3
541900800 26
540225000 2
540101520 6
540000000 5
537824000 1
537600000 20
537477120 18
535815000 17
535692528 1
533433600 47
531441000 2
530841600 10
529200000 37
529079040 25
526848000 4
525098700 6
525000000 1
524880000 30
522547200 70
520812180 2
520224768 1
518616000 13
518400000 47
516096000 37
514382400 61
512096256 3
512000000 3
510300000 37
510183360 6
508032000 109
504094752 2
504000000 30
503884800 30
501760000 11
501645312 3
500094000 26
497871360 11
497664000 60
496125000 5
496011600 18
495452160 3
493920000 32
493807104 5
492075000 4
491724800 1
491520000 8
490000000 4
489888000 128
487710720 28
486202500 1
486091368 3
486000000 21
484041600 2
483840000 96
483729408 3
482233500 9
481689600 4
480200000 2
480090240 28
480000000 3
478296900 2
477757440 4
476280000 67
476171136 1
474163200 36
472588830 1
472500000 3
472392000 34
471859200 2
470400000 22
470292480 47
466754400 18
466560000 84
464486400 47
463050000 4
462944160 20
462422016 1
460992000 7
460800000 28
459270000 33
458752000 4
457419312 2
457228800 121
455196672 2
453789000 1
453600000 97
453496320 16
451584000 49
450084600 15
450000000 3
448084224 1
448000000 9
447897600 52
446512500 3
446410440 7
445906944 3
444528000 71
442867500 2
442552320 3
442368000 19
441082908 2
441000000 16
440899200 73
440401920 1
439040000 4
438939648 4
437582250 1
437400000 24
435637440 4
435456000 162
434010150 3
433520640 10
432180000 9
432081216 10
432000000 33
430080000 27
429981696 2
428652000 76
426746880 35
425250000 11
425152800 10
424673280 1
423536400 1
423360000 84
423263232 8
421478400 8
420175000 2
420078960 9
420000000 10
419904000 87
418037760 38
416745000 20
416649744 3
414892800 21
414720000 96
413343000 23
412876800 17
411600000 12
411505920 46
409600000 3
408410100 3
408240000 140
408146688 4
406425600 107
405076140 6
405000000 6
404619264 3
403368000 3
403200000 77
403107840 19
401861250 1
401408000 11
400075200 66
400000000 2
398297088 2
398131200 32
396900000 43
396809280 19
395136000 55
393660000 26
393216000 5
392073696 1
392000000 9
391910400 133
390609135 1
390168576 6
388962000 14
388800000 93
387072000 87
385875000 1
385786800 38
385351680 2
384160000 6
384072192 12
384000000 14
382725000 6
382637520 4
382205952 1
381024000 159
379330560 20
378071064 1
378000000 34
377913600 50
376320000 44
376233984 15
375070500 9
375000000 1
373403520 20
373248000 126
372008700 5
371589120 24
370440000 36
370355328 10
368793600 5
368640000 33
367569090 1
367500000 2
367416000 102
367001600 3
365783040 76
364568526 1
364500000 14
363031200 10
362880000 195
362797056 2
361675125 1
361267200 31
360150000 2
360067680 34
360000000 8
359661568 1
358400000 16
358318080 28
357210000 51
357128352 7
355622400 73
354375000 1
354294000 17
354041856 2
353894400 7
352800000 55
352719360 61
351232000 12
350065800 18
350000000 4
349920000 92
348509952 4
348364800 139
347287500 2
347208120 9
346816512 3
345744000 25
345600000 72
344452500 9
344373768 1
344064000 18
343064484 1
343000000 6
342921600 132
341397504 12
340341750 1
340200000 78
340122240 22
338829120 2
338688000 155
337563450 6
337500000 3
337182720 3
336063168 4
336000000 28
335923200 87
334807830 1
334430208 4
333396000 89
331914240 13
331776000 84
330750000 14
330674400 59
330301440 8
329280000 30
329204736 20
328050000 9
327680000 2
326728080 4
326592000 261
325140480 39
324135000 7
324060912 5
324000000 36
322694400 5
322560000 98
322486272 5
321489000 25
321126400 2
320060160 69
320000000 3
318937500 1
318864600 4
318504960 18
317652300 2
317520000 146
317447424 6
316108800 41
315059220 7
315000000 10
314928000 91
314572800 1
313600000 13
313528320 90
312558750 1
312487308 5
311169600 29
311040000 142
309786624 3
309657600 59
308700000 21
308629440 54
307328000 9
307200000 27
306250000 1
306180000 99
306110016 2
304819200 184
303807105 1
303750000 3
302526000 8
302400000 131
302330880 30
301181440 1
301056000 48
300056400 47
300000000 4
298722816 5
298598400 82
297675000 16
297606960 29
297271296 8
296352000 88
295245000 13
295034880 5
294912000 19
294055272 2
294000000 13
293932800 222
293601280 1
292626432 23
291721500 13
291600000 78
290424960 7
290304000 219
289340100 16
289013760 9
288120000 6
288054144 19
288000000 36
287043750 1
286978140 1
286720000 15
286654464 6
285768000 183
284497920 45
283553298 1
283500000 23
283435200 31
283115520 4
282357600 1
282240000 112
282175488 22
280985600 11
280052640 19
280000000 3
279936000 152
278691840 66
277830000 31
277766496 7
276595200 25
276480000 95
275625000 2
275562000 64
275251200 10
274400000 8
274337280 105
273375000 3
272273400 5
272160000 249
272097792 3
270950400 126
270050760 22
270000000 13
269746176 2
268912000 1
268800000 56
268738560 41
267907500 17
267846264 1
266716800 111
265720500 3
265531392 4
265420800 45
264600000 67
264539520 55
264241152 1
263424000 39
262549350 4
262440000 75
261382464 2
261273600 265
260406090 3
260112384 8
259308000 36
259200000 123
258048000 96
257298363 2
257250000 2
257191200 123
256901120 1
256048128 26
256000000 1
255150000 42
255091680 6
254803968 2
254121840 2
254016000 256
252887040 19
252105000 2
252047376 9
252000000 56
251942400 112
250880000 16
250822656 27
250047000 32
250000000 1
248935680 35
248832000 186
248005800 19
247726080 22
246960000 61
246903552 25
246037500 1
245862400 9
245760000 23
245046060 5
245000000 1
244944000 256
243855360 112
243101250 2
243045684 1
243000000 27
242020800 9
241920000 252
241864704 8
241116750 2
240844800 21
240045120 55
240000000 15
239148450 1
238878720 33
238140000 145
238085568 12
237081600 96
236294415 2
236250000 4
236196000 45
235929600 10
235200000 53
235146240 142
233377200 26
233280000 184
232339968 3
232243200 154
231525000 10
231472080 35
230496000 21
230400000 70
229635000 37
229582512 2
229376000 13
228709656 2
228614400 290
227598336 21
226894500 4
226800000 156
226748160 33
226492416 2
225886080 1
225792000 151
225042300 18
225000000 4
224788480 1
224042112 9
224000000 23
223948800 150
223256250 1
223205220 4
222953472 8
222264000 145
221433750 1
221276160 19
221184000 84
220500000 24
220449600 169
220200960 1
219520000 20
219469824 35
218700000 38
217818720 7
217728000 440
217005075 1
216760320 49
216090000 15
216040608 13
216000000 55
215129600 4
215040000 66
214990848 10
214326000 128
213373440 87
212625000 14
212576400 22
212336640 17
211680000 240
211631616 26
210739200 29
210039480 12
210000000 16
209952000 198
209715200 1
209018880 125
208372500 14
208324872 9
207446400 39
207360000 215
206671500 13
206524416 1
206438400 68
205800000 29
205752960 130
204800000 14
204205050 4
204120000 216
204073344 8
203212800 299
202538070 4
202500000 11
202309632 4
201684000 7
201600000 150
201553920 87
200704000 31
200037600 109
200000000 6
199148544 10
199065600 118
198450000 49
198404640 40
198180864 3
197568000 128
196875000 1
196830000 40
196689920 1
196608000 12
196036848 6
196000000 18
195955200 388
195084288 19
194481000 22
194400000 126
193616640 10
193536000 288
192937500 2
192893400 69
192675840 5
192080000 10
192036096 37
192000000 30
191362500 10
191318760 6
191102976 10
190591380 1
190512000 340
189665280 51
189035532 5
189000000 58
188956800 116
188743680 2
188238400 1
188160000 91
188116992 42
187535250 7
186701760 41
186624000 272
186004350 8
185794560 78
185220000 61
185177664 32
184396800 33
184320000 98
183750000 1
183708000 187
183500800 3
182891520 226
182284263 1
182250000 12
181515600 11
181440000 413
181398528 11
180708864 1
180633600 115
180075000 1
180033840 54
180000000 21
179200000 39
179159040 69
178605000 51
178564176 6
177811200 213
177147000 17
177020928 3
176947200 43
176473500 1
176400000 99
176359680 169
176160768 1
175616000 28
175032900 8
174960000 175
174254976 12
174182400 414
173604060 19
173408256 4
172872000 45
172800000 146
172226250 4
172103680 1
172032000 64
171500000 7
171460800 270
170698752 30
170100000 112
170061120 31
169869312 2
169414560 2
169344000 361
168781725 2
168750000 2
168591360 15
168070000 2
168031584 5
168000000 51
167961600 228
167772160 1
167215104 35
166698000 88
165957120 45
165888000 225
165375000 14
165337200 87
165150720 18
164640000 71
164602368 49
164025000 17
163840000 8
163364040 5
163296000 548
162570240 150
162067500 5
162030456 5
162000000 46
161347200 6
161280000 248
161243136 17
160744500 32
160563200 22
160030080 125
160000000 7
159468750 1
159432300 2
159252480 35
158826150 1
158760000 268
158723712 25
158054400 133
157529610 6
157500000 11
157464000 136
157286400 8
156800000 40
156764160 239
156279375 1
156243654 1
155584800 67
155520000 359
154893312 3
154828800 203
154350000 21
154314720 130
154140672 2
153664000 19
153600000 45
153125000 1
153090000 106
153055008 2
152473104 1
152409600 479
151875000 1
151732224 10
151263000 6
151200000 234
151165440 107
150994944 1
150528000 114
150028200 69
150000000 1
149361408 13
149299200 233
148837500 13
148803480 24
148635648 10
148176000 222
147622500 7
147517440 13
147456000 66
147027636 2
147000000 14
146966400 365
146800640 2
146313216 52
145860750 7
145800000 105
145212480 20
145152000 600
144670050 8
144506880 45
144060000 28
144027072 28
144000000 69
143360000 23
143327232 11
142943535 1
142884000 287
142248960 140
141776649 1
141750000 22
141717600 61
141557760 18
141178800 1
141120000 288
141087744 41
140492800 11
140026320 39
140000000 7
139968000 370
139345920 201
138915000 50
138883248 13
138297600 50
138240000 213
137812500 1
137781000 67
137682944 1
137625600 42
137200000 17
137168640 241
136136700 3
136080000 489
136048896 21
135475200 306
135056250 1
135025380 27
135000000 20
134400000 105
134369280 117
133953750 6
133923132 2
133358400 243
132860250 3
132765696 7
132710400 146
132355125 1
132300000 88
132269760 123
131712000 111
131274675 1
131250000 1
131220000 108
131072000 5
130691232 5
130636800 653
130203045 3
130056192 34
129654000 34
129600000 229
129077760 6
129024000 264
128625000 2
128595600 173
128450560 4
128024064 39
128000000 18
127575000 49
127545840 12
127401984 9
127060920 2
127008000 530
126443520 49
126052500 2
126023688 7
126000000 69
125971200 210
125829120 1
125440000 52
125411328 59
125023500 35
124467840 62
124416000 433
124002900 24
123863040 65
123480000 125
123451776 43
123018750 3
122931200 17
122880000 57
122523030 3
122500000 3
122472000 400
121927680 280
121550625 1
121522842 5
121500000 33
121010400 23
120960000 525
120932352 33
120558375 2
120422400 67
120050000 2
120022560 104
120000000 21
119574225 1
119439360 119
119070000 158
119042784 18
118540800 245
118125000 4
118098000 63
118013952 1
117964800 27
117649000 1
117600000 98
117573120 326
116688600 24
116640000 343
116169984 6
116121600 509
115762500 6
115736040 39
115605504 5
115248000 30
115200000 141
114817500 37
114688000 38
114354828 3
114307200 535
113799168 38
113447250 1
113400000 223
113374080 59
113246208 3
112943040 2
112896000 355
112521150 9
112500000 4
112394240 4
112021056 18
112000000 40
111974400 387
111602610 2
111476736 41
111132000 179
110638080 51
110592000 223
110270727 2
110250000 20
110224800 238
110100480 12
109760000 40
109734912 81
109350000 47
108909360 18
108864000 911
108380160 152
108045000 18
108020304 21
108000000 109
107564800 6
107520000 192
107495424 29
107163000 116
106686720 232
106312500 2
106288200 17
106168320 61
105840000 372
105815808 61
105369600 90
105019740 17
105000000 21
104976000 290
104509440 341
104186250 12
104162436 5
103723200 94
103680000 448
103335750 9
103262208 3
103219200 162
102900000 22
102876480 231
102400000 21
102060000 313
102036672 3
101648736 3
101606400 613
101269035 2
101250000 9
101154816 15
100842000 5
100800000 314
100776960 177
100352000 62
100018800 190
100000000 4
99574272 19
99532800 351
99225000 40
99202320 64
99090432 23
98784000 217
98415000 39
98344960 4
98304000 49
98018424 8
98000000 24
97977600 737
97542144 84
97240500 23
97200000 222
96808320 23
96768000 683
96468750 2
96446700 57
96337920 26
96040000 15
96018048 62
96000000 48
95681250 2
95659380 6
95551488 25
95295690 1
95256000 597
94832640 148
94539375 1
94517766 3
94500000 83
94478400 157
94371840 7
94119200 5
94080000 205
94058496 89
93767625 2
93350880 75
93312000 611
93002175 1
92897280 215
92610000 87
92588832 35
92198400 43
92160000 189
91854000 195
91750400 13
91445760 457
91125000 5
90757800 19
90720000 802
90699264 28
90316800 249
90016920 66
90000000 25
89600000 66
89579520 183
89302500 34
89282088 10
88942644 1
88905600 335
88593750 1
88573500 19
88510464 11
88473600 140
88236750 1
88200000 150
88179840 349
88080384 2
87808000 50
87516450 9
87500000 1
87480000 239
87127488 9
87091200 937
86802030 6
86704128 31
86436000 68
86400000 285
86113125 1
86093442 1
86051840 4
86016000 148
85750000 3
85730400 399
85349376 65
85050000 113
85030560 37
84934656 8
84707280 1
84672000 652
84375000 1
84295680 25
84035000 1
84015792 19
84000000 72
83980800 437
83607552 67
83349000 123
82978560 79
82944000 500
82687500 3
82668600 80
82575360 57
82320000 93
82301184 98
82012500 9
81920000 31
81682020 9
81648000 901
81285120 388
81033750 1
81015228 8
81000000 87
80673600 18
80640000 493
80621568 55
80372250 18
80281600 32
80015040 236
80000000 11
79716150 2
79626240 118
79380000 356
79361856 48
79027200 215
78764805 3
78750000 10
78732000 179
78643200 14
78400000 63
78382080 547
78121827 1
77792400 83
77760000 563
77446656 4
77414400 457
77175000 20
77157360 150
77070336 8
76832000 28
76800000 95
76545000 118
76527504 6
76236552 1
76204800 866
75937500 1
75866112 33
75631500 8
75600000 368
75582720 153
75497472 4
75264000 205
75014100 60
75000000 2
74680704 35
74649600 569
74418750 2
74401740 19
74317824 38
74088000 336
73811250 4
73758720 19
73728000 189
73500000 28
73483200 595
73400320 2
73156608 160
72930375 3
72900000 121
72606240 25
72576000 1142
72335025 3
72253440 118
72030000 17
72013536 37
72000000 94
71680000 77
71663616 28
71442000 345
71124480 319
70875000 23
70858800 70
70778880 49
70589400 4
70560000 440
70543872 113
70246400 36
70013160 53
70000000 12
69984000 630
69672960 486
69457500 25
69441624 18
69148800 97
69120000 459
68890500 51
68841472 1
68812800 93
68600000 22
68584320 526
68343750 1
68068350 4
68040000 658
68024448 15
67737600 692
67512690 19
67500000 22
67436544 7
67228000 5
67200000 207
67184640 290
66976875 3
66961566 1
66679200 332
66382848 34
66355200 346
66150000 96
66134880 171
66060288 11
65856000 184
65610000 91
65536000 16
65345616 6
65318400 1228
65028096 93
64827000 52
64800000 342
64538880 21
64512000 538
64297800 181
64225280 10
64012032 92
64000000 33
63787500 19
63772920 21
63700992 20
63504000 898
63221760 120
63011844 3
63000000 92
62985600 331
62914560 4
62720000 96
62705664 150
62511750 23
62233920 123
62208000 850
62001450 6
61931520 187
61740000 140
61725888 97
61465600 29
61440000 114
61261515 2
61250000 2
61236000 554
60963840 622
60761421 2
60750000 23
60505200 23
60480000 887
60466176 55
60211200 157
60025000 2
60011280 163
60000000 28
59719680 247
59535000 120
59521392 22
59295096 1
59270400 447
59062500 3
59049000 49
59006976 3
58982400 84
58824500 1
58800000 123
58786560 570
58344300 34
58320000 514
58084992 9
58060800 1026
57868020 48
57802752 22
57624000 43
57600000 260
57408750 9
57395628 3
57344000 58
57153600 773
56899584 85
56700000 290
56687040 99
56623104 5
56471520 1
56448000 654
56260575 5
56197120 16
56010528 34
56000000 61
55987200 746
55738368 87
55566000 222
55319040 78
55296000 448
55125000 17
55112400 283
55050240 34
54880000 64
54867456 181
54675000 39
54454680 26
54432000 1426
54190080 354
54022500 10
54010152 17
54000000 113
53782400 5
53760000 302
53747712 74
53581500 93
53343360 317
53156250 3
53144100 24
53084160 134
52942050 1
52920000 457
52907904 117
52684800 168
52509870 14
52500000 16
52488000 440
52428800 7
52254720 749
52081218 3
51861600 128
51840000 778
51667875 1
51631104 2
51609600 380
51450000 40
51438240 324
51380224 3
51200000 45
51030000 292
51018336 12
50803200 1152
50625000 8
50577408 32
50421000 3
50400000 378
50388480 320
50176000 98
50009400 191
50000000 5
49787136 46
49766400 667
49612500 22
49601160 57
49545216 29
49392000 313
49207500 17
49172480 10
49152000 107
49009212 9
49000000 25
48988800 1143
48771072 164
48620250 14
48600000 274
48404160 22
48384000 1206
48223350 30
48168960 65
48020000 22
48009024 100
48000000 80
47829690 3
47775744 51
47628000 672
47416320 303
47258883 3
47250000 71
47239200 200
47185920 26
47040000 280
47029248 190
46875000 1
46675440 76
46656000 1012
46448640 486
46305000 78
46294416 46
46099200 70
46080000 361
45937500 1
45927000 194
45875200 46
45722880 766
45562500 4
45378900 11
45360000 973
45349632 40
45177216 1
45158400 547
45008460 46
45000000 30
44957696 2
44800000 116
44789760 410
44651250 23
44641044 13
44452800 516
44286750 5
44255232 19
44236800 327
44100000 148
44089920 465
44040192 5
43904000 91
43758225 1
43740000 279
43563744 14
43545600 1654
43352064 81
43218000 78
43200000 405
43025920 5
43008000 310
42875000 2
42865200 453
42674688 126
42525000 79
42515280 53
42467328 22
42353640 4
42336000 1004
42187500 1
42147840 76
42017500 1
42007896 23
42000000 97
41990400 690
41943040 1
41803776 195
41674500 83
41489280 122
41472000 978
41334300 66
41287680 129
41160000 121
41150592 182
41006250 1
40960000 39
40841010 5
40824000 1142
40642560 723
40507614 5
40500000 90
40336800 13
40320000 825
40310784 109
40186125 1
40140800 70
40007520 317
40000000 14
39813120 327
39690000 339
39680928 59
39530064 1
39513600 387
39375000 8
39366000 182
39337984 2
39321600 47
39200000 57
39191040 984
38896200 63
38880000 852
38723328 15
38707200 991
38587500 14
38578680 151
38535168 13
38416000 36
38400000 191
38272500 69
38263752 3
38118276 2
38102400 1275
37933056 85
37815750 2
37800000 414
37791360 230
37748736 4
37647680 1
37632000 427
37507050 36
37500000 2
37340352 48
37324800 1069
37209375 1
37200870 11
37158912 89
37044000 372
36879360 48
36864000 375
36756909 1
36750000 36
36741600 710
36700160 14
36578304 260
36450000 119
36303120 38
36288000 1769
36126720 248
36015000 16
36006768 56
36000000 143
35840000 130
35831808 104
35721000 281
35562240 488
35437500 10
35429400 69
35389440 101
35294700 2
35280000 544
35271936 186
35123200 74
35006580 43
35000000 14
34992000 819
34836480 925
34728750 20
34720812 21
34574400 158
34560000 744
34445250 25
34420736 1
34406400 189
34300000 22
34292160 601
34034175 1
34020000 694
34012224 35
33882912 3
33868800 1112
33756345 2
33750000 11
33718272 19
33614000 9
33600000 282
33592320 522
33480783 1
33339600 368
33191424 42
33177600 682
33075000 75
33067440 182
33030144 16
32928000 244
32805000 89
32768000 39
32672808 6
32659200 1822
32514048 192
32413500 33
32400000 410
32269440 13
32256000 997
32156250 1
32148900 120
32112640 23
32006016 146
32000000 37
31893750 5
31886460 5
31850496 64
31765230 2
31752000 1071
31610880 212
31505922 6
31500000 109
31492800 413
31457280 10
31360000 151
31352832 270
31255875 3
31116960 139
31104000 1365
31000725 3
30965760 416
30870000 123
30862944 105
30732800 34
30720000 215
30625000 1
30618000 542
30481920 1062
30375000 20
30252600 22
30240000 1176
30233088 99
30105600 360
30005640 141
30000000 19
29859840 582
29767500 82
29760696 13
29635200 665
29524500 41
29503488 10
29491200 213
29400000 153
29393280 782
29360128 3
29172150 22
29160000 569
29042496 13
29030400 1759
28934010 30
28901376 48
28812000 59
28800000 366
28672000 125
28588707 1
28576800 947
28449792 148
28350000 230
28343520 109
28311552 15
28235760 1
28224000 968
28098560 20
28005264 52
28000000 55
27993600 1144
27869184 213
27783000 218
27659520 123
27648000 850
27562500 5
27556200 247
27525120 78
27440000 56
27433728 294
27337500 12
27227340 13
27216000 1936
27095040 633
27011250 3
27005076 25
27000000 136
26891200 12
26880000 481
26873856 156
26790750 34
26671680 488
26572050 5
26542080 267
26460000 498
26453952 128
26342400 256
26254935 1
26250000 16
26244000 426
26214400 15
26127360 1308
25930800 145
25920000 1048
25815552 6
25804800 713
25725000 29
25719120 334
25690112 3
25600000 74
25515000 228
25509168 11
25412184 3
25401600 1647
25312500 3
25288704 60
25210500 4
25200000 442
25194240 444
25165824 3
25088000 170
25004700 139
24893568 65
24883200 1274
24806250 9
24800580 48
24772608 80
24706290 1
24696000 389
24603750 9
24586240 28
24576000 186
24504606 2
24500000 26
24494400 1362
24385536 311
24310125 2
24300000 239
24202080 33
24192000 1852
24111675 6
24084480 108
24010000 10
24004512 136
24000000 99
23914845 1
23887872 117
23814000 694
23708160 473
23625000 47
23619600 171
23592960 70
23529800 2
23520000 409
23514624 326
23337720 99
23328000 1349
23224320 896
23152500 40
23147208 52
23049600 111
23040000 617
22963500 138
22937600 48
22861440 1000
22689450 6
22680000 1030
22674816 76
22588608 4
22579200 876
22504230 36
22500000 23
22478848 2
22400000 137
22394880 741
22325625 5
22320522 2
22226400 556
22143375 1
22127616 40
22118400 609
22050000 121
22044960 441
22020096 8
21952000 105
21875000 1
21870000 209
21781872 9
21772800 2421
21676032 133
21609000 49
21600000 498
21512960 5
21504000 574
21437500 3
21432600 358
21337344 212
21262500 55
21257640 43
21233664 44
21176820 2
21168000 1309
21073920 160
21008750 1
21003948 8
21000000 111
20995200 875
20971520 1
20901888 355
20837250 24
20744640 163
20736000 1544
20671875 1
20667150 27
20643840 275
20580000 114
20575296 202
20480000 68
20420505 2
20412000 1126
20321280 1126
20253807 3
20250000 46
20168400 25
20160000 1109
20155392 167
20070400 108
20003760 309
20000000 17
19906560 579
19845000 234
19840464 59
19756800 532
19687500 1
19683000 119
19668992 5
19660800 95
19600000 79
19595520 1318
19448100 66
19440000 938
19361664 19
19353600 1688
19293750 5
19289340 101
19267584 20
19208000 33
19200000 236
19136250 33
19131876 1
19059138 2
19051200 1529
18966528 143
18900000 380
18895680 279
18874368 12
18823840 1
18816000 573
18753525 7
18750000 3
18670176 57
18662400 1550
18600435 9
18579456 186
18522000 328
18439680 83
18432000 651
18375000 19
18370800 595
18350080 24
18289152 334
18225000 65
18151560 28
18144000 2398
18063360 456
18007500 9
18003384 51
18000000 155
17920000 203
17915904 211
17860500 159
17781120 662
17718750 2
17714700 36
17694720 222
17647350 2
17640000 578
17635968 272
17561600 92
17503290 19
17500000 10
17496000 878
17418240 1514
17364375 1
17360406 8
17287200 155
17280000 1090
17222625 4
17210368 3
17203200 323
17150000 16
17146080 701
17010000 579
17006112 28
16941456 5
16934400 1693
16875000 7
16859136 27
16807000 4
16800000 306
16796160 736
16777216 1
16669800 280
16595712 82
16588800 1251
16537500 50
16533720 171
16515072 52
16464000 296
16402500 39
16384000 66
16336404 8
16329600 2184
16257024 266
16206750 14
16200000 405
16134720 23
16128000 1434
16074450 56
16056320 41
16003008 195
16000000 52
15946875 1
15943230 2
15925248 124
15876000 1138
15805440 350
15752961 2
15750000 78
15746400 462
15728640 27
15680000 185
15676416 457
15558480 152
15552000 1924
15482880 753
15435000 107
15431472 125
15366400 57
15360000 311
15312500 2
15309000 435
15240960 1490
15187500 13
15126300 9
15120000 1373
15116544 131
15059072 1
15052800 507
15006250 1
15002820 105
15000000 25
14929920 887
14883750 33
14880348 21
14817600 703
14765625 1
14762250 9
14751744 25
14745600 367
14700000 106
14696640 927
14680064 6
14586075 3
14580000 538
14521248 26
14515200 2667
14467005 4
14450688 95
14406000 61
14400000 487
14336000 165
14288400 808
14224896 236
14175000 178
14171760 111
14155776 36
14112000 1199
14062500 2
14049280 49
14002632 47
14000000 50
13996800 1472
13934592 383
13891500 116
13829760 145
13824000 1385
13781250 1
13778100 148
13762560 116
13720000 80
13716864 373
13668750 7
13613670 6
13608000 1913
13547520 1043
13502538 16
13500000 106
13445600 11
13440000 695
13436928 247
13395375 6
13335840 527
13286025 3
13271040 542
13230000 406
13226976 141
13171200 317
13125000 10
13122000 347
13107200 32
13063680 1881
12965400 93
12960000 1314
12907776 9
12902400 1180
12862500 10
12859560 287
12845056 4
12800000 94
12757500 139
12754584 17
12700800 2048
12644352 89
12605250 6
12600000 435
12597120 539
12582912 2
12544000 236
12502350 47
12500000 1
12446784 73
12441600 1826
12400290 21
12386304 151
12348000 411
12301875 1
12293120 33
12288000 308
12252303 1
12250000 16
12247200 1252
12192768 467
12150000 183
12101040 26
12096000 2484
12042240 237
12005000 11
12002256 125
12000000 119
11943936 232
11907000 471
11854080 609
11812500 18
11809800 134
11796480 117
11760000 433
11757312 435
11668860 63
11664000 1539
11612160 1551
11576250 16
11573604 30
11524800 100
11520000 881
11481750 58
11468800 108
11430720 1302
11344725 2
11340000 951
11337408 79
11294304 2
11289600 1350
11252115 7
11250000 12
11239424 10
11200000 159
11197440 1154
11160261 2
11113200 515
11063808 49
11059200 983
11025000 87
11022480 409
11010048 12
10976000 119
10935000 149
10890936 10
10886400 3193
10838016 233
10804500 36
10800000 537
10756480 6
10752000 787
10716300 247
10668672 290
10631250 14
10628820 19
10616832 80
10588410 4
10584000 1446
10536960 178
10504375 1
10501974 9
10500000 80
10497600 859
10485760 8
10450944 560
10418625 3
10372320 179
10368000 2017
10333575 3
10321920 504
10290000 99
10287648 225
10240000 138
10206000 981
10160640 1601
10125000 37
10084200 19
10080000 1271
10077696 223
10035200 190
10001880 233
10000000 18
9953280 1010
9922500 122
9920232 50
9882516 1
9878400 657
9843750 1
9841500 75
9834496 6
9830400 160
9800000 83
9797760 1591
9724050 30
9720000 952
9680832 16
9676800 2401
9646875 1
9644670 44
9633792 50
9604000 37
9600000 288
9568125 3
9565938 1
9525600 1458
9483264 203
9450000 270
9447840 291
9437184 11
9411920 1
9408000 767
9375000 1
9335088 72
9331200 2070
9289728 350
9261000 247
9219840 89
9216000 913
9187500 11
9185400 450
9175040 27
9144576 594
9112500 37
9075780 10
9072000 2764
9031680 721
9003750 4
9001692 34
9000000 141
8960000 288
8957952 318
8930250 70
8890560 692
8857350 13
8847360 391
8820000 499
8817984 286
8780800 133
8751645 1
8750000 6
8748000 772
8709120 2072
8680203 1
8643600 132
8640000 1362
8605184 6
8601600 532
8575000 17
8573040 631
8505000 340
8503056 20
8467200 2096
8437500 1
8429568 48
8403500 2
8400000 358
8398080 958
8388608 1
8334900 180
8297856 90
8294400 1806
8268750 11
8266860 75
8257536 83
8232000 255
8201250 17
8192000 90
8168202 6
8164800 2355
8128512 499
8103375 1
8100000 339
8067360 33
8064000 1970
8037225 6
8028160 65
8001504 223
8000000 55
7962624 222
7938000 831
7902720 502
7875000 42
7873200 342
7864320 54
7840000 207
7838208 584
7779240 113
7776000 2056
7741440 1257
7717500 48
7715736 99
7683200 52
7680000 431
7654500 210
7620480 1637
7593750 3
7563150 5
7560000 1237
7558272 154
7526400 675
7501410 43
7500000 23
7464960 1305
7441875 4
7440174 8
7408800 651
7381125 1
7375872 32
7372800 658
7350000 100
7348320 878
7340032 6
7290000 381
7260624 17
7257600 3440
7225344 168
7203000 42
7200000 481
7168000 250
7144200 572
7112448 296
7087500 78
7085880 66
7077888 78
7058940 6
7056000 1365
7031250 1
7024640 66
7001316 20
7000000 50
6998400 1568
6967296 571
6945750 56
6914880 172
6912000 1827
6889050 66
6881280 235
6860000 70
6858432 425
6834375 1
6806835 2
6804000 1757
6773760 1434
6751269 3
6750000 73
6722800 7
6720000 770
6718464 342
6667920 430
6635520 877
6615000 258
6613488 136
6588344 1
6585600 425
6562500 5
6561000 217
6553600 49
6531840 2340
6482700 50
6480000 1233
6453888 12
6451200 1659
6431250 1
6429780 192
6422528 12
6400000 110
6378750 34
6377292 10
6350400 1892
6322176 133
6300000 347
6298560 510
6291456 6
6272000 296
6251175 17
6250000 3
6223392 89
6220800 2483
6200145 5
6193152 237
6174000 343
6146560 33
6144000 457
6125000 6
6123600 1084
6096384 636
6075000 100
6050520 25
6048000 2747
6021120 361
6002500 2
6001128 97
6000000 121
5971968 326
5953500 263
5927040 748
5906250 3
5904900 67
5898240 246
5880000 436
5878656 492
5834430 25
5832000 1381
5806080 2232
5788125 8
5786802 21
5762400 114
5760000 1052
5740875 3
5734400 160
5715360 1077
5670000 775
5668704 72
5647152 3
5644800 1559
5625000 12
5619712 13
5600000 157
5598720 1324
5556600 405
5531904 59
5529600 1493
5512500 41
5511240 288
5505024 32
5488000 134
5467500 66
5445468 10
5443200 3295
5419008 389
5402250 18
5400000 450
5378240 10
5376000 1016
5358150 90
5334336 271
5315625 1
5314410 3
5308416 154
5294205 1
5292000 1169
5268480 259
5250987 3
5250000 47
5248800 834
5242880 18
5225472 749
5186160 171
5184000 2342
5160960 819
5145000 66
5143824 202
5120000 151
5103000 560
5080320 1867
5062500 15
5042100 8
5040000 1235
5038848 260
5017600 221
5000940 152
5000000 17
4976640 1436
4961250 49
4960116 25
4939200 663
4920750 18
4917248 10
4915200 286
4900000 75
4898880 1645
4862025 6
4860000 739
4840416 22
4838400 3031
4822335 7
4816896 74
4802000 26
4800000 296
4762800 1157
4741632 240
4725000 162
4723920 202
4718592 30
4705960 1
4704000 824
4667544 49
4665600 2404
4644864 497
4630500 116
4609920 93
4608000 1210
4593750 2
4592700 238
4587520 58
4572288 586
4556250 13
4537890 6
4536000 2418
4515840 966
4500846 25
4500000 94
4480000 286
4478976 424
4465125 9
4445280 642
4428675 2
4423680 676
4410000 367
4408992 238
4390400 158
4375000 6
4374000 596
4354560 2753
4321800 110
4320000 1361
4300800 839
4287500 6
4286520 487
4252500 177
4251528 25
4233600 2130
4218750 1
4214784 83
4201750 1
4200000 306
4199040 1007
4194304 1
4167450 80
4148928 96
4147200 2414
4133430 40
4128768 144
4116000 243
4100625 4
4096000 116
4084101 3
4082400 1995
4064256 644
4050000 224
4033680 19
4032000 2137
4014080 98
4000752 151
4000000 48
3981312 365
3969000 521
3951360 582
3937500 23
3936600 216
3932160 93
3920000 189
3919104 813
3889620 60
3888000 2059
3870720 1642
3858750 14
3857868 45
3841600 46
3840000 538
3827250 67
3810240 1602
3781575 2
3780000 1033
3779136 167
3763200 845
3750705 12
3750000 5
3732480 1725
3720087 1
3704400 504
3687936 31
3686400 926
3675000 51
3674160 715
3670016 7
3645000 204
3630312 12
3628800 3723
3612672 220
3601500 20
3600000 479
3584000 353
3572100 300
3556224 296
3543750 16
3542940 32
3538944 117
3528000 1160
3512320 82
3500658 5
3500000 33
3499200 1468
3483648 837
3472875 5
3457440 164
3456000 2184
3444525 13
3440640 347
3430000 39
3429216 373
3402000 1230
3386880 1661
3375000 40
3361400 5
3360000 758
3359232 384
3333960 299
3317760 1243
3307500 136
3306744 90
3292800 433
3280500 95
3276800 68
3265920 2366
3241350 24
3240000 1030
3226944 14
3225600 2116
3215625 1
3214890 69
3211264 16
3200000 114
3189375 1
3188646 1
3175200 1671
3161088 172
3150000 232
3149280 473
3145728 25
3136000 295
3111696 58
3110400 2687
3096576 376
3087000 181
3073280 31
3072000 567
3062500 2
3061800 676
3048192 724
3037500 49
3025260 14
3024000 2612
3010560 478
3001250 4
3000564 51
3000000 79
2985984 476
2976750 97
2963520 660
2953125 1
2952450 29
2949120 362
2940000 296
2939328 473
2917215 7
2916000 1134
2903040 2619
2893401 2
2881200 69
2880000 1156
2867200 227
2857680 907
2835000 422
2834352 47
2823576 3
2822400 1699
2812500 3
2809856 18
2800000 133
2799360 1522
2778300 172
2765952 83
2764800 1939
2756250 8
2755620 150
2752512 52
2744000 112
2733750 17
2722734 5
2721600 2934
2709504 492
2700000 325
2689120 10
2688000 1124
2679075 14
2667168 266
2657205 1
2654208 268
2646000 836
2634240 314
2625000 38
2624400 558
2621440 27
2612736 914
2593080 103
2592000 2449
2580480 1044
2572500 37
2571912 130
2560000 167
2551500 249
2540160 1889
2531250 1
2521050 4
2520000 1019
2519424 308
2508800 269
2500470 55
2500000 6
2488320 1843
2480625 4
2480058 15
2469600 539
2460375 1
2458624 11
2457600 397
2450000 36
2449440 1272
2430000 450
2420208 10
2419200 3388
2408448 86
2401000 21
2400000 300
2381400 722
2370816 270
2362500 77
2361960 131
2359296 57
2352980 1
2352000 727
2333772 29
2332800 2242
2322432 715
2315250 42
2304960 101
2304000 1474
2296875 1
2296350 68
2293760 81
2286144 602
2278125 2
2268945 1
2268000 1935
2257920 1143
2250423 4
2250000 42
2240000 286
2239488 518
2222640 470
2211840 837
2205000 199
2204496 210
2195200 150
2187500 3
2187000 324
2177280 2941
2160900 41
2160000 1230
2151296 3
2150400 968
2143260 259
2126250 41
2125764 15
2117682 2
2116800 1894
2107392 74
2100000 191
2099520 876
2097152 7
2083725 12
2074464 81
2073600 2908
2066715 12
2064384 223
2058000 152
2048000 153
2041200 1452
2032128 698
2025000 105
2016840 9
2016000 2102
2007040 127
2000376 129
2000000 43
1990656 442
1984500 221
1975680 547
1968750 8
1968300 84
1966080 139
1960000 150
1959552 730
1944810 21
1944000 1770
1935360 2142
1929375 2
1928934 30
1920800 31
1920000 572
1913625 11
1905120 1393
1890000 630
1889568 121
1882384 2
1881600 943
1875000 7
1866240 1875
1852200 300
1843968 46
1843200 1129
1837500 15
1837080 424
1835008 17
1822500 81
1815156 14
1814400 3478
1806336 310
1800750 5
1800000 319
1792000 383
1786050 101
1778112 279
1771875 2
1771470 13
1769472 180
1764000 864
1756160 99
1750329 2
1750000 24
1749600 1171
1741824 971
1728720 144
1728000 2143
1720320 454
1715000 19
1714608 252
1701000 683
1693440 1710
1687500 17
1680700 2
1680000 696
1679616 439
1666980 138
1658880 1558
1653750 42
1653372 44
1646400 366
1640250 36
1638400 100
1632960 2151
1620675 4
1620000 830
1613472 7
1612800 2395
1607445 13
1605632 19
1600000 120
1587600 1130
1580544 217
1575000 107
1574640 373
1572864 24
1568000 279
1555848 68
1555200 2692
1548288 516
1543500 91
1536640 34
1536000 710
1531250 3
1530900 329
1524096 681
1518750 10
1512630 7
1512000 2180
1505280 525
1500282 29
1500000 55
1492992 542
1488375 11
1481760 525
1476225 3
1474560 499
1470000 205
1469664 405
1458000 679
1451520 2847
1440600 44
1440000 1024
1433600 248
1428840 555
1417500 186
1417176 29
1411200 1601
1406250 1
1404928 19
1400000 106
1399680 1338
1389150 56
1382976 80
1382400 2151
1377810 49
1376256 73
1372000 88
1366875 3
1361367 1
1360800 2196
1354752 516
1350000 236
1344560 4
1344000 1150
1333584 173
1327104 349
1323000 471
1317120 297
1312500 5
1312200 277
1310720 25
1306368 949
1296540 51
1296000 2181
1290240 1280
1286250 12
1285956 89
1280000 176
1275750 91
1270080 1575
1260525 1
1260000 716
1259712 248
1254400 270
1250235 8
1250000 3
1244160 2048
1240029 1
1234800 373
1229312 13
1228800 482
1225000 18
1224720 926
1215000 239
1210104 10
1209600 3250
1204224 101
1200500 6
1200000 243
1190700 339
1185408 271
1181250 25
1180980 61
1179648 87
1176490 2
1176000 581
1166886 14
1166400 1814
1161216 870
1157625 5
1152480 76
1152000 1524
1148175 12
1146880 115
1143072 464
1134000 1190
1128960 1155
1125000 25
1120000 282
1119744 554
1111320 257
1105920 1166
1102500 91
1102248 112
1097600 147
1093500 141
1088640 2678
1080450 19
1080000 881
1075648 7
1075200 1144
1071630 72
1063125 8
1062882 5
1058841 1
1058400 1363
1053696 93
1050000 117
1049760 688
1048576 10
1037232 57
1036800 2809
1032192 251
1029000 107
1024000 180
1020600 844
1016064 730
1012500 48
1008420 9
1008000 1891
1003520 145
1000188 68
1000000 19
995328 568
992250 94
987840 449
984150 28
983040 207
980000 99
979776 636
972405 8
972000 1261
967680 2365
964467 5
960400 24
960000 572
952560 925
945000 329
944784 83
940800 860
933120 1830
926100 161
921984 27
921600 1328
918750 5
918540 216
917504 11
911250 28
907578 10
907200 2876
903168 348
900000 220
896000 376
893025 13
889056 235
885735 2
884736 230
882000 553
878080 83
875000 8
874800 702
870912 1004
864360 57
864000 1951
860160 528
857500 8
857304 183
850500 295
846720 1554
843750 4
840350 1
840000 516
839808 407
833490 67
829440 1847
826875 2
826686 18
823200 260
820125 4
819200 114
816480 1519
810000 433
806736 6
806400 2239
802816 33
800000 82
793800 640
790272 176
787500 48
787320 166
786432 19
784000 232
777924 22
777600 2389
774144 652
771750 27
768320 30
768000 746
765450 91
762048 606
759375 2
756315 3
756000 1495
752640 557
750141 2
750000 33
746496 683
740880 365
737280 613
735000 96
734832 257
729000 422
725760 2674
720300 17
720000 820
716800 286
714420 248
708750 35
708588 12
705600 1253
702464 23
700000 61
699840 1105
694575 16
691488 46
691200 2329
688905 7
688128 114
686000 52
680400 1362
677376 603
675000 81
672280 3
672000 994
666792 114
663552 483
661500 181
658560 230
656250 2
656100 124
655360 31
653184 836
648270 15
648000 1606
645120 1431
643125 1
642978 31
640000 176
637875 10
635040 1205
630000 408
629856 190
627200 268
625000 2
622080 2019
617400 199
614656 11
614400 553
612500 6
612360 499
607500 91
605052 3
604800 2808
602112 145
600000 190
595350 111
592704 263
590625 1
590490 17
589824 125
588000 413
583443 1
583200 1208
580608 912
576240 53
576000 1434
573440 138
571536 307
567000 603
564480 1145
562500 15
560000 207
559872 591
555660 147
552960 1308
551250 29
551124 60
548800 100
546750 30
544320 2140
540225 4
540000 631
537824 2
537600 1109
535815 14
531441 1
529200 921
526848 97
525000 56
524880 442
524288 10
518616 36
518400 2519
516096 356
514500 52
512000 208
510300 334
508032 630
506250 7
504210 3
504000 1371
501760 153
500094 28
500000 20
497664 593
496125 16
493920 327
492075 5
491520 263
490000 70
489888 437
486000 722
483840 2161
480200 14
480000 417
476280 512
472500 121
472392 45
470400 753
468750 1
466560 1597
463050 36
460992 29
460800 1446
459270 56
458752 23
455625 3
453600 1937
451584 352
450000 125
448000 332
444528 154
442368 281
441000 303
439040 86
437500 5
437400 350
435456 1021
432180 42
432000 1597
430080 631
428750 1
428652 71
425250 86
423360 1113
420000 329
419904 294
416745 9
414720 1892
413343 4
411600 145
409600 152
408240 954
405000 217
403368 4
403200 2018
401408 36
400000 66
396900 278
395136 169
393750 8
393660 96
393216 38
392000 179
388962 9
388800 1736
387072 677
385875 4
384160 24
384000 719
382725 16
381024 433
378000 881
376320 548
375000 13
373248 599
370440 201
368640 696
367500 44
367416 161
364500 151
362880 2326
360150 8
360000 584
358400 327
357210 88
354375 5
354294 2
352800 816
351232 32
350000 35
349920 762
345744 47
345600 2115
344064 123
343000 25
340200 709
338688 491
337500 19
336140 3
336000 840
333396 59
331776 560
330750 55
329280 188
328050 33
327680 58
326592 706
324135 8
324000 970
322560 1408
321489 9
320000 156
317520 759
315000 217
314928 112
313600 216
312500 1
311040 1815
308700 81
307328 10
307200 587
306250 3
306180 226
303750 24
302526 2
302400 1999
301056 156
300000 118
297675 11
296352 160
294912 157
294000 220
291600 758
290304 900
288120 22
288000 1156
286720 154
285768 168
283500 262
282240 887
280000 124
279936 440
277830 50
276480 1362
275625 4
275562 19
274400 73
273375 5
272160 1353
270000 324
268912 3
268800 1028
264600 454
263424 84
262500 21
262440 195
262144 11
259308 20
259200 2039
258048 384
257250 7
256000 200
255150 113
254016 518
253125 1
252105 2
252000 821
250880 151
250047 5
250000 8
248832 618
246960 208
245760 284
245000 26
244944 294
243000 344
241920 1924
240100 5
240000 342
238140 211
236250 34
236196 20
235200 488
233280 1116
231525 9
230496 19
230400 1285
229635 14
229376 28
226800 1149
225792 324
225000 50
224000 247
222264 89
221184 348
220500 108
219520 64
218750 1
218700 147
217728 801
216090 8
216000 1113
215040 557
214375 2
214326 29
212625 10
211680 832
210000 172
209952 189
207360 1677
205800 69
204800 155
204120 530
202500 80
201684 1
201600 1558
200704 42
200000 35
198450 68
197568 122
196875 3
196830 19
196608 57
196000 87
194481 4
194400 1143
193536 648
192080 11
192000 589
190512 261
189000 398
188160 430
187500 8
186624 527
185220 66
184320 720
183750 8
183708 62
182250 31
181440 1624
180075 1
180000 315
179200 283
178605 7
177147 1
176400 469
175616 19
175000 15
174960 446
172872 17
172800 1734
172032 136
171500 7
170100 275
169344 439
168750 7
168000 550
166698 18
165888 512
165375 12
164640 153
164025 5
163840 61
163296 471
162000 513
161280 1216
160000 113
158760 364
157500 65
157464 67
156800 156
155520 1380
154350 22
153664 8
153600 537
153125 1
153090 59
151875 3
151200 1278
150528 123
150000 44
148176 97
147456 154
147000 99
145800 324
145152 742
144060 8
144000 876
143360 127
142884 79
141750 59
141120 619
140000 71
139968 295
138915 6
138240 1177
137781 2
137200 46
136080 852
135000 145
134456 1
134400 742
132300 182
131712 70
131250 7
131220 93
131072 8
129654 6
129600 1332
129024 377
128625 2
128000 168
127575 14
127008 319
126000 483
125440 145
124416 563
123480 96
122880 284
122500 12
122472 134
121500 105
120960 1533
120050 1
120000 230
119070 59
118125 3
118098 6
117600 316
116640 730
115248 18
115200 1105
114688 20
113400 497
112896 290
112500 25
112000 185
111132 46
110592 339
110250 36
109760 53
109350 34
108864 590
108000 703
107520 513
107163 8
105840 484
105000 79
104976 101
103680 1268
102900 44
102400 130
102060 188
101250 10
100842 1
100800 1092
100352 42
100000 39
99225 10
98784 69
98415 4
98304 60
98000 56
97200 609
96768 615
96040 8
96000 441
95256 129
94500 150
94080 352
93312 418
92610 24
92160 664
91854 20
91125 6
90720 1026
90000 168
89600 238
88200 207
87808 23
87500 8
87480 209
86436 8
86400 1216
86016 122
85750 2
85050 68
84672 322
84000 309
83349 3
82944 454
82320 82
81920 60
81648 234
81000 264
80640 918
80000 70
79380 139
78750 17
78732 16
78400 104
77760 946
77175 5
76832 2
76800 517
76545 10
75600 710
75264 116
75000 21
74088 38
73728 163
73500 40
72900 118
72576 553
72030 6
72000 532
71680 131
71442 17
70875 12
70560 381
70000 38
69984 213
69120 1119
68600 16
68040 395
67500 48
67228 1
67200 538
66150 56
65856 46
65610 18
65536 15
64827 1
64800 805
64512 320
64000 138
63504 186
63000 198
62720 103
62208 418
61740 42
61440 299
61250 1
61236 54
60750 23
60480 1050
60000 125
59535 8
59049 1
58800 156
58320 398
57624 5
57600 801
57344 39
56700 193
56448 174
56250 3
56000 112
55566 11
55296 342
55125 3
54880 35
54675 4
54432 346
54000 342
53760 443
52920 214
52500 19
52488 50
51840 963
51450 13
51200 132
51030 65
50625 4
50421 1
50400 673
50176 34
50000 15
49392 46
49152 67
49000 21
48600 276
48384 430
48020 2
48000 353
47628 49
47250 28
47040 225
46656 296
46305 1
46080 557
45927 3
45360 520
45000 73
44800 150
44100 74
43904 16
43750 1
43740 85
43218 3
43200 796
43008 130
42525 14
42336 208
42000 160
41472 389
41160 25
40960 55
40824 130
40500 72
40320 709
40000 40
39690 32
39375 1
39366 4
39200 66
38880 574
38416 3
38400 380
37800 314
37632 93
37500 6
37044 23
36864 151
36750 9
36450 34
36288 392
36000 298
35840 119
35721 6
35280 200
35000 13
34992 97
34560 804
34300 10
34020 124
33750 14
33600 370
33075 4
32928 26
32805 3
32768 21
32400 379
32256 270
32000 104
31752 81
31500 77
31360 70
31104 318
30870 8
30720 218
30618 21
30375 5
30240 608
30000 45
29400 62
29160 159
28812 1
28800 594
28672 22
28350 37
28224 144
28125 1
28000 65
27783 1
27648 251
27440 8
27216 195
27000 160
26880 308
26460 96
26250 11
26244 23
25920 591
25725 4
25600 85
25515 10
25200 270
25088 23
25000 2
24696 21
24576 54
24500 7
24300 77
24192 353
24000 183
23814 13
23625 2
23520 148
23328 189
23040 469
22680 239
22500 20
22400 100
22050 25
21952 8
21870 19
21600 433
21504 101
21168 119
21000 56
20736 302
20580 10
20480 50
20412 42
20250 25
20160 444
20000 28
19845 4
19683 2
19600 27
19440 278
19208 2
19200 286
18900 116
18816 60
18750 1
18522 12
18432 128
18375 1
18225 2
18144 239
18000 150
17920 85
17640 87
17500 6
17496 43
17280 528
17150 3
17010 34
16875 2
16800 182
16464 15
16384 9
16200 149
16128 208
16000 69
15876 20
15750 15
15680 44
15552 187
15435 1
15360 193
15309 2
15120 302
15000 22
14700 20
14580 62
14406 1
14400 353
14336 27
14175 5
14112 88
14000 36
13824 196
13720 3
13608 72
13500 37
13440 214
13230 20
13125 1
13122 4
12960 342
12800 78
12600 134
12544 15
12500 1
12348 9
12288 58
12250 1
12150 19
12096 208
12000 96
11907 1
11760 75
11664 94
11520 285
11340 72
11250 4
11200 66
11025 4
10976 5
10935 3
10800 198
10752 73
10584 61
10500 23
10368 189
10290 4
10240 28
10206 11
10125 2
10080 241
10000 6
9800 14
9720 98
9600 171
9450 29
9408 48
9261 1
9216 125
9072 104
9000 36
8960 71
8820 33
8750 2
8748 17
8640 306
8575 1
8505 5
8400 73
8232 6
8192 5
8100 64
8064 134
8000 35
7938 15
7875 2
7840 21
7776 101
7680 158
7560 125
7500 9
7350 5
7290 14
7200 158
7168 18
7056 51
7000 13
6912 147
6860 2
6804 22
6750 5
6720 127
6615 1
6561 1
6480 150
6400 51
6300 35
6272 14
6174 1
6144 37
6075 2
6048 105
6000 42
5880 26
5832 42
5760 207
5670 10
5600 29
5488 2
5400 72
5376 50
5292 17
5250 4
5184 121
5145 1
5120 31
5103 2
5040 116
5000 3
4900 1
4860 39
4800 103
4725 5
4704 31
4608 101
4536 47
4500 11
4480 37
4410 6
4375 1
4374 6
4320 166
4200 32
4116 3
4096 9
4050 11
4032 76
4000 23
3969 2
3920 17
3888 49
3840 96
3780 37
3750 1
3645 3
3600 89
3584 12
3528 14
3500 2
3456 97
3402 5
3360 51
3240 56
3200 27
3150 11
3136 8
3087 1
3072 29
3024 60
3000 16
2940 8
2916 15
2880 127
2835 1
2800 13
2744 2
2700 23
2688 35
2646 4
2592 65
2560 20
2520 34
2500 1
2450 2
2430 7
2400 56
2352 8
2304 54
2268 10
2250 2
2240 15
2205 1
2160 73
2100 10
2048 9
2016 34
2000 12
1960 3
1944 19
1920 59
1890 9
1800 33
1792 8
1764 5
1728 49
1680 30
1620 23
1600 21
1575 2
1568 3
1536 17
1512 16
1500 5
1470 1
1458 2
1440 63
1400 6
1350 9
1344 17
1296 29
1280 21
1260 14
1215 1
1200 11
1176 8
1152 32
1134 2
1120 7
1080 24
1050 2
1024 3
1008 14
980 1
972 5
960 32
945 1
900 11
896 4
864 22
840 12
810 6
800 12
784 4
768 12
756 4
750 2
735 1
720 20
672 6
648 8
640 3
600 9
576 12
567 3
560 6
540 12
525 1
512 2
504 3
490 1
486 1
480 12
450 2
448 3
432 6
420 3
400 5
392 1
384 1
378 1
360 8
350 1
336 2
324 2
320 5
300 2
288 7
280 1
256 3
245 2
240 2
216 4
210 1
192 3
180 4
168 1
162 1
160 2
150 1
144 2
128 1
112 2
108 1
64 2
45 1
36 1
30 1
