3049 1
3048 1
3043 1
3034 1
3028 1
3025 1
3023 1
3022 1
3020 1
3017 1
3016 1
3014 2
3012 2
3011 1
3010 1
3009 1
3008 3
3007 2
3006 1
3005 2
3004 4
3003 2
3002 1
3001 1
3000 4
2999 4
2998 2
2997 5
2996 3
2995 3
2994 5
2993 2
2992 3
2991 1
2990 5
2989 4
2988 6
2987 7
2986 10
2985 8
2984 6
2983 12
2982 13
2981 11
2980 6
2979 17
2978 10
2977 13
2976 8
2975 8
2974 15
2973 23
2972 10
2971 18
2970 17
2969 17
2968 17
2967 15
2966 22
2965 25
2964 21
2963 25
2962 28
2961 27
2960 24
2959 40
2958 39
2957 34
2956 38
2955 27
2954 41
2953 38
2952 47
2951 53
2950 51
2949 49
2948 46
2947 61
2946 56
2945 63
2944 64
2943 69
2942 62
2941 60
2940 80
2939 75
2938 94
2937 96
2936 105
2935 102
2934 109
2933 102
2932 112
2931 119
2930 117
2929 146
2928 126
2927 139
2926 129
2925 134
2924 168
2923 151
2922 162
2921 176
2920 173
2919 201
2918 196
2917 188
2916 196
2915 261
2914 248
2913 260
2912 255
2911 282
2910 281
2909 260
2908 288
2907 313
2906 326
2905 348
2904 354
2903 376
2902 381
2901 395
2900 437
2899 443
2898 434
2897 433
2896 455
2895 474
2894 528
2893 495
2892 550
2891 516
2890 587
2889 573
2888 622
2887 654
2886 629
2885 674
2884 672
2883 737
2882 755
2881 738
2880 770
2879 828
2878 860
2877 943
2876 955
2875 963
2874 943
2873 964
2872 1034
2871 990
2870 1066
2869 1132
2868 1172
2867 1139
2866 1271
2865 1212
2864 1342
2863 1350
2862 1375
2861 1372
2860 1454
2859 1506
2858 1492
2857 1568
2856 1531
2855 1695
2854 1670
2853 1771
2852 1785
2851 1794
2850 1806
2849 1908
2848 1856
2847 1957
2846 1979
2845 2038
2844 2209
2843 2137
2842 2210
2841 2240
2840 2314
2839 2369
2838 2444
2837 2488
2836 2531
2835 2570
2834 2666
2833 2630
2832 2776
2831 2743
2830 2867
2829 2933
2828 3043
2827 3008
2826 3130
2825 3166
2824 3139
2823 3211
2822 3326
2821 3289
2820 3517
2819 3500
2818 3499
2817 3561
2816 3518
2815 3803
2814 3807
2813 3879
2812 3877
2811 3991
2810 3990
2809 4059
2808 4186
2807 4170
2806 4253
2805 4202
2804 4487
2803 4315
2802 4502
2801 4581
2800 4662
2799 4620
2798 4744
2797 4665
2796 4852
2795 4785
2794 5026
2793 5024
2792 4919
2791 5002
2790 5056
2789 5044
2788 5152
2787 5226
2786 5291
2785 5363
2784 5446
2783 5452
2782 5445
2781 5593
2780 5520
2779 5532
2778 5863
2777 5678
2776 5663
2775 5797
2774 5788
2773 5768
2772 5878
2771 5910
2770 5843
2769 5894
2768 5968
2767 6004
2766 6048
2765 5972
2764 6158
2763 6154
2762 6177
2761 6248
2760 6125
2759 6091
2758 6316
2757 6172
2756 6304
2755 6185
2754 6259
2753 6207
2752 6202
2751 6294
2750 6310
2749 6038
2748 6227
2747 6151
2746 6201
2745 6238
2744 6115
2743 6119
2742 6154
2741 6267
2740 6098
2739 6039
2738 6029
2737 6175
2736 6027
2735 6086
2734 5952
2733 5952
2732 5889
2731 5888
2730 5854
2729 5898
2728 5858
2727 5955
2726 5811
2725 5847
2724 5627
2723 5735
2722 5688
2721 5660
2720 5495
2719 5466
2718 5534
2717 5435
2716 5430
2715 5449
2714 5317
2713 5128
2712 5095
2711 5224
2710 5192
2709 5167
2708 5036
2707 4864
2706 5087
2705 4856
2704 4743
2703 4682
2702 4603
2701 4765
2700 4638
2699 4571
2698 4472
2697 4459
2696 4376
2695 4367
2694 4236
2693 4127
2692 4194
2691 4077
2690 4010
2689 3983
2688 3924
2687 3749
2686 3797
2685 3759
2684 3685
2683 3547
2682 3552
2681 3579
2680 3503
2679 3272
2678 3267
2677 3220
2676 3154
2675 3123
2674 3084
2673 2990
2672 2994
2671 2945
2670 2777
2669 2773
2668 2805
2667 2701
2666 2628
2665 2607
2664 2546
2663 2488
2662 2394
2661 2390
2660 2374
2659 2296
2658 2177
2657 2202
2656 2058
2655 2024
2654 2023
2653 2034
2652 2031
2651 1894
2650 1896
2649 1716
2648 1719
2647 1735
2646 1683
2645 1770
2644 1574
2643 1555
2642 1537
2641 1446
2640 1440
2639 1361
2638 1332
2637 1344
2636 1285
2635 1258
2634 1219
2633 1243
2632 1139
2631 1118
2630 1108
2629 968
2628 1039
2627 1028
2626 957
2625 932
2624 907
2623 918
2622 844
2621 792
2620 843
2619 744
2618 779
2617 775
2616 697
2615 720
2614 660
2613 641
2612 606
2611 593
2610 595
2609 592
2608 538
2607 519
2606 508
2605 475
2604 468
2603 478
2602 412
2601 387
2600 407
2599 387
2598 400
2597 359
2596 370
2595 323
2594 316
2593 305
2592 292
2591 275
2590 268
2589 242
2588 266
2587 238
2586 245
2585 182
2584 238
2583 204
2582 199
2581 197
2580 184
2579 166
2578 186
2577 155
2576 175
2575 139
2574 153
2573 136
2572 141
2571 126
2570 136
2569 114
2568 101
2567 113
2566 110
2565 99
2564 86
2563 92
2562 73
2561 70
2560 88
2559 77
2558 64
2557 71
2556 67
2555 52
2554 61
2553 62
2552 55
2551 51
2550 48
2549 47
2548 49
2547 34
2546 50
2545 47
2544 37
2543 35
2542 38
2541 32
2540 34
2539 35
2538 22
2537 26
2536 29
2535 22
2534 18
2533 11
2532 12
2531 14
2530 25
2529 17
2528 23
2527 16
2526 14
2525 18
2524 9
2523 14
2522 11
2521 10
2520 11
2519 13
2518 8
2517 9
2516 8
2515 8
2514 8
2513 4
2512 3
2511 4
2510 6
2509 4
2508 3
2507 4
2506 7
2505 5
2504 4
2502 3
2501 4
2500 3
2498 4
2497 2
2496 1
2495 2
2494 5
2493 3
2492 1
2491 3
2490 2
2489 5
2487 1
2485 1
2484 1
2483 2
2482 2
2480 1
2479 2
2477 1
2476 1
2475 1
2471 1
2469 1
2466 1
2464 1
2458 1
2455 1
2454 2
