3060 1
3035 1
3034 2
3031 1
3029 1
3028 2
3027 1
3025 1
3023 1
3022 1
3018 2
3015 3
3014 1
3013 2
3012 1
3010 2
3009 2
3008 1
3007 6
3006 2
3005 2
3004 3
3002 2
3001 2
3000 3
2999 2
2998 1
2997 7
2996 3
2995 4
2994 6
2993 4
2992 4
2991 5
2990 5
2989 9
2988 8
2987 9
2986 5
2985 7
2984 10
2983 8
2982 8
2981 7
2980 8
2979 11
2978 14
2977 22
2976 21
2975 11
2974 14
2973 12
2972 19
2971 14
2970 7
2969 17
2968 20
2967 21
2966 21
2965 22
2964 20
2963 24
2962 23
2961 31
2960 32
2959 38
2958 32
2957 35
2956 44
2955 44
2954 32
2953 39
2952 41
2951 49
2950 40
2949 46
2948 42
2947 58
2946 42
2945 69
2944 69
2943 66
2942 71
2941 55
2940 78
2939 88
2938 77
2937 100
2936 94
2935 102
2934 101
2933 114
2932 109
2931 123
2930 129
2929 127
2928 129
2927 137
2926 135
2925 150
2924 151
2923 166
2922 195
2921 169
2920 194
2919 196
2918 212
2917 192
2916 229
2915 221
2914 229
2913 258
2912 261
2911 287
2910 292
2909 312
2908 313
2907 292
2906 291
2905 298
2904 371
2903 371
2902 389
2901 360
2900 408
2899 403
2898 423
2897 419
2896 471
2895 479
2894 503
2893 535
2892 520
2891 531
2890 564
2889 619
2888 619
2887 612
2886 659
2885 663
2884 779
2883 696
2882 723
2881 750
2880 765
2879 797
2878 859
2877 885
2876 854
2875 936
2874 937
2873 996
2872 998
2871 1066
2870 1079
2869 1103
2868 1203
2867 1138
2866 1251
2865 1226
2864 1305
2863 1348
2862 1335
2861 1396
2860 1415
2859 1437
2858 1482
2857 1539
2856 1644
2855 1636
2854 1695
2853 1734
2852 1797
2851 1827
2850 1797
2849 1872
2848 1941
2847 1939
2846 2099
2845 2026
2844 2180
2843 2166
2842 2302
2841 2389
2840 2357
2839 2415
2838 2462
2837 2506
2836 2538
2835 2692
2834 2627
2833 2709
2832 2827
2831 2729
2830 2802
2829 2855
2828 3094
2827 3049
2826 3044
2825 3120
2824 3224
2823 3181
2822 3311
2821 3336
2820 3542
2819 3455
2818 3549
2817 3621
2816 3711
2815 3697
2814 3765
2813 3863
2812 3733
2811 3919
2810 4115
2809 4075
2808 4110
2807 4216
2806 4261
2805 4374
2804 4382
2803 4469
2802 4434
2801 4560
2800 4656
2799 4635
2798 4726
2797 4769
2796 4858
2795 4899
2794 4951
2793 4874
2792 5121
2791 5166
2790 5109
2789 5202
2788 5240
2787 5301
2786 5307
2785 5361
2784 5340
2783 5436
2782 5504
2781 5554
2780 5754
2779 5578
2778 5604
2777 5662
2776 5686
2775 5779
2774 5717
2773 5698
2772 5906
2771 5888
2770 5910
2769 5891
2768 5961
2767 5987
2766 5924
2765 6011
2764 6155
2763 5971
2762 6132
2761 6138
2760 6143
2759 6132
2758 6070
2757 6237
2756 6202
2755 6206
2754 6246
2753 6206
2752 6207
2751 6251
2750 6194
2749 6245
2748 6198
2747 6086
2746 6206
2745 6151
2744 6181
2743 6277
2742 6164
2741 6054
2740 6176
2739 6095
2738 6253
2737 6065
2736 6114
2735 5925
2734 6074
2733 6044
2732 5949
2731 5933
2730 5890
2729 5882
2728 5802
2727 5744
2726 5840
2725 5693
2724 5715
2723 5661
2722 5808
2721 5536
2720 5565
2719 5603
2718 5424
2717 5490
2716 5347
2715 5336
2714 5179
2713 5210
2712 5300
2711 5093
2710 5066
2709 4969
2708 5114
2707 4972
2706 4890
2705 4907
2704 4759
2703 4717
2702 4813
2701 4626
2700 4597
2699 4557
2698 4493
2697 4428
2696 4328
2695 4287
2694 4247
2693 4206
2692 4030
2691 4083
2690 4019
2689 3973
2688 3890
2687 3913
2686 3679
2685 3727
2684 3665
2683 3627
2682 3502
2681 3477
2680 3520
2679 3326
2678 3148
2677 3271
2676 3212
2675 3103
2674 3059
2673 2985
2672 3046
2671 2937
2670 2970
2669 2824
2668 2730
2667 2704
2666 2707
2665 2582
2664 2518
2663 2473
2662 2442
2661 2365
2660 2361
2659 2273
2658 2286
2657 2216
2656 2048
2655 1944
2654 2044
2653 2032
2652 2013
2651 1918
2650 1872
2649 1841
2648 1817
2647 1725
2646 1630
2645 1693
2644 1602
2643 1642
2642 1517
2641 1461
2640 1411
2639 1368
2638 1390
2637 1344
2636 1304
2635 1255
2634 1182
2633 1165
2632 1143
2631 1104
2630 1125
2629 1074
2628 1015
2627 943
2626 979
2625 964
2624 933
2623 875
2622 876
2621 852
2620 810
2619 753
2618 749
2617 729
2616 677
2615 672
2614 674
2613 605
2612 608
2611 557
2610 589
2609 570
2608 509
2607 487
2606 485
2605 465
2604 459
2603 467
2602 414
2601 426
2600 445
2599 387
2598 380
2597 354
2596 332
2595 321
2594 325
2593 331
2592 308
2591 251
2590 279
2589 269
2588 284
2587 222
2586 242
2585 233
2584 208
2583 186
2582 190
2581 184
2580 191
2579 158
2578 143
2577 150
2576 167
2575 154
2574 146
2573 132
2572 134
2571 128
2570 119
2569 117
2568 112
2567 113
2566 96
2565 94
2564 93
2563 84
2562 90
2561 85
2560 61
2559 78
2558 78
2557 69
2556 49
2555 59
2554 63
2553 57
2552 47
2551 47
2550 48
2549 36
2548 49
2547 38
2546 39
2545 44
2544 42
2543 42
2542 34
2541 24
2540 39
2539 19
2538 31
2537 22
2536 37
2535 26
2534 40
2533 25
2532 15
2531 14
2530 24
2529 16
2528 22
2527 10
2526 11
2525 11
2524 10
2523 10
2522 14
2521 17
2520 12
2519 9
2518 7
2517 5
2516 7
2515 9
2514 6
2513 6
2512 7
2511 8
2510 7
2509 8
2508 6
2507 3
2506 3
2505 7
2504 3
2503 1
2502 1
2500 4
2499 4
2496 1
2495 5
2494 1
2493 1
2492 3
2491 2
2490 1
2489 3
2487 2
2485 1
2484 3
2483 2
2479 3
2478 1
2476 1
2475 1
2473 3
2472 1
2470 1
2449 1
2441 1
2440 1
2424 1
