4723920000 1
4536000000 1
4147200000 1
4082400000 1
3779136000 1
3732480000 1
3628800000 1
3584000000 1
3500000000 1
3456000000 1
3402000000 2
3360000000 1
3359232000 1
3306744000 1
3149280000 1
3110400000 1
3024000000 1
2880000000 1
2834352000 1
2799360000 4
2778300000 1
2764800000 1
2721600000 1
2688000000 1
2645395200 1
2612736000 3
2604060900 1
2592000000 1
2580480000 1
2571912000 1
2551500000 1
2550916800 2
2488320000 1
2480058000 1
2449440000 2
2448880128 1
2419200000 3
2381400000 1
2332800000 3
2322432000 3
2286144000 2
2268000000 5
2257920000 2
2240000000 1
2239488000 1
2204496000 2
2187000000 1
2177280000 4
2160000000 1
2150400000 1
2125764000 1
2116800000 1
2099520000 5
2090188800 1
2073600000 2
2066715000 1
2057529600 5
2041200000 7
2032128000 1
2025000000 1
2016000000 2
2008846980 1
2000376000 2
1990656000 1
1984046400 3
1975680000 3
1968300000 1
1959552000 4
1944000000 2
1905120000 2
1890000000 1
1889568000 4
1866240000 2
1857945600 1
1852200000 1
1851776640 1
1843200000 3
1837080000 8
1814400000 8
1813985280 1
1806336000 1
1800338400 1
1792000000 3
1791590400 2
1786050000 1
1778112000 4
1771470000 2
1763596800 4
1756160000 1
1749600000 1
1741824000 4
1728000000 2
1720320000 1
1715000000 1
1714608000 2
1701000000 1
1700611200 2
1693440000 4
1679616000 11
1666980000 3
1658880000 4
1653372000 4
1646023680 4
1638400000 1
1632960000 14
1625702400 2
1620000000 2
1612800000 3
1607445000 1
1600300800 3
1594323000 2
1587600000 3
1587237120 4
1580544000 2
1574640000 2
1567641600 3
1562436540 1
1555200000 5
1548288000 3
1543147200 2
1536000000 3
1530900000 3
1524096000 12
1512000000 5
1511654400 2
1505280000 1
1500282000 1
1492992000 7
1488034800 1
1481760000 4
1476225000 1
1474560000 1
1469664000 13
1463132160 1
1458000000 1
1451520000 14
1445068800 2
1440270720 1
1440000000 2
1433600000 1
1433272320 1
1428840000 8
1422489600 3
1417176000 1
1411200000 6
1410877440 3
1400263200 2
1399680000 10
1393459200 2
1389150000 1
1388832480 1
1382976000 1
1382400000 4
1377810000 3
1376256000 2
1371686400 8
1361367000 1
1360800000 11
1360488960 3
1354752000 4
1350253800 2
1344000000 1
1343692800 3
1333584000 6
1327104000 4
1323000000 2
1322697600 10
1317120000 3
1312200000 7
1306368000 11
1300561920 1
1296540000 1
1296000000 4
1290240000 6
1285956000 9
1280240640 1
1280000000 2
1275750000 1
1270080000 21
1269789696 1
1264435200 2
1260000000 2
1259712000 10
1254400000 4
1254113280 5
1250235000 3
1244678400 1
1244160000 14
1240029000 5
1234800000 3
1234517760 5
1229312000 1
1228800000 3
1224720000 17
1219276800 7
1215000000 2
1209600000 14
1209323520 1
1200225600 6
1194393600 4
1190700000 6
1190427840 2
1185408000 4
1180980000 6
1179648000 1
1176000000 1
1175731200 20
1166886000 2
1166400000 10
1161216000 9
1157360400 2
1156055040 1
1152480000 1
1152216576 1
1152000000 6
1148175000 2
1147912560 1
1146880000 1
1143072000 19
1134000000 7
1133740800 3
1128960000 7
1123942400 1
1120210560 1
1120000000 2
1119744000 20
1116026100 1
1114767360 1
1111320000 7
1105920000 8
1102500000 3
1102248000 10
1097600000 1
1097349120 3
1093500000 1
1089093600 1
1088640000 30
1083801600 3
1080203040 1
1080000000 4
1075200000 5
1074954240 6
1071630000 6
1066867200 4
1061683200 3
1058400000 16
1058158080 3
1053696000 3
1050197400 1
1050000000 1
1049760000 17
1045094400 16
1041624360 1
1037232000 2
1036800000 11
1033357500 3
1032192000 5
1028764800 8
1024192512 1
1024000000 2
1020600000 16
1016064000 18
1012690350 2
1008189504 2
1008000000 9
1007769600 7
1003520000 6
1000188000 10
995742720 2
995328000 17
992250000 2
992023200 7
987840000 5
984150000 3
979776000 36
975421440 3
972405000 2
972000000 10
968083200 2
967680000 17
967458816 1
964467000 8
963379200 1
960400000 1
960180480 6
960000000 4
955514880 1
952560000 21
948326400 2
945177660 1
944784000 17
943718400 1
940800000 4
940584960 11
933508800 3
933120000 25
928972800 9
926100000 2
925888320 5
921984000 2
921600000 8
918540000 15
914457600 18
907200000 30
906992640 6
903168000 21
900169200 9
896168448 1
896000000 2
895795200 15
893025000 3
892820880 3
889056000 18
885735000 2
884736000 3
882000000 3
881798400 24
878080000 3
877879296 1
875164500 1
874800000 19
870912000 41
868020300 3
867041280 3
864360000 2
864000000 9
860160000 5
857500000 1
857304000 42
853493760 1
850500000 5
850305600 4
849346560 1
846720000 28
846526464 1
842956800 2
840350000 1
840157920 1
840000000 1
839808000 32
836075520 12
833490000 8
833299488 1
829785600 3
829440000 23
826686000 7
825753600 1
823200000 3
823011840 22
822083584 1
816480000 39
812851200 14
810152280 1
810000000 5
806400000 24
806215680 5
803722500 4
802816000 2
800150400 10
800000000 1
796262400 4
793800000 18
793618560 5
790272000 14
787500000 2
787320000 7
786432000 1
784000000 4
783820800 36
781218270 1
777924000 5
777600000 29
774144000 20
771573600 14
770703360 2
768320000 2
768000000 3
765450000 7
764411904 1
762365520 1
762048000 66
758661120 4
756315000 1
756000000 15
755827200 15
752640000 13
752467968 3
750141000 10
746807040 6
746496000 40
744017400 4
743178240 4
740880000 16
740710656 3
737587200 1
737280000 2
735000000 3
734832000 53
731566080 10
729000000 7
726062400 2
725760000 64
725594112 1
723350250 2
722534400 8
720135360 9
720000000 7
716800000 3
716636160 2
714420000 23
711244800 15
708750000 1
708588000 11
707788800 5
705600000 31
705438720 24
703096443 2
702464000 2
700131600 5
699840000 34
696729600 34
694575000 2
694416240 5
691488000 4
691200000 25
688905000 5
688128000 4
686000000 1
685843200 36
682795008 1
680400000 39
680244480 4
677376000 45
675126900 10
672126336 2
672000000 15
671846400 31
669615660 1
666792000 26
663828480 6
663552000 28
661500000 4
661348800 28
658560000 10
658409472 2
656100000 2
655360000 2
653456160 1
653184000 86
650280960 9
648270000 6
648121824 2
648000000 21
645388800 2
645120000 35
644972544 2
642978000 26
642252800 3
640120320 14
640000000 1
637875000 4
637729200 4
635304600 1
635040000 59
634894848 1
632217600 13
630118440 2
630000000 8
629856000 31
627200000 10
627056640 24
625117500 5
624974616 1
622339200 12
622080000 42
620014500 2
619315200 11
617400000 10
617258880 18
614656000 4
614400000 7
612360000 48
609638400 54
607614210 1
607500000 3
606928896 2
605052000 1
604800000 48
604661760 7
602112000 8
600112800 25
600000000 1
597445632 4
597196800 23
595350000 13
595213920 12
594542592 1
592704000 24
590490000 7
589824000 7
588000000 7
587865600 75
587202560 1
585252864 3
583443000 4
583200000 37
580849920 1
580608000 78
578680200 12
578027520 3
576240000 2
576108288 2
576000000 12
574087500 2
573440000 9
571536000 74
568995840 12
567000000 21
566870400 12
564480000 63
564350976 5
562605750 2
561971200 1
560105280 8
560000000 2
559872000 62
557383680 9
555660000 31
555532992 1
553190400 5
552960000 30
551124000 42
550731776 1
550502400 2
548800000 6
548674560 47
546750000 3
544546800 5
544320000 124
544195584 1
541900800 37
540101520 10
540000000 8
537824000 1
537600000 23
537477120 12
535815000 12
535692528 2
533433600 49
531441000 1
531062784 1
530841600 9
529200000 38
529079040 26
526848000 11
525098700 2
524880000 37
522547200 80
520812180 1
520224768 2
518616000 13
518400000 42
516678750 2
516096000 26
514500000 1
514382400 45
512096256 6
512000000 1
510300000 43
510183360 2
509607936 1
508243680 1
508032000 97
505774080 2
504210000 2
504094752 1
504000000 27
503884800 38
501760000 11
501645312 4
500094000 15
497871360 13
497664000 62
496125000 2
496011600 21
495452160 2
493920000 39
493807104 7
492075000 4
491520000 7
490092120 1
490000000 1
489888000 115
487710720 30
486091368 1
486000000 20
484041600 3
483840000 103
483729408 5
482233500 15
481689600 8
480200000 2
480090240 20
480000000 8
477757440 11
476478450 1
476280000 77
476171136 4
474163200 27
472588830 1
472500000 5
472392000 24
471859200 1
470400000 26
470292480 44
466754400 18
466560000 79
464486400 51
463050000 11
462944160 30
460992000 4
460800000 29
459270000 29
458752000 3
457419312 1
457228800 90
455625000 1
455196672 2
453789000 3
453600000 81
453496320 15
451584000 54
450084600 20
450000000 2
449576960 1
448084224 5
448000000 15
447897600 55
446512500 2
446410440 4
444528000 56
442867500 1
442552320 4
442368000 27
441000000 18
440899200 74
439040000 8
438939648 13
437500000 1
437400000 31
435637440 4
435456000 165
434010150 3
433520640 14
432180000 11
432081216 7
432000000 29
430080000 24
429981696 2
428652000 65
426746880 24
425250000 7
425152800 10
424673280 3
423360000 93
423263232 12
421478400 9
420078960 11
420000000 4
419904000 100
418037760 33
416745000 16
416649744 2
414892800 18
414720000 75
413343000 17
413048832 1
412876800 14
411600000 18
411505920 60
409600000 8
408240000 128
408146688 1
406425600 101
405076140 6
405000000 4
404619264 1
403200000 66
403107840 30
401861250 4
401408000 13
400075200 63
400000000 2
398297088 2
398131200 50
396900000 38
396809280 23
396361728 2
395136000 33
393824025 1
393660000 32
393379840 1
393216000 5
392073696 2
392000000 10
391910400 152
390168576 2
388962000 14
388800000 73
387072000 84
385875000 2
385786800 47
384160000 2
384072192 7
384000000 16
382725000 14
382637520 3
381182760 1
381024000 203
379330560 16
378071064 1
378000000 37
377913600 50
377487360 1
376320000 42
376233984 10
375070500 11
375000000 1
373403520 15
373248000 124
371589120 19
370594350 1
370440000 52
370355328 10
368793600 10
368640000 38
367569090 1
367500000 2
367416000 130
367001600 1
365783040 63
364568526 1
364500000 12
363031200 11
362880000 176
362797056 3
361267200 27
360150000 2
360067680 32
360000000 10
359661568 1
358400000 15
358318080 20
357210000 54
357128352 4
355622400 77
354375000 4
354294000 14
354041856 1
353894400 14
352947000 2
352800000 63
352719360 72
351232000 12
350065800 14
350000000 1
349920000 104
348509952 2
348364800 139
347287500 2
347208120 11
346816512 2
345744000 28
345600000 73
344452500 6
344207360 2
344064000 27
343000000 6
342921600 148
341397504 5
340341750 2
340200000 72
340122240 19
339738624 1
338688000 143
337563450 3
337500000 2
337182720 2
336140000 3
336063168 4
336000000 19
335923200 89
334430208 4
333396000 63
331914240 14
331776000 94
330750000 10
330674400 56
330301440 5
329280000 29
329204736 12
328050000 11
327680000 5
326728080 3
326592000 266
325140480 31
324135000 7
324060912 7
324000000 32
322694400 3
322560000 94
322486272 4
321489000 38
321126400 4
320060160 53
320000000 4
318864600 3
318504960 9
317520000 139
317447424 9
316108800 39
315059220 3
315000000 9
314928000 83
314572800 1
313600000 15
313528320 80
311169600 35
311040000 148
310007250 1
309657600 60
308700000 26
308629440 56
307328000 9
307200000 18
306250000 1
306180000 94
306110016 2
304819200 200
303807105 1
303750000 1
303464448 5
302526000 4
302400000 116
302330880 43
301056000 45
300125000 1
300056400 44
300000000 1
298722816 4
298598400 75
297675000 16
297606960 16
297271296 5
296352000 107
295245000 7
295034880 5
294912000 34
294055272 3
294000000 15
293932800 195
292626432 19
291721500 7
291600000 71
290424960 6
290304000 215
289340100 11
289013760 20
288120000 6
288054144 10
288000000 32
286720000 15
286654464 5
285768000 196
284497920 46
283553298 1
283500000 28
283435200 26
283115520 7
282357600 1
282240000 107
282175488 18
281302875 1
281250000 1
280985600 3
280052640 16
280000000 11
279936000 173
278691840 56
277830000 36
277766496 10
276595200 31
276480000 97
275625000 1
275562000 68
275251200 13
274400000 13
274337280 111
273375000 4
272273400 2
272160000 272
272097792 6
271063296 1
270950400 104
270112500 1
270050760 18
270000000 12
268912000 5
268800000 43
268738560 60
267907500 12
267846264 2
266716800 125
265720500 6
265531392 2
265420800 57
264600000 63
264539520 82
263424000 47
262549350 4
262500000 1
262440000 80
262144000 2
261382464 3
261273600 266
260406090 2
260112384 4
259308000 33
259200000 133
258339375 1
258155520 2
258048000 90
257250000 2
257191200 123
256901120 1
256048128 14
256000000 16
255150000 59
255091680 9
254803968 2
254121840 2
254016000 283
252887040 19
252047376 7
252000000 55
251942400 84
251658240 2
250880000 28
250822656 21
250047000 43
248935680 26
248832000 167
248062500 3
248005800 27
247726080 14
246960000 73
246903552 22
246037500 3
245862400 4
245760000 28
245046060 4
245000000 4
244944000 266
243855360 110
243045684 3
243000000 28
242020800 8
241920000 239
241864704 10
241116750 6
240844800 32
240100000 3
240045120 71
240000000 12
238878720 39
238140000 138
238085568 7
237081600 116
236294415 2
236250000 2
236196000 50
235929600 13
235298000 2
235200000 55
235146240 138
233377200 31
233280000 186
232243200 187
231525000 10
231472080 36
231211008 2
230496000 21
230400000 72
229635000 38
229582512 2
229376000 16
228709656 1
228614400 278
227812500 1
227598336 13
226894500 1
226800000 175
226748160 35
225792000 156
225042300 19
225000000 1
224788480 3
224042112 9
224000000 30
223948800 181
223256250 2
223205220 8
222953472 8
222264000 148
221276160 18
221184000 71
220500000 14
220449600 166
220200960 2
219520000 22
219469824 32
218700000 44
217818720 13
217728000 424
216760320 52
216090000 15
216040608 18
216000000 57
215129600 1
215040000 67
214990848 12
214326000 116
213373440 94
212625000 5
212576400 19
212336640 16
211768200 1
211680000 234
211631616 22
210739200 28
210039480 17
210000000 11
209952000 163
209715200 1
209018880 124
208372500 6
208324872 4
207446400 46
207360000 201
206671500 20
206438400 62
205800000 13
205752960 133
204800000 16
204205050 4
204120000 260
204073344 4
203212800 293
202538070 5
202500000 12
202309632 1
201684000 8
201600000 157
201553920 96
200884698 1
200704000 15
200037600 114
200000000 8
199148544 15
199065600 124
198450000 47
198404640 44
198180864 2
197568000 117
196830000 31
196689920 3
196608000 16
196036848 5
196000000 19
195955200 412
195084288 35
194481000 22
194400000 135
193616640 8
193536000 280
192937500 1
192893400 54
192675840 10
192080000 11
192036096 27
192000000 29
191362500 10
191318760 3
191102976 4
190512000 337
189665280 58
189035532 4
189000000 62
188956800 89
188743680 1
188238400 1
188160000 119
188116992 33
187535250 12
186701760 46
186624000 307
186004350 7
185794560 82
185220000 78
185177664 28
184396800 18
184320000 88
183784545 1
183750000 3
183708000 195
183500800 3
182891520 207
182250000 21
181515600 16
181440000 388
181398528 17
180633600 120
180075000 3
180033840 48
180000000 22
179830784 2
179200000 33
179159040 62
178605000 63
178564176 6
177811200 202
177187500 1
177147000 17
177020928 3
176947200 46
176400000 99
176359680 142
176160768 1
175616000 31
175032900 17
175000000 2
174960000 188
174254976 7
174182400 359
173643750 1
173604060 11
173408256 8
172872000 48
172800000 131
172226250 4
172103680 1
172032000 61
171532242 2
171500000 4
171460800 265
170698752 25
170100000 124
170061120 22
169869312 1
169414560 2
169344000 341
168591360 11
168070000 1
168031584 16
168000000 59
167961600 197
167215104 29
166698000 89
165957120 25
165888000 231
165375000 6
165337200 85
165150720 18
164640000 60
164602368 58
164025000 7
163840000 6
163364040 3
163296000 517
162570240 138
162067500 10
162030456 6
162000000 71
161347200 9
161280000 272
161243136 25
160744500 39
160563200 9
160030080 134
160000000 8
159432300 5
159252480 47
158826150 3
158760000 255
158723712 27
158054400 121
157529610 3
157500000 16
157464000 136
157351936 1
157286400 5
156800000 42
156764160 234
156243654 2
155584800 58
155520000 335
154893312 3
154828800 195
154350000 41
154314720 118
153664000 9
153600000 42
153125000 1
153090000 105
153055008 3
152409600 467
151875000 1
151732224 15
151263000 5
151200000 227
151165440 88
150590720 1
150528000 116
150028200 78
150000000 1
149361408 15
149299200 234
148837500 7
148803480 21
148635648 8
148176000 185
147622500 8
147517440 11
147456000 67
147000000 22
146966400 353
146800640 2
146313216 50
145860750 4
145800000 119
145212480 18
145152000 585
144670050 13
144506880 49
144060000 19
144027072 25
144000000 70
143360000 36
143327232 14
142943535 1
142884000 295
142248960 135
141776649 3
141750000 28
141717600 60
141557760 22
141120000 268
141087744 56
140625000 1
140492800 13
140026320 41
140000000 7
139968000 374
139345920 207
138915000 42
138883248 10
138297600 59
138240000 228
137812500 2
137781000 71
137682944 1
137625600 25
137200000 19
137168640 273
136687500 4
136136700 4
136080000 397
136048896 12
135531648 1
135475200 338
135056250 2
135025380 15
135000000 15
134873088 5
134456000 5
134400000 123
134369280 150
134217728 1
133953750 3
133923132 3
133413966 1
133358400 267
132860250 1
132765696 10
132710400 125
132300000 103
132269760 139
132120576 3
131712000 84
131250000 1
131220000 93
131072000 9
130691232 4
130636800 639
130203045 2
130056192 26
129654000 42
129600000 236
129077760 10
129024000 270
128625000 2
128595600 186
128450560 5
128024064 35
128000000 16
127575000 40
127545840 14
127401984 8
127060920 1
127008000 621
126443520 67
126052500 2
126023688 10
126000000 93
125971200 227
125829120 2
125440000 56
125411328 77
125023500 32
125000000 1
124467840 71
124416000 441
124031250 1
124002900 19
123863040 79
123480000 110
123451776 50
123018750 1
122931200 23
122880000 62
122523030 3
122500000 1
122472000 449
121927680 288
121550625 1
121522842 4
121500000 46
121010400 19
120960000 530
120932352 35
120558375 1
120422400 77
120050000 2
120022560 126
120000000 16
119439360 111
119070000 152
119042784 11
118540800 253
118125000 4
118098000 67
118013952 1
117964800 36
117649000 1
117600000 80
117573120 351
116688600 43
116640000 343
116169984 4
116121600 466
115762500 2
115736040 45
115605504 3
115248000 43
115200000 149
114817500 23
114791256 1
114688000 37
114307200 530
113799168 34
113447250 1
113400000 240
113374080 64
112943040 1
112896000 351
112521150 9
112500000 6
112394240 12
112021056 22
112000000 32
111974400 423
111602610 6
111476736 39
111132000 200
110638080 36
110592000 232
110270727 1
110250000 24
110224800 237
110100480 6
109760000 34
109734912 80
109350000 53
108909360 14
108864000 962
108380160 146
108045000 16
108020304 21
108000000 99
107564800 5
107520000 161
107495424 25
107163000 143
106686720 234
106312500 3
106288200 21
106168320 40
105840000 385
105815808 66
105369600 81
105019740 16
105000000 11
104976000 340
104857600 2
104509440 343
104186250 6
104162436 10
103723200 92
103680000 434
103335750 5
103262208 1
103219200 160
102900000 23
102876480 240
102400000 23
102102525 2
102060000 329
102036672 7
101648736 2
101606400 685
101269035 2
101250000 9
101154816 10
100842000 8
100800000 271
100776960 171
100352000 51
100018800 150
100000000 2
99574272 26
99532800 342
99225000 57
99202320 79
99090432 10
98784000 223
98415000 32
98344960 2
98304000 45
98018424 8
98000000 21
97977600 680
97542144 69
97240500 15
97200000 242
96808320 16
96768000 693
96468750 1
96446700 48
96337920 22
96040000 14
96018048 60
96000000 48
95681250 7
95659380 1
95551488 22
95295690 2
95256000 569
94832640 146
94539375 1
94517766 2
94500000 55
94478400 151
94371840 14
94119200 4
94080000 213
94058496 102
93350880 78
93312000 627
92897280 229
92610000 88
92588832 40
92198400 55
92160000 199
91875000 1
91854000 235
91750400 10
91445760 420
91125000 10
90757800 15
90720000 766
90699264 32
90354432 2
90316800 286
90037500 1
90016920 54
90000000 37
89915392 2
89600000 58
89579520 233
89302500 29
89282088 8
88905600 390
88593750 1
88573500 11
88510464 17
88473600 126
88236750 1
88200000 174
88179840 297
88080384 4
87808000 46
87516450 9
87500000 1
87480000 252
87127488 11
87091200 845
86802030 6
86704128 27
86436000 50
86400000 257
86093442 1
86051840 1
86016000 152
85750000 10
85730400 413
85349376 63
85050000 96
85030560 46
84934656 4
84707280 4
84672000 674
84375000 1
84295680 41
84015792 21
84000000 71
83980800 446
83886080 1
83607552 76
83349000 130
82978560 92
82944000 465
82687500 8
82668600 106
82575360 53
82320000 92
82301184 100
82012500 7
81920000 14
81682020 5
81648000 907
81285120 374
81033750 2
81015228 12
81000000 68
80673600 22
80640000 460
80621568 55
80372250 18
80281600 38
80015040 212
80000000 11
79716150 2
79626240 116
79380000 299
79361856 39
79027200 224
78750000 15
78732000 190
78675968 1
78643200 13
78400000 62
78382080 539
78121827 1
77792400 103
77760000 565
77446656 5
77414400 517
77175000 19
77157360 169
77070336 4
76832000 14
76800000 112
76545000 104
76527504 3
76236552 2
76204800 869
75866112 30
75631500 4
75600000 332
75582720 162
75295360 1
75264000 230
75014100 62
75000000 8
74680704 41
74649600 545
74418750 1
74401740 18
74317824 43
74088000 289
73811250 2
73758720 23
73728000 189
73500000 23
73483200 567
73400320 2
73156608 145
72900000 110
72606240 32
72576000 1184
72335025 2
72253440 109
72030000 20
72013536 50
72000000 114
71744535 1
71680000 84
71663616 43
71442000 333
71124480 314
70875000 23
70858800 51
70778880 43
70589400 3
70560000 399
70543872 112
70246400 37
70013160 54
70000000 12
69984000 646
69672960 496
69457500 38
69441624 16
69148800 100
69120000 457
68890500 56
68841472 5
68812800 95
68600000 39
68584320 436
68068350 8
68040000 628
68024448 33
67765824 1
67737600 663
67512690 15
67500000 20
67436544 8
67228000 4
67200000 199
67184640 301
66976875 3
66961566 1
66679200 343
66382848 24
66355200 344
66150000 88
66134880 160
66060288 4
65856000 172
65625000 1
65610000 100
65536000 14
65345616 11
65318400 1215
65028096 85
64827000 40
64800000 335
64538880 17
64512000 545
64312500 1
64297800 179
64225280 8
64012032 90
64000000 34
63787500 21
63772920 17
63700992 17
63530460 2
63504000 857
63221760 120
63026250 2
63011844 12
63000000 115
62985600 319
62914560 5
62720000 89
62705664 141
62511750 22
62233920 115
62208000 846
62001450 16
61931520 187
61740000 146
61725888 105
61465600 32
61440000 108
61250000 3
61236000 586
60963840 595
60750000 54
60505200 25
60480000 909
60466176 55
60211200 186
60025000 6
60011280 179
60000000 22
59719680 297
59535000 144
59521392 16
59295096 1
59270400 461
59062500 2
59049000 53
59006976 9
58982400 89
58824500 2
58800000 111
58786560 568
58720256 2
58344300 44
58320000 510
58084992 12
58060800 1000
57881250 3
57868020 53
57802752 26
57648010 1
57624000 60
57600000 271
57408750 13
57395628 4
57344000 64
57153600 842
56899584 103
56723625 1
56700000 251
56687040 110
56623104 5
56471520 3
56448000 659
56260575 1
56197120 15
56010528 30
56000000 47
55987200 712
55801305 1
55738368 98
55566000 261
55319040 96
55296000 423
55125000 15
55112400 268
55050240 24
54880000 74
54867456 192
54675000 31
54454680 22
54432000 1413
54190080 344
54022500 7
54010152 33
54000000 132
53782400 12
53760000 334
53747712 75
53581500 91
53343360 387
53144100 8
53084160 129
52942050 4
52920000 507
52907904 94
52684800 152
52509870 15
52500000 21
52488000 431
52428800 8
52254720 766
52093125 1
52081218 3
51861600 126
51840000 764
51667875 2
51631104 4
51609600 355
51450000 27
51438240 325
51200000 38
51030000 317
51018336 6
50824368 2
50803200 1156
50625000 6
50577408 26
50421000 11
50400000 383
50388480 310
50176000 97
50009400 168
50000000 5
49787136 52
49766400 687
49612500 33
49601160 79
49545216 36
49392000 327
49207500 12
49172480 9
49152000 95
49009212 4
49000000 20
48988800 1074
48771072 165
48620250 10
48600000 237
48404160 31
48384000 1206
48223350 26
48168960 65
48020000 20
48009024 87
48000000 85
47840625 1
47829690 2
47775744 60
47628000 688
47416320 294
47250000 57
47239200 183
47185920 23
47059600 1
47040000 318
47029248 189
46675440 102
46656000 960
46448640 498
46305000 59
46294416 51
46099200 82
46080000 389
45937500 2
45927000 213
45875200 32
45722880 714
45562500 5
45378900 12
45360000 890
45349632 42
45177216 1
45158400 590
45008460 51
45000000 16
44957696 1
44800000 111
44789760 451
44651250 18
44641044 8
44452800 521
44286750 4
44255232 25
44236800 274
44100000 149
44089920 398
44040192 4
43904000 85
43750000 3
43740000 299
43563744 13
43545600 1608
43401015 2
43352064 66
43218000 68
43200000 422
43025920 8
43008000 305
42875000 6
42865200 475
42674688 142
42525000 103
42515280 43
42467328 20
42353640 3
42336000 1060
42187500 3
42147840 69
42017500 1
42007896 14
42000000 96
41990400 687
41943040 2
41803776 184
41674500 77
41489280 155
41472000 921
41343750 2
41334300 65
41287680 138
41160000 124
41150592 180
41006250 1
40960000 33
40841010 4
40824000 1114
40642560 673
40507614 4
40500000 87
40336800 17
40320000 801
40310784 93
40186125 3
40140800 68
40007520 264
40000000 18
39813120 286
39690000 359
39680928 58
39513600 445
39375000 8
39366000 166
39337984 2
39321600 66
39200000 61
39191040 915
38896200 77
38880000 794
38723328 14
38707200 967
38587500 9
38578680 130
38535168 11
38416000 35
38400000 163
38272500 75
38263752 3
38118276 3
38102400 1343
37968750 2
37933056 75
37815750 3
37800000 394
37791360 249
37748736 4
37647680 2
37632000 436
37507050 27
37500000 3
37340352 40
37324800 1045
37209375 1
37200870 10
37158912 88
37044000 330
36879360 48
36864000 357
36756909 1
36750000 32
36741600 688
36700160 14
36578304 255
36450000 118
36303120 22
36288000 1833
36126720 237
36015000 22
36006768 44
36000000 150
35840000 134
35831808 87
35721000 284
35562240 471
35437500 13
35429400 55
35389440 102
35294700 1
35280000 549
35271936 198
35123200 70
35006580 29
35000000 14
34992000 824
34836480 945
34728750 15
34720812 17
34574400 142
34560000 755
34445250 22
34420736 2
34406400 198
34300000 25
34292160 650
34034175 1
34020000 703
34012224 26
33882912 3
33868800 1180
33756345 3
33750000 13
33718272 18
33614000 4
33600000 269
33592320 537
33339600 381
33191424 48
33177600 708
33075000 83
33067440 203
33030144 22
32928000 237
32805000 87
32768000 18
32672808 10
32659200 1895
32514048 165
32413500 26
32400000 433
32269440 21
32256000 978
32148900 122
32112640 20
32006016 152
32000000 48
31893750 9
31886460 4
31850496 54
31765230 2
31752000 1081
31610880 226
31505922 6
31500000 102
31492800 447
31457280 10
31360000 136
31352832 309
31255875 5
31116960 137
31104000 1301
31000725 2
30965760 402
30870000 128
30862944 131
30732800 50
30720000 218
30625000 5
30618000 566
30481920 989
30375000 25
30252600 17
30240000 1231
30233088 99
30118144 1
30105600 293
30012500 1
30005640 116
30000000 24
29859840 482
29767500 83
29760696 18
29635200 654
29524500 38
29503488 10
29491200 198
29400000 176
29393280 788
29172150 17
29160000 643
29042496 16
29030400 1932
28934010 22
28901376 47
28812000 78
28800000 379
28704375 1
28697814 1
28672000 109
28576800 961
28449792 153
28350000 235
28343520 127
28311552 18
28235760 4
28224000 968
28098560 23
28005264 47
28000000 60
27993600 1156
27869184 257
27783000 199
27659520 122
27648000 828
27562500 2
27556200 235
27525120 54
27440000 64
27433728 287
27337500 21
27227340 12
27216000 1928
27095040 646
27011250 6
27005076 24
27000000 138
26891200 12
26880000 478
26873856 147
26790750 47
26671680 471
26578125 1
26572050 6
26542080 288
26471025 1
26460000 501
26453952 145
26342400 254
26254935 6
26250000 7
26244000 455
26214400 13
26127360 1320
25930800 147
25920000 1055
25815552 8
25804800 716
25725000 29
25719120 350
25690112 3
25600000 49
25515000 250
25509168 11
25412184 1
25401600 1695
25312500 4
25288704 40
25210500 3
25200000 462
25194240 513
25088000 148
25004700 110
25000000 3
24893568 74
24883200 1301
24806250 14
24800580 60
24772608 83
24696000 415
24603750 8
24586240 24
24576000 172
24504606 4
24500000 21
24494400 1306
24385536 292
24310125 3
24300000 254
24202080 27
24192000 1759
24111675 4
24084480 134
24010000 13
24004512 117
24000000 104
23914845 3
23887872 108
23814000 605
23708160 457
23625000 52
23619600 189
23592960 70
23529800 1
23520000 399
23514624 321
23337720 88
23328000 1442
23224320 972
23152500 48
23147208 44
23049600 106
23040000 643
22968750 1
22963500 120
22937600 74
22861440 979
22689450 3
22680000 1126
22674816 61
22588608 1
22579200 913
22509375 1
22504230 27
22500000 20
22478848 6
22400000 130
22394880 743
22320522 7
22235661 1
22226400 587
22127616 38
22118400 591
22050000 124
22044960 446
22020096 4
21952000 117
21875000 2
21870000 214
21781872 14
21772800 2457
21676032 130
21609000 74
21600000 523
21512960 5
21504000 571
21437500 1
21432600 391
21337344 201
21262500 51
21257640 33
21233664 42
21176820 2
21168000 1393
21073920 160
21003948 15
21000000 102
20995200 846
20971520 2
20901888 371
20837250 42
20744640 178
20736000 1526
20671875 1
20667150 25
20643840 263
20580000 120
20575296 211
20480000 68
20420505 4
20412000 1172
20321280 1149
20250000 67
20168400 15
20160000 1089
20155392 146
20070400 112
20003760 319
20000000 17
19906560 628
19845000 259
19840464 54
19756800 531
19687500 3
19683000 139
19668992 8
19660800 79
19600000 90
19595520 1374
19448100 63
19440000 939
19361664 19
19353600 1652
19293750 5
19289340 79
19267584 25
19208000 39
19200000 210
19136250 20
19131876 5
19059138 1
19051200 1566
18966528 152
18907875 2
18900000 382
18895680 298
18874368 16
18823840 2
18816000 615
18753525 9
18750000 3
18670176 82
18662400 1652
18600435 4
18579456 190
18522000 346
18439680 76
18432000 570
18375000 19
18370800 607
18350080 24
18289152 399
18225000 73
18151560 24
18144000 2401
18063360 447
18007500 12
18003384 59
18000000 147
17920000 204
17915904 192
17860500 194
17781120 626
17718750 4
17714700 24
17694720 233
17647350 2
17640000 565
17635968 269
17561600 114
17503290 21
17500000 11
17496000 902
17418240 1626
17364375 2
17360406 9
17287200 127
17280000 1130
17222625 3
17210368 2
17203200 364
17150000 19
17146080 708
17010000 566
17006112 35
16941456 3
16934400 1681
16875000 6
16859136 33
16807000 6
16800000 354
16796160 732
16669800 326
16595712 66
16588800 1187
16537500 37
16533720 188
16515072 36
16464000 255
16402500 33
16384000 57
16336404 6
16329600 2211
16257024 286
16206750 16
16200000 408
16134720 28
16128000 1465
16078125 1
16074450 61
16056320 42
16003008 176
16000000 41
15946875 2
15943230 4
15925248 125
15876000 1046
15805440 374
15752961 2
15750000 80
15746400 436
15728640 24
15680000 184
15676416 488
15558480 146
15552000 1815
15482880 755
15435000 94
15431472 111
15366400 68
15360000 334
15312500 1
15309000 416
15240960 1385
15187500 10
15126300 17
15120000 1402
15116544 128
15059072 1
15052800 482
15002820 105
15000000 16
14929920 905
14883750 26
14880348 11
14817600 653
14762250 11
14751744 16
14745600 390
14700000 131
14696640 914
14680064 3
14586075 1
14580000 522
14521248 16
14515200 2754
14467005 8
14450688 89
14406000 63
14400000 462
14336000 181
14288400 808
14224896 235
14175000 153
14171760 109
14155776 18
14117880 7
14112000 1145
14062500 1
14049280 59
14002632 39
14000000 51
13996800 1481
13934592 382
13891500 117
13829760 169
13824000 1374
13781250 3
13778100 130
13762560 117
13720000 72
13716864 393
13668750 5
13613670 12
13608000 1965
13547520 1079
13505625 1
13502538 8
13500000 102
13445600 12
13440000 665
13436928 258
13395375 11
13335840 534
13286025 1
13271040 560
13230000 412
13226976 150
13171200 383
13125000 6
13122000 347
13107200 29
13063680 1863
12965400 104
12960000 1289
12907776 9
12902400 1107
12862500 9
12859560 276
12845056 6
12800000 87
12757500 138
12754584 7
12706092 2
12700800 2057
12644352 113
12605250 3
12600000 462
12597120 561
12582912 4
12544000 246
12502350 51
12500000 2
12446784 101
12441600 1874
12403125 2
12400290 19
12386304 152
12348000 402
12301875 1
12293120 38
12288000 326
12250000 19
12247200 1305
12192768 446
12150000 163
12101040 32
12096000 2524
12042240 215
12005000 9
12002256 128
12000000 124
11943936 194
11907000 424
11854080 643
11812500 16
11809800 138
11796480 127
11760000 432
11757312 452
11668860 60
11664000 1471
11612160 1557
11576250 15
11573604 26
11524800 133
11520000 866
11481750 48
11468800 142
11430720 1219
11340000 950
11337408 78
11294304 2
11289600 1280
11252115 3
11250000 17
11239424 10
11200000 157
11197440 1074
11160261 1
11113200 528
11063808 61
11059200 963
11025000 86
11022480 416
11010048 11
10976000 145
10935000 155
10890936 21
10886400 3101
10838016 255
10804500 35
10800000 498
10756480 8
10752000 758
10716300 252
10668672 263
10631250 19
10628820 17
10616832 110
10588410 1
10584000 1418
10536960 172
10501974 10
10500000 73
10497600 922
10485760 9
10450944 596
10418625 10
10372320 197
10368000 2101
10333575 1
10321920 500
10290000 102
10287648 229
10240000 110
10206000 948
10160640 1568
10125000 39
10084200 15
10080000 1234
10077696 212
10035200 185
10001880 241
10000000 11
9953280 961
9922500 123
9920232 37
9878400 667
9843750 3
9841500 73
9834496 9
9830400 178
9800000 73
9797760 1634
9724050 29
9720000 936
9680832 13
9676800 2465
9646875 1
9644670 37
9633792 38
9604000 40
9600000 296
9568125 5
9565938 1
9525600 1459
9483264 196
9450000 248
9447840 265
9437184 18
9408000 780
9375000 2
9335088 58
9331200 2080
9289728 345
9261000 247
9219840 99
9216000 915
9187500 7
9185400 449
9175040 37
9144576 551
9112500 30
9075780 13
9072000 2772
9031680 692
9003750 9
9001692 30
9000000 141
8960000 253
8957952 295
8930250 53
8890560 712
8859375 1
8857350 10
8847360 422
8820000 542
8817984 311
8780800 130
8751645 10
8750000 5
8748000 805
8709120 2207
8680203 2
8643600 138
8640000 1337
8605184 8
8601600 527
8575000 12
8573040 611
8505000 352
8503056 30
8470728 5
8467200 2035
8437500 5
8429568 54
8403500 3
8400000 353
8398080 958
8388608 1
8334900 163
8297856 90
8294400 1893
8268750 12
8266860 95
8257536 79
8232000 305
8201250 10
8192000 100
8168202 6
8164800 2274
8128512 450
8103375 5
8100000 365
8067360 25
8064000 1963
8037225 5
8028160 65
8001504 206
8000000 53
7971615 1
7962624 226
7938000 856
7902720 505
7875000 36
7873200 346
7864320 49
7840000 188
7838208 613
7779240 108
7776000 2105
7741440 1173
7717500 55
7715736 84
7683200 57
7680000 465
7654500 197
7620480 1693
7593750 1
7563150 9
7560000 1274
7558272 151
7529536 2
7526400 754
7501410 51
7500000 24
7464960 1320
7441875 14
7440174 6
7408800 684
7381125 2
7375872 34
7372800 634
7350000 109
7348320 920
7340032 2
7290000 398
7260624 12
7257600 3515
7225344 162
7203000 46
7200000 490
7168000 259
7144200 608
7112448 270
7087500 68
7085880 72
7077888 69
7058940 2
7056000 1273
7024640 41
7001316 20
7000000 56
6998400 1567
6967296 620
6945750 61
6914880 171
6912000 1895
6890625 1
6889050 57
6881280 206
6860000 71
6858432 402
6834375 1
6806835 4
6804000 1700
6773760 1321
6751269 6
6750000 76
6722800 12
6720000 810
6718464 358
6667920 439
6635520 821
6615000 239
6613488 131
6585600 434
6562500 2
6561000 261
6553600 59
6531840 2254
6482700 53
6480000 1289
6453888 7
6451200 1634
6431250 2
6429780 155
6422528 10
6400000 133
6378750 37
6377292 3
6353046 2
6350400 1996
6322176 138
6300000 376
6298560 603
6291456 4
6272000 271
6251175 6
6250000 1
6223392 88
6220800 2535
6200145 3
6193152 256
6174000 302
6146560 32
6144000 443
6125000 17
6123600 1082
6096384 612
6075000 105
6050520 21
6048000 2670
6021120 349
6002500 8
6001128 83
6000000 103
5971968 342
5953500 264
5927040 740
5906250 3
5904900 70
5898240 239
5880000 415
5878656 479
5834430 29
5832000 1501
5806080 2133
5788125 1
5786802 12
5762400 80
5760000 998
5740875 4
5734400 168
5715360 1162
5670000 704
5668704 77
5647152 1
5644800 1617
5625000 3
5619712 15
5600000 178
5598720 1362
5556600 352
5531904 63
5529600 1464
5512500 30
5511240 290
5505024 25
5488000 140
5467500 74
5445468 9
5443200 3309
5419008 363
5402250 15
5400000 436
5378240 13
5376000 1016
5358150 84
5334336 281
5315625 3
5314410 8
5308416 147
5292000 1174
5268480 246
5250987 2
5250000 55
5248800 795
5242880 15
5225472 769
5186160 164
5184000 2420
5160960 733
5145000 62
5143824 201
5120000 147
5103000 644
5080320 1842
5062500 12
5042100 13
5040000 1218
5038848 257
5017600 224
5000940 133
5000000 8
4976640 1487
4961250 44
4960116 29
4939200 659
4920750 24
4917248 13
4915200 260
4900000 69
4898880 1589
4862025 7
4860000 711
4840416 17
4838400 2997
4822335 7
4816896 61
4802000 22
4800000 314
4762800 1119
4741632 279
4725000 138
4723920 205
4718592 31
4704000 816
4687500 1
4667544 48
4665600 2228
4644864 532
4630500 128
4609920 100
4608000 1217
4593750 3
4592700 244
4587520 57
4572288 597
4556250 8
4537890 6
4536000 2449
4515840 926
4500846 7
4500000 93
4480000 315
4478976 443
4465125 6
4445280 619
4428675 4
4423680 597
4410000 381
4408992 276
4390400 141
4375000 6
4374000 623
4354560 2699
4321800 93
4320000 1322
4302592 3
4300800 797
4287500 3
4286520 447
4252500 162
4251528 13
4235364 1
4233600 2000
4214784 61
4201750 2
4200000 276
4199040 965
4194304 1
4167450 60
4148928 83
4147200 2437
4133430 42
4128768 162
4116000 230
4100625 2
4096000 116
4084101 2
4082400 1935
4064256 559
4050000 201
4033680 13
4032000 2180
4014080 107
4000752 151
4000000 44
3981312 323
3969000 545
3951360 580
3937500 9
3936600 193
3932160 83
3920000 167
3919104 709
3889620 62
3888000 2113
3870720 1730
3858750 12
3857868 50
3841600 52
3840000 560
3827250 66
3810240 1643
3781575 3
3780000 1028
3779136 139
3763200 791
3750705 7
3750000 11
3732480 1758
3720087 1
3704400 527
3687936 32
3686400 924
3675000 55
3674160 676
3670016 10
3645000 228
3630312 8
3628800 3823
3612672 226
3601500 21
3600000 440
3584000 323
3572100 308
3556224 324
3543750 23
3542940 37
3538944 109
3529470 2
3528000 1150
3512320 69
3500658 8
3500000 34
3499200 1484
3483648 837
3472875 6
3457440 155
3456000 2183
3444525 10
3440640 314
3430000 43
3429216 342
3402000 1227
3386880 1665
3375000 34
3361400 6
3360000 812
3359232 407
3333960 285
3317760 1268
3307500 130
3306744 88
3292800 402
3280500 99
3276800 73
3265920 2387
3241350 37
3240000 1070
3226944 12
3225600 2099
3214890 58
3211264 14
3200000 110
3189375 8
3188646 4
3175200 1720
3161088 194
3150000 210
3149280 468
3145728 12
3136000 279
3125000 1
3111696 81
3110400 2836
3096576 337
3087000 193
3073280 31
3072000 579
3061800 701
3048192 733
3037500 26
3025260 9
3024000 2576
3010560 453
3001250 2
3000564 54
3000000 73
2985984 474
2976750 77
2963520 660
2953125 1
2952450 27
2949120 356
2940000 324
2939328 506
2917215 9
2916000 1140
2903040 2626
2893401 6
2881200 84
2880000 1096
2867200 229
2857680 820
2835000 392
2834352 55
2823576 1
2822400 1656
2812500 1
2809856 27
2800000 136
2799360 1456
2778300 185
2765952 66
2764800 1988
2756250 11
2755620 170
2752512 53
2744000 107
2733750 18
2722734 5
2721600 2921
2709504 502
2701125 3
2700000 319
2689120 13
2688000 1238
2679075 12
2667168 234
2657205 2
2654208 263
2646000 866
2634240 297
2625000 30
2624400 552
2621440 28
2612736 899
2593080 102
2592000 2455
2580480 1041
2572500 18
2571912 150
2560000 158
2551500 263
2540160 1848
2531250 2
2521050 3
2520000 1048
2519424 285
2508800 259
2500470 57
2500000 5
2488320 1738
2480625 3
2480058 9
2469600 531
2460375 1
2458624 16
2457600 332
2450000 33
2449440 1339
2430000 475
2420208 9
2419200 3468
2408448 84
2401000 10
2400000 278
2381400 722
2370816 260
2362500 69
2361960 139
2359296 49
2352980 2
2352000 776
2333772 21
2332800 2265
2322432 736
2315250 38
2304960 107
2304000 1423
2296875 1
2296350 65
2293760 88
2286144 560
2278125 2
2268945 4
2268000 1896
2257920 1185
2250423 8
2250000 49
2240000 278
2239488 494
2222640 481
2211840 901
2205000 204
2204496 208
2195200 166
2187500 1
2187000 347
2177280 2901
2160900 45
2160000 1267
2151296 5
2150400 988
2143750 1
2143260 260
2126250 49
2125764 8
2116800 1760
2107392 75
2100875 1
2100000 205
2099520 884
2097152 4
2083725 15
2074464 75
2073600 2691
2066715 8
2064384 193
2058000 191
2048000 177
2041200 1360
2032128 689
2025000 95
2016840 11
2016000 2065
2007040 110
2000376 114
2000000 40
1990656 413
1984500 252
1975680 579
1968750 2
1968300 100
1966080 139
1960000 166
1959552 750
1944810 21
1944000 1794
1935360 2077
1929375 3
1928934 14
1920800 43
1920000 581
1913625 13
1905120 1291
1890000 614
1889568 121
1881600 934
1875000 3
1866240 1876
1852200 328
1843968 33
1843200 1156
1837500 25
1837080 480
1835008 8
1822500 85
1815156 8
1814400 3507
1806336 294
1800750 6
1800000 336
1792000 367
1786050 94
1778112 308
1771875 3
1771470 16
1769472 171
1764000 908
1756160 95
1750329 2
1750000 13
1749600 1092
1741824 1015
1728720 107
1728000 2224
1720320 399
1715000 20
1714608 281
1701000 695
1693440 1702
1687500 16
1680700 2
1680000 671
1679616 381
1666980 152
1658880 1611
1653750 39
1653372 47
1646400 341
1640250 39
1638400 110
1632960 2031
1620675 8
1620000 817
1613472 9
1612800 2291
1607445 15
1605632 27
1600000 98
1587600 1161
1580544 214
1575000 126
1574640 350
1572864 21
1568000 310
1555848 53
1555200 2850
1548288 522
1543500 89
1536640 40
1536000 676
1531250 1
1530900 332
1524096 721
1518750 9
1512630 4
1512000 2062
1505280 553
1500625 1
1500282 19
1500000 53
1492992 571
1488375 17
1481760 544
1476225 7
1474560 508
1470000 201
1469664 372
1458000 717
1451520 2802
1440600 51
1440000 985
1433600 287
1428840 533
1417500 162
1417176 40
1411200 1589
1406250 1
1404928 29
1400000 85
1399680 1369
1389150 78
1382976 77
1382400 2253
1377810 59
1376256 78
1372000 80
1366875 3
1361367 2
1360800 2237
1354752 563
1350000 186
1344560 6
1344000 1185
1333584 173
1327104 380
1323000 424
1317120 287
1312500 9
1312200 294
1310720 25
1306368 969
1296540 47
1296000 2091
1290240 1289
1286250 13
1285956 92
1280000 142
1275750 91
1270080 1679
1260000 743
1259712 234
1254400 289
1250235 14
1250000 4
1244160 2096
1234800 332
1229312 14
1228800 487
1225000 20
1224720 908
1215000 230
1210104 12
1209600 3198
1204224 136
1200500 6
1200000 235
1190700 350
1185408 272
1181250 14
1180980 61
1179648 81
1176490 1
1176000 571
1166886 10
1166400 1883
1161216 873
1157625 6
1152480 84
1152000 1546
1148175 13
1146880 129
1143072 462
1134000 1216
1128960 1184
1125000 26
1120000 264
1119744 518
1111320 268
1105920 1177
1102500 109
1102248 116
1097600 138
1093500 134
1088640 2623
1080450 21
1080000 903
1075648 4
1075200 1074
1071875 1
1071630 90
1063125 4
1062882 5
1058400 1413
1053696 92
1050000 116
1049760 664
1048576 6
1037232 63
1036800 2740
1032192 292
1029000 112
1024000 192
1020600 777
1016064 724
1012500 34
1008420 4
1008000 1774
1003520 148
1000188 62
1000000 27
995328 606
992250 60
987840 472
984375 1
984150 38
983040 199
980000 104
979776 689
972405 3
972000 1171
967680 2299
964467 7
960400 27
960000 529
952560 927
945000 335
944784 76
941192 1
940800 870
937500 2
933120 1822
926100 144
921984 30
921600 1419
918750 3
918540 173
917504 25
911250 25
907578 3
907200 2789
903168 348
900375 1
900000 222
896000 371
893025 28
889056 225
885735 4
884736 227
882000 574
878080 87
875000 10
874800 736
870912 1078
864360 60
864000 2058
860160 546
857500 12
857304 162
850500 276
846720 1570
843750 8
840350 1
840000 522
839808 417
833490 51
829440 1746
826875 5
826686 16
823200 262
820125 4
819200 118
816480 1548
810000 432
806736 7
806400 2237
802816 45
800000 94
793800 635
790272 182
787500 43
787320 163
786432 26
784000 254
777924 25
777600 2414
774144 621
771750 32
768320 22
768000 727
765450 110
762048 614
759375 3
756000 1444
752640 532
750141 6
750000 31
746496 647
740880 381
737280 645
735000 109
734832 245
729000 353
725760 2748
720300 20
720000 813
716800 278
714420 253
708750 44
708588 15
705600 1285
702464 17
700000 51
699840 1086
694575 5
691488 45
691200 2297
688905 3
688128 101
686000 48
680400 1484
677376 568
675000 73
672280 6
672000 1050
666792 99
663552 438
661500 189
658560 274
656250 1
656100 125
655360 48
653184 895
648270 23
648000 1559
645120 1370
643125 2
642978 26
640000 153
637875 11
635040 1247
630000 396
629856 181
627200 263
625000 3
622080 2080
617400 219
614656 13
614400 574
612500 11
612360 509
607500 83
605052 4
604800 2754
602112 145
600250 3
600000 181
595350 100
592704 264
590625 1
590490 25
589824 120
588000 402
583443 5
583200 1254
580608 900
576240 45
576000 1424
573440 126
571536 337
567000 601
564480 1153
562500 7
560000 205
559872 546
555660 137
552960 1370
551250 27
551124 59
548800 101
546750 38
544320 2114
540225 4
540000 564
537824 1
537600 1112
535815 23
531441 1
529200 864
526848 97
525000 50
524880 413
524288 5
518616 39
518400 2475
516096 319
514500 33
512000 200
510300 334
508032 632
506250 9
504210 3
504000 1365
501760 158
500094 30
500000 16
497664 643
496125 11
493920 341
492075 3
491520 209
490000 53
489888 466
486000 681
483840 2284
480200 12
480000 493
476280 530
472500 141
472392 36
470400 724
466560 1566
463050 39
460992 38
460800 1410
459270 50
458752 19
455625 1
453600 1962
451584 320
450000 165
448000 347
444528 167
442368 294
441000 285
439040 79
437500 4
437400 332
435456 956
432180 36
432000 1543
430080 581
428750 3
428652 81
425250 81
423360 1170
420175 2
420000 348
419904 291
416745 11
414720 1859
413343 2
411600 136
409600 156
408240 1002
405000 234
403368 2
403200 2005
401408 24
400000 61
396900 276
395136 169
393750 12
393660 83
393216 45
392000 157
388962 10
388800 1726
387072 658
385875 6
384160 29
384000 687
382725 13
381024 460
378000 885
376320 531
375000 9
373248 620
370440 258
368640 739
367500 42
367416 146
364500 125
362880 2333
360150 8
360000 545
358400 302
357210 77
354375 7
354294 2
352800 820
351232 28
350000 37
349920 770
345744 34
345600 2131
344064 138
343000 25
340200 679
338688 522
337500 24
336140 2
336000 839
333396 48
331776 514
330750 68
329280 200
328050 41
327680 59
326592 689
324135 2
324000 1042
322560 1383
321489 8
320000 154
317520 805
315000 184
314928 108
313600 220
311040 1694
308700 82
307328 7
307200 599
306250 1
306180 234
303750 29
302526 3
302400 1944
301056 156
300125 2
300000 96
297675 18
296352 176
295245 3
294912 141
294000 231
291600 761
290304 882
288120 26
288000 1184
286720 145
285768 206
283500 235
282240 904
281250 2
280000 130
279936 425
277830 58
276480 1309
275625 2
275562 18
274400 68
273375 5
272160 1473
270000 304
268912 1
268800 1046
264600 446
263424 87
262500 19
262440 229
262144 7
259308 21
259200 1997
258048 337
257250 19
256000 185
255150 86
254016 488
253125 2
252000 821
250880 139
250047 3
250000 9
248832 649
246960 182
245760 280
245000 27
244944 300
243000 331
241920 1972
240100 6
240000 354
238140 228
236250 32
236196 31
235200 492
233280 1172
231525 8
230496 14
230400 1300
229635 10
229376 31
226800 1094
225792 327
225000 57
224000 245
222264 92
221184 366
220500 104
219520 57
218750 3
218700 142
217728 765
216090 11
216000 1074
215040 636
214326 28
212625 15
211680 823
210000 172
209952 159
207360 1712
205800 90
204800 146
204120 529
202500 75
201684 1
201600 1597
200704 25
200000 48
198450 97
197568 142
196830 15
196608 63
196000 100
194481 1
194400 1125
193536 641
192080 13
192000 615
190512 249
189000 435
188160 493
187500 5
186624 547
185220 87
184320 723
183750 11
183708 68
182250 27
181440 1748
180000 325
179200 269
178605 14
176400 485
175616 25
175000 15
174960 436
172872 19
172800 1721
172032 143
171500 9
170100 301
169344 440
168750 8
168070 1
168000 573
166698 22
165888 492
165375 5
164640 109
164025 4
163840 45
163296 481
162000 562
161280 1263
160000 121
158760 399
157500 61
157464 54
156800 160
155520 1385
154350 21
153664 8
153600 572
153090 62
151875 4
151200 1247
150528 155
150000 58
148176 105
147456 152
147000 125
145800 359
145152 761
144060 13
144000 872
143360 134
142884 65
141750 50
141120 639
140000 72
139968 316
138915 8
138240 1246
137781 2
137200 44
136080 868
135000 122
134456 1
134400 779
132300 177
131712 78
131250 4
131220 75
131072 11
129654 3
129600 1340
129024 345
128625 1
128000 185
127575 13
127008 311
126000 477
125440 125
125000 3
124416 562
123480 97
122880 271
122500 10
122472 168
121500 113
120960 1479
120050 3
120000 226
119070 56
118125 4
118098 9
117600 313
116640 748
115248 12
115200 1119
114688 27
113400 542
112896 278
112500 24
112000 197
111132 22
110592 335
110250 29
109760 69
109350 35
108864 582
108045 1
108000 656
107520 566
107163 3
105840 459
105000 81
104976 112
103680 1320
102900 31
102400 139
102060 186
101250 21
100842 3
100800 1058
100352 32
100000 25
99225 20
98784 77
98415 3
98304 51
98000 67
97200 579
96768 550
96040 6
96000 465
95256 136
94500 135
94080 350
93750 1
93312 427
92610 22
92160 699
91875 2
91854 14
91125 7
90720 1055
90000 188
89600 216
88200 221
87808 13
87500 6
87480 224
86436 8
86400 1220
86016 133
85750 4
85050 83
84672 306
84375 1
84000 317
83349 3
82944 494
82320 67
81920 68
81648 264
81000 213
80640 1000
80000 70
79380 149
78750 23
78732 24
78400 107
77760 1021
77175 6
76832 3
76800 454
76545 7
75600 686
75264 128
75000 15
74088 47
73728 171
73500 50
72900 119
72576 598
72030 2
72000 570
71680 118
71442 27
70875 11
70560 398
70000 39
69984 213
69120 1001
68600 15
68040 380
67500 36
67200 568
66150 55
65856 49
65610 21
65536 10
64800 804
64512 320
64000 132
63504 183
63000 179
62720 101
62500 1
62208 470
61740 30
61440 291
61250 3
61236 54
60750 29
60480 1029
60000 121
59535 6
58800 179
58320 382
57624 5
57600 868
57344 35
56700 193
56448 202
56250 3
56000 123
55566 14
55296 349
55125 2
54880 28
54675 4
54432 365
54000 315
53760 405
52920 192
52500 23
52488 48
51840 960
51450 3
51200 109
51030 47
50625 2
50400 585
50176 31
50000 21
49392 50
49152 63
49000 25
48600 249
48384 530
48000 321
47628 47
47250 29
47040 218
46656 264
46305 6
46080 596
45927 5
45360 539
45000 54
44800 168
44100 79
43904 15
43750 2
43740 65
43218 3
43200 796
43008 128
42875 1
42525 11
42336 200
42000 164
41472 382
41160 37
40960 62
40824 118
40500 57
40320 695
40000 49
39690 34
39375 2
39366 4
39200 80
38880 520
38416 2
38400 371
37800 304
37632 103
37500 7
37044 21
36864 155
36750 13
36450 25
36288 369
36015 2
36000 290
35840 103
35721 4
35280 190
35000 14
34992 114
34560 718
34300 7
34020 149
33750 5
33600 356
33075 2
32928 33
32805 1
32768 21
32400 406
32256 261
32000 90
31752 101
31500 71
31360 78
31104 299
30870 11
30720 249
30618 15
30375 1
30240 604
30000 53
29400 71
29160 182
28812 5
28800 553
28672 25
28350 42
28224 131
28000 67
27648 289
27440 12
27216 174
27000 117
26880 327
26460 76
26250 5
26244 19
25920 628
25600 84
25515 9
25200 325
25088 27
25000 2
24696 22
24576 58
24500 13
24300 81
24192 324
24000 185
23814 15
23625 3
23520 129
23328 176
23040 462
22680 233
22500 20
22400 98
22050 18
21952 7
21870 17
21600 436
21504 113
21168 107
21000 65
20736 278
20580 15
20480 56
20412 36
20250 14
20160 453
20000 26
19845 6
19600 26
19440 258
19208 2
19200 282
18900 83
18816 71
18750 1
18522 5
18432 146
18225 3
18144 203
18000 137
17920 81
17640 95
17500 4
17496 44
17280 566
17150 1
17010 30
16875 1
16800 194
16464 18
16384 14
16200 154
16128 205
16000 60
15876 33
15750 13
15680 40
15552 187
15435 1
15360 183
15309 5
15120 284
15000 26
14700 26
14580 45
14406 3
14400 338
14336 26
14175 4
14112 72
14000 34
13824 222
13720 5
13608 93
13500 42
13440 207
13230 28
13122 6
12960 339
12800 71
12600 131
12544 21
12348 9
12288 47
12250 1
12150 20
12096 200
12000 91
11907 2
11760 71
11664 76
11520 324
11340 86
11250 3
11200 58
11025 1
10976 4
10935 1
10800 178
10752 69
10584 45
10500 25
10368 190
10290 2
10240 44
10206 9
10125 4
10080 227
10000 17
9800 9
9720 125
9600 147
9450 26
9408 51
9261 1
9216 100
9072 101
9000 49
8960 57
8820 28
8748 27
8640 319
8575 1
8505 4
8400 95
8232 6
8192 11
8100 51
8064 134
8000 31
7938 5
7875 1
7840 14
7776 107
7680 127
7560 150
7500 3
7350 10
7290 11
7200 172
7168 26
7056 29
7000 9
6912 141
6860 3
6804 26
6750 8
6720 135
6615 5
6561 1
6480 168
6400 45
6300 52
6272 5
6174 3
6144 42
6075 1
6048 103
6000 51
5880 28
5832 41
5760 236
5670 26
5600 37
5488 4
5400 90
5376 45
5292 24
5250 1
5184 100
5120 30
5103 3
5040 105
5000 2
4900 3
4860 51
4800 88
4725 4
4704 21
4608 96
4536 36
4500 9
4480 35
4410 10
4374 4
4320 167
4200 36
4116 4
4096 10
4050 15
4032 71
4000 21
3969 2
3920 7
3888 58
3840 92
3780 42
3675 1
3645 1
3600 79
3584 9
3528 18
3500 1
3456 96
3402 5
3375 1
3360 69
3240 61
3200 20
3150 13
3136 13
3087 1
3072 26
3024 45
3000 9
2940 7
2916 17
2880 112
2800 13
2744 1
2700 16
2688 38
2646 5
2592 58
2560 23
2520 56
2500 1
2450 4
2430 9
2400 53
2352 8
2304 58
2268 15
2250 3
2240 20
2205 2
2187 1
2160 80
2100 8
2048 6
2016 40
2000 6
1960 5
1944 12
1920 53
1890 9
1800 23
1792 7
1764 11
1728 50
1701 1
1680 25
1620 17
1600 17
1568 3
1536 25
1512 26
1500 5
1470 2
1440 60
1400 8
1350 3
1344 22
1296 28
1280 14
1260 16
1200 19
1176 3
1152 23
1134 5
1120 16
1080 27
1050 2
1024 4
1008 15
1000 1
980 1
972 10
960 26
945 2
900 9
896 6
882 3
864 33
840 12
810 4
800 5
784 1
768 14
756 9
750 3
720 25
700 1
672 12
648 14
640 11
630 3
600 2
588 1
576 15
560 2
540 13
512 3
504 4
486 2
480 11
450 2
448 3
432 9
420 6
400 1
384 8
378 1
360 5
336 7
324 1
320 3
315 1
300 3
288 11
280 1
270 3
256 3
252 1
240 13
224 2
216 4
210 2
192 3
180 3
162 1
160 1
144 4
126 1
120 2
112 1
108 1
100 1
96 4
80 1
72 2
60 2
54 1
24 1
