3033 1
3027 1
3025 1
3024 2
3023 1
3022 1
3019 2
3017 1
3016 1
3013 1
3012 1
3011 1
3010 2
3009 2
3008 3
3007 4
3006 3
3005 1
3004 2
3003 2
3002 3
3001 5
3000 3
2999 5
2998 3
2997 6
2996 3
2995 5
2994 4
2993 7
2992 4
2991 7
2990 2
2989 4
2988 8
2987 6
2986 7
2985 5
2984 7
2983 8
2982 4
2981 8
2980 16
2979 11
2978 14
2977 8
2976 11
2975 11
2974 15
2973 8
2972 19
2971 15
2970 26
2969 17
2968 16
2967 19
2966 23
2965 25
2964 13
2963 37
2962 32
2961 29
2960 34
2959 31
2958 41
2957 27
2956 25
2955 33
2954 51
2953 38
2952 39
2951 51
2950 37
2949 45
2948 50
2947 64
2946 56
2945 78
2944 58
2943 65
2942 65
2941 85
2940 85
2939 78
2938 98
2937 98
2936 110
2935 98
2934 100
2933 98
2932 106
2931 117
2930 114
2929 111
2928 147
2927 128
2926 134
2925 158
2924 158
2923 163
2922 181
2921 171
2920 182
2919 186
2918 200
2917 194
2916 207
2915 238
2914 211
2913 261
2912 250
2911 261
2910 307
2909 289
2908 293
2907 361
2906 343
2905 334
2904 376
2903 379
2902 365
2901 380
2900 419
2899 402
2898 414
2897 429
2896 445
2895 505
2894 513
2893 516
2892 527
2891 572
2890 590
2889 599
2888 641
2887 654
2886 660
2885 704
2884 722
2883 715
2882 725
2881 763
2880 828
2879 827
2878 797
2877 888
2876 897
2875 898
2874 899
2873 1013
2872 1050
2871 1040
2870 1121
2869 1073
2868 1158
2867 1167
2866 1210
2865 1308
2864 1203
2863 1336
2862 1350
2861 1319
2860 1415
2859 1531
2858 1538
2857 1533
2856 1560
2855 1656
2854 1649
2853 1833
2852 1758
2851 1806
2850 1786
2849 1893
2848 1935
2847 2053
2846 2023
2845 2110
2844 2218
2843 2155
2842 2204
2841 2320
2840 2305
2839 2396
2838 2406
2837 2460
2836 2530
2835 2559
2834 2661
2833 2707
2832 2767
2831 2867
2830 2716
2829 2954
2828 2918
2827 3062
2826 3123
2825 3117
2824 3248
2823 3368
2822 3295
2821 3318
2820 3438
2819 3434
2818 3522
2817 3636
2816 3836
2815 3805
2814 3821
2813 3840
2812 3794
2811 3847
2810 4153
2809 4087
2808 4153
2807 4312
2806 4364
2805 4367
2804 4384
2803 4352
2802 4368
2801 4580
2800 4640
2799 4635
2798 4728
2797 4736
2796 4818
2795 4783
2794 4846
2793 5033
2792 4950
2791 4956
2790 5047
2789 5110
2788 5339
2787 5219
2786 5152
2785 5428
2784 5384
2783 5461
2782 5624
2781 5694
2780 5495
2779 5638
2778 5808
2777 5595
2776 5722
2775 5669
2774 5814
2773 5840
2772 5794
2771 5925
2770 6019
2769 5945
2768 5842
2767 5995
2766 6079
2765 6035
2764 6049
2763 6029
2762 6144
2761 6183
2760 6143
2759 6057
2758 6111
2757 6250
2756 6209
2755 6235
2754 6225
2753 6303
2752 6183
2751 6332
2750 6115
2749 6239
2748 6190
2747 6244
2746 6118
2745 6277
2744 6084
2743 6113
2742 6110
2741 6125
2740 6077
2739 6125
2738 6184
2737 5945
2736 6077
2735 6132
2734 6226
2733 6024
2732 5758
2731 5994
2730 5844
2729 5964
2728 5834
2727 5702
2726 5697
2725 5700
2724 5648
2723 5779
2722 5643
2721 5671
2720 5378
2719 5596
2718 5475
2717 5428
2716 5359
2715 5364
2714 5130
2713 5293
2712 5195
2711 5075
2710 5159
2709 5074
2708 5089
2707 4873
2706 4916
2705 4930
2704 4785
2703 4692
2702 4652
2701 4617
2700 4717
2699 4500
2698 4414
2697 4528
2696 4514
2695 4414
2694 4183
2693 4192
2692 4293
2691 4074
2690 4010
2689 4043
2688 3920
2687 3844
2686 3765
2685 3665
2684 3746
2683 3519
2682 3597
2681 3356
2680 3418
2679 3278
2678 3180
2677 3219
2676 3120
2675 3137
2674 3071
2673 3022
2672 3056
2671 2844
2670 2854
2669 2733
2668 2786
2667 2652
2666 2646
2665 2668
2664 2529
2663 2493
2662 2472
2661 2452
2660 2223
2659 2290
2658 2167
2657 2200
2656 2128
2655 2119
2654 2084
2653 2022
2652 1897
2651 1878
2650 1863
2649 1798
2648 1771
2647 1665
2646 1662
2645 1637
2644 1580
2643 1583
2642 1424
2641 1454
2640 1399
2639 1408
2638 1364
2637 1338
2636 1297
2635 1242
2634 1239
2633 1188
2632 1169
2631 1124
2630 1070
2629 1069
2628 1020
2627 962
2626 924
2625 940
2624 935
2623 854
2622 877
2621 839
2620 814
2619 748
2618 704
2617 729
2616 736
2615 730
2614 652
2613 657
2612 630
2611 642
2610 539
2609 532
2608 557
2607 554
2606 504
2605 502
2604 499
2603 474
2602 440
2601 468
2600 402
2599 403
2598 365
2597 362
2596 330
2595 317
2594 337
2593 301
2592 293
2591 280
2590 269
2589 277
2588 243
2587 282
2586 240
2585 234
2584 226
2583 243
2582 185
2581 195
2580 205
2579 160
2578 182
2577 174
2576 154
2575 152
2574 153
2573 139
2572 128
2571 128
2570 126
2569 112
2568 123
2567 109
2566 113
2565 105
2564 94
2563 83
2562 83
2561 77
2560 105
2559 79
2558 74
2557 68
2556 59
2555 67
2554 73
2553 53
2552 55
2551 64
2550 44
2549 48
2548 38
2547 33
2546 33
2545 47
2544 31
2543 34
2542 35
2541 30
2540 25
2539 36
2538 25
2537 26
2536 22
2535 26
2534 21
2533 26
2532 17
2531 14
2530 14
2529 15
2528 17
2527 13
2526 15
2525 14
2524 13
2523 18
2522 5
2521 11
2520 9
2519 7
2518 6
2517 10
2516 6
2515 9
2514 7
2513 7
2512 4
2511 5
2510 6
2509 5
2508 3
2507 7
2506 3
2505 3
2504 6
2503 6
2502 7
2501 4
2500 1
2499 1
2498 5
2497 1
2496 3
2495 3
2494 1
2493 4
2492 2
2491 1
2490 1
2488 1
2487 1
2486 2
2485 1
2484 1
2483 3
2481 1
2480 1
2479 1
2475 1
2474 1
2473 1
2472 1
2471 1
2469 1
2468 1
2466 2
2464 1
2451 1
2434 1
