3045 1
3038 1
3037 1
3036 2
3033 2
3032 1
3029 1
3022 2
3020 1
3019 1
3017 1
3015 2
3014 1
3013 2
3012 1
3011 1
3010 2
3009 1
3008 2
3007 1
3006 2
3005 2
3004 2
3003 3
3002 4
3001 5
3000 2
2999 3
2998 7
2997 1
2996 6
2995 3
2994 7
2993 8
2992 4
2991 3
2990 5
2989 9
2988 8
2987 9
2986 9
2985 3
2984 5
2983 15
2982 7
2981 13
2980 14
2979 8
2978 11
2977 7
2976 7
2975 9
2974 14
2973 12
2972 15
2971 17
2970 12
2969 18
2968 15
2967 15
2966 19
2965 19
2964 26
2963 26
2962 30
2961 27
2960 32
2959 30
2958 35
2957 38
2956 31
2955 46
2954 43
2953 43
2952 46
2951 38
2950 53
2949 52
2948 54
2947 53
2946 57
2945 70
2944 66
2943 62
2942 82
2941 71
2940 74
2939 87
2938 105
2937 77
2936 77
2935 104
2934 104
2933 104
2932 108
2931 112
2930 137
2929 132
2928 139
2927 134
2926 161
2925 166
2924 158
2923 180
2922 161
2921 178
2920 188
2919 200
2918 173
2917 220
2916 226
2915 235
2914 246
2913 239
2912 262
2911 255
2910 302
2909 274
2908 307
2907 315
2906 323
2905 365
2904 341
2903 361
2902 405
2901 396
2900 384
2899 455
2898 433
2897 431
2896 448
2895 473
2894 507
2893 552
2892 526
2891 573
2890 602
2889 578
2888 593
2887 674
2886 713
2885 716
2884 715
2883 703
2882 740
2881 815
2880 809
2879 774
2878 821
2877 853
2876 911
2875 969
2874 961
2873 945
2872 993
2871 1068
2870 1121
2869 1123
2868 1132
2867 1203
2866 1202
2865 1226
2864 1359
2863 1377
2862 1331
2861 1367
2860 1479
2859 1491
2858 1518
2857 1568
2856 1613
2855 1662
2854 1625
2853 1711
2852 1669
2851 1841
2850 1773
2849 1922
2848 1946
2847 2037
2846 2021
2845 2103
2844 2179
2843 2156
2842 2197
2841 2225
2840 2293
2839 2320
2838 2414
2837 2414
2836 2485
2835 2640
2834 2753
2833 2781
2832 2796
2831 2833
2830 2831
2829 2881
2828 2873
2827 3069
2826 3069
2825 3150
2824 3300
2823 3239
2822 3369
2821 3394
2820 3472
2819 3595
2818 3612
2817 3634
2816 3541
2815 3757
2814 3781
2813 3890
2812 3851
2811 3933
2810 3990
2809 4137
2808 3983
2807 4250
2806 4116
2805 4342
2804 4446
2803 4439
2802 4573
2801 4624
2800 4515
2799 4482
2798 4757
2797 4680
2796 4755
2795 4835
2794 4946
2793 4843
2792 4999
2791 4951
2790 5168
2789 5064
2788 5247
2787 5242
2786 5409
2785 5316
2784 5422
2783 5547
2782 5550
2781 5559
2780 5523
2779 5683
2778 5595
2777 5803
2776 5694
2775 5586
2774 5777
2773 5574
2772 5669
2771 5956
2770 5939
2769 5996
2768 6080
2767 5928
2766 6045
2765 5961
2764 6161
2763 5945
2762 6117
2761 6102
2760 6165
2759 6069
2758 5931
2757 6126
2756 6070
2755 6223
2754 6294
2753 6034
2752 6093
2751 6277
2750 6112
2749 6295
2748 6354
2747 6232
2746 6156
2745 6160
2744 6275
2743 6164
2742 6170
2741 6127
2740 6196
2739 6161
2738 5944
2737 6025
2736 6098
2735 6033
2734 6078
2733 5929
2732 5979
2731 5955
2730 5895
2729 5873
2728 5882
2727 5821
2726 5790
2725 5726
2724 5743
2723 5723
2722 5655
2721 5801
2720 5436
2719 5658
2718 5470
2717 5427
2716 5474
2715 5393
2714 5244
2713 5258
2712 5247
2711 5227
2710 5034
2709 5015
2708 5027
2707 5126
2706 4878
2705 4842
2704 4834
2703 4877
2702 4875
2701 4730
2700 4584
2699 4572
2698 4556
2697 4457
2696 4373
2695 4188
2694 4203
2693 4110
2692 4053
2691 3966
2690 4011
2689 3963
2688 3893
2687 3759
2686 3770
2685 3733
2684 3694
2683 3645
2682 3503
2681 3471
2680 3418
2679 3470
2678 3292
2677 3239
2676 3159
2675 3096
2674 3106
2673 3012
2672 3078
2671 3064
2670 2794
2669 2758
2668 2729
2667 2728
2666 2654
2665 2477
2664 2562
2663 2506
2662 2508
2661 2349
2660 2360
2659 2261
2658 2248
2657 2162
2656 2165
2655 2070
2654 2022
2653 1913
2652 1954
2651 1915
2650 1790
2649 1805
2648 1733
2647 1837
2646 1763
2645 1602
2644 1607
2643 1537
2642 1543
2641 1439
2640 1439
2639 1388
2638 1344
2637 1322
2636 1232
2635 1223
2634 1192
2633 1186
2632 1201
2631 1065
2630 1119
2629 1023
2628 1015
2627 1028
2626 986
2625 991
2624 859
2623 933
2622 827
2621 807
2620 780
2619 783
2618 754
2617 714
2616 698
2615 701
2614 673
2613 677
2612 627
2611 591
2610 587
2609 577
2608 549
2607 513
2606 501
2605 488
2604 463
2603 445
2602 418
2601 443
2600 426
2599 400
2598 410
2597 369
2596 355
2595 316
2594 304
2593 310
2592 279
2591 293
2590 289
2589 268
2588 272
2587 238
2586 259
2585 267
2584 265
2583 212
2582 207
2581 196
2580 171
2579 157
2578 169
2577 188
2576 156
2575 138
2574 139
2573 157
2572 110
2571 115
2570 131
2569 123
2568 129
2567 108
2566 111
2565 108
2564 88
2563 93
2562 89
2561 75
2560 68
2559 80
2558 67
2557 64
2556 69
2555 53
2554 54
2553 59
2552 53
2551 49
2550 61
2549 53
2548 41
2547 52
2546 33
2545 43
2544 38
2543 27
2542 34
2541 16
2540 25
2539 45
2538 30
2537 20
2536 24
2535 19
2534 22
2533 21
2532 26
2531 19
2530 18
2529 18
2528 14
2527 11
2526 13
2525 10
2524 11
2523 20
2522 14
2521 12
2520 18
2519 10
2518 11
2517 6
2516 5
2515 8
2514 3
2513 13
2512 5
2511 4
2510 5
2509 4
2508 10
2507 4
2506 8
2505 4
2504 5
2503 1
2502 5
2501 5
2500 1
2499 5
2498 1
2497 2
2496 4
2495 3
2494 3
2492 2
2491 3
2490 4
2489 1
2488 4
2487 1
2484 2
2483 1
2482 1
2471 1
2466 2
2457 1
2451 1
2446 1
