5670000000 1
4147200000 1
4133430000 1
4082400000 1
3732480000 1
3686400000 1
3628800000 1
3584000000 1
3572100000 1
3542940000 1
3528000000 2
3499200000 1
3402000000 1
3359232000 1
3306744000 1
3175200000 1
3149280000 1
3110400000 1
3061800000 2
3023308800 1
2939328000 2
2916000000 1
2893401000 1
2880000000 1
2857680000 1
2799360000 4
2778300000 1
2755620000 2
2721600000 3
2678462640 1
2646000000 1
2612736000 3
2592000000 4
2571912000 3
2551500000 1
2550916800 3
2540160000 1
2519424000 4
2508800000 3
2488320000 1
2449440000 2
2419200000 2
2418647040 1
2381400000 1
2380855680 1
2361960000 1
2352000000 2
2351462400 2
2332800000 1
2322432000 2
2314720800 2
2295825120 1
2286144000 3
2268000000 3
2257920000 1
2240000000 1
2239488000 2
2232052200 1
2222640000 1
2205000000 1
2204496000 6
2195200000 1
2177280000 3
2150400000 2
2143260000 3
2116800000 4
2099520000 3
2090188800 1
2073600000 6
2064384000 1
2057529600 5
2041200000 2
2032128000 1
2016000000 1
2015539200 1
2008846980 1
1990656000 2
1968300000 3
1959552000 4
1944000000 4
1935360000 2
1934917632 1
1928934000 4
1920000000 1
1905120000 3
1890000000 1
1889568000 2
1866240000 4
1860043500 1
1857945600 4
1851776640 1
1843200000 2
1837080000 3
1828915200 2
1814400000 4
1806336000 1
1800338400 3
1778112000 4
1764000000 1
1763596800 7
1750329000 1
1749600000 4
1741824000 3
1736040600 1
1728000000 3
1720320000 1
1714608000 2
1701000000 5
1700611200 2
1693440000 6
1679616000 4
1674039150 1
1672151040 1
1666980000 2
1666598976 1
1658880000 5
1653372000 7
1651507200 1
1646400000 1
1646023680 2
1632960000 10
1625702400 5
1620000000 1
1612800000 4
1612431360 2
1607445000 3
1587600000 2
1587237120 1
1580544000 2
1574640000 7
1568000000 1
1567641600 5
1555848000 2
1555200000 10
1548288000 2
1543147200 4
1536000000 1
1530900000 6
1530550080 1
1524096000 6
1512000000 3
1511654400 2
1500282000 2
1492992000 6
1488034800 4
1481760000 4
1474560000 4
1469664000 12
1463132160 3
1458000000 3
1451520000 19
1446700500 1
1445068800 1
1440270720 1
1440000000 1
1433600000 2
1433272320 1
1428840000 7
1417176000 4
1411200000 5
1410877440 3
1404928000 1
1400263200 1
1400000000 3
1399680000 13
1393459200 2
1389150000 1
1388832480 2
1382976000 3
1382400000 4
1377810000 1
1371686400 11
1360800000 12
1354752000 9
1350253800 1
1344000000 3
1343692800 5
1339231320 1
1333584000 5
1327104000 4
1322697600 8
1312200000 3
1306368000 13
1296540000 1
1296243648 1
1296000000 3
1290240000 7
1285956000 4
1280240640 2
1270080000 16
1264435200 2
1260000000 2
1259712000 8
1254400000 2
1254113280 2
1250235000 2
1244678400 1
1244160000 14
1240029000 1
1238630400 1
1234800000 2
1234517760 3
1228800000 2
1224720000 13
1219276800 7
1209600000 19
1209323520 3
1200225600 3
1194393600 7
1190700000 1
1185408000 14
1180980000 6
1179648000 1
1176000000 1
1175731200 6
1171827405 1
1166886000 1
1166400000 18
1161216000 15
1157360400 6
1152216576 1
1152000000 2
1148175000 1
1143072000 21
1134000000 3
1133740800 4
1128960000 8
1125211500 1
1123942400 1
1120210560 1
1120000000 1
1119744000 19
1116026100 2
1111320000 6
1111065984 2
1106380800 1
1105920000 8
1102500000 2
1102248000 12
1097600000 2
1097349120 7
1093500000 2
1089093600 5
1088640000 25
1088391168 1
1083801600 6
1080450000 1
1080203040 6
1080000000 3
1075200000 2
1074954240 2
1071630000 8
1066867200 7
1062882000 2
1061683200 6
1058400000 9
1058158080 7
1050197400 2
1049760000 7
1048576000 2
1045094400 11
1041624360 4
1037232000 3
1036800000 14
1032192000 4
1028764800 11
1024000000 2
1020600000 12
1020366720 3
1016064000 24
1008000000 7
1007769600 10
1003520000 2
1000188000 7
995328000 5
992250000 1
992023200 14
987840000 6
984150000 1
983040000 5
980184240 1
980000000 2
979776000 41
975421440 1
972182736 1
972000000 6
968083200 1
967680000 23
964467000 6
963379200 1
960400000 2
960180480 4
960000000 1
952560000 27
948326400 4
945177660 1
945000000 2
944784000 6
943718400 1
940800000 5
940584960 11
933508800 5
933120000 32
928972800 5
926100000 3
925888320 7
921984000 2
921600000 9
918540000 13
914457600 30
907578000 2
907200000 34
906992640 1
903168000 16
900169200 6
900000000 4
896000000 3
895795200 14
893025000 2
892820880 1
889056000 17
885735000 1
884736000 3
882000000 9
881798400 16
878080000 6
877879296 1
875164500 2
874800000 10
870912000 50
868020300 1
867041280 1
864360000 7
864162432 2
864000000 7
860160000 7
857304000 31
853493760 7
850500000 6
850305600 3
846720000 21
846526464 1
842956800 4
840157920 2
840000000 3
839808000 20
836075520 11
833490000 5
833299488 2
829440000 23
826686000 8
823200000 2
823011840 17
819200000 1
816820200 1
816480000 50
812851200 21
810152280 1
810000000 3
806400000 16
806215680 6
803722500 5
803538792 1
802816000 4
800150400 14
796262400 8
793800000 13
793618560 6
790272000 14
787648050 1
787320000 11
786432000 1
784000000 5
783820800 34
777924000 8
777600000 30
774144000 21
771573600 14
768320000 1
768144384 1
768000000 4
765450000 10
765275040 2
762048000 46
758661120 4
756142128 3
756000000 15
755827200 19
752953600 1
752640000 6
752467968 2
750141000 8
746807040 6
746496000 22
744017400 5
743178240 5
740880000 19
740710656 3
737587200 1
737280000 12
735138180 1
735000000 2
734832000 43
731566080 12
729000000 2
726062400 2
725760000 63
723350250 2
722534400 8
720135360 5
720000000 5
716800000 8
716636160 5
714420000 19
714256704 5
711244800 21
708883245 1
708750000 1
708588000 5
708083712 1
705600000 22
705438720 17
702464000 3
700131600 5
700000000 2
699840000 32
697019904 1
696729600 34
694575000 4
694416240 4
691488000 4
691200000 25
688905000 6
688128000 7
686000000 3
685843200 35
682795008 2
680400000 44
680244480 3
677376000 40
675126900 2
674365440 1
672280000 1
672126336 2
672000000 7
671846400 20
668860416 2
666792000 31
664301250 1
663828480 4
663552000 21
661500000 8
661348800 32
660602880 1
658560000 7
658409472 6
656100000 5
655360000 2
653456160 1
653184000 73
650280960 6
648270000 5
648121824 2
648000000 24
645120000 35
642978000 16
642252800 3
640120320 13
640000000 1
637729200 6
637009920 2
635040000 60
634894848 3
632217600 13
630118440 3
630000000 2
629856000 36
627200000 5
627056640 16
625117500 3
625000000 1
624974616 1
622339200 10
622080000 43
620014500 5
619315200 16
617400000 5
617258880 17
614656000 2
614400000 7
612615150 1
612360000 46
609638400 53
607614210 1
607500000 1
605052000 3
604800000 55
604661760 11
602112000 13
600250000 1
600112800 24
597871125 1
597445632 1
597196800 43
595350000 15
595213920 3
594542592 1
592704000 32
590490000 5
589824000 7
588110544 1
588000000 6
587865600 79
585252864 2
583443000 2
583200000 30
580849920 1
580608000 95
578680200 4
578027520 3
576240000 2
576108288 4
576000000 15
574087500 2
573956280 1
573440000 3
571536000 76
568995840 15
567000000 23
566870400 16
564715200 1
564480000 35
564350976 7
562605750 3
560105280 9
560000000 5
559872000 56
558013050 1
557383680 10
555660000 20
555532992 3
553190400 9
552960000 42
551250000 2
551124000 39
550502400 2
548800000 5
548674560 32
546750000 4
544546800 3
544320000 104
544195584 2
541900800 22
540225000 4
540101520 7
540000000 10
537824000 2
537600000 23
537477120 11
535815000 16
533433600 36
531441000 6
531062784 1
530841600 15
529200000 32
529079040 23
526848000 9
525098700 2
524880000 34
524288000 1
522547200 79
520812180 6
520224768 2
518616000 15
518400000 60
516678750 2
516096000 33
514500000 4
514382400 51
513802240 1
512096256 4
512000000 5
510300000 25
510183360 3
508032000 103
505774080 1
504210000 1
504094752 1
504000000 24
503884800 44
503316480 1
501760000 12
501645312 6
500094000 26
497871360 8
497664000 59
496125000 1
496011600 16
495452160 1
493920000 32
493807104 9
492075000 4
491724800 2
491520000 4
490092120 2
490000000 3
489888000 120
487710720 37
486202500 3
486091368 2
486000000 18
484041600 4
483840000 78
482233500 14
481689600 11
480200000 1
480090240 23
480000000 1
478296900 1
477757440 8
476280000 69
476171136 3
474163200 33
472588830 1
472500000 9
472392000 11
471859200 3
470400000 22
470292480 42
466754400 14
466560000 88
464679936 1
464486400 55
463050000 4
462944160 15
460992000 10
460800000 35
459270000 29
458752000 2
457228800 82
455625000 1
455196672 3
453789000 3
453600000 75
453496320 19
451772160 1
451584000 58
450084600 14
450000000 2
448084224 4
448000000 14
447897600 50
446512500 1
446410440 4
445906944 1
444528000 55
442867500 3
442552320 4
442368000 22
441000000 16
440899200 63
440401920 1
439040000 8
438939648 12
437500000 1
437400000 31
435637440 4
435456000 160
434010150 3
433520640 10
432180000 7
432081216 6
432000000 37
430259200 2
430080000 25
429981696 1
428750000 1
428652000 71
426746880 17
425250000 11
425152800 11
424673280 3
423536400 1
423360000 91
423263232 4
421478400 8
420175000 1
420078960 8
420000000 5
419904000 101
418037760 40
416745000 15
416649744 1
414892800 18
414720000 85
413343000 18
412876800 13
411600000 15
411505920 54
409600000 3
408410100 1
408240000 124
408146688 1
406594944 1
406425600 84
405076140 4
405000000 12
404619264 3
403368000 3
403200000 76
403107840 24
401861250 2
401408000 7
400075200 60
398580750 1
398297088 3
398131200 42
396900000 44
396809280 23
395136000 44
393660000 28
393379840 1
393216000 3
392073696 1
392000000 9
391910400 139
390609135 1
390168576 6
388962000 14
388800000 69
387233280 1
387072000 112
385875000 1
385786800 44
385351680 6
384160000 6
384072192 13
384000000 16
382725000 9
382205952 2
381024000 195
379330560 10
378071064 2
378000000 33
377913600 52
377487360 1
376476800 1
376320000 39
376233984 7
375070500 8
373403520 15
373248000 113
372008700 4
371589120 27
370594350 1
370440000 38
370355328 8
368793600 11
368640000 32
367569090 1
367416000 136
367001600 2
365783040 58
364500000 8
363031200 8
362880000 215
362797056 6
361267200 38
360150000 2
360067680 30
360000000 17
359661568 1
358400000 22
358318080 20
357210000 45
357128352 3
355622400 62
354375000 4
354294000 19
353894400 11
352947000 1
352800000 67
352719360 61
351232000 7
350065800 10
350000000 1
349920000 103
348509952 1
348364800 140
347287500 3
347208120 5
346816512 2
345744000 20
345600000 76
344452500 2
344207360 2
344064000 16
343000000 2
342921600 131
341397504 10
340341750 1
340200000 82
340122240 12
338829120 3
338688000 125
337563450 3
336140000 2
336063168 2
336000000 26
335923200 60
334807830 1
334430208 8
333396000 81
331914240 12
331776000 108
330750000 7
330674400 56
330301440 4
329280000 32
329204736 19
328050000 11
327680000 3
326728080 3
326592000 269
325140480 27
324135000 3
324060912 5
324000000 37
322694400 1
322560000 99
322486272 2
321489000 34
321126400 3
320060160 57
318864600 5
318504960 17
317520000 151
317447424 9
316108800 37
315059220 10
315000000 10
314928000 86
314572800 1
313600000 8
313528320 87
312558750 1
312487308 2
311169600 27
311040000 154
310007250 2
309786624 1
309657600 61
308700000 15
308629440 64
307328000 5
307200000 26
306180000 86
306110016 1
304819200 192
303807105 1
303464448 7
302526000 3
302400000 117
302330880 31
301056000 37
300056400 46
300000000 3
298722816 3
298598400 86
297675000 24
297606960 17
297271296 1
296352000 105
295245000 7
295034880 1
294912000 19
294055272 1
294000000 15
293932800 198
292626432 12
291721500 12
291600000 59
290424960 8
290304000 209
289340100 16
289013760 13
288120000 9
288054144 10
288000000 34
286978140 1
286720000 15
286654464 2
285768000 168
284497920 50
283500000 26
283435200 46
283115520 4
282357600 3
282240000 99
282175488 22
281302875 1
280985600 10
280052640 25
280000000 10
279936000 188
278691840 57
277830000 51
277766496 8
276595200 31
276480000 93
275625000 3
275562000 67
275251200 13
274400000 20
274337280 115
273375000 3
272160000 284
272097792 7
270950400 114
270112500 2
270050760 16
270000000 14
269746176 2
268912000 6
268800000 54
268738560 51
267907500 11
267846264 3
266716800 100
265720500 7
265531392 3
265420800 50
264710250 2
264600000 67
264539520 76
264241152 2
263424000 40
262549350 3
262440000 62
262144000 4
261273600 273
260406090 2
260112384 6
259308000 20
259200000 130
258155520 3
258048000 102
257250000 3
257191200 117
256901120 3
256048128 18
256000000 3
255150000 47
255091680 8
254803968 4
254121840 1
254016000 298
252887040 22
252047376 7
252000000 56
251942400 113
250880000 29
250822656 16
250047000 35
250000000 1
248935680 35
248832000 195
248062500 3
248005800 23
247726080 28
246960000 68
246903552 23
245862400 5
245760000 24
245046060 3
245000000 3
244944000 247
243855360 94
243045684 1
243000000 32
242020800 7
241920000 269
241864704 8
241116750 3
240844800 24
240100000 3
240045120 72
240000000 8
239148450 1
238878720 37
238140000 136
238085568 14
237081600 98
236294415 2
236250000 4
236196000 49
236027904 2
235929600 12
235200000 60
235146240 126
233377200 25
233280000 210
232339968 6
232243200 170
231525000 14
231472080 37
230496000 13
230400000 77
229635000 32
229582512 1
229376000 4
228709656 1
228614400 252
227598336 9
226894500 5
226800000 150
226748160 35
225886080 1
225792000 164
225042300 20
225000000 3
224788480 3
224042112 9
224000000 24
223948800 158
223256250 1
223205220 4
222953472 13
222264000 137
221276160 24
221184000 80
220500000 15
220449600 161
220200960 2
219520000 22
219469824 41
218791125 1
218700000 43
217818720 6
217728000 420
217005075 1
216760320 56
216090000 14
216040608 17
216000000 56
215129600 3
215040000 85
214990848 14
214326000 105
213373440 98
212625000 8
212576400 22
212336640 21
211768200 1
211680000 236
211631616 20
210739200 26
210039480 14
210000000 13
209952000 217
209018880 139
208372500 16
208324872 2
207446400 60
207360000 207
206671500 18
206524416 2
206438400 66
205800000 18
205752960 150
204800000 10
204205050 1
204120000 229
204073344 8
203297472 2
203212800 266
202538070 7
202500000 4
202309632 5
201684000 3
201600000 147
201553920 67
200884698 3
200704000 31
200037600 117
200000000 1
199148544 13
199065600 124
198450000 46
198404640 60
198180864 4
197568000 120
196830000 26
196689920 4
196608000 13
196036848 4
196000000 11
195955200 395
195084288 23
194481000 19
194400000 133
193616640 11
193536000 305
192937500 1
192893400 52
192675840 8
192080000 9
192036096 28
192000000 35
191362500 5
191318760 5
191102976 5
190512000 348
189665280 61
189035532 3
189000000 59
188956800 107
188743680 4
188238400 1
188160000 96
188116992 34
187535250 5
186701760 42
186624000 291
186004350 4
185794560 77
185220000 80
185177664 14
184396800 31
184320000 102
183708000 176
183500800 6
182891520 220
182250000 16
181515600 16
181440000 441
181398528 15
180633600 124
180075000 4
180033840 52
180000000 20
179200000 42
179159040 69
178605000 62
178564176 6
177885288 1
177811200 196
177187500 2
177147000 13
177020928 3
176947200 55
176473500 1
176400000 115
176359680 165
175616000 36
175032900 20
175000000 4
174960000 172
174254976 3
174182400 417
173643750 3
173604060 11
173408256 8
172872000 40
172800000 147
172226250 3
172103680 2
172032000 66
171500000 5
171460800 272
170698752 26
170100000 121
170061120 31
169869312 1
169414560 5
169344000 382
168781725 1
168750000 2
168591360 10
168070000 1
168031584 9
168000000 54
167961600 249
167215104 25
166698000 84
165957120 42
165888000 202
165375000 10
165337200 91
165150720 17
164708600 1
164640000 71
164602368 46
164025000 12
163840000 16
163364040 9
163296000 552
162570240 138
162067500 8
162030456 7
162000000 70
161347200 15
161280000 228
161243136 24
160744500 38
160563200 20
160030080 135
160000000 8
159432300 6
159252480 69
158760000 262
158723712 13
158054400 113
157529610 5
157500000 21
157464000 147
157286400 5
156800000 31
156764160 230
156243654 1
155584800 70
155520000 314
154893312 1
154828800 179
154350000 16
154314720 106
154140672 2
153664000 11
153600000 42
153090000 114
153055008 5
152473104 1
152409600 496
151875000 1
151732224 12
151263000 12
151200000 257
151165440 95
150994944 1
150590720 1
150528000 101
150062500 2
150028200 74
150000000 5
149361408 19
149299200 255
148837500 12
148803480 12
148635648 14
148237740 1
148176000 215
147622500 7
147517440 8
147456000 85
147027636 4
147000000 21
146966400 362
146313216 58
145860750 8
145800000 114
145212480 15
145152000 617
144670050 12
144506880 53
144060000 14
144027072 31
144000000 80
143360000 47
143327232 12
142884000 297
142248960 139
141750000 41
141717600 62
141557760 15
141178800 2
141120000 250
141087744 38
140492800 11
140026320 26
140000000 5
139968000 369
139345920 221
138915000 56
138883248 17
138297600 60
138240000 240
137781000 62
137682944 1
137625600 36
137200000 17
137168640 272
136687500 1
136136700 10
136080000 445
136048896 15
135531648 3
135475200 342
135025380 19
135000000 14
134873088 3
134456000 5
134400000 116
134369280 128
133953750 5
133923132 4
133358400 225
132860250 2
132765696 12
132710400 158
132300000 100
132269760 113
132120576 3
131712000 86
131220000 111
131072000 5
130691232 5
130636800 650
130203045 1
130056192 18
129654000 43
129600000 212
129077760 6
129024000 254
128625000 2
128595600 159
128450560 2
128024064 52
128000000 21
127575000 37
127545840 10
127401984 1
127060920 1
127008000 555
126443520 59
126052500 3
126023688 12
126000000 82
125971200 234
125829120 6
125440000 59
125411328 69
125023500 48
124467840 74
124416000 422
124031250 1
124002900 22
123863040 67
123480000 120
123451776 47
123018750 1
122931200 20
122880000 66
122523030 1
122500000 4
122472000 410
121927680 302
121550625 1
121522842 1
121500000 31
121010400 13
120960000 547
120932352 33
120422400 74
120050000 3
120022560 117
120000000 20
119574225 1
119439360 120
119070000 165
119042784 22
118540800 246
118125000 6
118098000 69
118013952 4
117964800 41
117649000 2
117600000 101
117573120 311
116688600 43
116640000 343
116169984 5
116121600 516
115762500 11
115736040 44
115605504 4
115248000 35
115200000 125
114817500 13
114791256 2
114688000 45
114307200 538
113906250 1
113799168 35
113447250 2
113400000 203
113374080 73
113246208 3
112943040 3
112896000 342
112521150 15
112500000 2
112394240 5
112021056 19
112000000 37
111974400 390
111628125 1
111602610 8
111476736 24
111132000 205
110638080 41
110592000 222
110250000 19
110224800 235
110100480 6
109760000 36
109734912 86
109350000 36
108909360 11
108864000 914
108380160 153
108045000 14
108020304 27
108000000 102
107564800 5
107520000 196
107495424 33
107187500 1
107163000 138
106686720 222
106312500 6
106288200 19
106168320 50
105884100 1
105840000 370
105815808 56
105369600 94
105019740 19
105000000 12
104976000 301
104857600 1
104509440 381
104186250 3
104162436 10
103723200 112
103680000 417
103335750 3
103262208 1
103219200 183
102900000 36
102876480 237
102400000 23
102102525 1
102060000 312
102036672 5
101648736 1
101606400 614
101250000 16
101154816 10
100842000 5
100800000 246
100776960 165
100352000 63
100018800 185
100000000 3
99574272 29
99532800 337
99225000 51
99202320 76
99090432 13
98784000 236
98415000 42
98344960 3
98304000 49
98018424 5
98000000 29
97977600 687
97542144 80
97240500 26
97200000 232
96808320 17
96768000 624
96446700 50
96337920 22
96040000 17
96018048 49
96000000 57
95681250 4
95659380 2
95551488 25
95256000 538
94832640 147
94500000 59
94478400 147
94371840 15
94119200 3
94080000 195
94058496 102
93767625 1
93350880 69
93312000 606
93002175 1
92897280 246
92610000 93
92588832 46
92198400 54
92160000 207
91875000 2
91854000 242
91750400 13
91445760 414
91125000 10
90757800 21
90720000 757
90699264 27
90316800 248
90037500 1
90016920 52
90000000 28
89600000 69
89579520 178
89302500 41
89282088 5
88905600 364
88593750 1
88573500 8
88510464 9
88473600 136
88200000 173
88179840 280
88080384 3
87808000 43
87516450 14
87500000 2
87480000 278
87127488 12
87091200 921
86802030 9
86704128 38
86436000 60
86400000 291
86051840 1
86016000 156
85750000 6
85730400 412
85349376 73
85050000 116
85030560 36
84934656 9
84707280 1
84672000 681
84295680 40
84035000 1
84015792 11
84000000 78
83980800 455
83886080 1
83607552 73
83349000 109
82978560 82
82944000 506
82687500 6
82668600 82
82575360 50
82320000 99
82301184 97
82012500 6
81920000 26
81682020 5
81648000 890
81285120 354
81033750 3
81015228 15
81000000 77
80673600 14
80640000 499
80621568 64
80372250 14
80281600 32
80015040 246
80000000 6
79716150 2
79626240 131
79413075 1
79380000 327
79361856 39
79027200 230
78764805 2
78750000 4
78732000 155
78675968 1
78643200 28
78400000 59
78382080 504
78121827 1
77792400 93
77760000 559
77446656 8
77414400 483
77175000 29
77157360 144
77070336 6
76832000 21
76800000 113
76545000 119
76527504 3
76236552 3
76204800 861
75866112 32
75631500 4
75600000 331
75582720 170
75497472 3
75264000 253
75014100 75
75000000 3
74680704 35
74649600 555
74418750 5
74401740 18
74317824 43
74088000 332
73758720 20
73728000 172
73513818 2
73500000 31
73483200 544
73400320 5
73156608 141
72900000 131
72606240 26
72576000 1146
72335025 2
72253440 105
72030000 24
72013536 44
72000000 96
71680000 71
71663616 35
71442000 343
71124480 305
70875000 33
70858800 73
70778880 38
70589400 2
70560000 425
70543872 120
70246400 39
70013160 38
70000000 18
69984000 589
69672960 466
69457500 37
69441624 24
69148800 97
69120000 457
68890500 39
68841472 1
68812800 87
68600000 19
68584320 467
68343750 2
68068350 9
68040000 634
68024448 25
67765824 4
67737600 639
67512690 15
67500000 16
67436544 6
67228000 9
67200000 190
67184640 284
66679200 355
66382848 22
66355200 367
66150000 109
66134880 193
66060288 5
65856000 208
65625000 1
65610000 114
65536000 15
65345616 6
65318400 1156
65028096 89
64827000 34
64800000 338
64538880 10
64512000 532
64312500 2
64297800 189
64225280 8
64012032 109
64000000 24
63787500 26
63772920 11
63700992 27
63530460 5
63504000 856
63221760 133
63026250 1
63011844 4
63000000 92
62985600 346
62914560 5
62720000 106
62705664 141
62511750 19
62500000 1
62233920 91
62208000 881
62001450 8
61931520 187
61740000 134
61725888 94
61465600 25
61440000 120
61250000 4
61236000 573
60963840 614
60750000 36
60505200 22
60480000 937
60466176 53
60236288 1
60211200 178
60025000 4
60011280 152
60000000 25
59719680 280
59535000 129
59521392 19
59295096 1
59270400 406
59062500 1
59049000 51
59006976 7
58982400 94
58800000 140
58786560 554
58344300 31
58320000 525
58084992 10
58060800 1072
57881250 3
57868020 36
57802752 22
57624000 86
57600000 272
57408750 9
57395628 1
57344000 46
57153600 778
56899584 87
56700000 264
56687040 102
56623104 5
56471520 7
56448000 654
56260575 3
56250000 1
56197120 18
56010528 28
56000000 46
55987200 712
55801305 2
55738368 91
55566000 211
55319040 72
55296000 487
55125000 20
55112400 265
55050240 27
54880000 55
54867456 173
54675000 33
54454680 23
54432000 1447
54190080 318
54022500 10
54010152 24
54000000 140
53782400 9
53760000 324
53747712 69
53581500 95
53343360 388
53144100 14
53084160 131
52942050 1
52920000 484
52907904 104
52684800 159
52509870 16
52500000 15
52488000 451
52428800 8
52254720 799
52093125 2
52081218 5
51861600 131
51840000 770
51667875 3
51631104 3
51609600 323
51450000 31
51438240 322
51380224 3
51200000 38
51030000 310
51018336 18
50824368 2
50803200 1135
50625000 6
50577408 19
50421000 12
50400000 378
50388480 332
50176000 121
50009400 137
50000000 1
49787136 42
49766400 691
49612500 32
49601160 60
49545216 38
49412580 1
49392000 350
49218750 1
49207500 16
49172480 21
49152000 96
49009212 9
49000000 21
48988800 1156
48771072 153
48620250 5
48600000 272
48404160 27
48384000 1280
48223350 29
48168960 75
48020000 22
48009024 103
48000000 84
47840625 1
47829690 3
47775744 56
47628000 731
47416320 265
47258883 1
47250000 61
47239200 209
47185920 42
47059600 3
47040000 312
47029248 193
46675440 95
46656000 1063
46448640 472
46305000 90
46294416 40
46099200 76
46080000 399
45927000 209
45875200 33
45722880 748
45562500 3
45378900 22
45360000 979
45349632 53
45177216 1
45158400 527
45008460 41
45000000 33
44800000 106
44789760 406
44651250 19
44641044 7
44452800 519
44286750 3
44255232 17
44236800 331
44100000 134
44089920 449
44040192 5
43904000 84
43758225 1
43740000 251
43563744 11
43545600 1567
43401015 2
43352064 73
43218000 77
43200000 417
43025920 6
43008000 304
42875000 6
42865200 458
42674688 127
42525000 81
42515280 53
42467328 27
42353640 2
42336000 1118
42187500 3
42147840 81
42017500 3
42007896 13
42000000 83
41990400 652
41803776 176
41674500 73
41489280 141
41472000 1001
41343750 3
41334300 46
41287680 136
41160000 133
41150592 189
41006250 2
40960000 45
40841010 5
40824000 1184
40642560 687
40507614 3
40500000 82
40336800 22
40320000 813
40310784 103
40186125 5
40140800 68
40007520 308
40000000 19
39858075 1
39813120 309
39690000 282
39680928 48
39513600 398
39375000 8
39366000 186
39337984 2
39321600 37
39200000 84
39191040 911
38896200 96
38880000 809
38723328 8
38707200 957
38587500 11
38578680 127
38535168 6
38416000 42
38400000 177
38272500 65
38263752 9
38102400 1300
37933056 81
37815750 3
37800000 406
37791360 256
37748736 3
37647680 2
37632000 452
37507050 36
37500000 1
37340352 55
37324800 1048
37200870 12
37158912 86
37044000 342
36879360 61
36864000 338
36750000 21
36741600 665
36700160 12
36578304 236
36450000 100
36303120 31
36288000 1868
36126720 235
36015000 12
36006768 56
36000000 146
35840000 125
35831808 110
35721000 319
35562240 468
35437500 18
35429400 71
35389440 105
35294700 3
35280000 531
35271936 216
35123200 71
35006580 38
35000000 8
34992000 848
34836480 953
34728750 10
34720812 10
34574400 160
34560000 786
34445250 16
34420736 1
34406400 182
34300000 18
34292160 605
34034175 1
34020000 691
34012224 26
33882912 5
33868800 1101
33756345 4
33750000 24
33718272 19
33614000 5
33600000 264
33592320 524
33554432 1
33480783 1
33339600 347
33191424 49
33177600 673
33075000 78
33067440 204
33030144 16
32928000 239
32805000 77
32768000 32
32672808 10
32659200 1843
32514048 153
32413500 33
32400000 409
32269440 19
32256000 950
32148900 149
32112640 20
32006016 158
32000000 43
31893750 7
31886460 7
31850496 61
31765230 2
31752000 1098
31610880 246
31505922 11
31500000 84
31492800 423
31457280 11
31360000 154
31352832 266
31255875 7
31116960 146
31104000 1383
31000725 6
30965760 422
30870000 134
30862944 129
30732800 37
30720000 219
30625000 1
30618000 589
30481920 1054
30375000 16
30252600 16
30240000 1194
30233088 93
30105600 341
30012500 4
30005640 145
30000000 28
29859840 550
29767500 87
29760696 31
29647548 1
29635200 612
29531250 1
29524500 37
29503488 11
29491200 215
29412250 1
29400000 144
29393280 838
29360128 1
29172150 14
29160000 575
29042496 20
29030400 1844
28934010 32
28901376 44
28812000 65
28800000 411
28672000 113
28576800 933
28449792 152
28350000 223
28343520 124
28311552 10
28235760 4
28224000 1009
28125000 3
28098560 30
28005264 34
28000000 69
27993600 1156
27869184 214
27783000 195
27659520 112
27648000 929
27562500 8
27556200 219
27525120 52
27440000 83
27433728 324
27337500 28
27227340 21
27216000 1830
27095040 646
27011250 3
27005076 22
27000000 136
26891200 7
26880000 537
26873856 142
26790750 36
26671680 494
26572050 6
26542080 304
26460000 496
26453952 130
26342400 252
26250000 13
26244000 406
26214400 13
26127360 1269
25930800 113
25920000 1027
25815552 8
25804800 724
25725000 25
25719120 327
25690112 2
25600000 85
25515000 245
25509168 20
25412184 2
25401600 1635
25312500 1
25288704 60
25210500 7
25200000 489
25194240 442
25165824 2
25088000 175
25004700 114
25000000 4
24893568 63
24883200 1253
24806250 6
24800580 41
24772608 72
24696000 417
24603750 5
24586240 19
24576000 208
24504606 4
24500000 25
24494400 1382
24385536 257
24310125 9
24300000 261
24202080 26
24192000 1940
24111675 5
24084480 132
24010000 13
24004512 124
24000000 109
23914845 2
23887872 131
23814000 673
23708160 508
23625000 34
23619600 176
23592960 64
23529800 1
23520000 369
23514624 312
23337720 82
23328000 1325
23224320 866
23152500 53
23147208 45
23049600 93
23040000 593
22963500 116
22937600 64
22861440 1071
22781250 4
22689450 6
22680000 1087
22674816 82
22588608 2
22579200 898
22504230 39
22500000 18
22478848 3
22400000 151
22394880 743
22325625 1
22320522 7
22226400 556
22127616 56
22118400 638
22050000 137
22044960 498
22020096 10
21952000 111
21875000 2
21870000 275
21781872 11
21772800 2516
21676032 125
21609000 54
21600000 505
21512960 10
21504000 549
21437500 1
21432600 357
21337344 245
21262500 37
21257640 28
21233664 52
21176820 3
21168000 1285
21093750 1
21073920 137
21003948 17
21000000 95
20995200 864
20971520 5
20901888 357
20837250 33
20744640 156
20736000 1481
20671875 1
20667150 30
20643840 262
20580000 108
20575296 210
20480000 69
20420505 2
20412000 1169
20321280 1122
20253807 2
20250000 63
20168400 30
20160000 1141
20155392 166
20070400 122
20003760 303
20000000 16
19906560 588
19845000 258
19840464 56
19756800 606
19687500 3
19683000 111
19668992 1
19660800 88
19600000 89
19595520 1270
19448100 54
19440000 980
19361664 18
19353600 1767
19293750 9
19289340 94
19267584 20
19208000 37
19200000 241
19136250 26
19131876 2
19051200 1501
18966528 138
18900000 358
18895680 291
18874368 12
18823840 1
18816000 569
18753525 12
18670176 80
18662400 1600
18600435 3
18579456 199
18522000 314
18439680 64
18432000 622
18375000 17
18370800 649
18350080 17
18289152 433
18225000 85
18151560 29
18144000 2446
18063360 451
18007500 10
18003384 57
18000000 153
17920000 203
17915904 172
17860500 194
17781120 638
17718750 7
17714700 35
17694720 224
17647350 1
17640000 598
17635968 250
17561600 94
17503290 24
17500000 6
17496000 869
17418240 1599
17364375 4
17360406 5
17287200 132
17280000 1123
17222625 5
17210368 2
17203200 347
17150000 28
17146080 734
17010000 569
17006112 34
16941456 5
16934400 1670
16875000 11
16859136 29
16807000 3
16800000 320
16796160 746
16669800 297
16595712 72
16588800 1284
16537500 50
16533720 165
16515072 49
16464000 294
16402500 42
16384000 51
16336404 6
16329600 2265
16257024 309
16206750 13
16200000 388
16134720 31
16128000 1509
16074450 66
16056320 36
16003008 180
16000000 53
15946875 3
15943230 5
15925248 114
15876000 1119
15805440 372
15752961 3
15750000 61
15746400 423
15728640 32
15680000 198
15676416 460
15558480 151
15552000 1904
15482880 751
15435000 89
15431472 115
15366400 58
15360000 324
15312500 1
15309000 436
15240960 1442
15187500 9
15126300 16
15120000 1333
15116544 133
15052800 524
15006250 1
15002820 88
15000000 21
14929920 924
14883750 31
14880348 15
14817600 707
14762250 8
14751744 16
14745600 351
14700000 144
14696640 939
14680064 1
14586075 6
14580000 566
14521248 20
14515200 2760
14467005 2
14450688 97
14406000 65
14400000 492
14336000 186
14288400 894
14224896 236
14175000 154
14171760 101
14155776 34
14117880 3
14112000 1278
14049280 48
14002632 38
14000000 65
13996800 1393
13934592 394
13891500 103
13829760 154
13824000 1299
13781250 3
13778100 141
13762560 126
13720000 78
13716864 395
13668750 5
13613670 11
13608000 2055
13547520 1041
13502538 14
13500000 103
13445600 13
13440000 725
13436928 225
13395375 7
13335840 570
13286025 1
13271040 556
13230000 421
13226976 138
13171200 361
13125000 9
13122000 349
13107200 22
13063680 1830
12965400 106
12960000 1288
12907776 11
12902400 1174
12862500 12
12859560 297
12845056 3
12800000 97
12757500 135
12754584 5
12706092 2
12700800 2049
12656250 1
12644352 94
12605250 4
12600000 396
12597120 488
12582912 3
12544000 209
12502350 44
12500000 5
12446784 83
12441600 1861
12403125 2
12400290 12
12386304 156
12348000 420
12301875 1
12293120 30
12288000 279
12252303 1
12250000 18
12247200 1312
12192768 469
12150000 176
12101040 38
12096000 2455
12042240 214
12005000 12
12002256 113
12000000 111
11943936 203
11907000 502
11854080 633
11812500 23
11809800 113
11796480 135
11764900 1
11760000 431
11757312 467
11668860 60
11664000 1486
11612160 1548
11576250 20
11573604 27
11524800 95
11520000 854
11481750 42
11468800 106
11430720 1178
11340000 969
11337408 87
11289600 1275
11252115 8
11250000 11
11239424 9
11200000 168
11197440 1000
11113200 527
11063808 46
11059200 980
11025000 98
11022480 401
11010048 24
10976000 153
10935000 168
10890936 11
10886400 3021
10838016 238
10804500 38
10800000 527
10756480 14
10752000 809
10716300 224
10668672 256
10631250 8
10628820 19
10616832 93
10588410 2
10584000 1398
10536960 196
10501974 11
10500000 76
10497600 871
10485760 12
10450944 530
10418625 5
10372320 197
10368000 2023
10333575 4
10321920 495
10290000 114
10287648 253
10240000 98
10206000 955
10160640 1535
10125000 40
10084200 15
10080000 1251
10077696 235
10035200 181
10001880 240
10000000 9
9953280 986
9922500 135
9920232 43
9878400 636
9843750 1
9841500 66
9834496 5
9830400 160
9800000 77
9797760 1605
9724050 26
9720000 924
9680832 13
9676800 2399
9646875 1
9644670 36
9633792 41
9604000 33
9600000 289
9568125 6
9525600 1482
9483264 180
9450000 296
9447840 264
9437184 19
9411920 3
9408000 780
9375000 1
9335088 68
9331200 2132
9289728 339
9261000 212
9219840 80
9216000 946
9187500 9
9185400 452
9175040 28
9144576 555
9112500 32
9075780 14
9072000 2600
9031680 691
9003750 8
9001692 32
9000000 151
8960000 278
8957952 320
8930250 66
8890560 742
8857350 16
8847360 435
8820000 541
8817984 304
8780800 112
8751645 8
8750000 8
8748000 787
8709120 2208
8680203 3
8643600 150
8640000 1370
8605184 5
8601600 546
8575000 10
8573040 624
8505000 329
8503056 19
8470728 3
8467200 2066
8437500 2
8429568 59
8403500 4
8400000 349
8398080 896
8388608 1
8334900 162
8297856 77
8294400 1912
8268750 10
8266860 77
8257536 68
8235430 1
8232000 315
8201250 20
8192000 113
8168202 4
8164800 2288
8128512 451
8103375 3
8100000 316
8067360 31
8064000 1954
8037225 16
8028160 77
8001504 219
8000000 37
7962624 221
7938000 914
7902720 465
7875000 36
7873200 377
7864320 62
7840000 205
7838208 652
7779240 108
7776000 2090
7741440 1233
7717500 57
7715736 98
7683200 62
7680000 455
7656250 1
7654500 218
7620480 1621
7593750 5
7563150 8
7560000 1329
7558272 155
7526400 703
7501410 55
7500000 18
7464960 1347
7441875 7
7440174 7
7408800 691
7381125 2
7375872 29
7372800 595
7350000 78
7348320 891
7340032 5
7290000 380
7260624 29
7257600 3461
7225344 141
7203000 36
7200000 489
7168000 300
7144200 554
7112448 294
7087500 56
7085880 98
7077888 66
7058940 1
7056000 1328
7024640 70
7001316 23
7000000 47
6998400 1555
6967296 585
6945750 45
6914880 146
6912000 1867
6889050 52
6881280 243
6860000 46
6858432 423
6806835 3
6804000 1745
6773760 1369
6751269 3
6750000 70
6722800 6
6720000 806
6718464 309
6667920 457
6635520 837
6615000 247
6613488 128
6585600 435
6561000 237
6553600 39
6531840 2218
6482700 66
6480000 1296
6453888 9
6451200 1638
6431250 4
6429780 142
6422528 10
6400000 112
6378750 35
6377292 7
6353046 2
6350400 1947
6322176 141
6302625 1
6300000 355
6298560 558
6291456 5
6272000 243
6251175 11
6223392 90
6220800 2407
6200145 6
6193152 205
6174000 275
6146560 24
6144000 467
6125000 12
6123600 1082
6096384 641
6075000 116
6050520 24
6048000 2840
6021120 348
6002500 5
6001128 93
6000000 100
5971968 316
5953500 251
5927040 656
5906250 6
5904900 72
5898240 247
5880000 435
5878656 475
5834430 26
5832000 1417
5806080 2170
5788125 2
5786802 16
5762400 106
5760000 1007
5740875 5
5734400 136
5715360 1069
5670000 705
5668704 83
5647152 3
5644800 1589
5625000 10
5619712 12
5600000 160
5598720 1353
5556600 361
5531904 81
5529600 1518
5512500 35
5511240 278
5505024 35
5488000 131
5467500 77
5445468 12
5443200 3289
5419008 369
5402250 14
5400000 458
5378240 9
5376000 1022
5358150 72
5334336 274
5314410 7
5308416 168
5294205 2
5292000 1196
5268480 264
5250987 6
5250000 44
5248800 812
5242880 11
5225472 752
5186160 156
5184000 2435
5160960 752
5145000 53
5143824 181
5120000 180
5103000 609
5080320 1925
5062500 17
5042100 10
5040000 1248
5038848 274
5017600 216
5000940 150
5000000 9
4976640 1416
4961250 37
4960116 23
4939200 665
4921875 1
4920750 19
4917248 15
4915200 322
4900000 63
4898880 1530
4862025 5
4860000 752
4840416 13
4838400 3103
4822335 8
4816896 65
4802000 31
4800000 327
4762800 1184
4741632 253
4725000 176
4723920 217
4718592 38
4704000 813
4687500 1
4667544 43
4665600 2228
4644864 512
4630500 123
4609920 100
4608000 1190
4593750 1
4592700 252
4587520 60
4572288 540
4556250 3
4537890 10
4536000 2536
4515840 953
4500846 18
4500000 97
4480000 286
4478976 389
4465125 9
4445280 622
4428675 2
4423680 643
4410000 366
4408992 262
4390400 165
4375000 1
4374000 581
4354560 2699
4321800 90
4320000 1334
4302592 5
4300800 785
4287500 3
4286520 424
4252500 170
4251528 23
4235364 1
4233600 2045
4214784 67
4201750 1
4200000 283
4199040 986
4194304 2
4167450 71
4148928 89
4147200 2477
4134375 2
4133430 35
4128768 117
4116000 246
4100625 1
4096000 120
4084101 1
4082400 2059
4064256 661
4050000 249
4033680 27
4032000 2141
4014080 110
4000752 178
4000000 43
3981312 340
3969000 534
3951360 557
3937500 14
3936600 223
3932160 98
3920000 203
3919104 776
3889620 65
3888000 2056
3870720 1689
3858750 17
3857868 48
3841600 52
3840000 552
3827250 81
3810240 1573
3781575 1
3780000 996
3779136 166
3763200 854
3750705 12
3750000 12
3732480 1780
3720087 2
3704400 546
3687936 34
3686400 896
3675000 51
3674160 648
3670016 13
3645000 223
3630312 13
3628800 3827
3612672 216
3601500 26
3600000 490
3584000 362
3572100 312
3556224 289
3543750 28
3542940 41
3538944 114
3528000 1138
3512320 75
3500658 8
3500000 33
3499200 1497
3483648 823
3472875 9
3457440 163
3456000 2077
3444525 8
3440640 308
3430000 35
3429216 396
3402000 1219
3386880 1647
3375000 26
3361400 6
3360000 787
3359232 408
3333960 316
3317760 1197
3307500 133
3306744 70
3292800 421
3281250 2
3280500 115
3276800 67
3265920 2392
3241350 36
3240000 1052
3226944 9
3225600 2091
3215625 2
3214890 59
3211264 19
3200000 107
3189375 10
3188646 5
3176523 1
3175200 1698
3161088 186
3150000 219
3149280 467
3145728 9
3136000 302
3111696 70
3110400 2788
3096576 410
3087000 165
3073280 51
3072000 568
3062500 8
3061800 658
3048192 710
3037500 47
3025260 19
3024000 2724
3010560 477
3001250 3
3000564 62
3000000 77
2985984 530
2976750 81
2963520 644
2953125 2
2952450 26
2949120 339
2940000 332
2939328 464
2917215 3
2916000 1117
2903040 2633
2893401 4
2881200 84
2880000 1129
2867200 247
2857680 825
2835000 408
2834352 49
2822400 1654
2812500 1
2809856 19
2800000 144
2799360 1504
2778300 177
2765952 86
2764800 1894
2756250 12
2755620 157
2752512 66
2744000 107
2733750 17
2722734 1
2721600 2950
2709504 501
2701125 3
2700000 381
2689120 12
2688000 1191
2679075 20
2667168 271
2654208 262
2646000 875
2634240 279
2625000 25
2624400 563
2621440 25
2612736 960
2593080 98
2592000 2417
2580480 1034
2572500 28
2571912 128
2560000 191
2551500 295
2540160 1853
2531250 1
2521050 5
2520000 1022
2519424 248
2508800 249
2500470 60
2500000 10
2488320 1834
2480625 5
2480058 17
2469600 518
2460375 4
2458624 18
2457600 404
2450000 46
2449440 1367
2430000 451
2420208 12
2419200 3432
2408448 97
2401000 8
2400000 273
2381400 738
2370816 265
2362500 62
2361960 112
2359296 62
2352980 2
2352000 762
2333772 34
2332800 2173
2322432 742
2315250 45
2304960 102
2304000 1533
2296350 83
2293760 93
2286144 523
2278125 1
2268000 1890
2257920 1210
2250423 3
2250000 62
2240000 287
2239488 524
2222640 493
2211840 896
2205000 202
2204496 199
2195200 145
2187500 1
2187000 349
2177280 2917
2160900 46
2160000 1157
2151296 4
2150400 954
2143260 260
2126250 46
2125764 13
2116800 1835
2107392 78
2100000 192
2099520 884
2097152 1
2083725 8
2074464 102
2073600 2814
2066715 3
2064384 195
2058000 183
2048000 177
2041200 1372
2032128 689
2025000 119
2016840 16
2016000 2119
2007040 127
2000376 108
2000000 54
1990656 456
1984500 276
1975680 553
1968750 3
1968300 116
1966080 154
1960000 137
1959552 779
1944810 26
1944000 1783
1935360 2075
1929375 2
1928934 24
1920800 34
1920000 646
1913625 8
1905120 1342
1890000 684
1889568 120
1882384 2
1881600 879
1875000 3
1866240 1851
1852200 333
1843968 40
1843200 1090
1837500 22
1837080 420
1835008 19
1822500 109
1815156 7
1814400 3507
1806336 272
1800750 4
1800000 378
1792000 335
1786050 100
1778112 286
1771875 3
1771470 11
1769472 159
1764000 885
1756160 84
1750329 1
1750000 23
1749600 1102
1741824 1011
1728720 109
1728000 2226
1720320 436
1715000 17
1714608 300
1701000 687
1693440 1703
1687500 10
1680700 4
1680000 650
1679616 391
1666980 149
1658880 1659
1653750 39
1653372 43
1646400 394
1640250 35
1638400 113
1632960 2091
1620675 6
1620000 832
1613472 9
1612800 2364
1607445 12
1605632 17
1600000 101
1587600 1118
1580544 195
1575000 117
1574640 316
1572864 23
1568000 256
1555848 51
1555200 2765
1548288 501
1543500 88
1536640 39
1536000 708
1531250 1
1530900 302
1524096 752
1518750 11
1512630 11
1512000 2154
1505280 499
1500625 2
1500282 34
1500000 70
1492992 607
1488375 15
1481760 588
1476225 3
1474560 505
1470000 185
1469664 374
1458000 702
1451520 2966
1440600 55
1440000 1026
1433600 284
1428840 502
1417500 172
1417176 41
1411200 1584
1404928 22
1400000 110
1399680 1401
1389150 70
1382976 68
1382400 2139
1378125 1
1377810 43
1376256 82
1372000 63
1366875 5
1361367 4
1360800 2206
1354752 535
1350000 187
1344560 7
1344000 1151
1333584 223
1327104 369
1323000 447
1317120 277
1312500 8
1312200 313
1310720 28
1306368 1013
1296540 61
1296000 2068
1290240 1310
1286250 7
1285956 70
1280000 176
1275750 71
1270080 1623
1260525 2
1260000 700
1259712 268
1254400 272
1250235 16
1250000 5
1244160 1993
1234800 342
1229312 13
1228800 459
1225000 16
1224720 992
1215000 223
1210104 12
1209600 3223
1204224 138
1200500 6
1200000 197
1190700 337
1185408 243
1181250 17
1180980 63
1179648 80
1176000 613
1166886 18
1166400 1736
1161216 867
1157625 11
1152480 82
1152000 1558
1148175 15
1146880 107
1143072 479
1134000 1260
1128960 1183
1125000 31
1120000 249
1119744 582
1111320 288
1105920 1120
1102500 84
1102248 134
1097600 125
1093500 142
1088640 2617
1080450 15
1080000 934
1075648 4
1075200 1070
1071875 1
1071630 74
1063125 10
1062882 5
1058400 1380
1053696 77
1050000 111
1049760 691
1048576 8
1037232 50
1036800 2839
1032192 276
1029000 84
1024000 174
1020600 767
1016064 730
1012500 37
1008420 7
1008000 1817
1003520 150
1000188 58
1000000 28
995328 596
992250 69
987840 446
984375 1
984150 35
983040 176
980000 114
979776 648
972405 3
972000 1213
967680 2279
964467 2
960400 30
960000 567
952560 911
945000 339
944784 96
940800 866
937500 3
933120 1843
926100 153
921984 31
921600 1348
918750 4
918540 190
917504 17
911250 19
907578 5
907200 2871
903168 349
900375 3
900000 226
896000 380
893025 28
889056 249
885735 4
884736 217
882000 562
878080 105
875000 8
874800 703
870912 1015
864360 66
864000 1978
860160 579
857500 9
857304 171
850500 278
846720 1542
843750 6
840000 510
839808 369
833490 48
829440 1867
826875 2
826686 17
823200 253
820125 7
819200 114
816480 1535
810000 433
806736 11
806400 2327
802816 35
800000 98
793800 670
790272 195
787500 33
787320 172
786432 31
784000 234
777924 23
777600 2430
774144 591
771750 22
768320 29
768000 762
765450 104
762048 610
759375 2
756315 2
756000 1507
752640 567
750141 5
750000 39
746496 664
740880 378
737280 589
735000 103
734832 259
729000 360
725760 2764
720300 26
720000 790
716800 275
714420 238
708750 51
708588 18
705600 1171
702464 26
700000 58
699840 1117
694575 11
691488 59
691200 2220
688905 6
688128 104
686000 39
680400 1464
677376 593
675000 91
672280 6
672000 982
666792 111
663552 472
661500 202
658560 258
656250 1
656100 139
655360 36
653184 896
648270 22
648000 1554
645120 1350
642978 22
640000 181
637875 17
635040 1218
630000 420
629856 183
627200 328
625000 2
622080 2024
617400 204
614656 15
614400 605
612500 10
612360 515
607500 93
605052 4
604800 2705
602112 151
600250 2
600000 148
595350 103
592704 233
590625 2
590490 23
589824 142
588000 465
583443 4
583200 1251
580608 921
576240 62
576000 1372
573440 136
571536 290
567000 598
564480 1053
562500 4
560000 208
559872 579
555660 125
552960 1288
551250 31
551124 66
548800 114
546750 38
544320 2130
540225 3
540000 637
537824 2
537600 1087
535815 13
529200 856
526848 88
525000 58
524880 407
524288 5
518616 30
518400 2546
516096 336
514500 33
512000 214
510300 321
508032 618
506250 13
504000 1373
501760 157
500094 17
500000 17
497664 617
496125 14
493920 364
492075 3
491520 205
490000 51
489888 434
486000 701
483840 2235
480200 10
480000 476
476280 495
472500 123
472392 54
470400 659
466560 1499
463050 53
460992 33
460800 1340
459375 3
459270 54
458752 18
455625 4
453600 1955
451584 346
450000 103
448000 301
444528 145
442368 299
441000 304
439040 89
437500 2
437400 425
435456 1016
432180 26
432000 1562
430080 535
428750 1
428652 86
425250 74
423360 1253
420000 315
419904 314
416745 9
414720 1853
413343 1
411600 156
409600 142
408240 960
405000 212
403368 5
403200 1956
401408 37
400000 81
396900 298
395136 146
393750 16
393660 62
393216 36
392000 160
388962 7
388800 1798
387072 642
385875 3
384160 22
384000 723
382725 12
381024 432
378000 905
376320 525
375000 14
373248 589
370440 196
368640 696
367500 41
367416 158
364500 134
362880 2313
360150 6
360000 538
358400 295
357210 72
354375 9
354294 5
352800 818
351232 23
350000 44
349920 748
345744 37
345600 2099
344064 113
343000 20
340200 679
338688 530
337500 38
336000 818
333396 51
331776 508
330750 55
329280 197
328050 30
327680 49
326592 677
324135 7
324000 1037
322560 1414
321489 8
320000 132
317520 768
315000 199
314928 111
313600 230
311040 1776
308700 69
307328 12
307200 631
306250 4
306180 218
303750 28
302526 3
302400 2001
301056 148
300125 1
300000 97
297675 15
296352 160
295245 3
294912 133
294000 236
291600 712
290304 836
288120 33
288000 1194
286720 131
285768 155
283500 248
282240 904
281250 1
280000 133
279936 444
277830 48
276480 1260
275625 3
275562 17
274400 72
272160 1460
270000 327
268800 1028
264600 415
263424 97
262500 18
262440 226
262144 9
259308 16
259200 1947
258048 387
257250 9
256000 210
255150 105
254016 475
253125 2
252105 2
252000 835
250880 134
250047 2
250000 5
248832 623
246960 226
245760 247
245000 24
244944 282
243000 337
241920 1892
240100 6
240000 323
238140 213
236250 31
236196 23
235200 483
233280 1139
231525 12
230496 21
230400 1290
229635 3
229376 19
226800 1124
225792 342
225000 61
224000 244
222264 102
221184 341
220500 92
219520 72
218700 119
217728 796
216090 8
216000 1088
215040 613
214326 17
212625 9
211680 799
210000 203
209952 225
207360 1605
205800 88
204800 128
204120 511
202500 72
201684 4
201600 1470
200704 41
200000 39
198450 70
197568 142
196875 3
196830 23
196608 55
196000 119
194481 1
194400 1151
193536 635
192080 9
192000 568
190512 280
189000 413
188160 448
187500 2
186624 581
185220 106
184320 745
183750 12
183708 69
182250 44
181440 1704
180075 1
180000 291
179200 280
178605 7
177147 2
176400 435
175616 24
175000 9
174960 450
172872 14
172800 1719
172032 119
171500 10
170100 283
169344 447
168750 7
168070 1
168000 580
166698 11
165888 549
165375 8
164640 117
164025 5
163840 57
163296 454
162000 545
161280 1296
160000 123
158760 389
157500 66
157464 61
156800 161
155520 1348
154350 33
153664 7
153600 583
153090 61
151875 1
151200 1251
150528 149
150000 49
148176 100
147456 173
147000 110
145800 350
145152 743
144060 16
144000 876
143360 137
142884 68
141750 63
141120 674
140000 75
139968 334
138915 9
138240 1253
137781 3
137200 31
136080 804
135000 126
134456 1
134400 849
132300 190
131712 64
131250 6
131220 68
131072 11
129654 7
129600 1333
129024 358
128625 1
128000 174
127575 14
127008 305
126000 490
125440 107
125000 1
124416 588
123480 126
122880 271
122500 13
122472 146
121500 117
120960 1508
120050 4
120000 224
119070 66
118125 6
118098 5
117600 325
116640 700
115248 14
115200 1134
114688 20
113400 570
112896 289
112500 25
112000 205
111132 43
110592 349
110250 26
109760 42
109350 39
108864 607
108045 1
108000 687
107520 523
107163 7
105840 501
105000 70
104976 113
103680 1436
102900 25
102400 134
102060 200
101250 23
100842 1
100800 1001
100352 26
100000 20
99225 9
98784 99
98415 2
98304 59
98000 67
97200 620
96768 565
96040 5
96000 446
95256 126
94500 136
94080 316
93750 1
93312 416
92610 29
92160 727
91854 18
91125 3
90720 1047
90000 171
89600 240
88200 205
87808 19
87500 5
87480 215
86436 9
86400 1253
86016 158
85750 3
85050 78
84672 311
84375 2
84000 304
83349 3
82944 476
82320 74
81920 63
81648 258
81000 235
80640 945
80000 74
79380 161
78750 17
78732 16
78400 104
77760 917
77175 2
76832 5
76800 486
76545 9
75600 658
75264 118
75000 21
74088 42
73728 177
73500 45
72900 119
72576 540
72030 3
72000 503
71680 136
71442 25
70875 6
70560 369
70000 49
69984 196
69120 1027
68600 26
68040 411
67500 39
67228 1
67200 550
66150 46
65856 51
65625 2
65610 26
65536 8
64827 2
64800 787
64512 319
64000 131
63504 182
63000 197
62720 99
62500 1
62208 453
61740 36
61440 245
61250 2
61236 66
60750 40
60480 960
60000 117
59535 3
59049 2
58800 184
58320 389
57624 5
57600 853
57344 37
56700 174
56448 206
56250 5
56000 103
55566 15
55296 326
54880 28
54675 4
54432 336
54000 333
53760 454
52920 207
52500 26
52488 67
51840 924
51450 7
51200 139
51030 48
50400 650
50176 37
50000 19
49392 61
49152 61
49000 35
48600 236
48384 473
48020 3
48000 330
47628 46
47250 36
47040 246
46656 274
46305 4
46080 591
45360 528
45000 62
44800 144
44100 93
43904 16
43740 70
43218 1
43200 787
43008 145
42875 1
42525 11
42336 239
42000 152
41472 405
41160 41
40960 61
40824 128
40500 78
40320 716
40000 45
39690 39
39366 5
39200 55
38880 527
38416 2
38400 382
37800 296
37632 109
37500 4
37044 19
36864 164
36750 10
36450 39
36288 364
36015 1
36000 323
35840 106
35721 3
35280 227
35000 8
34992 111
34560 800
34300 10
34020 137
33750 16
33600 348
33075 11
32928 23
32805 4
32768 11
32400 381
32256 251
32000 88
31752 93
31500 70
31360 60
31104 313
30870 11
30720 225
30618 14
30375 1
30240 579
30000 62
29400 73
29160 145
28812 5
28800 583
28672 29
28350 41
28224 127
28000 60
27783 4
27648 278
27440 19
27216 193
27000 109
26880 318
26460 85
26250 5
26244 17
25920 621
25725 1
25600 85
25515 5
25200 281
25088 34
25000 4
24696 23
24576 52
24500 15
24300 91
24192 318
24000 191
23814 13
23625 3
23520 126
23328 153
23040 466
22680 261
22500 19
22400 107
22050 17
21952 11
21870 19
21609 2
21600 422
21504 115
21168 97
21000 76
20736 279
20580 17
20480 48
20412 48
20250 18
20160 446
20000 17
19845 10
19683 1
19600 29
19440 290
19208 1
19200 273
18900 94
18816 69
18750 1
18522 5
18432 148
18225 10
18144 235
18000 141
17920 79
17640 96
17500 3
17496 50
17280 527
17150 1
17010 33
16800 199
16464 21
16384 9
16200 143
16128 217
16000 58
15876 36
15750 18
15680 36
15552 215
15435 4
15360 186
15309 5
15120 279
15000 24
14700 18
14580 53
14400 340
14336 31
14175 5
14112 73
14000 33
13824 231
13720 3
13608 80
13500 45
13440 215
13230 24
13125 1
13122 7
12960 378
12800 61
12600 117
12544 18
12500 1
12348 7
12288 52
12250 1
12150 22
12096 199
12000 99
11907 5
11760 77
11664 97
11520 296
11340 78
11250 6
11200 67
11025 1
10976 6
10935 2
10800 197
10752 82
10584 45
10500 19
10368 200
10290 3
10240 35
10206 16
10125 1
10080 213
10000 12
9800 10
9720 126
9600 174
9450 18
9408 31
9216 111
9072 135
9000 67
8960 51
8820 29
8748 14
8640 285
8505 3
8400 91
8232 5
8192 10
8100 51
8064 139
8000 32
7938 12
7840 23
7776 110
7680 128
7560 119
7500 5
7350 10
7290 19
7200 179
7168 26
7056 33
7000 8
6912 157
6860 1
6804 29
6750 8
6720 125
6615 6
6561 1
6480 143
6400 52
6300 34
6272 14
6174 2
6144 37
6075 1
6048 109
6000 41
5880 22
5832 30
5760 186
5670 12
5600 31
5488 6
5400 82
5376 49
5292 20
5250 4
5184 119
5145 3
5120 40
5103 1
5040 121
5000 7
4900 7
4860 33
4800 87
4725 4
4704 25
4608 73
4536 44
4500 16
4480 38
4410 5
4374 6
4320 175
4200 36
4116 2
4096 12
4050 14
4032 69
4000 18
3920 10
3888 50
3840 92
3780 40
3750 1
3675 4
3645 2
3600 82
3584 8
3528 20
3500 3
3456 75
3402 11
3375 4
3360 76
3240 66
3200 32
3150 7
3136 5
3072 39
3024 51
3000 16
2940 13
2916 12
2880 123
2835 2
2800 17
2700 16
2688 45
2646 5
2592 54
2560 19
2520 42
2430 9
2400 55
2352 14
2304 59
2268 12
2250 4
2240 17
2187 1
2160 66
2100 7
2048 4
2016 39
2000 8
1960 4
1944 19
1920 55
1890 8
1800 21
1792 10
1764 7
1750 1
1728 49
1680 23
1620 16
1600 9
1575 2
1568 3
1536 20
1512 18
1500 1
1470 1
1458 3
1440 55
1400 8
1350 8
1344 25
1296 24
1280 15
1260 20
1215 1
1200 17
1176 4
1152 22
1134 6
1120 5
1080 34
1050 2
1024 7
1008 22
1000 1
980 1
972 5
960 30
945 1
900 6
896 4
882 1
864 24
840 10
810 2
800 8
768 11
756 7
750 1
720 24
700 1
675 1
672 10
648 5
640 3
630 5
600 7
576 29
560 2
540 15
512 2
504 7
500 1
480 17
450 3
448 4
432 20
420 3
405 1
400 3
392 1
384 4
378 3
360 6
336 4
324 5
320 1
300 2
288 3
280 1
270 5
256 1
252 1
250 1
240 9
224 2
216 3
192 4
180 4
168 1
150 2
128 1
120 3
108 4
96 2
60 2
56 1
36 1
24 2
