3060 1
3050 1
3040 1
3036 1
3028 1
3025 2
3022 1
3021 2
3020 1
3018 1
3017 5
3016 1
3012 3
3011 2
3010 1
3009 1
3008 2
3007 5
3006 2
3005 1
3004 1
3002 3
3001 1
3000 4
2999 1
2998 3
2997 4
2996 5
2995 2
2994 6
2993 3
2992 8
2991 4
2990 6
2989 3
2988 4
2987 8
2986 7
2985 8
2984 3
2983 3
2982 7
2981 7
2980 9
2979 8
2978 9
2977 16
2976 14
2975 11
2974 11
2973 14
2972 17
2971 16
2970 14
2969 18
2968 12
2967 12
2966 18
2965 19
2964 16
2963 32
2962 19
2961 30
2960 38
2959 36
2958 42
2957 32
2956 29
2955 34
2954 39
2953 38
2952 51
2951 50
2950 45
2949 37
2948 56
2947 46
2946 66
2945 67
2944 61
2943 83
2942 54
2941 81
2940 81
2939 86
2938 93
2937 86
2936 87
2935 93
2934 109
2933 88
2932 119
2931 130
2930 123
2929 123
2928 147
2927 145
2926 134
2925 154
2924 169
2923 160
2922 170
2921 200
2920 204
2919 182
2918 179
2917 212
2916 209
2915 232
2914 247
2913 231
2912 257
2911 265
2910 313
2909 263
2908 320
2907 300
2906 320
2905 327
2904 353
2903 348
2902 363
2901 394
2900 404
2899 374
2898 466
2897 447
2896 454
2895 464
2894 492
2893 510
2892 497
2891 567
2890 581
2889 614
2888 600
2887 643
2886 678
2885 716
2884 712
2883 713
2882 743
2881 792
2880 795
2879 806
2878 836
2877 886
2876 926
2875 986
2874 994
2873 977
2872 985
2871 1073
2870 1096
2869 1078
2868 1246
2867 1207
2866 1189
2865 1245
2864 1286
2863 1281
2862 1338
2861 1357
2860 1449
2859 1509
2858 1539
2857 1555
2856 1602
2855 1651
2854 1649
2853 1729
2852 1772
2851 1873
2850 1886
2849 1906
2848 1958
2847 2003
2846 2024
2845 2025
2844 2122
2843 2157
2842 2204
2841 2327
2840 2247
2839 2487
2838 2369
2837 2521
2836 2508
2835 2513
2834 2670
2833 2584
2832 2778
2831 2844
2830 2903
2829 2948
2828 3007
2827 3078
2826 3150
2825 3215
2824 3203
2823 3248
2822 3259
2821 3393
2820 3441
2819 3407
2818 3578
2817 3761
2816 3741
2815 3772
2814 3824
2813 3686
2812 4018
2811 3961
2810 4028
2809 4081
2808 4179
2807 4200
2806 4307
2805 4257
2804 4323
2803 4446
2802 4385
2801 4512
2800 4573
2799 4692
2798 4675
2797 4717
2796 4756
2795 4918
2794 4929
2793 4905
2792 5023
2791 5060
2790 5115
2789 5129
2788 5128
2787 5218
2786 5376
2785 5319
2784 5375
2783 5464
2782 5650
2781 5402
2780 5562
2779 5493
2778 5539
2777 5646
2776 5880
2775 5873
2774 5819
2773 5772
2772 5832
2771 5984
2770 5940
2769 5981
2768 5897
2767 5968
2766 5949
2765 6059
2764 6065
2763 6033
2762 6146
2761 6076
2760 6005
2759 6097
2758 6117
2757 6123
2756 6166
2755 6265
2754 6249
2753 6175
2752 6186
2751 6127
2750 6138
2749 6190
2748 6321
2747 6353
2746 6234
2745 6211
2744 6116
2743 6157
2742 6196
2741 6215
2740 6274
2739 6175
2738 6228
2737 6095
2736 6049
2735 6136
2734 5930
2733 6015
2732 6021
2731 5902
2730 5812
2729 5901
2728 5825
2727 5785
2726 5833
2725 5806
2724 5716
2723 5636
2722 5589
2721 5649
2720 5516
2719 5514
2718 5428
2717 5443
2716 5536
2715 5359
2714 5468
2713 5244
2712 5284
2711 5217
2710 5154
2709 4985
2708 5114
2707 4991
2706 4883
2705 4897
2704 4764
2703 4692
2702 4675
2701 4653
2700 4530
2699 4589
2698 4449
2697 4528
2696 4368
2695 4299
2694 4310
2693 4047
2692 4066
2691 4037
2690 3934
2689 4005
2688 3998
2687 3802
2686 3795
2685 3749
2684 3633
2683 3625
2682 3535
2681 3420
2680 3380
2679 3355
2678 3265
2677 3241
2676 3093
2675 3199
2674 3089
2673 3021
2672 2978
2671 2957
2670 2878
2669 2785
2668 2702
2667 2610
2666 2581
2665 2539
2664 2554
2663 2446
2662 2471
2661 2387
2660 2408
2659 2304
2658 2147
2657 2241
2656 2148
2655 2134
2654 2067
2653 2031
2652 1973
2651 1938
2650 1825
2649 1813
2648 1798
2647 1713
2646 1749
2645 1671
2644 1586
2643 1592
2642 1497
2641 1489
2640 1403
2639 1413
2638 1313
2637 1319
2636 1248
2635 1316
2634 1168
2633 1175
2632 1106
2631 1122
2630 1074
2629 983
2628 974
2627 947
2626 932
2625 904
2624 908
2623 860
2622 784
2621 793
2620 821
2619 784
2618 742
2617 673
2616 672
2615 666
2614 645
2613 640
2612 604
2611 563
2610 606
2609 556
2608 466
2607 543
2606 553
2605 462
2604 478
2603 467
2602 484
2601 408
2600 413
2599 386
2598 365
2597 342
2596 334
2595 355
2594 329
2593 325
2592 319
2591 308
2590 309
2589 249
2588 256
2587 258
2586 246
2585 243
2584 240
2583 241
2582 193
2581 186
2580 177
2579 194
2578 179
2577 168
2576 152
2575 137
2574 166
2573 155
2572 136
2571 139
2570 135
2569 119
2568 97
2567 97
2566 104
2565 116
2564 84
2563 84
2562 79
2561 71
2560 75
2559 65
2558 71
2557 79
2556 67
2555 75
2554 62
2553 51
2552 43
2551 53
2550 48
2549 36
2548 50
2547 41
2546 27
2545 35
2544 44
2543 34
2542 24
2541 24
2540 20
2539 31
2538 17
2537 29
2536 28
2535 18
2534 19
2533 19
2532 16
2531 20
2530 18
2529 19
2528 18
2527 14
2526 12
2525 13
2524 9
2523 12
2522 7
2521 15
2520 6
2519 5
2518 10
2517 11
2516 5
2515 8
2514 5
2513 15
2512 3
2511 5
2510 5
2509 7
2508 4
2507 7
2506 6
2505 5
2504 4
2503 4
2502 3
2501 3
2498 3
2497 2
2496 1
2495 3
2494 2
2493 1
2491 2
2490 2
2486 1
2485 1
2483 2
2481 1
2480 1
2479 2
2477 1
2476 1
2475 2
2473 2
2470 1
2467 1
2460 1
2447 1
2440 1
