7200000000 1
5248800000 1
4665600000 1
4199040000 1
3572100000 1
3265920000 2
3225600000 1
3214890000 1
3175200000 1
3110400000 1
3061800000 2
3023308800 1
2976069600 1
2952450000 2
2939328000 2
2916000000 3
2903040000 4
2857680000 4
2822400000 1
2799360000 1
2721600000 1
2687385600 1
2624400000 1
2612736000 1
2592000000 1
2580480000 1
2560000000 1
2551500000 2
2488320000 1
2449440000 2
2418647040 1
2351462400 2
2332800000 6
2304000000 3
2296350000 1
2286144000 2
2268000000 2
2267481600 1
2257920000 4
2250423000 1
2239488000 2
2211840000 1
2204496000 1
2187000000 1
2177280000 2
2160900000 1
2160000000 2
2143260000 2
2125764000 1
2116800000 3
2099520000 2
2090188800 1
2073600000 2
2066715000 1
2064384000 1
2057529600 1
2040733440 1
2032128000 4
2025380700 1
2025000000 1
2016000000 5
2015539200 2
2000376000 1
1990656000 1
1984500000 1
1984046400 3
1975680000 1
1968300000 1
1959552000 9
1944000000 2
1935360000 1
1905120000 4
1866240000 6
1857945600 1
1852200000 1
1843200000 1
1837080000 4
1836660096 1
1828915200 2
1814400000 2
1806336000 2
1800338400 2
1785641760 1
1778112000 1
1764000000 1
1756160000 1
1749600000 2
1741824000 9
1728000000 1
1720320000 1
1714608000 6
1701000000 5
1700611200 4
1693440000 8
1679616000 2
1672151040 3
1666980000 1
1658880000 2
1653372000 5
1651507200 1
1646023680 4
1632960000 7
1625702400 2
1620000000 2
1612800000 8
1607445000 2
1600300800 2
1587600000 6
1587237120 3
1580544000 1
1574640000 5
1568000000 2
1567641600 5
1562436540 2
1555200000 11
1548288000 5
1543500000 1
1543147200 7
1536640000 1
1536000000 1
1530900000 1
1530550080 1
1524096000 2
1512000000 1
1511654400 3
1505280000 1
1500282000 2
1492992000 3
1488034800 2
1481760000 1
1474560000 3
1469664000 11
1458000000 3
1451520000 10
1440270720 1
1440000000 3
1433600000 2
1428840000 6
1422489600 4
1417500000 2
1415577600 1
1411200000 6
1410877440 4
1399680000 8
1393459200 7
1389150000 2
1382976000 1
1382400000 4
1377810000 3
1372000000 1
1371686400 18
1360800000 11
1360488960 1
1354752000 11
1350000000 1
1344000000 3
1343692800 4
1339231320 1
1333584000 5
1328602500 1
1327104000 3
1322697600 5
1321205760 1
1317120000 1
1312200000 5
1306368000 6
1302030450 1
1300561920 3
1296540000 1
1296243648 1
1296000000 9
1290240000 3
1285956000 7
1280240640 1
1280000000 1
1270080000 14
1269789696 1
1264435200 1
1260236880 1
1259712000 8
1254400000 1
1254113280 2
1250235000 3
1244678400 2
1244160000 6
1240029000 1
1238630400 3
1234800000 1
1234517760 3
1224720000 13
1219276800 4
1215228420 1
1215000000 1
1210104000 2
1209600000 10
1209323520 2
1204224000 1
1200225600 6
1200000000 1
1194393600 2
1190700000 7
1190427840 1
1185408000 2
1179648000 1
1175731200 13
1166886000 1
1166400000 15
1161216000 9
1157360400 5
1152000000 4
1148175000 2
1143072000 21
1134000000 9
1133740800 11
1128960000 12
1125211500 3
1120210560 1
1119744000 13
1116026100 1
1114767360 4
1111320000 5
1111065984 1
1105920000 2
1102248000 14
1097600000 3
1097349120 11
1093500000 2
1088640000 33
1088391168 1
1083801600 1
1080203040 3
1080000000 2
1075200000 5
1074954240 3
1071630000 5
1071385056 1
1066867200 9
1058841000 1
1058400000 7
1058158080 12
1049760000 13
1045094400 13
1037232000 3
1036800000 19
1032192000 7
1028764800 13
1024192512 1
1024000000 2
1020600000 8
1020366720 3
1016064000 22
1011548160 1
1008000000 11
1007769600 8
1003520000 2
1003290624 2
1000188000 12
995328000 10
992250000 3
992023200 6
990904320 1
987840000 8
987614208 2
984150000 4
983449600 2
980000000 3
979776000 33
975421440 5
972000000 8
967680000 21
964467000 3
963379200 1
960400000 1
960180480 3
956593800 2
952560000 30
952342272 1
948326400 4
945177660 1
945000000 1
944784000 12
940800000 3
940584960 11
933508800 4
933120000 18
930021750 1
928972800 12
926100000 6
925888320 7
921984000 1
921600000 11
918540000 15
917504000 4
914457600 23
907578000 1
907200000 27
906992640 3
903168000 10
900169200 6
896168448 1
896000000 2
895795200 8
893025000 7
889056000 17
885735000 2
884736000 7
882000000 11
881798400 30
878080000 3
874800000 13
870912000 40
867041280 1
864360000 2
864162432 2
864000000 17
860934420 2
860160000 5
857304000 21
853493760 6
850659894 1
850500000 4
850305600 11
846720000 32
846526464 2
842956800 2
840157920 1
840000000 3
839808000 20
836075520 4
833490000 10
829785600 5
829440000 30
826686000 15
825753600 2
823200000 7
823011840 13
820125000 1
819200000 2
816820200 1
816480000 51
812851200 19
810152280 3
810000000 2
806736000 4
806400000 26
806215680 8
803722500 1
802816000 2
800150400 27
796262400 2
793800000 18
793618560 10
790272000 18
787648050 2
787320000 5
784000000 4
783820800 39
781218270 1
777924000 6
777600000 31
774144000 17
771895089 1
771573600 22
768320000 3
768144384 2
768000000 5
765450000 15
764411904 1
762048000 45
756000000 18
755827200 21
752640000 5
752467968 2
750141000 7
746807040 4
746496000 29
744017400 6
740880000 13
740710656 3
737280000 6
735138180 2
735000000 1
734832000 55
731566080 17
729137052 1
729000000 12
725760000 63
725594112 1
722534400 8
720135360 13
720000000 2
716800000 4
716636160 8
714420000 23
714256704 3
711244800 18
708750000 3
708588000 5
708083712 1
707788800 3
705600000 26
705438720 24
702464000 5
700131600 3
699840000 48
696729600 34
694575000 3
694416240 4
691488000 5
691200000 17
688905000 4
688128000 5
686000000 1
685843200 45
682795008 1
680400000 41
680244480 5
677376000 20
675126900 2
674365440 3
672126336 1
672000000 6
671846400 24
669615660 3
668860416 2
666792000 23
663828480 2
663552000 21
661500000 5
661348800 31
660602880 1
658560000 9
658409472 2
656100000 10
655360000 2
653456160 2
653184000 100
650280960 8
648270000 5
648121824 2
648000000 18
645120000 39
644972544 1
642978000 31
642252800 2
640120320 10
640000000 2
637875000 3
637729200 3
637009920 5
635040000 68
634894848 5
632217600 7
630118440 1
630000000 3
629856000 37
629145600 1
627200000 7
627056640 24
625117500 3
624974616 1
622339200 15
622080000 45
620014500 5
619315200 15
617400000 9
617258880 16
614656000 2
614400000 2
612615150 3
612360000 51
612220032 1
609638400 62
607614210 1
605052000 1
604800000 49
604661760 7
602112000 10
600112800 27
600000000 2
597445632 2
597196800 28
595350000 9
595213920 7
592704000 24
590490000 10
589824000 6
588000000 7
587865600 56
585252864 5
583443000 9
583200000 36
580608000 82
578680200 12
578027520 3
576240000 3
576108288 3
576000000 6
574087500 3
573440000 7
571774140 1
571536000 81
568995840 12
567000000 22
566870400 17
564480000 41
564350976 3
562605750 2
561971200 3
560105280 9
560000000 5
559872000 57
558013050 1
557383680 12
555660000 18
555532992 2
553190400 5
552960000 29
551124000 62
550502400 3
548800000 7
548674560 34
546750000 6
544546800 4
544320000 112
544195584 1
541900800 28
540225000 2
540101520 9
540000000 13
539492352 1
537824000 2
537600000 20
537477120 15
535815000 16
535692528 2
533433600 55
531441000 12
530841600 16
529420500 1
529200000 56
529079040 37
526848000 17
525098700 6
525000000 1
524880000 43
524288000 1
522764928 1
522547200 90
520812180 6
520224768 3
518616000 15
518400000 42
516678750 1
516311040 1
516096000 34
514500000 3
514382400 54
512096256 1
512000000 3
510300000 25
510183360 4
508032000 116
506345175 1
505774080 4
504094752 4
504000000 28
503884800 46
501760000 10
501645312 3
500094000 28
497871360 6
497664000 62
496125000 2
496011600 15
495452160 2
493920000 37
493807104 6
492075000 3
491520000 3
490092120 4
490000000 1
489888000 108
487710720 28
486202500 2
486091368 3
486000000 12
484041600 7
483840000 84
483729408 1
482233500 8
481890304 1
481689600 6
480200000 4
480090240 29
480000000 10
478296900 2
477757440 13
476478450 1
476280000 66
476171136 4
474163200 28
472588830 1
472500000 5
472392000 20
471859200 7
470400000 19
470292480 35
466754400 19
466560000 76
464486400 50
463050000 8
462944160 26
461184080 1
460992000 6
460800000 28
459270000 23
458752000 4
457228800 107
455625000 1
455196672 2
453600000 91
453496320 11
451772160 1
451584000 52
450084600 14
450000000 4
449576960 1
448084224 7
448000000 12
447897600 48
446512500 2
446410440 5
445906944 6
444528000 52
442867500 1
442552320 2
442368000 21
441000000 12
440899200 90
439040000 9
438939648 10
437582250 1
437400000 29
435637440 8
435456000 166
434010150 1
433520640 9
432180000 8
432081216 2
432000000 23
430259200 3
430080000 23
429981696 5
428830605 1
428750000 1
428652000 63
426746880 31
425250000 8
425152800 7
424673280 5
423360000 85
423263232 8
421478400 2
420078960 11
420000000 4
419904000 98
418037760 35
416745000 11
416649744 2
414892800 18
414720000 80
413343000 19
412876800 16
411600000 9
411505920 62
410062500 1
409600000 2
408410100 1
408240000 130
408146688 3
406425600 80
405076140 3
405000000 9
403368000 2
403200000 60
403107840 26
401769396 1
401408000 9
400241898 1
400075200 49
400000000 1
398297088 3
398131200 31
396900000 38
396809280 21
396361728 1
395136000 46
393824025 1
393750000 1
393660000 18
393216000 7
392000000 10
391910400 147
390168576 9
388962000 20
388800000 71
387233280 2
387072000 116
385875000 2
385786800 40
385351680 1
384160000 2
384072192 12
384000000 12
382725000 10
382637520 2
382205952 3
381182760 2
381024000 173
379330560 17
378071064 1
378000000 31
377913600 48
376320000 36
376233984 9
375070500 15
373403520 16
373248000 116
372008700 5
371589120 24
370594350 1
370440000 41
370355328 9
368793600 6
368640000 35
367500000 2
367416000 117
367001600 1
365783040 61
364500000 13
363031200 11
362880000 168
362797056 8
361675125 1
361267200 34
360150000 1
360067680 25
360000000 13
358400000 14
358318080 25
357210000 49
357128352 3
355622400 71
354375000 5
354294000 18
353894400 15
352800000 60
352719360 55
351232000 9
350065800 16
350000000 1
349920000 96
348509952 2
348364800 136
347287500 3
347208120 4
346816512 3
345744000 22
345600000 86
344452500 8
344064000 17
343064484 1
343000000 3
342921600 129
341397504 7
340341750 1
340200000 74
340122240 15
339738624 1
338829120 1
338688000 160
337563450 4
337500000 1
337182720 3
336140000 5
336063168 6
336000000 28
335923200 104
335544320 1
334807830 1
334430208 6
333396000 62
331914240 23
331776000 60
330750000 4
330674400 55
330301440 5
329280000 33
329204736 17
328050000 18
327680000 7
326728080 6
326592000 239
325140480 42
324135000 7
324060912 9
324000000 41
322694400 8
322560000 109
322486272 9
321489000 32
321126400 4
320060160 50
320000000 2
318937500 1
318864600 3
318504960 15
317520000 170
317447424 8
316108800 35
315059220 6
315000000 9
314928000 82
314572800 2
313600000 13
313528320 76
312558750 1
312487308 1
311169600 34
311040000 140
310007250 3
309657600 67
308700000 12
308629440 56
307328000 7
307200000 22
306307575 2
306180000 107
306110016 2
304819200 207
303750000 3
303464448 4
302526000 9
302400000 141
302330880 35
301181440 1
301056000 35
300056400 34
298722816 8
298598400 73
297675000 16
297606960 14
296352000 116
295245000 6
295034880 3
294912000 31
294055272 2
294000000 20
293932800 205
292626432 14
291721500 8
291600000 72
290424960 5
290304000 234
289340100 13
289013760 18
288120000 8
288054144 9
288000000 36
286978140 1
286720000 17
286654464 4
285887070 1
285768000 188
284497920 50
283500000 32
283435200 41
283115520 6
282240000 136
282175488 18
280985600 9
280052640 21
280000000 7
279936000 164
278691840 65
277830000 44
277766496 7
276595200 32
276480000 104
275625000 4
275562000 54
275251200 10
274400000 12
274337280 109
273375000 5
272273400 5
272160000 254
272097792 6
271063296 1
270950400 106
270112500 1
270050760 22
270000000 13
268912000 1
268800000 73
268738560 36
267907500 13
267846264 1
266716800 123
265720500 4
265531392 4
265420800 39
264600000 81
264539520 69
264241152 1
263424000 43
262549350 1
262440000 81
262144000 2
261382464 2
261273600 271
260406090 4
260112384 16
259308000 34
259200000 133
258155520 4
258048000 100
257250000 4
257191200 118
256901120 1
256048128 21
256000000 11
255150000 42
255091680 8
254803968 3
254121840 3
254016000 281
252887040 18
252105000 1
252047376 4
252000000 52
251942400 131
251658240 2
250880000 24
250822656 13
250047000 36
250000000 1
248935680 35
248832000 168
248062500 1
248005800 22
247726080 20
247062900 1
246960000 53
246903552 21
246037500 1
245862400 4
245760000 23
245046060 3
245000000 3
244944000 265
243855360 86
243045684 2
243000000 38
242020800 5
241920000 249
241864704 8
241116750 6
240844800 24
240100000 2
240045120 54
240000000 12
239148450 1
238878720 32
238140000 129
238085568 8
237081600 103
236294415 1
236250000 7
236196000 59
235929600 13
235200000 72
235146240 128
234365481 1
233377200 33
233280000 229
232339968 2
232243200 198
231525000 14
231472080 38
231211008 2
230496000 18
230400000 68
229635000 26
229582512 1
229376000 10
228614400 285
227598336 15
226894500 2
226800000 161
226748160 41
226492416 1
225886080 2
225792000 163
225042300 20
225000000 1
224788480 2
224042112 9
224000000 20
223948800 177
223205220 4
222953472 9
222264000 137
221276160 11
221184000 83
220500000 12
220449600 167
220200960 2
219520000 23
219469824 26
218700000 42
217818720 13
217728000 421
216760320 48
216090000 18
216040608 14
216000000 68
215129600 4
215040000 70
214990848 7
214326000 116
213373440 94
212625000 12
212576400 18
212336640 11
211768200 2
211680000 208
211631616 29
210739200 26
210039480 18
210000000 17
209952000 200
209018880 132
208372500 16
208324872 6
207446400 53
207360000 182
206671500 15
206524416 1
206438400 48
205800000 24
205752960 119
204800000 8
204205050 1
204120000 230
204073344 6
203212800 260
202538070 9
202500000 9
202309632 5
201684000 4
201600000 176
201553920 68
200930625 2
200884698 1
200704000 21
200037600 108
200000000 4
199148544 18
199065600 120
198450000 56
198404640 55
198180864 3
197568000 129
196830000 39
196608000 11
196036848 5
196000000 13
195955200 381
195084288 24
194481000 25
194400000 134
193616640 4
193536000 276
192937500 2
192893400 58
192675840 2
192080000 7
192036096 31
192000000 32
191362500 8
191318760 2
191102976 7
190591380 1
190512000 345
189665280 57
189035532 2
189000000 49
188956800 104
188743680 3
188160000 109
188116992 41
187535250 4
186701760 54
186624000 342
186004350 4
185794560 75
185220000 73
185177664 26
184396800 20
184320000 90
183750000 3
183708000 193
183500800 6
182891520 190
182250000 18
181515600 11
181440000 393
181398528 17
180633600 114
180075000 2
180033840 47
180000000 12
179830784 1
179200000 40
179159040 91
178605000 43
178564176 7
177811200 208
177187500 1
177147000 19
177020928 3
176947200 43
176473500 1
176400000 98
176359680 171
175616000 31
175032900 15
175000000 3
174960000 180
174254976 1
174182400 412
173604060 17
173408256 5
172872000 50
172800000 155
172226250 4
172103680 1
172032000 50
171500000 7
171460800 245
170698752 31
170100000 105
170061120 26
169869312 1
169414560 1
169344000 352
168781725 1
168750000 3
168591360 13
168070000 2
168031584 9
168000000 51
167961600 247
167215104 25
166698000 109
165957120 45
165888000 221
165375000 12
165337200 82
165150720 13
164708600 1
164640000 67
164602368 46
164025000 10
163840000 8
163364040 7
163296000 512
162570240 154
162067500 6
162030456 8
162000000 82
161347200 6
161280000 241
161243136 23
160744500 31
160563200 7
160030080 124
160000000 11
159432300 4
159252480 58
158760000 253
158723712 33
158054400 117
157529610 7
157500000 11
157464000 142
157286400 7
156800000 39
156764160 247
155584800 78
155520000 337
154828800 189
154350000 31
154314720 89
154140672 1
153664000 20
153600000 52
153090000 131
153055008 3
152473104 2
152409600 494
151875000 1
151732224 8
151263000 6
151200000 226
151165440 74
150528000 103
150062500 1
150028200 68
150000000 5
149361408 13
149299200 241
148837500 14
148803480 16
148635648 18
148176000 198
147622500 5
147517440 10
147456000 60
147027636 2
147000000 29
146966400 370
146800640 4
146313216 43
145860750 5
145800000 114
145212480 20
145152000 591
144670050 8
144506880 30
144060000 18
144027072 26
144000000 61
143360000 43
143327232 8
142884000 289
142248960 135
141776649 1
141750000 21
141717600 57
141557760 9
141120000 267
141087744 59
140492800 19
140026320 33
140000000 13
139968000 363
139345920 198
138915000 36
138883248 21
138297600 68
138240000 264
137812500 1
137781000 76
137625600 44
137200000 24
137168640 258
136687500 1
136136700 4
136080000 462
136048896 13
135531648 2
135475200 325
135056250 1
135025380 11
135000000 18
134873088 3
134456000 3
134400000 116
134369280 149
133953750 11
133358400 249
132860250 2
132765696 10
132710400 133
132300000 99
132269760 134
132120576 4
131712000 111
131274675 1
131250000 2
131220000 124
131072000 5
130691232 9
130636800 569
130056192 31
129654000 45
129600000 198
129077760 6
129024000 270
128625000 1
128595600 212
128450560 2
128024064 47
128000000 16
127575000 43
127545840 9
127401984 7
127060920 2
127008000 564
126443520 57
126052500 2
126023688 8
126000000 77
125971200 222
125440000 71
125411328 61
125023500 41
124467840 67
124416000 441
124002900 15
123863040 72
123480000 126
123451776 55
123018750 1
122931200 14
122880000 52
122523030 7
122500000 3
122472000 464
121927680 249
121522842 2
121500000 34
121010400 19
120960000 525
120932352 19
120422400 71
120050000 5
120022560 120
120000000 12
119439360 120
119070000 165
119042784 18
118540800 262
118125000 4
118098000 64
118013952 1
117964800 33
117649000 1
117600000 100
117573120 320
116688600 39
116640000 346
116121600 488
115762500 9
115736040 43
115605504 4
115248000 35
115200000 148
114817500 21
114688000 36
114354828 1
114307200 575
113799168 50
113447250 1
113400000 233
113374080 56
113246208 1
112943040 3
112896000 337
112521150 10
112500000 1
112394240 12
112021056 32
112000000 33
111974400 365
111602610 5
111476736 33
111132000 194
110638080 39
110592000 212
110270727 1
110250000 20
110224800 257
110100480 13
109760000 29
109734912 77
109350000 40
108909360 20
108864000 887
108380160 134
108045000 21
108020304 25
108000000 80
107564800 7
107520000 171
107495424 29
107163000 114
106686720 219
106312500 12
106288200 17
106168320 54
105884100 2
105840000 369
105815808 50
105369600 77
105019740 16
105000000 10
104976000 308
104857600 4
104509440 348
104186250 3
104162436 4
103723200 113
103680000 413
103335750 12
103262208 3
103219200 168
102900000 30
102876480 235
102400000 19
102060000 304
102036672 11
101648736 1
101606400 602
101269035 1
101250000 9
101154816 10
100842000 8
100800000 246
100776960 165
100352000 46
100018800 162
100000000 2
99574272 18
99532800 320
99225000 51
99202320 59
99090432 18
98784000 195
98415000 31
98344960 12
98304000 46
98018424 6
98000000 25
97977600 772
97542144 74
97240500 21
97200000 216
96808320 28
96768000 682
96446700 49
96337920 30
96040000 17
96018048 60
96000000 59
95681250 1
95659380 2
95551488 12
95256000 566
94832640 162
94517766 3
94500000 63
94478400 161
94371840 8
94119200 3
94080000 208
94058496 118
93767625 2
93350880 77
93312000 579
93002175 3
92897280 213
92610000 86
92588832 48
92198400 53
92160000 212
91875000 1
91854000 211
91750400 19
91445760 405
91125000 10
90757800 9
90720000 698
90699264 29
90316800 263
90037500 1
90016920 63
90000000 25
89915392 1
89600000 57
89579520 210
89302500 46
89282088 9
88905600 349
88593750 1
88573500 10
88510464 11
88473600 138
88200000 138
88179840 302
87808000 47
87516450 13
87500000 1
87480000 272
87127488 8
87091200 948
86802030 4
86704128 24
86436000 76
86400000 272
86051840 6
86016000 172
85750000 5
85730400 382
85349376 69
85050000 119
85030560 42
84934656 4
84707280 4
84672000 672
84295680 34
84035000 2
84015792 12
84000000 89
83980800 452
83607552 71
83349000 117
82978560 94
82944000 517
82687500 4
82668600 75
82575360 58
82320000 106
82301184 122
82012500 4
81920000 22
81682020 7
81648000 892
81285120 344
81033750 3
81015228 8
81000000 78
80673600 18
80640000 502
80621568 45
80372250 23
80281600 30
80015040 199
80000000 16
79716150 4
79626240 153
79380000 342
79361856 41
79060128 1
79027200 257
78764805 1
78750000 11
78732000 161
78643200 16
78400000 71
78382080 511
78121827 1
77792400 92
77760000 600
77446656 4
77414400 484
77175000 28
77157360 126
77070336 4
76832000 31
76800000 104
76545000 112
76527504 2
76236552 1
76204800 881
75866112 35
75631500 7
75600000 364
75582720 138
75497472 1
75295360 8
75264000 247
75014100 51
75000000 4
74680704 36
74649600 546
74418750 4
74401740 13
74317824 35
74088000 314
73811250 4
73758720 30
73728000 175
73513818 1
73500000 30
73483200 570
73400320 5
73156608 136
72900000 115
72606240 18
72576000 1149
72335025 2
72253440 123
72030000 14
72013536 67
72000000 96
71680000 63
71663616 42
71442000 350
71124480 298
70875000 30
70858800 66
70778880 39
70589400 1
70560000 392
70543872 109
70246400 44
70013160 62
70000000 10
69984000 616
69672960 426
69457500 19
69441624 15
69148800 114
69120000 458
68890500 60
68812800 82
68600000 25
68584320 468
68343750 1
68068350 8
68040000 631
68024448 27
67765824 2
67737600 639
67512690 10
67500000 12
67436544 7
67228000 1
67200000 231
67184640 288
66976875 2
66961566 1
66679200 326
66382848 23
66355200 358
66150000 84
66134880 185
66060288 11
65856000 199
65610000 107
65536000 15
65345616 17
65318400 1180
65028096 86
64827000 46
64800000 372
64538880 12
64512000 566
64312500 1
64297800 164
64225280 9
64012032 114
64000000 24
63787500 35
63772920 13
63700992 27
63530460 4
63504000 857
63221760 113
63026250 1
63011844 6
63000000 116
62985600 320
62914560 5
62720000 85
62705664 150
62511750 24
62233920 130
62208000 824
62001450 11
61931520 211
61740000 138
61725888 83
61465600 38
61440000 119
61250000 4
61236000 591
60963840 593
60750000 38
60505200 18
60480000 901
60466176 58
60211200 145
60025000 5
60011280 178
60000000 32
59719680 268
59535000 143
59521392 21
59270400 414
59062500 5
59049000 48
59006976 6
58982400 98
58824500 1
58800000 149
58786560 600
58344300 31
58320000 500
58084992 8
58060800 1063
57881250 1
57868020 41
57802752 23
57624000 58
57600000 292
57408750 6
57395628 2
57344000 71
57177414 1
57153600 746
56899584 78
56700000 258
56687040 104
56623104 12
56471520 3
56448000 698
56260575 3
56250000 1
56197120 11
56010528 40
56000000 50
55987200 773
55801305 2
55738368 100
55566000 234
55319040 83
55296000 466
55125000 17
55112400 263
55050240 22
54880000 61
54867456 160
54675000 45
54454680 12
54432000 1462
54190080 304
54022500 7
54010152 31
54000000 127
53782400 8
53760000 330
53747712 70
53581500 85
53343360 371
53156250 1
53144100 6
53084160 129
52942050 2
52920000 523
52907904 91
52684800 150
52509870 14
52500000 13
52488000 413
52428800 7
52254720 756
52093125 1
52081218 2
51861600 110
51840000 750
51667875 1
51631104 7
51609600 391
51450000 25
51438240 312
51380224 1
51200000 40
51030000 319
51018336 18
50824368 1
50803200 1158
50625000 10
50577408 26
50421000 6
50400000 390
50388480 336
50331648 1
50176000 116
50009400 164
50000000 5
49787136 47
49766400 673
49612500 29
49601160 54
49545216 29
49392000 327
49207500 19
49172480 18
49152000 99
49009212 2
49000000 26
48988800 1130
48771072 177
48620250 12
48600000 250
48404160 26
48384000 1210
48223350 31
48168960 64
48020000 13
48009024 93
48000000 82
47829690 2
47775744 47
47647845 1
47628000 727
47416320 283
47258883 1
47250000 60
47239200 175
47185920 34
47059600 1
47040000 320
47029248 190
46675440 86
46656000 1000
46448640 460
46305000 79
46294416 55
46099200 117
46080000 402
45937500 2
45927000 164
45875200 31
45722880 729
45562500 2
45378900 10
45360000 990
45349632 38
45177216 2
45158400 567
45008460 46
45000000 21
44957696 4
44800000 106
44789760 421
44651250 18
44641044 5
44452800 484
44286750 5
44255232 26
44236800 301
44100000 177
44089920 417
44040192 3
43904000 100
43758225 2
43740000 300
43563744 7
43545600 1618
43401015 7
43352064 58
43218000 93
43200000 418
43025920 12
43008000 318
42875000 7
42865200 466
42674688 131
42525000 81
42515280 49
42467328 16
42353640 4
42336000 1073
42147840 64
42007896 13
42000000 117
41990400 696
41943040 1
41803776 168
41674500 92
41489280 129
41472000 958
41343750 4
41334300 72
41287680 144
41160000 114
41150592 177
41006250 5
40960000 44
40841010 5
40824000 1120
40642560 736
40516875 1
40507614 6
40500000 80
40336800 25
40320000 822
40310784 94
40186125 6
40140800 42
40007520 315
40000000 12
39858075 2
39813120 314
39690000 296
39680928 65
39530064 1
39513600 419
39375000 11
39366000 165
39337984 2
39321600 44
39200000 85
39191040 902
38896200 99
38880000 850
38723328 9
38707200 975
38587500 14
38578680 133
38535168 8
38416000 47
38400000 164
38272500 50
38263752 4
38102400 1366
37968750 1
37933056 70
37815750 4
37800000 398
37791360 222
37748736 1
37647680 3
37632000 410
37507050 32
37500000 3
37340352 62
37324800 1050
37200870 13
37158912 74
37044000 383
36879360 43
36864000 383
36750000 24
36741600 656
36700160 7
36578304 277
36450000 98
36303120 32
36288000 1851
36126720 231
36015000 14
36006768 68
36000000 124
35840000 125
35831808 98
35721000 288
35562240 511
35437500 11
35429400 54
35389440 103
35280000 553
35271936 182
35123200 80
35006580 36
35000000 11
34992000 824
34836480 938
34728750 12
34720812 9
34574400 132
34560000 769
34445250 21
34420736 1
34406400 202
34300000 19
34292160 628
34020000 629
34012224 31
33882912 3
33868800 1179
33756345 5
33750000 22
33718272 9
33614000 6
33600000 277
33592320 529
33554432 1
33480783 1
33339600 335
33191424 49
33177600 715
33075000 73
33067440 203
33030144 29
32928000 249
32805000 81
32768000 34
32672808 9
32659200 1765
32514048 158
32413500 37
32400000 421
32269440 22
32256000 1035
32156250 1
32148900 133
32112640 20
32006016 165
32000000 49
31893750 7
31886460 7
31850496 67
31765230 1
31752000 1123
31610880 256
31505922 4
31500000 127
31492800 419
31457280 12
31360000 159
31352832 267
31255875 3
31116960 166
31104000 1346
30965760 412
30870000 147
30862944 111
30732800 27
30720000 232
30618000 524
30481920 1050
30375000 24
30252600 21
30240000 1224
30233088 98
30118144 2
30105600 344
30012500 1
30005640 151
30000000 19
29859840 539
29767500 74
29760696 14
29635200 626
29524500 40
29503488 10
29491200 192
29412250 1
29400000 152
29393280 784
29360128 3
29172150 18
29160000 583
29042496 14
29030400 1872
28934010 38
28901376 32
28812000 68
28800000 373
28704375 2
28672000 120
28576800 908
28449792 164
28350000 242
28343520 95
28311552 14
28235760 4
28224000 976
28125000 3
28098560 30
28005264 37
28000000 74
27993600 1111
27869184 230
27783000 191
27659520 117
27648000 841
27562500 10
27556200 252
27525120 60
27440000 85
27433728 278
27337500 18
27227340 10
27216000 1986
27095040 641
27011250 6
27005076 19
27000000 125
26891200 13
26880000 538
26873856 145
26790750 40
26671680 461
26572050 6
26542080 309
26460000 492
26453952 149
26342400 255
26254935 1
26250000 9
26244000 453
26214400 12
26127360 1313
26040609 1
25930800 159
25920000 1064
25815552 5
25804800 697
25725000 20
25719120 351
25690112 3
25600000 64
25515000 229
25509168 15
25412184 3
25401600 1682
25312500 2
25288704 44
25210500 5
25200000 489
25194240 477
25165824 2
25088000 156
25004700 115
25000000 1
24893568 60
24883200 1262
24806250 8
24800580 50
24772608 69
24696000 416
24603750 8
24586240 25
24576000 177
24504606 2
24500000 29
24494400 1367
24385536 328
24310125 5
24300000 239
24202080 31
24192000 1956
24111675 7
24084480 136
24010000 16
24004512 120
24000000 108
23914845 1
23887872 129
23814000 640
23708160 477
23625000 38
23619600 191
23592960 85
23520000 404
23514624 320
23337720 86
23328000 1389
23224320 907
23152500 51
23147208 54
23049600 106
23040000 579
22968750 2
22963500 133
22937600 60
22861440 1049
22781250 1
22689450 4
22680000 1063
22674816 69
22588608 1
22579200 969
22504230 30
22500000 30
22478848 8
22400000 138
22394880 749
22325625 6
22320522 5
22226400 617
22143375 1
22127616 42
22118400 583
22050000 124
22044960 450
22020096 11
21952000 135
21875000 1
21870000 228
21781872 18
21772800 2424
21676032 141
21609000 64
21600000 499
21512960 7
21504000 554
21437500 2
21432600 401
21337344 197
21262500 52
21257640 39
21233664 58
21176820 1
21168000 1365
21093750 2
21073920 146
21003948 18
21000000 88
20995200 891
20971520 2
20901888 345
20837250 37
20744640 167
20736000 1529
20667150 35
20643840 254
20580000 139
20575296 230
20480000 90
20420505 3
20412000 1165
20321280 1126
20253807 1
20250000 51
20168400 19
20160000 1087
20155392 147
20070400 103
20003760 312
20000000 16
19906560 561
19845000 235
19840464 61
19756800 564
19687500 3
19683000 121
19668992 4
19660800 94
19600000 77
19595520 1311
19448100 62
19440000 942
19361664 19
19353600 1591
19293750 7
19289340 103
19267584 17
19208000 41
19200000 249
19136250 19
19131876 1
19059138 1
19051200 1501
18966528 150
18907875 1
18900000 349
18895680 258
18874368 10
18823840 2
18816000 658
18753525 10
18750000 4
18670176 61
18662400 1574
18600435 3
18579456 216
18522000 333
18439680 66
18432000 606
18375000 15
18370800 642
18350080 18
18289152 397
18225000 63
18151560 27
18144000 2431
18063360 449
18007500 12
18003384 55
18000000 148
17920000 201
17915904 182
17860500 193
17781120 624
17718750 4
17714700 29
17694720 202
17640000 629
17635968 289
17561600 90
17503290 27
17500000 13
17496000 889
17418240 1559
17364375 6
17360406 12
17287200 144
17280000 1125
17222625 3
17210368 2
17203200 347
17150000 15
17146080 725
17010000 629
17006112 37
16941456 1
16934400 1664
16875000 14
16859136 25
16807000 5
16800000 301
16796160 734
16777216 1
16669800 282
16595712 68
16588800 1274
16537500 54
16533720 171
16515072 37
16464000 324
16402500 43
16384000 61
16336404 8
16329600 2217
16257024 298
16206750 10
16200000 402
16134720 18
16128000 1408
16074450 56
16056320 28
16003008 232
16000000 49
15946875 1
15943230 7
15925248 126
15876000 1036
15805440 357
15750000 74
15746400 473
15728640 23
15680000 185
15676416 428
15558480 129
15552000 1857
15482880 726
15435000 92
15431472 118
15366400 45
15360000 343
15312500 1
15309000 365
15240960 1502
15187500 7
15126300 12
15120000 1354
15116544 121
15059072 1
15052800 516
15006250 1
15002820 104
15000000 20
14929920 943
14883750 33
14880348 16
14823774 1
14817600 717
14762250 14
14751744 23
14745600 383
14700000 124
14696640 911
14586075 6
14580000 511
14521248 17
14515200 2844
14467005 3
14450688 85
14406000 54
14400000 470
14336000 200
14288400 830
14224896 230
14175000 136
14171760 125
14155776 35
14112000 1138
14062500 1
14049280 41
14002632 34
14000000 42
13996800 1407
13934592 375
13891500 129
13829760 189
13824000 1416
13778100 140
13762560 123
13720000 81
13716864 365
13668750 4
13613670 9
13608000 1956
13547520 1039
13502538 12
13500000 120
13445600 12
13440000 650
13436928 200
13395375 3
13335840 520
13271040 534
13230000 412
13226976 150
13171200 365
13125000 8
13122000 342
13107200 32
13063680 1870
12965400 101
12960000 1228
12907776 10
12902400 1196
12862500 7
12859560 283
12845056 9
12800000 89
12757500 127
12754584 14
12706092 4
12700800 2050
12656250 1
12644352 100
12605250 3
12600000 425
12597120 532
12582912 5
12544000 247
12502350 64
12500000 1
12446784 83
12441600 1855
12403125 2
12400290 12
12386304 124
12348000 377
12301875 1
12293120 25
12288000 307
12252303 4
12250000 23
12247200 1318
12192768 451
12150000 176
12101040 39
12096000 2527
12042240 202
12005000 11
12002256 121
12000000 110
11943936 209
11907000 464
11854080 619
11812500 14
11809800 123
11796480 121
11764900 3
11760000 451
11757312 421
11668860 62
11664000 1490
11612160 1499
11576250 16
11573604 34
11524800 141
11520000 831
11481750 36
11468800 107
11430720 1223
11344725 1
11340000 972
11337408 80
11294304 2
11289600 1229
11252115 9
11250000 20
11239424 13
11200000 175
11197440 1063
11160261 2
11113200 538
11063808 50
11059200 987
11025000 86
11022480 402
11010048 22
10976000 117
10935000 153
10890936 17
10886400 3175
10838016 241
10804500 29
10800000 506
10756480 14
10752000 803
10718750 1
10716300 249
10668672 287
10631250 8
10628820 25
10616832 95
10588410 1
10584000 1431
10536960 172
10501974 7
10500000 79
10497600 961
10485760 11
10450944 580
10418625 5
10372320 186
10368000 2082
10333575 8
10321920 485
10290000 103
10287648 216
10240000 115
10206000 958
10160640 1591
10125000 37
10084200 13
10080000 1312
10077696 220
10035200 186
10001880 261
10000000 11
9953280 987
9922500 117
9920232 55
9878400 653
9843750 3
9841500 78
9834496 11
9830400 167
9800000 67
9797760 1547
9724050 30
9720000 924
9680832 16
9676800 2435
9646875 1
9644670 49
9633792 40
9604000 47
9600000 304
9568125 4
9525600 1496
9483264 217
9450000 280
9447840 246
9437184 26
9411920 4
9408000 744
9375000 5
9335088 73
9331200 2148
9289728 355
9261000 224
9219840 94
9216000 890
9187500 5
9185400 413
9175040 28
9144576 555
9112500 42
9075780 20
9072000 2657
9031680 672
9003750 2
9001692 35
9000000 142
8960000 244
8957952 295
8930250 74
8890560 735
8859375 1
8857350 16
8847360 394
8823675 1
8820000 527
8817984 280
8780800 125
8751645 5
8750000 11
8748000 806
8709120 2283
8680203 2
8643600 151
8640000 1303
8605184 5
8601600 591
8575000 19
8573040 576
8505000 370
8503056 25
8467200 1993
8437500 2
8429568 41
8403500 4
8400000 349
8398080 900
8388608 3
8334900 182
8297856 89
8294400 1884
8268750 12
8266860 94
8257536 85
8232000 296
8201250 13
8192000 104
8168202 5
8164800 2425
8128512 462
8103375 3
8100000 313
8067360 25
8064000 1866
8037225 11
8028160 68
8001504 209
8000000 41
7962624 226
7938000 882
7902720 501
7875000 49
7873200 350
7864320 58
7840000 209
7838208 625
7779240 111
7776000 2118
7741440 1223
7717500 58
7715736 86
7683200 65
7680000 443
7656250 1
7654500 225
7620480 1726
7593750 5
7563150 8
7560000 1286
7558272 169
7529536 3
7526400 703
7501410 48
7500000 17
7464960 1307
7441875 2
7440174 5
7408800 652
7381125 1
7375872 24
7372800 610
7350000 100
7348320 895
7340032 7
7290000 382
7260624 14
7257600 3386
7225344 160
7203000 30
7200000 482
7168000 267
7144200 591
7112448 257
7087500 63
7085880 79
7077888 53
7058940 2
7056000 1265
7024640 62
7001316 27
7000000 49
6998400 1565
6967296 591
6945750 45
6914880 154
6912000 1837
6889050 52
6881280 238
6860000 65
6858432 410
6834375 2
6804000 1684
6773760 1432
6751269 2
6750000 94
6722800 11
6720000 776
6718464 320
6667920 459
6635520 894
6615000 274
6613488 130
6585600 414
6562500 5
6561000 227
6553600 48
6531840 2308
6482700 63
6480000 1256
6453888 17
6451200 1691
6431250 1
6429780 176
6422528 9
6400000 110
6378750 38
6377292 6
6353046 2
6350400 1878
6322176 123
6302625 1
6300000 352
6298560 581
6291456 14
6272000 315
6251175 12
6250000 1
6223392 80
6220800 2435
6200145 4
6193152 237
6174000 342
6146560 41
6144000 468
6125000 4
6123600 1102
6096384 606
6075000 105
6050520 31
6048000 2839
6021120 299
6002500 3
6001128 107
6000000 108
5971968 343
5953500 262
5927040 741
5906250 8
5904900 67
5898240 237
5880000 439
5878656 430
5834430 26
5832000 1452
5806080 2139
5788125 1
5786802 9
5762400 105
5760000 1064
5740875 4
5734400 147
5715360 1069
5670000 720
5668704 71
5644800 1623
5625000 9
5619712 17
5600000 161
5598720 1382
5556600 383
5531904 80
5529600 1507
5512500 42
5511240 316
5505024 37
5488000 124
5467500 59
5445468 6
5443200 3304
5419008 373
5402250 21
5400000 411
5378240 6
5376000 1069
5358150 82
5334336 305
5315625 4
5314410 8
5308416 174
5292000 1191
5268480 272
5250000 52
5248800 763
5242880 16
5225472 811
5186160 168
5184000 2456
5160960 773
5145000 55
5143824 197
5120000 147
5103000 590
5080320 1852
5062500 11
5042100 10
5040000 1196
5038848 255
5017600 244
5000940 150
5000000 17
4976640 1443
4961250 27
4960116 24
4939200 672
4921875 1
4920750 18
4917248 9
4915200 270
4900000 73
4898880 1613
4862025 5
4860000 731
4840416 11
4838400 3108
4822335 11
4816896 62
4802000 22
4800000 322
4782969 1
4762800 1081
4741632 248
4725000 181
4723920 229
4718592 45
4704000 815
4667544 48
4665600 2317
4644864 518
4630500 138
4609920 98
4608000 1204
4593750 3
4592700 238
4587520 66
4572288 622
4556250 8
4537890 7
4536000 2412
4515840 994
4500846 10
4500000 74
4480000 277
4478976 422
4465125 13
4445280 624
4428675 1
4423680 633
4410000 356
4408992 271
4390400 133
4375000 1
4374000 582
4354560 2696
4321800 74
4320000 1322
4302592 6
4300800 810
4287500 9
4286520 450
4252500 157
4251528 23
4235364 2
4233600 2118
4214784 68
4200000 290
4199040 984
4167450 76
4148928 97
4147200 2361
4134375 1
4133430 39
4128768 143
4116000 239
4100625 2
4096000 139
4082400 1984
4064256 577
4050000 236
4033680 20
4032000 2202
4014080 90
4000752 176
4000000 43
3981312 365
3969000 513
3951360 540
3937500 18
3936600 219
3932160 100
3920000 208
3919104 737
3889620 74
3888000 2029
3870720 1790
3858750 18
3857868 56
3841600 50
3840000 522
3827250 66
3810240 1511
3781575 1
3780000 987
3779136 144
3764768 2
3763200 799
3750705 10
3750000 13
3732480 1711
3720087 1
3704400 562
3687936 43
3686400 885
3675000 52
3674160 659
3670016 4
3645000 217
3630312 13
3628800 3721
3612672 217
3601500 14
3600000 447
3584000 325
3572100 292
3556224 339
3543750 19
3542940 34
3538944 120
3529470 1
3528000 1217
3512320 102
3500658 11
3500000 33
3499200 1459
3483648 846
3472875 8
3457440 139
3456000 2087
3444525 15
3440640 332
3430000 41
3429216 372
3402000 1195
3386880 1644
3375000 43
3361400 5
3360000 777
3359232 374
3333960 328
3317760 1261
3307500 131
3306744 73
3292800 395
3280500 92
3276800 68
3265920 2363
3241350 23
3240000 1058
3226944 17
3225600 2012
3215625 1
3214890 76
3211264 19
3200000 120
3189375 4
3188646 2
3175200 1602
3161088 159
3150000 228
3149280 448
3145728 9
3136000 263
3125000 1
3111696 65
3110400 2788
3096576 390
3087000 190
3073280 29
3072000 615
3062500 4
3061800 697
3048192 764
3037500 45
3025260 7
3024000 2566
3010560 473
3001250 3
3000564 50
3000000 80
2985984 482
2976750 68
2963520 681
2952450 23
2949120 345
2940000 317
2939328 504
2917215 11
2916000 1120
2903040 2692
2893401 3
2881200 88
2880000 1064
2867200 240
2857680 855
2835000 407
2834352 50
2823576 3
2822400 1673
2812500 2
2809856 19
2800000 153
2799360 1486
2778300 187
2765952 69
2764800 1947
2756250 12
2755620 152
2752512 64
2744000 107
2733750 26
2722734 8
2721600 3003
2709504 498
2701125 2
2700000 318
2689120 6
2688000 1173
2679075 11
2667168 275
2654208 268
2646000 804
2634240 288
2625000 26
2624400 550
2621440 15
2612736 954
2593080 115
2592000 2426
2580480 1085
2572500 37
2571912 130
2560000 160
2551500 270
2540160 1934
2531250 4
2521050 5
2520000 1072
2519424 316
2508800 230
2500470 48
2500000 6
2488320 1839
2480625 8
2480058 20
2469600 566
2460375 3
2458624 9
2457600 399
2450000 39
2449440 1289
2430000 465
2420208 15
2419200 3365
2408448 101
2401000 19
2400000 288
2381400 697
2370816 283
2362500 50
2361960 153
2359296 69
2352980 1
2352000 710
2333772 31
2332800 2235
2322432 737
2315250 38
2304960 90
2304000 1503
2296875 2
2296350 72
2293760 77
2286144 583
2268000 1926
2257920 1073
2250423 4
2250000 60
2240000 328
2239488 534
2222640 458
2211840 819
2205000 216
2204496 183
2195200 159
2187500 3
2187000 306
2177280 2865
2160900 54
2160000 1225
2151296 2
2150400 1010
2143750 2
2143260 197
2126250 59
2125764 6
2117682 1
2116800 1849
2107392 83
2100000 200
2099520 861
2097152 5
2083725 12
2074464 89
2073600 2763
2066715 11
2064384 212
2058000 161
2048000 165
2041200 1423
2032128 739
2025000 105
2016840 13
2016000 2084
2007040 115
2000376 116
2000000 58
1990656 447
1984500 302
1975680 604
1968750 8
1968300 84
1966080 150
1960000 153
1959552 730
1944810 27
1944000 1736
1935360 2133
1929375 1
1928934 29
1920800 28
1920000 618
1913625 7
1905120 1340
1890000 613
1889568 121
1881600 926
1875000 10
1866240 1903
1852200 349
1843968 44
1843200 1184
1837500 27
1837080 412
1835008 14
1822500 98
1815156 10
1814400 3598
1806336 288
1800750 6
1800000 344
1792000 381
1786050 115
1778112 329
1771875 2
1771470 7
1769472 155
1764000 878
1756160 103
1750329 5
1750000 20
1749600 1134
1741824 1005
1728720 117
1728000 2270
1720320 436
1715000 25
1714608 288
1701000 704
1693440 1724
1687500 10
1680700 2
1680000 704
1679616 413
1666980 154
1658880 1581
1653750 35
1653372 36
1646400 372
1640250 30
1638400 92
1632960 2125
1620675 5
1620000 743
1613472 10
1612800 2283
1607445 6
1605632 25
1600000 110
1594323 3
1587600 1234
1580544 204
1575000 137
1574640 323
1572864 20
1568000 291
1562500 2
1555848 53
1555200 2736
1548288 503
1543500 114
1536640 42
1536000 709
1530900 311
1524096 726
1518750 15
1512630 9
1512000 2219
1505280 563
1500282 26
1500000 42
1492992 590
1488375 12
1481760 569
1476225 5
1474560 485
1470000 203
1469664 394
1458000 772
1451520 2934
1440600 56
1440000 999
1433600 279
1428840 503
1417500 168
1417176 35
1411788 2
1411200 1520
1404928 21
1400000 101
1399680 1392
1389150 51
1382976 65
1382400 2185
1378125 3
1377810 48
1376256 77
1372000 73
1366875 6
1360800 2167
1354752 534
1350000 201
1344560 2
1344000 1136
1333584 195
1327104 367
1323000 456
1317120 315
1312500 8
1312200 325
1310720 24
1306368 887
1296540 53
1296000 2157
1290240 1296
1286250 8
1285956 76
1280000 176
1275750 77
1270080 1624
1265625 1
1260000 742
1259712 199
1254400 269
1250235 10
1250000 8
1244160 2059
1240029 1
1234800 355
1229312 8
1228800 464
1225000 23
1224720 900
1215000 246
1210104 16
1209600 3185
1204224 144
1200500 5
1200000 229
1190700 332
1185408 282
1181250 16
1180980 57
1179648 102
1176490 1
1176000 582
1166886 16
1166400 1799
1161216 867
1157625 4
1152480 77
1152000 1489
1148175 9
1146880 103
1143072 434
1134000 1166
1128960 1142
1125000 22
1120000 248
1119744 540
1111320 275
1105920 1147
1102500 96
1102248 116
1097600 133
1093500 129
1088640 2658
1080450 14
1080000 951
1075648 1
1075200 1179
1071875 1
1071630 77
1063125 10
1062882 4
1058400 1355
1053696 99
1050000 123
1049760 678
1048576 2
1037232 59
1036800 2782
1032192 274
1029000 102
1024000 211
1020600 750
1016064 732
1012500 42
1008420 10
1008000 1791
1003520 153
1000188 58
1000000 23
995328 576
992250 66
987840 464
984150 40
983040 189
980000 77
979776 592
972405 7
972000 1259
967680 2317
964467 2
960400 30
960000 587
952560 945
945000 347
944784 80
940800 860
937500 5
933120 1815
926100 125
921984 38
921600 1311
918750 5
918540 202
917504 24
911250 23
907578 4
907200 2764
903168 343
900375 3
900000 235
896000 375
893025 18
889056 254
885735 5
884736 246
882000 560
878080 104
875000 10
874800 730
870912 1005
864360 64
864000 1965
860160 553
857500 13
857304 174
850500 282
846720 1576
843750 4
840000 489
839808 393
833490 54
829440 1773
826875 4
826686 19
823200 258
820125 3
819200 141
816480 1543
810000 477
806736 12
806400 2335
802816 32
800000 96
793800 639
790272 188
787500 40
787320 178
786432 40
784000 284
777924 23
777600 2432
774144 590
771750 24
768320 40
768000 750
765450 82
762048 640
759375 3
756315 1
756000 1501
752640 544
750141 6
750000 35
746496 679
740880 372
737280 642
735000 83
734832 231
729000 383
725760 2783
720300 21
720000 844
716800 290
714420 260
708750 44
708588 15
705600 1205
702464 18
700000 57
699840 1082
694575 12
691488 56
691200 2250
688905 11
688128 130
686000 56
680400 1399
677376 562
675000 104
672280 4
672000 1035
666792 122
663552 461
661500 180
658560 270
656250 2
656100 133
655360 46
653184 876
648270 16
648000 1690
645120 1432
643125 2
642978 29
640000 181
637875 12
635040 1157
630000 438
629856 168
627200 294
625000 2
622080 2001
617400 186
614656 10
614400 569
612500 13
612360 503
607500 82
605052 2
604800 2775
602112 134
600250 4
600000 174
595350 98
592704 218
590625 4
590490 12
589824 129
588000 394
583443 1
583200 1306
580608 945
576240 56
576000 1419
573440 136
571536 295
567000 633
564480 1103
562500 7
560000 195
559872 562
555660 129
552960 1263
551250 21
551124 56
548800 97
546750 31
544320 2110
540225 4
540000 586
537824 2
537600 1081
535815 23
529200 846
526848 67
525000 60
524880 380
524288 6
518616 32
518400 2554
516096 353
514500 46
512000 185
510300 353
508032 638
506250 14
504210 2
504000 1382
501760 148
500094 27
500000 10
497664 646
496125 13
493920 299
492075 3
491520 240
490000 63
489888 491
486000 682
483840 2249
480200 15
480000 443
476280 483
472500 113
472392 55
470400 705
466560 1598
463050 50
460992 32
460800 1396
459270 67
458752 28
455625 2
453789 1
453600 1951
451584 344
450000 129
448000 340
444528 156
442368 289
441000 243
439040 89
437500 2
437400 340
435456 925
432180 35
432000 1641
430080 592
428750 3
428652 77
425250 70
423360 1106
421875 1
420000 312
419904 313
416745 9
414720 1857
411600 165
409600 136
408240 1029
405000 219
403368 6
403200 1989
401408 27
400000 74
396900 281
395136 156
393750 8
393660 71
393216 51
392000 177
388962 11
388800 1706
387072 651
385875 5
384160 17
384000 638
382725 6
381024 466
378000 886
376320 579
375000 18
373248 632
370440 212
368640 707
367500 42
367416 150
364500 112
362880 2315
360150 9
360000 560
358400 311
357210 57
354375 7
354294 6
352800 770
351232 25
350000 38
349920 787
345744 32
345600 2105
344064 135
343000 20
340200 772
338688 577
337500 25
336000 791
333396 67
331776 498
330750 53
329280 201
328125 1
328050 37
327680 47
326592 675
324135 2
324000 1007
322560 1411
321489 5
320000 167
317520 742
315000 185
314928 111
313600 194
312500 1
311040 1814
308700 93
307328 6
307200 573
306250 2
306180 219
303750 17
302526 2
302400 2032
301056 150
300125 1
300000 107
297675 22
296352 181
295245 4
294912 143
294000 226
291600 688
290304 861
288120 27
288000 1116
286720 143
285768 161
283500 229
282240 917
281250 1
280000 136
279936 460
277830 53
276480 1410
275625 4
275562 15
274400 70
273375 6
272160 1341
270000 324
268912 3
268800 1014
264600 443
263424 82
262500 19
262440 213
262144 10
259308 13
259200 1925
258048 382
257250 10
256000 189
255150 96
254016 467
253125 1
252000 856
250880 145
250047 1
250000 10
248832 638
246960 184
245760 271
245000 23
244944 277
243000 355
241920 1923
240100 9
240000 319
238140 245
236250 22
236196 18
235200 524
233280 1153
231525 4
230496 25
230400 1337
229635 9
229376 27
226800 1155
225792 340
225000 56
224000 252
222264 76
221184 348
220500 107
219520 83
218700 136
217728 776
216090 14
216000 1155
215040 608
214326 27
212625 20
211680 758
210000 167
209952 193
207360 1664
205800 91
204800 148
204120 511
202500 74
201684 1
201600 1640
200704 33
200000 41
198450 78
197568 101
196830 16
196608 49
196000 99
194400 1149
193536 652
192080 17
192000 551
190512 259
189000 416
188160 446
187500 4
186624 515
185220 75
184320 743
183750 7
183708 72
182250 26
181440 1710
180075 4
180000 343
179200 281
178605 17
176400 472
175616 26
175000 18
174960 446
172872 17
172800 1714
172032 141
171500 6
170100 273
169344 448
168750 7
168070 1
168000 527
166698 22
165888 533
165375 7
164640 126
164025 2
163840 59
163296 461
162000 560
161280 1277
160000 120
158760 394
157500 55
157464 63
156800 179
155520 1414
154350 18
153664 6
153600 577
153090 68
151200 1254
150528 143
150000 49
148176 94
147456 171
147000 108
145800 346
145152 809
144060 11
144000 879
143360 139
142884 69
141750 56
141120 632
140625 1
140000 108
139968 340
138915 5
138240 1248
137781 4
137200 31
136080 830
135000 138
134400 779
132300 178
131712 80
131250 4
131220 91
131072 11
129654 9
129600 1324
129024 379
128625 2
128000 164
127575 14
127008 335
126000 459
125440 140
125000 6
124416 539
123480 105
122880 300
122500 11
122472 145
121500 121
120960 1442
120050 1
120000 218
119070 75
118125 4
118098 9
117600 333
116640 747
115248 15
115200 1081
114688 23
113400 540
112896 278
112500 22
112000 166
111132 29
110592 335
110250 28
109760 51
109350 34
108864 606
108000 657
107520 542
107163 3
105840 459
105000 70
104976 140
103680 1361
102900 31
102400 122
102060 191
101250 13
100800 1050
100352 37
100000 29
99225 7
98784 97
98415 2
98304 62
98000 57
97200 630
96768 592
96040 3
96000 450
95256 128
94500 152
94080 385
93312 440
92610 25
92160 665
91875 1
91854 23
91125 2
90720 1096
90000 152
89600 207
88200 228
87808 21
87500 9
87480 230
86436 6
86400 1260
86016 145
85750 4
85050 74
84672 311
84000 350
83349 2
82944 451
82320 73
81920 67
81648 271
81000 242
80640 999
80000 68
79380 174
78750 14
78732 23
78400 115
77760 945
77175 2
76832 4
76800 508
76545 5
75600 694
75264 130
75000 19
74088 50
73728 158
73500 40
72900 118
72576 588
72030 5
72000 546
71680 120
71442 22
70875 7
70560 402
70000 35
69984 212
69120 1029
68600 22
68040 396
67500 35
67200 629
66150 44
65856 49
65610 21
65536 11
64827 1
64800 790
64512 342
64000 163
63504 182
63000 181
62720 88
62500 1
62208 433
61740 37
61440 267
61250 5
61236 53
60750 35
60480 937
60000 112
59535 7
58800 191
58320 379
57624 10
57600 828
57344 29
56700 169
56448 231
56250 1
56000 110
55566 13
55296 327
55125 3
54880 29
54432 369
54000 323
53760 430
52920 214
52500 29
52488 51
51840 959
51450 7
51200 119
51030 48
50625 3
50400 615
50176 25
50000 14
49392 58
49152 68
49000 21
48600 257
48384 495
48020 3
48000 304
47628 51
47250 37
47040 211
46656 301
46305 6
46080 616
45927 4
45360 536
45000 54
44800 138
44100 76
43904 10
43740 71
43218 3
43200 752
43008 116
42875 1
42525 13
42336 191
42000 168
41472 408
41160 38
40960 53
40824 109
40500 75
40320 728
40000 48
39690 46
39375 2
39366 7
39200 61
38880 542
38416 3
38400 389
37800 274
37632 104
37500 5
37044 14
36864 189
36750 12
36450 31
36288 375
36000 325
35840 120
35721 7
35280 220
35000 20
34992 109
34560 764
34300 6
34020 144
33750 6
33600 333
33075 6
32928 33
32805 3
32768 16
32400 433
32256 284
32000 86
31752 88
31500 60
31360 61
31104 333
30870 8
30720 268
30618 10
30375 1
30240 606
30000 49
29400 66
29160 164
28812 2
28800 534
28672 25
28350 51
28224 147
28000 69
27783 1
27648 280
27440 10
27216 181
27000 138
26880 312
26460 87
26250 10
26244 19
25920 626
25725 2
25600 88
25515 7
25200 297
25088 32
25000 2
24696 25
24576 67
24500 7
24300 97
24192 323
24000 195
23814 14
23625 3
23520 139
23328 162
23040 462
22680 244
22500 19
22400 109
22050 31
21952 10
21870 26
21609 1
21600 442
21504 110
21168 84
21000 50
20736 296
20580 13
20480 57
20412 49
20250 16
20160 442
20000 26
19845 4
19600 31
19440 249
19208 1
19200 282
18900 86
18816 61
18750 2
18522 9
18432 156
18375 2
18225 3
18144 224
18000 155
17920 101
17640 81
17500 2
17496 52
17280 566
17150 1
17010 34
16875 1
16800 176
16464 11
16384 7
16200 159
16128 174
16000 59
15876 26
15750 16
15680 34
15552 248
15435 1
15360 205
15309 2
15120 305
15000 16
14700 32
14580 57
14406 1
14400 299
14336 22
14175 4
14112 66
14000 32
13824 236
13720 6
13608 97
13500 34
13440 193
13230 22
13122 8
12960 295
12800 83
12600 99
12544 8
12348 11
12288 44
12250 2
12150 26
12096 183
12000 93
11907 1
11760 63
11664 80
11520 341
11340 73
11250 4
11200 56
11025 1
10976 2
10935 3
10800 174
10752 70
10584 41
10500 23
10368 195
10290 4
10240 44
10206 11
10080 217
10000 16
9800 18
9720 84
9600 166
9450 24
9408 30
9261 1
9216 106
9072 104
9000 55
8960 45
8820 30
8750 2
8748 16
8640 288
8505 3
8400 81
8232 6
8192 8
8100 47
8064 131
8000 22
7938 7
7840 19
7776 109
7680 134
7560 114
7500 2
7350 6
7290 17
7200 162
7168 21
7056 40
7000 17
6912 162
6804 27
6750 10
6720 116
6615 4
6480 152
6400 53
6300 41
6272 10
6174 1
6144 48
6075 2
6048 96
6000 42
5880 20
5832 36
5760 211
5670 21
5600 29
5488 4
5400 89
5376 64
5292 17
5250 4
5184 112
5120 36
5103 1
5040 131
5000 2
4900 4
4860 38
4802 1
4800 92
4725 4
4704 18
4608 91
4536 43
4500 14
4480 42
4410 7
4374 2
4320 154
4200 44
4116 2
4096 7
4050 5
4032 77
4000 12
3920 11
3888 38
3840 60
3780 27
3645 3
3600 64
3584 12
3528 16
3500 2
3456 84
3402 7
3375 1
3360 57
3240 61
3200 27
3150 10
3136 9
3072 26
3024 52
3000 10
2940 8
2916 16
2880 125
2835 5
2800 15
2744 4
2700 24
2688 32
2646 5
2625 1
2592 68
2560 16
2520 42
2450 1
2430 7
2400 51
2352 14
2304 44
2268 17
2240 19
2205 1
2187 1
2160 76
2100 15
2058 1
2048 3
2025 1
2016 27
2000 8
1960 8
1944 19
1920 50
1890 11
1800 33
1792 11
1764 8
1728 55
1701 1
1680 32
1620 16
1600 20
1568 3
1536 18
1512 16
1500 7
1470 2
1458 3
1440 63
1400 6
1350 5
1344 15
1323 2
1296 29
1280 7
1260 15
1200 28
1176 5
1152 24
1134 2
1120 10
1080 26
1050 3
1024 4
1008 16
1000 4
980 1
972 7
960 31
945 1
900 13
896 7
882 1
864 26
840 10
810 4
800 10
784 2
768 7
756 5
750 1
729 1
720 17
700 3
672 10
648 9
640 10
630 3
600 3
588 2
576 10
560 5
540 8
512 6
504 7
500 1
480 13
450 2
448 3
432 9
400 2
384 8
378 2
360 6
336 3
324 1
320 5
300 3
294 1
288 6
280 4
270 1
252 2
250 1
240 8
224 1
216 6
210 2
200 2
192 5
180 2
168 2
162 2
160 2
144 2
140 3
128 3
126 1
108 1
96 4
90 1
84 2
72 1
60 1
