3052 1
3051 1
3033 2
3028 1
3024 2
3022 1
3019 2
3017 4
3015 3
3012 3
3011 1
3010 2
3009 4
3008 2
3007 1
3006 1
3005 3
3004 2
3003 5
3002 3
3001 6
3000 4
2999 3
2998 1
2997 2
2996 5
2995 3
2994 4
2993 7
2992 9
2991 4
2990 11
2989 6
2988 6
2987 5
2986 7
2985 12
2984 6
2983 15
2982 12
2981 10
2980 6
2979 9
2978 22
2977 11
2976 12
2975 19
2974 10
2973 20
2972 20
2971 19
2970 21
2969 20
2968 17
2967 21
2966 18
2965 24
2964 18
2963 28
2962 34
2961 25
2960 29
2959 28
2958 36
2957 48
2956 34
2955 40
2954 54
2953 46
2952 55
2951 47
2950 58
2949 49
2948 39
2947 64
2946 64
2945 57
2944 67
2943 61
2942 88
2941 74
2940 72
2939 84
2938 95
2937 92
2936 92
2935 86
2934 106
2933 110
2932 120
2931 123
2930 122
2929 114
2928 141
2927 134
2926 138
2925 144
2924 149
2923 166
2922 181
2921 184
2920 196
2919 174
2918 209
2917 191
2916 222
2915 210
2914 227
2913 266
2912 238
2911 274
2910 276
2909 277
2908 301
2907 326
2906 354
2905 376
2904 349
2903 367
2902 390
2901 382
2900 371
2899 458
2898 446
2897 438
2896 474
2895 505
2894 487
2893 505
2892 554
2891 571
2890 571
2889 573
2888 648
2887 615
2886 681
2885 704
2884 691
2883 686
2882 773
2881 792
2880 808
2879 820
2878 910
2877 941
2876 870
2875 950
2874 1019
2873 991
2872 1051
2871 1066
2870 1067
2869 1063
2868 1119
2867 1214
2866 1187
2865 1234
2864 1281
2863 1322
2862 1361
2861 1346
2860 1437
2859 1476
2858 1544
2857 1558
2856 1627
2855 1639
2854 1750
2853 1770
2852 1766
2851 1860
2850 1879
2849 1904
2848 1998
2847 1992
2846 2051
2845 2110
2844 2140
2843 2134
2842 2249
2841 2210
2840 2258
2839 2388
2838 2448
2837 2480
2836 2525
2835 2629
2834 2655
2833 2796
2832 2806
2831 2747
2830 2874
2829 2942
2828 2962
2827 2961
2826 3029
2825 2997
2824 3232
2823 3239
2822 3294
2821 3325
2820 3527
2819 3539
2818 3590
2817 3619
2816 3603
2815 3730
2814 3797
2813 3849
2812 3943
2811 3963
2810 4103
2809 4039
2808 4118
2807 4216
2806 4203
2805 4247
2804 4342
2803 4278
2802 4395
2801 4549
2800 4523
2799 4670
2798 4580
2797 4611
2796 4743
2795 4896
2794 4902
2793 4937
2792 4996
2791 5167
2790 5164
2789 5207
2788 5292
2787 5187
2786 5164
2785 5316
2784 5282
2783 5453
2782 5391
2781 5624
2780 5620
2779 5503
2778 5686
2777 5762
2776 5733
2775 5844
2774 5865
2773 5862
2772 5900
2771 6053
2770 5914
2769 5923
2768 6056
2767 6005
2766 5997
2765 5882
2764 6093
2763 6070
2762 5954
2761 6157
2760 6026
2759 6198
2758 5954
2757 6212
2756 6199
2755 6224
2754 6133
2753 6039
2752 6140
2751 6126
2750 6440
2749 6210
2748 6322
2747 6144
2746 6275
2745 6213
2744 6250
2743 6217
2742 6141
2741 6098
2740 6181
2739 6160
2738 6229
2737 6082
2736 6096
2735 5926
2734 6076
2733 6026
2732 6064
2731 6044
2730 5840
2729 5929
2728 6012
2727 5846
2726 5763
2725 5799
2724 5737
2723 5653
2722 5705
2721 5645
2720 5664
2719 5525
2718 5553
2717 5423
2716 5310
2715 5204
2714 5253
2713 5255
2712 5153
2711 5033
2710 5193
2709 5094
2708 5130
2707 4931
2706 4999
2705 4860
2704 4752
2703 4713
2702 4702
2701 4630
2700 4574
2699 4504
2698 4426
2697 4363
2696 4282
2695 4423
2694 4208
2693 4258
2692 4183
2691 4077
2690 4018
2689 3987
2688 3931
2687 3824
2686 3783
2685 3723
2684 3676
2683 3534
2682 3525
2681 3566
2680 3455
2679 3273
2678 3204
2677 3285
2676 3258
2675 3135
2674 3167
2673 3019
2672 3013
2671 2820
2670 2899
2669 2782
2668 2856
2667 2772
2666 2657
2665 2482
2664 2464
2663 2401
2662 2480
2661 2386
2660 2274
2659 2269
2658 2175
2657 2175
2656 2183
2655 2072
2654 1997
2653 1995
2652 1955
2651 1916
2650 1855
2649 1775
2648 1749
2647 1722
2646 1691
2645 1656
2644 1608
2643 1553
2642 1437
2641 1502
2640 1448
2639 1429
2638 1316
2637 1309
2636 1258
2635 1246
2634 1194
2633 1141
2632 1113
2631 1102
2630 1084
2629 1033
2628 969
2627 1028
2626 952
2625 908
2624 928
2623 868
2622 914
2621 900
2620 840
2619 739
2618 810
2617 692
2616 724
2615 659
2614 659
2613 593
2612 634
2611 616
2610 569
2609 517
2608 571
2607 483
2606 501
2605 487
2604 478
2603 426
2602 450
2601 384
2600 387
2599 390
2598 371
2597 358
2596 337
2595 366
2594 357
2593 316
2592 329
2591 261
2590 238
2589 271
2588 245
2587 226
2586 238
2585 238
2584 233
2583 218
2582 209
2581 186
2580 174
2579 194
2578 151
2577 168
2576 168
2575 146
2574 154
2573 125
2572 141
2571 124
2570 116
2569 125
2568 115
2567 113
2566 105
2565 103
2564 83
2563 94
2562 87
2561 47
2560 72
2559 73
2558 69
2557 70
2556 74
2555 55
2554 72
2553 63
2552 50
2551 48
2550 44
2549 44
2548 45
2547 53
2546 35
2545 43
2544 42
2543 36
2542 42
2541 33
2540 25
2539 27
2538 26
2537 27
2536 20
2535 18
2534 25
2533 26
2532 14
2531 19
2530 15
2529 18
2528 14
2527 11
2526 19
2525 16
2524 12
2523 13
2522 13
2521 8
2520 14
2519 9
2518 8
2517 9
2516 8
2515 8
2514 14
2513 6
2512 5
2511 5
2510 6
2509 5
2508 8
2507 3
2506 5
2505 5
2504 5
2503 3
2502 7
2501 4
2500 2
2499 1
2498 2
2497 2
2496 1
2495 1
2494 2
2493 1
2492 1
2491 3
2490 2
2488 3
2487 2
2485 2
2483 2
2482 2
2481 2
2480 2
2477 1
2475 1
2472 1
2468 1
2464 2
2460 1
2447 1
2446 1
