3066 1
3059 1
3056 1
3054 1
3046 1
3044 1
3040 1
3035 1
3030 1
3028 1
3027 1
3025 1
3024 1
3022 1
3019 1
3015 1
3014 1
3013 1
3012 2
3011 2
3010 1
3009 2
3008 3
3007 4
3006 1
3005 2
3004 7
3003 4
3002 1
3001 2
3000 5
2999 2
2998 7
2997 3
2996 3
2995 5
2994 4
2993 2
2992 2
2991 3
2990 5
2989 5
2988 8
2987 3
2986 3
2985 6
2984 9
2983 10
2982 12
2981 6
2980 7
2979 7
2978 11
2977 10
2976 16
2975 18
2974 16
2973 18
2972 12
2971 18
2970 19
2969 16
2968 18
2967 24
2966 20
2965 19
2964 23
2963 27
2962 21
2961 22
2960 38
2959 25
2958 35
2957 29
2956 32
2955 35
2954 35
2953 38
2952 38
2951 46
2950 51
2949 45
2948 63
2947 62
2946 54
2945 71
2944 66
2943 62
2942 78
2941 51
2940 69
2939 78
2938 103
2937 82
2936 94
2935 103
2934 110
2933 115
2932 107
2931 116
2930 123
2929 124
2928 149
2927 118
2926 136
2925 138
2924 141
2923 145
2922 174
2921 178
2920 220
2919 186
2918 203
2917 203
2916 204
2915 246
2914 248
2913 237
2912 242
2911 281
2910 264
2909 282
2908 276
2907 321
2906 303
2905 352
2904 334
2903 379
2902 394
2901 395
2900 455
2899 424
2898 426
2897 495
2896 493
2895 492
2894 481
2893 508
2892 550
2891 585
2890 556
2889 572
2888 642
2887 592
2886 654
2885 688
2884 711
2883 757
2882 756
2881 770
2880 841
2879 810
2878 874
2877 862
2876 893
2875 947
2874 993
2873 1023
2872 1019
2871 1051
2870 1051
2869 1074
2868 1135
2867 1191
2866 1215
2865 1263
2864 1217
2863 1352
2862 1365
2861 1363
2860 1435
2859 1465
2858 1442
2857 1617
2856 1568
2855 1628
2854 1679
2853 1706
2852 1807
2851 1778
2850 1825
2849 1961
2848 1854
2847 1940
2846 1997
2845 2119
2844 2049
2843 2249
2842 2297
2841 2216
2840 2318
2839 2345
2838 2472
2837 2469
2836 2556
2835 2486
2834 2640
2833 2636
2832 2736
2831 2843
2830 2796
2829 2901
2828 3002
2827 2932
2826 3006
2825 3164
2824 3129
2823 3334
2822 3259
2821 3486
2820 3364
2819 3518
2818 3568
2817 3594
2816 3624
2815 3715
2814 3756
2813 3824
2812 4021
2811 3962
2810 4021
2809 4128
2808 4149
2807 4219
2806 4199
2805 4336
2804 4370
2803 4410
2802 4496
2801 4616
2800 4619
2799 4664
2798 4668
2797 4788
2796 4752
2795 4844
2794 4837
2793 4953
2792 5047
2791 5076
2790 5068
2789 5152
2788 5201
2787 5226
2786 5496
2785 5424
2784 5326
2783 5413
2782 5425
2781 5633
2780 5541
2779 5677
2778 5688
2777 5762
2776 5708
2775 5760
2774 5778
2773 5725
2772 5812
2771 5886
2770 5848
2769 5826
2768 6003
2767 6027
2766 5988
2765 6032
2764 6104
2763 6131
2762 6175
2761 6023
2760 6157
2759 6099
2758 6217
2757 6111
2756 6164
2755 6162
2754 6201
2753 6297
2752 6207
2751 6174
2750 6090
2749 6264
2748 6181
2747 6242
2746 6214
2745 6237
2744 6195
2743 6259
2742 6219
2741 6075
2740 6197
2739 6085
2738 6025
2737 6099
2736 6171
2735 6031
2734 5982
2733 6071
2732 5940
2731 5921
2730 5924
2729 5901
2728 5766
2727 5808
2726 5840
2725 5825
2724 5806
2723 5551
2722 5656
2721 5695
2720 5534
2719 5657
2718 5445
2717 5687
2716 5337
2715 5390
2714 5257
2713 5099
2712 5276
2711 5182
2710 5125
2709 5035
2708 4930
2707 4930
2706 4950
2705 4997
2704 4790
2703 4751
2702 4763
2701 4736
2700 4640
2699 4591
2698 4533
2697 4340
2696 4263
2695 4478
2694 4111
2693 4214
2692 4124
2691 4037
2690 4107
2689 4061
2688 3913
2687 3743
2686 3807
2685 3730
2684 3676
2683 3553
2682 3631
2681 3329
2680 3484
2679 3356
2678 3371
2677 3313
2676 3192
2675 3140
2674 3223
2673 3062
2672 2885
2671 2970
2670 2879
2669 2721
2668 2721
2667 2723
2666 2639
2665 2638
2664 2413
2663 2499
2662 2431
2661 2357
2660 2343
2659 2288
2658 2187
2657 2226
2656 2159
2655 2035
2654 2038
2653 2015
2652 1957
2651 1888
2650 1849
2649 1797
2648 1761
2647 1702
2646 1583
2645 1666
2644 1600
2643 1530
2642 1423
2641 1485
2640 1441
2639 1361
2638 1414
2637 1336
2636 1292
2635 1218
2634 1326
2633 1176
2632 1057
2631 1140
2630 1067
2629 1025
2628 1000
2627 946
2626 999
2625 954
2624 832
2623 892
2622 868
2621 836
2620 758
2619 773
2618 761
2617 732
2616 696
2615 667
2614 668
2613 637
2612 579
2611 593
2610 575
2609 548
2608 561
2607 531
2606 508
2605 471
2604 465
2603 419
2602 406
2601 407
2600 404
2599 380
2598 392
2597 355
2596 328
2595 349
2594 307
2593 335
2592 261
2591 290
2590 302
2589 256
2588 266
2587 243
2586 221
2585 223
2584 189
2583 203
2582 218
2581 173
2580 188
2579 187
2578 188
2577 172
2576 166
2575 163
2574 158
2573 121
2572 138
2571 140
2570 136
2569 125
2568 102
2567 119
2566 110
2565 108
2564 93
2563 97
2562 83
2561 99
2560 76
2559 66
2558 84
2557 66
2556 64
2555 73
2554 62
2553 67
2552 67
2551 64
2550 46
2549 56
2548 47
2547 31
2546 35
2545 30
2544 30
2543 33
2542 32
2541 37
2540 32
2539 31
2538 18
2537 25
2536 26
2535 16
2534 16
2533 21
2532 20
2531 18
2530 9
2529 13
2528 16
2527 14
2526 20
2525 16
2524 13
2523 7
2522 16
2521 5
2520 18
2519 17
2518 9
2517 7
2516 10
2515 9
2514 4
2513 7
2512 4
2511 7
2510 5
2509 7
2508 4
2507 5
2506 2
2505 3
2504 4
2503 5
2502 7
2501 7
2500 1
2499 5
2498 2
2497 5
2496 2
2495 1
2494 3
2493 2
2492 1
2491 2
2490 1
2489 2
2488 2
2486 1
2485 2
2484 1
2483 2
2482 1
2481 1
2480 2
2479 1
2476 1
2475 1
2474 1
2471 1
2469 1
2467 2
2466 1
2460 1
2459 1
2456 1
2454 1
2446 1
