3059 1
3047 1
3039 1
3033 1
3032 2
3028 1
3026 1
3025 1
3023 1
3022 1
3021 2
3020 1
3019 1
3018 1
3016 3
3015 1
3014 1
3013 2
3011 3
3010 4
3008 1
3006 3
3005 1
3004 4
3003 3
3002 2
3001 4
3000 6
2999 1
2998 3
2997 3
2996 2
2995 4
2994 3
2993 2
2992 6
2991 9
2990 7
2989 6
2988 1
2987 4
2986 6
2985 13
2984 9
2983 6
2982 11
2981 11
2980 5
2979 14
2978 13
2977 10
2976 11
2975 20
2974 11
2973 17
2972 18
2971 15
2970 11
2969 19
2968 19
2967 17
2966 21
2965 21
2964 20
2963 29
2962 29
2961 36
2960 26
2959 34
2958 27
2957 28
2956 43
2955 46
2954 35
2953 40
2952 44
2951 48
2950 42
2949 50
2948 52
2947 58
2946 63
2945 62
2944 83
2943 61
2942 58
2941 86
2940 79
2939 94
2938 99
2937 93
2936 105
2935 103
2934 89
2933 93
2932 121
2931 114
2930 112
2929 117
2928 135
2927 146
2926 152
2925 166
2924 159
2923 167
2922 170
2921 154
2920 186
2919 206
2918 209
2917 194
2916 213
2915 247
2914 238
2913 253
2912 246
2911 266
2910 280
2909 304
2908 307
2907 281
2906 324
2905 348
2904 351
2903 371
2902 387
2901 424
2900 433
2899 428
2898 420
2897 448
2896 445
2895 456
2894 475
2893 525
2892 583
2891 554
2890 634
2889 625
2888 622
2887 641
2886 697
2885 676
2884 783
2883 726
2882 763
2881 730
2880 790
2879 831
2878 909
2877 844
2876 934
2875 926
2874 1027
2873 974
2872 1062
2871 1078
2870 1103
2869 1109
2868 1198
2867 1165
2866 1272
2865 1318
2864 1364
2863 1367
2862 1402
2861 1466
2860 1430
2859 1482
2858 1526
2857 1550
2856 1600
2855 1738
2854 1645
2853 1754
2852 1795
2851 1781
2850 1812
2849 1945
2848 1939
2847 1941
2846 2137
2845 2042
2844 2050
2843 2163
2842 2226
2841 2198
2840 2353
2839 2322
2838 2380
2837 2505
2836 2521
2835 2580
2834 2636
2833 2701
2832 2762
2831 2808
2830 2855
2829 2953
2828 2917
2827 3013
2826 3073
2825 3035
2824 3192
2823 3220
2822 3280
2821 3454
2820 3374
2819 3561
2818 3668
2817 3643
2816 3685
2815 3692
2814 3766
2813 3853
2812 3976
2811 3989
2810 4058
2809 3987
2808 4054
2807 4169
2806 4227
2805 4337
2804 4319
2803 4375
2802 4536
2801 4470
2800 4659
2799 4620
2798 4738
2797 4666
2796 4871
2795 4847
2794 4837
2793 5047
2792 5091
2791 5071
2790 5106
2789 5192
2788 5111
2787 5347
2786 5324
2785 5317
2784 5359
2783 5475
2782 5352
2781 5619
2780 5553
2779 5723
2778 5638
2777 5687
2776 5781
2775 5694
2774 5714
2773 5858
2772 5845
2771 5904
2770 5923
2769 5883
2768 5880
2767 6015
2766 6051
2765 6017
2764 6050
2763 6041
2762 6173
2761 6146
2760 6196
2759 6180
2758 5949
2757 6131
2756 6222
2755 6170
2754 6260
2753 6222
2752 6250
2751 6210
2750 6126
2749 6368
2748 6197
2747 6244
2746 6132
2745 6357
2744 5987
2743 6165
2742 6214
2741 5994
2740 6092
2739 6035
2738 6106
2737 6125
2736 6051
2735 6061
2734 6044
2733 6015
2732 5871
2731 5992
2730 6036
2729 5820
2728 5752
2727 5789
2726 5886
2725 5813
2724 5684
2723 5706
2722 5791
2721 5470
2720 5656
2719 5448
2718 5469
2717 5446
2716 5345
2715 5298
2714 5369
2713 5256
2712 5305
2711 5154
2710 5150
2709 5137
2708 4963
2707 4973
2706 4987
2705 4810
2704 4812
2703 4765
2702 4669
2701 4592
2700 4529
2699 4513
2698 4444
2697 4479
2696 4366
2695 4310
2694 4261
2693 4074
2692 4199
2691 4035
2690 3928
2689 3913
2688 3988
2687 3833
2686 3904
2685 3713
2684 3689
2683 3602
2682 3518
2681 3476
2680 3462
2679 3424
2678 3344
2677 3242
2676 3064
2675 3222
2674 3034
2673 2987
2672 2981
2671 2959
2670 2908
2669 2828
2668 2655
2667 2729
2666 2648
2665 2599
2664 2541
2663 2386
2662 2419
2661 2301
2660 2265
2659 2340
2658 2196
2657 2180
2656 2133
2655 2010
2654 2056
2653 2042
2652 1906
2651 1928
2650 1818
2649 1818
2648 1697
2647 1710
2646 1636
2645 1584
2644 1590
2643 1567
2642 1511
2641 1505
2640 1410
2639 1396
2638 1435
2637 1345
2636 1254
2635 1226
2634 1225
2633 1158
2632 1119
2631 1125
2630 1076
2629 1063
2628 1031
2627 994
2626 990
2625 929
2624 972
2623 871
2622 791
2621 793
2620 793
2619 788
2618 786
2617 723
2616 689
2615 679
2614 632
2613 637
2612 603
2611 606
2610 558
2609 530
2608 549
2607 554
2606 488
2605 463
2604 452
2603 463
2602 425
2601 414
2600 396
2599 386
2598 398
2597 322
2596 353
2595 349
2594 331
2593 323
2592 296
2591 287
2590 279
2589 277
2588 264
2587 249
2586 246
2585 222
2584 213
2583 189
2582 216
2581 210
2580 206
2579 198
2578 183
2577 161
2576 162
2575 138
2574 163
2573 120
2572 133
2571 128
2570 125
2569 102
2568 112
2567 108
2566 81
2565 94
2564 94
2563 106
2562 98
2561 87
2560 85
2559 65
2558 48
2557 63
2556 62
2555 62
2554 54
2553 56
2552 62
2551 45
2550 45
2549 42
2548 50
2547 51
2546 38
2545 37
2544 40
2543 41
2542 35
2541 27
2540 25
2539 22
2538 22
2537 17
2536 25
2535 18
2534 22
2533 15
2532 20
2531 24
2530 22
2529 21
2528 11
2527 19
2526 12
2525 19
2524 7
2523 12
2522 9
2521 13
2520 8
2519 9
2518 10
2517 8
2516 12
2515 7
2514 5
2513 12
2512 11
2511 7
2510 7
2509 5
2508 4
2507 3
2506 2
2505 3
2504 6
2503 7
2502 4
2501 4
2500 6
2499 5
2498 3
2497 6
2496 5
2495 3
2494 2
2493 1
2492 2
2491 1
2490 2
2489 2
2488 1
2486 1
2485 1
2484 2
2478 2
2476 1
2474 2
2473 1
2472 1
2471 1
2470 1
2469 1
2468 1
2464 1
2463 1
2457 1
2452 1
2451 1
2425 1
