3047 1
3037 1
3035 1
3025 1
3023 2
3022 1
3020 1
3018 2
3017 1
3016 1
3015 1
3013 2
3011 1
3009 1
3008 1
3007 1
3006 4
3005 2
3004 1
3003 3
3002 1
3001 1
3000 5
2999 4
2998 5
2997 4
2996 4
2995 3
2994 6
2993 5
2992 9
2991 2
2990 6
2989 7
2988 6
2987 6
2986 3
2985 11
2984 5
2983 5
2982 5
2981 15
2980 11
2979 13
2978 11
2977 10
2976 18
2975 10
2974 21
2973 8
2972 17
2971 12
2970 17
2969 16
2968 25
2967 22
2966 22
2965 16
2964 24
2963 21
2962 24
2961 33
2960 31
2959 25
2958 33
2957 38
2956 35
2955 36
2954 44
2953 43
2952 38
2951 57
2950 57
2949 44
2948 48
2947 58
2946 57
2945 67
2944 75
2943 57
2942 63
2941 69
2940 77
2939 69
2938 94
2937 107
2936 81
2935 110
2934 95
2933 119
2932 112
2931 123
2930 153
2929 117
2928 115
2927 131
2926 144
2925 164
2924 170
2923 164
2922 167
2921 168
2920 203
2919 182
2918 212
2917 204
2916 219
2915 257
2914 247
2913 259
2912 270
2911 259
2910 301
2909 281
2908 293
2907 348
2906 345
2905 332
2904 386
2903 351
2902 353
2901 380
2900 415
2899 466
2898 419
2897 462
2896 457
2895 488
2894 515
2893 505
2892 563
2891 520
2890 567
2889 618
2888 589
2887 613
2886 645
2885 671
2884 677
2883 721
2882 785
2881 784
2880 807
2879 775
2878 872
2877 899
2876 909
2875 893
2874 951
2873 982
2872 1042
2871 1010
2870 1167
2869 1136
2868 1201
2867 1205
2866 1261
2865 1226
2864 1231
2863 1321
2862 1324
2861 1420
2860 1434
2859 1519
2858 1543
2857 1616
2856 1586
2855 1671
2854 1718
2853 1838
2852 1759
2851 1753
2850 1861
2849 1851
2848 1853
2847 1994
2846 2005
2845 2110
2844 2131
2843 2107
2842 2188
2841 2224
2840 2424
2839 2369
2838 2473
2837 2542
2836 2519
2835 2582
2834 2715
2833 2757
2832 2811
2831 2869
2830 2853
2829 2958
2828 2988
2827 2931
2826 3109
2825 3075
2824 3077
2823 3134
2822 3325
2821 3351
2820 3431
2819 3441
2818 3594
2817 3550
2816 3741
2815 3726
2814 3861
2813 3774
2812 3810
2811 4027
2810 4006
2809 4058
2808 4094
2807 4097
2806 4138
2805 4240
2804 4341
2803 4401
2802 4454
2801 4441
2800 4591
2799 4581
2798 4741
2797 4729
2796 4820
2795 4921
2794 4897
2793 4989
2792 5080
2791 4960
2790 5109
2789 5081
2788 5208
2787 5266
2786 5200
2785 5430
2784 5344
2783 5518
2782 5498
2781 5582
2780 5630
2779 5554
2778 5557
2777 5820
2776 5621
2775 5796
2774 5847
2773 5620
2772 5722
2771 5916
2770 5960
2769 5921
2768 5833
2767 6011
2766 5896
2765 6005
2764 6069
2763 6133
2762 6069
2761 6073
2760 6038
2759 6228
2758 6167
2757 6163
2756 6276
2755 6185
2754 6269
2753 6150
2752 6257
2751 6287
2750 6155
2749 6084
2748 6212
2747 6151
2746 6197
2745 6259
2744 6242
2743 6142
2742 6269
2741 6221
2740 6221
2739 6028
2738 6085
2737 5990
2736 6180
2735 6087
2734 5988
2733 5981
2732 5885
2731 5931
2730 5864
2729 5896
2728 5749
2727 5802
2726 5769
2725 5608
2724 5761
2723 5825
2722 5730
2721 5758
2720 5623
2719 5535
2718 5411
2717 5406
2716 5447
2715 5476
2714 5153
2713 5263
2712 5298
2711 5229
2710 5070
2709 5185
2708 5050
2707 5129
2706 4837
2705 4906
2704 4695
2703 4853
2702 4680
2701 4814
2700 4503
2699 4620
2698 4553
2697 4391
2696 4370
2695 4362
2694 4195
2693 4183
2692 4174
2691 3907
2690 4025
2689 3914
2688 3917
2687 3825
2686 3851
2685 3755
2684 3604
2683 3599
2682 3627
2681 3370
2680 3470
2679 3561
2678 3259
2677 3212
2676 3198
2675 3119
2674 3185
2673 3148
2672 2954
2671 2813
2670 2893
2669 2858
2668 2801
2667 2634
2666 2526
2665 2661
2664 2487
2663 2566
2662 2372
2661 2320
2660 2326
2659 2217
2658 2222
2657 2233
2656 2138
2655 2076
2654 2093
2653 1940
2652 2007
2651 1894
2650 1874
2649 1809
2648 1787
2647 1657
2646 1734
2645 1708
2644 1591
2643 1532
2642 1545
2641 1442
2640 1421
2639 1406
2638 1354
2637 1327
2636 1281
2635 1295
2634 1133
2633 1197
2632 1155
2631 1011
2630 1109
2629 995
2628 1041
2627 1001
2626 974
2625 918
2624 933
2623 950
2622 844
2621 806
2620 827
2619 733
2618 738
2617 717
2616 729
2615 658
2614 686
2613 646
2612 600
2611 568
2610 602
2609 558
2608 523
2607 520
2606 512
2605 506
2604 523
2603 464
2602 447
2601 432
2600 403
2599 406
2598 372
2597 334
2596 307
2595 352
2594 339
2593 303
2592 299
2591 269
2590 264
2589 299
2588 248
2587 253
2586 238
2585 223
2584 205
2583 214
2582 221
2581 197
2580 193
2579 174
2578 173
2577 164
2576 151
2575 160
2574 147
2573 133
2572 124
2571 121
2570 115
2569 122
2568 121
2567 100
2566 114
2565 82
2564 87
2563 85
2562 105
2561 87
2560 74
2559 78
2558 55
2557 84
2556 85
2555 73
2554 62
2553 45
2552 55
2551 48
2550 59
2549 39
2548 37
2547 45
2546 33
2545 38
2544 30
2543 20
2542 35
2541 32
2540 45
2539 22
2538 24
2537 22
2536 19
2535 35
2534 20
2533 17
2532 19
2531 20
2530 23
2529 31
2528 24
2527 14
2526 18
2525 12
2524 11
2523 15
2522 15
2521 9
2520 10
2519 9
2518 7
2517 8
2516 11
2515 5
2514 8
2513 8
2512 5
2511 7
2510 3
2509 5
2508 4
2507 5
2506 3
2505 7
2503 4
2502 5
2501 4
2500 1
2499 1
2498 3
2497 2
2496 3
2494 1
2493 3
2492 2
2491 4
2489 1
2486 2
2485 1
2484 2
2483 3
2482 1
2481 2
2477 3
2476 1
2475 2
2474 1
2471 1
2468 1
2467 1
2465 1
2461 1
2444 1
2437 1
