3051 1
3050 1
3033 1
3031 1
3030 2
3027 1
3026 1
3025 2
3024 1
3023 2
3021 1
3019 1
3018 2
3017 2
3016 1
3015 1
3014 3
3012 1
3011 2
3009 3
3008 2
3007 2
3006 2
3005 1
3004 3
3003 3
3002 1
3001 1
3000 1
2999 2
2998 1
2997 3
2996 3
2995 4
2994 4
2993 5
2992 7
2991 5
2990 6
2989 5
2988 6
2987 7
2986 9
2985 15
2984 5
2983 12
2982 12
2981 12
2980 5
2979 8
2978 10
2977 13
2976 16
2975 18
2974 14
2973 18
2972 12
2971 16
2970 19
2969 23
2968 15
2967 13
2966 30
2965 27
2964 22
2963 27
2962 26
2961 24
2960 30
2959 25
2958 34
2957 28
2956 39
2955 37
2954 41
2953 30
2952 48
2951 31
2950 50
2949 54
2948 51
2947 54
2946 55
2945 52
2944 54
2943 64
2942 67
2941 58
2940 75
2939 79
2938 90
2937 95
2936 94
2935 97
2934 115
2933 121
2932 107
2931 113
2930 109
2929 125
2928 142
2927 139
2926 129
2925 147
2924 158
2923 153
2922 194
2921 170
2920 167
2919 205
2918 212
2917 214
2916 217
2915 229
2914 232
2913 243
2912 249
2911 267
2910 278
2909 316
2908 298
2907 303
2906 294
2905 329
2904 368
2903 373
2902 408
2901 377
2900 380
2899 422
2898 463
2897 466
2896 479
2895 523
2894 546
2893 550
2892 535
2891 574
2890 578
2889 564
2888 600
2887 650
2886 639
2885 717
2884 667
2883 769
2882 758
2881 780
2880 759
2879 808
2878 831
2877 870
2876 887
2875 888
2874 949
2873 1064
2872 1025
2871 1029
2870 1103
2869 1117
2868 1140
2867 1159
2866 1161
2865 1258
2864 1346
2863 1315
2862 1355
2861 1395
2860 1439
2859 1465
2858 1514
2857 1570
2856 1608
2855 1587
2854 1655
2853 1706
2852 1727
2851 1800
2850 1871
2849 1861
2848 2015
2847 2089
2846 1968
2845 2089
2844 2097
2843 2188
2842 2308
2841 2232
2840 2224
2839 2444
2838 2451
2837 2467
2836 2555
2835 2604
2834 2569
2833 2695
2832 2699
2831 2910
2830 3000
2829 2971
2828 2978
2827 3064
2826 3073
2825 3155
2824 3289
2823 3280
2822 3285
2821 3372
2820 3410
2819 3442
2818 3675
2817 3561
2816 3654
2815 3698
2814 3770
2813 3770
2812 3946
2811 3904
2810 3986
2809 4002
2808 4143
2807 4240
2806 4167
2805 4303
2804 4341
2803 4443
2802 4554
2801 4568
2800 4544
2799 4625
2798 4749
2797 4792
2796 4744
2795 4781
2794 5046
2793 5052
2792 4891
2791 5124
2790 5020
2789 5174
2788 5262
2787 5225
2786 5337
2785 5412
2784 5332
2783 5377
2782 5531
2781 5415
2780 5625
2779 5676
2778 5645
2777 5758
2776 5661
2775 5795
2774 5695
2773 5765
2772 5854
2771 5839
2770 5968
2769 5941
2768 5884
2767 6018
2766 5990
2765 6112
2764 6096
2763 5925
2762 6216
2761 6063
2760 6087
2759 5929
2758 6282
2757 6166
2756 6219
2755 6198
2754 6209
2753 6288
2752 6357
2751 6223
2750 6265
2749 6302
2748 6206
2747 6308
2746 6182
2745 6190
2744 6176
2743 6187
2742 6138
2741 6193
2740 6218
2739 6071
2738 5993
2737 6099
2736 6096
2735 6072
2734 6109
2733 5974
2732 5917
2731 5893
2730 5879
2729 5886
2728 5852
2727 5708
2726 5907
2725 5897
2724 5702
2723 5710
2722 5642
2721 5528
2720 5625
2719 5550
2718 5328
2717 5437
2716 5429
2715 5349
2714 5323
2713 5255
2712 5272
2711 5124
2710 5054
2709 4967
2708 5004
2707 5029
2706 4927
2705 4924
2704 4830
2703 4740
2702 4666
2701 4638
2700 4488
2699 4494
2698 4594
2697 4481
2696 4401
2695 4350
2694 4206
2693 4162
2692 4088
2691 4019
2690 3966
2689 3946
2688 3953
2687 3833
2686 3739
2685 3673
2684 3713
2683 3581
2682 3540
2681 3546
2680 3420
2679 3411
2678 3304
2677 3360
2676 3238
2675 3139
2674 3090
2673 2981
2672 2937
2671 2902
2670 2895
2669 2772
2668 2676
2667 2725
2666 2596
2665 2520
2664 2481
2663 2463
2662 2452
2661 2358
2660 2280
2659 2311
2658 2233
2657 2192
2656 2079
2655 2109
2654 1966
2653 1934
2652 1861
2651 1931
2650 1853
2649 1783
2648 1739
2647 1760
2646 1740
2645 1623
2644 1567
2643 1559
2642 1539
2641 1461
2640 1526
2639 1430
2638 1337
2637 1339
2636 1339
2635 1288
2634 1239
2633 1166
2632 1116
2631 1126
2630 1138
2629 1021
2628 1033
2627 1005
2626 925
2625 995
2624 882
2623 886
2622 866
2621 834
2620 743
2619 806
2618 811
2617 701
2616 704
2615 694
2614 635
2613 629
2612 634
2611 576
2610 577
2609 551
2608 543
2607 520
2606 479
2605 486
2604 438
2603 469
2602 440
2601 432
2600 421
2599 379
2598 361
2597 383
2596 359
2595 287
2594 339
2593 332
2592 295
2591 273
2590 272
2589 243
2588 255
2587 276
2586 230
2585 231
2584 237
2583 193
2582 221
2581 206
2580 175
2579 168
2578 179
2577 169
2576 158
2575 149
2574 148
2573 133
2572 137
2571 127
2570 116
2569 118
2568 101
2567 118
2566 73
2565 98
2564 89
2563 82
2562 96
2561 88
2560 93
2559 81
2558 68
2557 71
2556 56
2555 67
2554 64
2553 53
2552 54
2551 40
2550 57
2549 51
2548 40
2547 44
2546 40
2545 37
2544 44
2543 33
2542 23
2541 30
2540 26
2539 31
2538 27
2537 23
2536 18
2535 19
2534 19
2533 19
2532 27
2531 24
2530 20
2529 18
2528 17
2527 13
2526 10
2525 11
2524 11
2523 12
2522 14
2521 14
2520 11
2519 9
2518 9
2517 6
2516 6
2515 5
2514 6
2513 5
2512 8
2511 7
2510 6
2509 6
2508 5
2507 6
2506 5
2505 5
2504 8
2503 3
2502 1
2501 6
2500 3
2499 4
2498 2
2497 1
2496 4
2495 1
2494 4
2493 1
2492 1
2491 2
2489 2
2488 1
2487 2
2486 2
2485 1
2484 1
2483 1
2482 1
2481 1
2479 1
2478 2
2475 1
2474 1
2473 1
2472 1
2471 1
2470 3
2468 1
2467 1
2464 1
2463 1
2461 1
2453 2
2452 1
2431 1
