3076 1
3037 1
3033 1
3029 2
3026 1
3024 2
3023 1
3022 1
3021 4
3017 1
3015 1
3014 1
3013 3
3012 1
3011 4
3010 1
3009 1
3008 1
3007 4
3006 3
3005 1
3004 2
3003 1
3002 2
3001 5
3000 3
2999 4
2998 4
2997 6
2996 6
2995 4
2994 7
2993 7
2992 4
2991 4
2990 8
2989 4
2988 10
2987 4
2986 2
2985 15
2984 4
2983 9
2982 11
2981 15
2980 10
2979 14
2978 12
2977 6
2976 10
2975 13
2974 10
2973 13
2972 12
2971 16
2970 15
2969 20
2968 15
2967 15
2966 29
2965 27
2964 27
2963 17
2962 24
2961 36
2960 31
2959 25
2958 31
2957 39
2956 37
2955 39
2954 39
2953 36
2952 51
2951 43
2950 49
2949 52
2948 54
2947 40
2946 77
2945 77
2944 67
2943 75
2942 60
2941 72
2940 93
2939 70
2938 83
2937 80
2936 94
2935 91
2934 94
2933 105
2932 110
2931 129
2930 118
2929 116
2928 145
2927 140
2926 153
2925 149
2924 164
2923 175
2922 169
2921 165
2920 188
2919 195
2918 206
2917 228
2916 230
2915 257
2914 267
2913 238
2912 263
2911 271
2910 257
2909 253
2908 311
2907 292
2906 331
2905 361
2904 346
2903 367
2902 387
2901 373
2900 379
2899 423
2898 427
2897 448
2896 411
2895 504
2894 492
2893 535
2892 572
2891 535
2890 599
2889 608
2888 592
2887 687
2886 619
2885 620
2884 676
2883 683
2882 783
2881 770
2880 803
2879 820
2878 884
2877 879
2876 911
2875 952
2874 1020
2873 1023
2872 1002
2871 1058
2870 1061
2869 1130
2868 1160
2867 1221
2866 1224
2865 1235
2864 1327
2863 1302
2862 1372
2861 1430
2860 1458
2859 1502
2858 1503
2857 1622
2856 1618
2855 1590
2854 1712
2853 1706
2852 1733
2851 1772
2850 1893
2849 1893
2848 1982
2847 1960
2846 2015
2845 2124
2844 2110
2843 2177
2842 2230
2841 2314
2840 2379
2839 2341
2838 2480
2837 2550
2836 2520
2835 2658
2834 2696
2833 2685
2832 2787
2831 2822
2830 2861
2829 2882
2828 2947
2827 3063
2826 3103
2825 3152
2824 3130
2823 3065
2822 3477
2821 3346
2820 3408
2819 3440
2818 3596
2817 3531
2816 3639
2815 3748
2814 3850
2813 3861
2812 3962
2811 4015
2810 3968
2809 4070
2808 4069
2807 4274
2806 4290
2805 4280
2804 4291
2803 4354
2802 4421
2801 4505
2800 4602
2799 4591
2798 4633
2797 4733
2796 4763
2795 4798
2794 4924
2793 4963
2792 5016
2791 5180
2790 5053
2789 5090
2788 5168
2787 5289
2786 5299
2785 5309
2784 5389
2783 5568
2782 5449
2781 5558
2780 5586
2779 5683
2778 5783
2777 5723
2776 5632
2775 5764
2774 5846
2773 5775
2772 5699
2771 5863
2770 5731
2769 5872
2768 5918
2767 6103
2766 6097
2765 5996
2764 5950
2763 6097
2762 6010
2761 6177
2760 6008
2759 6196
2758 6116
2757 6239
2756 6274
2755 6058
2754 6202
2753 6203
2752 6204
2751 6116
2750 6392
2749 6272
2748 6078
2747 6158
2746 6227
2745 6246
2744 6173
2743 6350
2742 6252
2741 6238
2740 6127
2739 6076
2738 6052
2737 5997
2736 6134
2735 5922
2734 5949
2733 6052
2732 5825
2731 5853
2730 5988
2729 5914
2728 5881
2727 5886
2726 5776
2725 5616
2724 5738
2723 5663
2722 5661
2721 5704
2720 5566
2719 5653
2718 5519
2717 5444
2716 5245
2715 5398
2714 5318
2713 5314
2712 5168
2711 5100
2710 5137
2709 4998
2708 4989
2707 4965
2706 4941
2705 4822
2704 4900
2703 4779
2702 4725
2701 4725
2700 4672
2699 4523
2698 4485
2697 4391
2696 4399
2695 4409
2694 4131
2693 4176
2692 4169
2691 3966
2690 4067
2689 3958
2688 3941
2687 3739
2686 3707
2685 3675
2684 3712
2683 3589
2682 3616
2681 3524
2680 3370
2679 3299
2678 3337
2677 3195
2676 3170
2675 3135
2674 3073
2673 2914
2672 2989
2671 2921
2670 2837
2669 2835
2668 2663
2667 2614
2666 2592
2665 2616
2664 2496
2663 2437
2662 2471
2661 2448
2660 2216
2659 2329
2658 2237
2657 2172
2656 2120
2655 2078
2654 2070
2653 2134
2652 1927
2651 1876
2650 1833
2649 1773
2648 1745
2647 1760
2646 1675
2645 1638
2644 1636
2643 1538
2642 1484
2641 1519
2640 1457
2639 1355
2638 1377
2637 1363
2636 1270
2635 1263
2634 1252
2633 1247
2632 1140
2631 1154
2630 1137
2629 1110
2628 1022
2627 1014
2626 980
2625 861
2624 877
2623 876
2622 911
2621 861
2620 814
2619 816
2618 736
2617 712
2616 728
2615 691
2614 705
2613 595
2612 657
2611 613
2610 600
2609 566
2608 550
2607 535
2606 491
2605 475
2604 479
2603 429
2602 422
2601 418
2600 407
2599 377
2598 373
2597 370
2596 351
2595 357
2594 313
2593 311
2592 296
2591 310
2590 279
2589 267
2588 247
2587 246
2586 258
2585 218
2584 209
2583 223
2582 228
2581 198
2580 200
2579 176
2578 172
2577 169
2576 137
2575 175
2574 141
2573 135
2572 128
2571 130
2570 118
2569 124
2568 116
2567 89
2566 104
2565 101
2564 85
2563 94
2562 76
2561 82
2560 89
2559 69
2558 63
2557 70
2556 78
2555 60
2554 65
2553 57
2552 53
2551 56
2550 50
2549 46
2548 39
2547 40
2546 47
2545 42
2544 46
2543 37
2542 16
2541 29
2540 31
2539 37
2538 34
2537 26
2536 27
2535 29
2534 30
2533 14
2532 16
2531 24
2530 12
2529 17
2528 13
2527 19
2526 15
2525 12
2524 15
2523 13
2522 9
2521 10
2520 7
2519 9
2518 10
2517 11
2516 8
2515 8
2514 5
2513 11
2512 5
2511 6
2510 5
2509 3
2508 7
2507 3
2506 6
2505 3
2504 6
2503 4
2502 3
2501 7
2500 2
2499 3
2498 5
2497 2
2496 5
2495 5
2494 6
2492 2
2491 1
2490 3
2489 1
2488 2
2487 2
2486 1
2485 2
2484 2
2482 3
2481 2
2480 1
2477 1
2476 3
2467 2
2464 1
2463 1
2462 2
2461 1
2460 1
2451 1
