4665600000 1
4536000000 2
4199040000 1
4147200000 1
4133430000 1
3584000000 1
3499200000 1
3456000000 1
3402000000 1
3214890000 1
3188646000 1
3175200000 1
3149280000 1
3136000000 2
3110400000 1
3024000000 1
2949120000 1
2939328000 2
2857680000 1
2822400000 2
2799360000 2
2764800000 1
2744000000 1
2721600000 1
2700000000 2
2687385600 1
2654208000 1
2646000000 1
2645395200 1
2612736000 3
2592000000 1
2571912000 1
2540160000 3
2488320000 2
2480058000 1
2449440000 1
2419200000 1
2388787200 1
2380855680 1
2361960000 1
2352000000 1
2332800000 2
2314720800 2
2304000000 1
2296350000 1
2295825120 1
2286144000 1
2268000000 1
2267481600 2
2257920000 1
2239488000 2
2222640000 1
2211840000 2
2204496000 1
2177280000 3
2116800000 3
2099520000 2
2090188800 1
2073600000 5
2064384000 1
2057529600 5
2041200000 6
2040733440 1
2016000000 1
2000376000 3
2000000000 1
1990656000 1
1984046400 5
1975680000 1
1968300000 2
1959552000 6
1944000000 3
1935360000 3
1928934000 1
1920800000 1
1905120000 2
1890000000 2
1889568000 3
1881600000 1
1881169920 2
1866240000 7
1857945600 1
1852200000 1
1843200000 2
1837080000 4
1828915200 1
1814400000 5
1806336000 2
1800338400 1
1800000000 2
1791590400 1
1786050000 2
1785641760 1
1778112000 3
1769472000 2
1764000000 2
1763596800 1
1756160000 1
1750329000 1
1749600000 4
1741824000 2
1728720000 1
1728000000 3
1714608000 8
1700611200 2
1693440000 2
1679616000 1
1666980000 1
1666598976 1
1658880000 2
1653372000 1
1646023680 1
1638400000 1
1632960000 13
1625702400 2
1620304560 1
1620000000 1
1612800000 6
1600300800 3
1594323000 1
1592524800 1
1587600000 9
1587237120 3
1574640000 7
1568000000 1
1567641600 4
1555200000 5
1548288000 3
1543500000 1
1543147200 5
1536000000 1
1530900000 1
1524096000 6
1512000000 5
1511654400 5
1505280000 1
1500282000 2
1492992000 5
1488034800 2
1486356480 1
1481760000 2
1481421312 1
1474560000 2
1469664000 11
1458274104 1
1458000000 1
1451520000 12
1446700500 1
1433600000 2
1428840000 7
1422489600 3
1417176000 7
1411200000 9
1410877440 2
1400263200 1
1399680000 6
1393459200 1
1389150000 3
1388832480 2
1382976000 2
1382400000 6
1377810000 1
1376256000 1
1371686400 9
1360800000 11
1354752000 5
1350253800 1
1350000000 1
1344000000 1
1343692800 5
1333584000 8
1327104000 4
1322697600 6
1317120000 1
1316818944 1
1312200000 3
1310720000 1
1306368000 20
1300561920 1
1296540000 2
1296243648 2
1296000000 8
1290240000 6
1285956000 9
1280000000 1
1275750000 1
1270080000 20
1264435200 1
1260000000 1
1259712000 12
1258291200 1
1254400000 2
1254113280 1
1250235000 3
1244678400 3
1244160000 19
1238630400 2
1234800000 10
1234517760 5
1229312000 4
1228800000 2
1225000000 1
1224720000 17
1219276800 6
1215228420 1
1215000000 1
1210104000 2
1209600000 10
1204224000 1
1200225600 3
1200000000 1
1194393600 9
1190700000 5
1190427840 2
1185408000 7
1180980000 4
1176000000 3
1175731200 17
1170505728 1
1166400000 6
1161216000 12
1157360400 6
1152480000 2
1152000000 3
1148175000 1
1147912560 1
1146880000 1
1143072000 15
1134000000 10
1133740800 3
1128960000 14
1128701952 1
1120210560 2
1119744000 16
1116026100 1
1114767360 3
1111320000 6
1105920000 10
1102248000 11
1097600000 4
1097349120 5
1093500000 3
1089093600 1
1088640000 22
1083801600 5
1080450000 2
1080203040 2
1080000000 4
1075648000 2
1075200000 2
1074954240 1
1071630000 7
1066867200 10
1062882000 1
1058400000 14
1058158080 8
1050197400 1
1049760000 14
1045094400 13
1041624360 2
1037232000 3
1036800000 18
1032192000 9
1029000000 1
1028764800 15
1020600000 18
1020366720 1
1016064000 30
1012690350 1
1012500000 1
1008000000 6
1007769600 10
1003520000 5
1000188000 10
995328000 9
992250000 2
992023200 4
990904320 2
987840000 13
987614208 3
980000000 2
979776000 30
975421440 4
972405000 1
972000000 8
967680000 16
964467000 7
960400000 2
960180480 5
960000000 3
956593800 1
955514880 2
952560000 36
952342272 1
948326400 2
945177660 1
945000000 1
944784000 14
943718400 1
940800000 4
940584960 6
933508800 3
933120000 29
928972800 8
926100000 2
925888320 6
924844032 1
921600000 10
918540000 13
914457600 21
907200000 27
906992640 6
903168000 3
900169200 5
900000000 1
896168448 2
896000000 3
895795200 12
893025000 1
892820880 4
891813888 1
889056000 14
885735000 2
884736000 11
882000000 4
881798400 16
878080000 2
875164500 1
874800000 14
871274880 1
870912000 41
867041280 1
864360000 1
864000000 11
860160000 4
857304000 22
853493760 9
850500000 6
850305600 2
846720000 31
846526464 3
842956800 1
840157920 4
840000000 6
839808000 28
836075520 10
833490000 5
829785600 5
829440000 16
826686000 6
825753600 2
823200000 3
823011840 10
820125000 1
819200000 2
816480000 41
812851200 23
810152280 5
810000000 3
806400000 26
806215680 4
803722500 2
802816000 3
800150400 20
796262400 6
793800000 11
793618560 6
792723456 1
790272000 13
787320000 18
786432000 1
784000000 4
783820800 37
781218270 1
777924000 10
777600000 28
774144000 23
771573600 23
768320000 2
768144384 3
768000000 2
765450000 7
762048000 48
758661120 2
756000000 15
755827200 11
752640000 10
752467968 2
750141000 9
746807040 2
746496000 34
744017400 4
743178240 4
740880000 17
740710656 8
737587200 1
737280000 9
735138180 1
735000000 1
734832000 58
731566080 15
729000000 5
726062400 3
725760000 59
725594112 2
723350250 1
722534400 5
720135360 7
720000000 6
716800000 2
716636160 6
714420000 24
711244800 19
708750000 1
708588000 7
707788800 1
705600000 8
705438720 16
700131600 5
699840000 48
696729600 26
694575000 1
694416240 11
691488000 11
691200000 21
688905000 8
688128000 3
686128968 1
686000000 2
685843200 53
680683500 2
680400000 26
680244480 9
677658240 1
677376000 48
675126900 3
674365440 1
672280000 3
672126336 1
672000000 10
671846400 23
668860416 1
666792000 33
663828480 2
663552000 17
661624362 1
661500000 7
661348800 28
660602880 2
658560000 9
658409472 1
656100000 12
653456160 1
653184000 64
650280960 6
648270000 4
648121824 4
648000000 20
645700815 1
645120000 29
642978000 13
642252800 1
640120320 12
637875000 1
637729200 4
637009920 2
635040000 51
634894848 2
632217600 7
630118440 2
630000000 5
629856000 32
629145600 1
627200000 5
627056640 17
625117500 3
624974616 2
622339200 15
622080000 50
620014500 6
619315200 15
617400000 11
617258880 22
614656000 1
614400000 8
612500000 1
612360000 54
612220032 1
609638400 55
607500000 5
606928896 2
605052000 1
604800000 58
604661760 13
602112000 8
600250000 2
600112800 18
597445632 1
597196800 26
595350000 13
595213920 9
594542592 3
592704000 28
590490000 7
589824000 5
588110544 2
588000000 14
587865600 73
585252864 3
583443000 6
583200000 30
580849920 2
580608000 86
578680200 10
578027520 3
576240000 3
576108288 1
576000000 9
573440000 3
571536000 65
568995840 11
567000000 19
566870400 13
564480000 43
564350976 3
562605750 1
561971200 1
560105280 12
560000000 2
559872000 58
557383680 12
555660000 25
555532992 2
553190400 9
552960000 22
551353635 1
551250000 2
551124000 40
550502400 5
548800000 7
548674560 33
546750000 3
544546800 5
544320000 116
544195584 2
541900800 27
540225000 2
540101520 7
540000000 8
537824000 1
537600000 31
537477120 10
535815000 9
533433600 67
531441000 5
530841600 8
529200000 39
529079040 26
526848000 6
525098700 3
524880000 42
524288000 1
522764928 2
522547200 83
520812180 3
518616000 11
518400000 36
516096000 20
514382400 61
512096256 3
512000000 7
510300000 28
510183360 4
508032000 104
505774080 4
504210000 1
504000000 30
503884800 34
501760000 8
501645312 5
500094000 26
497871360 6
497664000 43
496125000 2
496011600 18
495452160 4
493920000 24
493807104 9
492075000 4
491724800 1
491520000 12
490092120 4
489888000 121
487710720 17
486202500 1
486000000 18
484041600 6
483840000 93
483729408 2
482233500 6
481689600 4
480090240 23
480000000 5
477757440 7
476280000 81
476171136 5
474163200 31
472588830 1
472500000 1
472392000 23
471859200 1
470400000 29
470292480 50
466754400 25
466560000 91
464486400 58
463050000 8
462944160 24
460992000 10
460800000 21
459270000 24
459165024 2
458752000 3
457228800 117
455196672 2
453789000 2
453600000 100
453496320 15
451772160 1
451584000 48
450084600 12
450000000 1
448084224 1
448000000 8
447897600 53
446512500 5
446410440 6
445906944 2
444713220 1
444528000 77
442867500 2
442552320 9
442368000 28
441082908 2
441000000 15
440899200 70
440401920 1
439040000 8
438939648 12
437582250 2
437400000 33
435637440 2
435456000 176
434010150 1
433520640 11
432180000 12
432081216 7
432000000 35
430080000 24
429981696 1
428652000 86
426746880 26
425250000 7
425152800 10
424673280 3
423536400 2
423360000 106
423263232 3
421478400 11
420175000 1
420078960 6
420000000 5
419904000 70
418037760 47
416745000 18
416649744 3
414892800 14
414720000 78
413343000 23
412876800 13
411600000 12
411505920 51
410062500 1
409600000 3
408410100 3
408240000 129
408146688 1
406425600 100
405076140 2
405000000 3
404619264 1
403368000 9
403200000 69
403107840 21
401861250 1
401769396 1
401408000 8
400075200 67
400000000 1
398297088 2
398131200 39
396900000 33
396809280 18
395136000 40
393750000 1
393660000 27
393216000 5
392073696 2
392000000 5
391910400 146
390168576 6
388962000 10
388800000 74
387233280 3
387072000 91
385786800 45
384160000 4
384072192 8
384000000 14
382725000 14
382637520 3
381182760 2
381024000 174
379330560 15
378157500 1
378071064 1
378000000 39
377913600 44
377487360 1
376320000 45
376233984 10
375070500 11
375000000 1
373403520 18
373248000 109
372008700 3
371589120 12
370440000 34
370355328 7
369056250 1
368793600 4
368640000 40
367416000 122
367001600 2
365783040 63
364500000 8
363031200 8
362880000 205
362797056 5
361267200 33
360150000 1
360067680 23
360000000 8
358400000 9
358318080 17
357210000 47
357128352 6
355622400 96
354375000 3
354294000 12
354041856 1
353894400 12
352800000 62
352719360 65
351232000 12
350065800 12
350000000 1
349920000 104
348364800 130
347287500 2
347208120 7
345744000 24
345600000 72
344452500 4
344373768 1
344064000 13
343000000 3
342921600 141
341397504 8
340200000 76
340122240 21
338829120 1
338688000 117
337563450 6
337500000 3
337182720 3
336140000 1
336063168 2
336000000 33
335923200 94
334807830 2
334430208 5
333396000 66
331914240 17
331776000 87
330750000 12
330674400 65
330301440 3
329280000 34
329204736 20
328050000 9
327680000 7
326728080 3
326592000 243
325140480 35
324135000 4
324060912 7
324000000 54
322694400 6
322560000 114
322486272 3
321489000 40
321126400 3
320060160 62
320000000 7
318937500 2
318864600 3
318504960 6
317520000 137
317447424 9
316108800 42
315059220 1
315000000 15
314928000 74
313600000 19
313528320 103
312558750 2
312487308 2
311169600 26
311040000 159
310007250 1
309657600 67
308700000 16
308629440 51
308281344 2
307328000 3
307200000 29
306180000 96
306110016 2
304946208 2
304819200 173
303807105 2
303750000 4
303464448 4
302526000 3
302400000 137
302330880 31
301056000 38
300056400 51
300000000 2
298722816 4
298598400 92
297675000 15
297606960 15
297271296 8
296352000 96
295245000 5
295034880 5
294912000 24
294122500 1
294055272 1
294000000 23
293932800 190
293601280 2
292626432 25
291721500 6
291600000 71
290424960 7
290304000 255
289340100 13
289013760 11
288120000 9
288054144 19
288000000 27
287043750 1
286720000 9
286654464 5
285768000 189
284497920 50
283553298 1
283500000 31
283435200 46
283115520 4
282240000 156
282175488 17
280985600 6
280052640 28
280000000 11
279936000 168
278691840 65
277830000 31
277766496 9
276595200 36
276480000 105
275625000 1
275562000 63
275251200 8
274400000 8
274337280 123
273375000 4
272273400 5
272160000 252
272097792 5
271063296 1
270950400 101
270112500 1
270050760 16
270000000 8
268912000 3
268800000 60
268738560 41
267907500 17
267846264 8
266716800 121
265720500 3
265531392 1
265420800 51
264600000 70
264539520 77
263533760 1
263424000 35
262549350 5
262500000 2
262440000 79
262144000 2
261382464 4
261273600 275
260406090 1
260112384 7
259308000 30
259200000 114
258155520 3
258048000 92
257250000 2
257191200 120
256901120 3
256048128 14
256000000 7
255150000 37
255091680 12
254803968 2
254121840 2
254016000 303
253125000 1
252887040 25
252047376 7
252000000 55
251942400 100
251658240 1
250880000 27
250822656 21
250047000 51
248935680 31
248832000 181
248062500 4
248005800 28
247726080 30
246960000 66
246903552 27
246037500 1
245862400 15
245760000 16
245046060 3
245000000 3
244944000 256
243855360 113
243101250 2
243045684 1
243000000 40
242020800 14
241920000 251
241864704 8
241116750 1
240844800 26
240100000 3
240045120 79
240000000 16
239148450 1
238878720 40
238140000 123
238085568 8
237081600 108
236294415 1
236250000 2
236196000 55
236027904 1
235929600 12
235298000 2
235200000 52
235146240 129
233377200 32
233280000 202
232339968 3
232243200 188
231525000 10
231472080 49
231211008 3
230496000 21
230400000 82
229635000 36
229582512 1
229376000 9
228709656 1
228614400 273
227598336 13
226894500 2
226800000 152
226748160 22
225886080 2
225792000 137
225042300 16
225000000 2
224788480 1
224042112 16
224000000 25
223948800 150
223256250 1
223205220 9
222953472 10
222356610 1
222264000 143
221276160 13
221184000 90
220541454 1
220500000 21
220449600 155
220200960 2
219520000 20
219469824 34
218791125 1
218700000 42
217818720 9
217728000 455
217005075 1
216760320 44
216090000 16
216040608 11
216000000 60
215129600 5
215040000 69
214990848 8
214375000 1
214326000 127
213373440 84
212625000 13
212576400 17
212336640 12
211768200 1
211680000 237
211631616 25
210739200 34
210039480 14
210000000 6
209952000 187
209018880 126
208372500 15
208324872 5
207446400 50
207360000 250
206671500 15
206524416 1
206438400 54
205800000 22
205752960 129
204800000 16
204205050 3
204120000 238
204073344 8
203297472 3
203212800 271
202538070 3
202500000 7
202309632 2
201684000 3
201600000 152
201553920 64
200930625 2
200704000 23
200037600 118
200000000 4
199148544 8
199065600 119
198450000 55
198404640 44
198180864 2
197568000 120
196830000 32
196689920 3
196608000 18
196036848 3
196000000 19
195955200 382
195084288 27
194481000 26
194400000 160
193616640 8
193536000 292
192937500 4
192893400 46
192675840 5
192080000 10
192036096 32
192000000 31
191362500 4
191318760 3
191102976 7
190591380 1
190512000 336
189665280 56
189035532 3
189000000 53
188956800 104
188743680 3
188238400 1
188160000 94
188116992 32
187535250 7
186701760 45
186624000 320
186004350 4
185794560 64
185220000 62
185177664 24
184396800 23
184320000 103
183784545 1
183750000 4
183708000 187
183500800 1
182891520 233
182250000 11
181515600 9
181440000 390
181398528 15
180633600 107
180033840 51
180000000 23
179830784 1
179200000 45
179159040 68
178605000 60
178564176 5
177811200 201
177147000 19
177020928 2
176947200 49
176473500 2
176400000 107
176359680 163
175616000 23
175032900 21
175000000 1
174960000 182
174254976 7
174182400 405
173604060 6
173408256 8
172872000 54
172800000 155
172226250 5
172103680 2
172032000 54
171500000 7
171460800 282
170698752 22
170100000 109
170061120 19
169869312 2
169414560 4
169344000 366
168781725 1
168591360 11
168070000 1
168031584 6
168000000 44
167961600 220
167215104 32
166698000 92
165957120 45
165888000 219
165375000 7
165337200 77
165150720 18
164708600 1
164640000 61
164602368 45
164025000 11
163840000 6
163364040 10
163296000 528
162570240 169
162067500 5
162030456 10
162000000 69
161347200 7
161280000 256
161243136 14
160744500 25
160563200 12
160030080 139
160000000 6
159432300 4
159252480 45
158826150 1
158760000 258
158723712 21
158120256 1
158054400 104
157529610 6
157500000 8
157464000 144
157351936 1
157286400 9
156800000 33
156764160 258
156279375 3
156243654 1
155584800 61
155520000 358
155003625 1
154893312 1
154828800 183
154350000 26
154314720 113
154140672 1
153664000 17
153600000 46
153090000 114
153055008 2
152409600 471
151875000 1
151732224 13
151263000 5
151200000 256
151165440 90
150528000 119
150062500 1
150028200 65
150000000 1
149361408 22
149299200 231
148837500 16
148803480 20
148635648 12
148176000 182
147622500 9
147517440 10
147456000 62
147000000 17
146966400 382
146800640 1
146313216 67
145860750 6
145800000 101
145212480 18
145152000 595
144670050 7
144506880 49
144060000 13
144027072 23
144000000 91
143521875 1
143360000 38
143327232 26
142943535 1
142884000 294
142248960 132
141750000 32
141717600 60
141557760 12
141120000 264
141087744 47
140492800 18
140026320 34
140000000 6
139968000 367
139345920 205
138915000 45
138883248 13
138297600 51
138240000 216
137781000 71
137625600 37
137200000 21
137168640 257
136687500 3
136136700 5
136080000 454
136048896 14
135531648 2
135475200 302
135025380 16
135000000 22
134873088 2
134456000 2
134400000 119
134369280 135
133953750 5
133923132 1
133358400 224
132765696 15
132710400 151
132300000 101
132269760 117
132120576 3
131712000 107
131274675 1
131220000 104
131072000 13
130691232 8
130636800 646
130056192 24
129654000 43
129600000 250
129077760 5
129024000 258
128625000 2
128595600 177
128450560 5
128024064 53
128000000 12
127575000 43
127545840 7
127401984 5
127008000 643
126562500 1
126443520 59
126023688 5
126000000 80
125971200 228
125829120 1
125440000 66
125411328 68
125023500 31
124467840 68
124416000 421
124002900 20
123863040 81
123480000 120
123451776 60
122931200 17
122880000 62
122523030 4
122500000 2
122472000 437
121927680 267
121550625 1
121522842 2
121500000 25
121010400 14
120960000 516
120932352 28
120558375 4
120472576 1
120422400 86
120050000 1
120022560 112
120000000 22
119439360 137
119070000 167
119042784 23
118590192 1
118540800 239
118125000 3
118098000 56
118013952 3
117964800 49
117600000 109
117573120 312
116688600 43
116640000 368
116169984 5
116121600 462
115762500 11
115736040 54
115605504 4
115248000 28
115200000 134
114817500 24
114791256 2
114688000 32
114354828 1
114307200 529
113799168 28
113447250 1
113400000 261
113374080 74
113246208 4
112943040 2
112896000 316
112521150 11
112500000 1
112394240 7
112021056 22
112000000 34
111974400 385
111602610 4
111476736 35
111132000 211
110638080 37
110592000 233
110250000 24
110224800 229
110100480 11
109760000 40
109734912 93
109350000 38
108909360 18
108864000 884
108380160 170
108045000 16
108020304 24
108000000 94
107564800 6
107520000 174
107495424 26
107187500 1
107163000 117
106686720 201
106312500 8
106288200 20
106168320 56
105840000 367
105815808 71
105369600 79
105019740 9
105000000 12
104976000 308
104857600 1
104509440 344
104186250 5
104162436 5
103723200 84
103680000 410
103335750 10
103219200 147
102900000 26
102876480 258
102400000 22
102060000 318
102036672 13
101648736 4
101606400 627
101250000 9
101154816 11
100842000 7
100800000 265
100776960 171
100663296 1
100352000 41
100018800 162
100000000 2
99574272 35
99532800 355
99225000 43
99202320 53
99090432 16
98784000 227
98415000 35
98344960 7
98304000 43
98018424 3
98000000 21
97977600 750
97542144 75
97240500 13
97200000 254
96808320 15
96768000 676
96446700 53
96337920 20
96040000 15
96018048 64
96000000 62
95681250 3
95551488 20
95256000 539
94832640 136
94517766 1
94500000 69
94478400 137
94371840 14
94080000 179
94058496 100
93767625 1
93350880 76
93312000 611
93002175 1
92897280 213
92610000 96
92588832 34
92198400 52
92160000 204
91875000 2
91854000 235
91750400 12
91445760 459
91125000 7
90757800 18
90720000 678
90699264 26
90354432 1
90316800 277
90037500 3
90016920 64
90000000 30
89600000 73
89579520 203
89302500 43
89282088 4
88905600 377
88593750 1
88573500 10
88510464 7
88473600 121
88236750 1
88200000 143
88179840 323
87808000 56
87516450 8
87500000 1
87480000 228
87127488 11
87091200 882
86802030 13
86704128 34
86436000 71
86400000 256
86113125 1
86051840 2
86016000 154
85750000 7
85730400 416
85349376 74
85050000 138
85030560 44
84934656 10
84707280 5
84672000 658
84375000 1
84295680 41
84035000 1
84015792 20
84000000 61
83980800 467
83607552 101
83349000 125
82978560 81
82944000 527
82687500 11
82668600 86
82575360 54
82320000 96
82301184 115
82012500 8
81920000 12
81682020 5
81648000 896
81285120 348
81033750 8
81015228 14
81000000 73
80673600 19
80640000 523
80621568 61
80372250 14
80281600 25
80015040 225
80000000 10
79716150 3
79626240 122
79380000 322
79361856 50
79060128 1
79027200 257
78764805 1
78750000 8
78732000 157
78675968 1
78643200 20
78400000 73
78382080 516
77792400 82
77760000 611
77446656 6
77414400 493
77175000 20
77157360 134
77070336 4
76832000 33
76800000 109
76545000 130
76527504 3
76204800 881
75866112 36
75631500 7
75600000 336
75582720 165
75497472 1
75295360 1
75264000 271
75014100 62
75000000 3
74680704 31
74649600 555
74418750 3
74401740 21
74317824 34
74118870 2
74088000 297
73811250 6
73758720 21
73728000 178
73513818 2
73500000 28
73483200 581
73400320 5
73156608 135
72930375 1
72900000 136
72606240 34
72576000 1199
72335025 3
72253440 130
72030000 20
72013536 58
72000000 134
71744535 1
71680000 75
71663616 55
71442000 344
71124480 285
70875000 20
70858800 73
70778880 34
70589400 3
70560000 417
70543872 102
70246400 31
70013160 53
70000000 16
69984000 650
69672960 472
69457500 30
69441624 16
69148800 106
69120000 470
68890500 46
68812800 85
68600000 29
68584320 486
68068350 4
68040000 626
68024448 19
67765824 2
67737600 701
67512690 10
67500000 10
67436544 5
67228000 9
67200000 203
67184640 307
66976875 4
66961566 3
66679200 326
66382848 36
66355200 373
66150000 99
66134880 189
66060288 11
65856000 172
65625000 2
65610000 106
65536000 24
65345616 9
65318400 1192
65028096 86
64827000 52
64800000 359
64538880 17
64512000 582
64312500 2
64297800 187
64225280 13
64012032 108
64000000 22
63787500 19
63772920 8
63700992 18
63530460 3
63504000 901
63221760 125
63011844 7
63000000 107
62985600 335
62914560 5
62720000 100
62705664 135
62511750 17
62500000 1
62233920 124
62208000 819
62001450 17
61931520 193
61740000 145
61725888 90
61465600 29
61440000 118
61261515 1
61250000 4
61236000 571
60963840 590
60761421 2
60750000 40
60505200 23
60480000 901
60466176 54
60236288 1
60211200 188
60025000 4
60011280 149
60000000 18
59719680 258
59535000 134
59521392 25
59295096 1
59270400 459
59062500 3
59049000 57
59006976 6
58982400 93
58800000 129
58786560 579
58344300 34
58320000 497
58084992 8
58060800 1113
57881250 7
57868020 36
57802752 19
57624000 75
57600000 249
57408750 5
57344000 78
57177414 1
57153600 800
56899584 70
56700000 267
56687040 123
56623104 7
56471520 3
56448000 684
56260575 3
56250000 5
56197120 13
56010528 33
56000000 50
55987200 745
55801305 2
55738368 100
55566000 233
55319040 74
55296000 486
55125000 16
55112400 283
55050240 33
54880000 64
54867456 192
54675000 37
54454680 12
54432000 1386
54190080 323
54022500 14
54010152 26
54000000 119
53782400 13
53760000 336
53747712 66
53581500 78
53343360 341
53156250 3
53144100 13
53084160 122
52942050 2
52920000 505
52907904 110
52684800 140
52509870 15
52500000 14
52488000 428
52428800 3
52254720 800
52081218 5
51861600 131
51840000 735
51667875 1
51631104 4
51609600 375
51450000 30
51438240 331
51380224 1
51200000 49
51030000 315
51018336 14
50824368 5
50803200 1057
50625000 5
50577408 28
50421000 9
50400000 375
50388480 292
50331648 1
50176000 117
50009400 145
50000000 3
49787136 52
49766400 694
49612500 33
49601160 79
49545216 31
49412580 1
49392000 347
49207500 16
49172480 16
49152000 96
49009212 4
49000000 17
48988800 1110
48771072 149
48620250 9
48600000 272
48404160 33
48384000 1245
48234375 1
48223350 30
48168960 74
48020000 15
48009024 106
48000000 78
47840625 1
47829690 2
47775744 47
47628000 718
47416320 321
47258883 2
47250000 67
47239200 201
47185920 33
47040000 314
47029248 214
46675440 99
46656000 1037
46448640 532
46305000 86
46294416 35
46099200 67
46080000 369
45927000 201
45875200 22
45722880 755
45562500 7
45378900 17
45360000 976
45349632 43
45177216 3
45158400 522
45018750 2
45008460 47
45000000 21
44957696 1
44800000 85
44789760 435
44651250 22
44641044 7
44452800 541
44286750 9
44255232 25
44236800 317
44100000 144
44089920 424
44040192 6
43904000 87
43758225 4
43750000 1
43740000 273
43563744 12
43545600 1620
43401015 2
43352064 58
43218000 81
43200000 424
43025920 6
43008000 329
42875000 5
42865200 450
42674688 126
42525000 101
42515280 35
42467328 24
42353640 8
42336000 1032
42187500 2
42147840 79
42017500 2
42007896 16
42000000 115
41990400 682
41943040 2
41803776 194
41674500 84
41489280 165
41472000 994
41343750 3
41334300 59
41287680 135
41160000 116
41150592 150
41006250 1
40960000 55
40841010 7
40824000 1148
40642560 712
40507614 5
40500000 72
40336800 18
40320000 835
40310784 89
40186125 6
40140800 67
40007520 285
40000000 15
39858075 1
39813120 336
39690000 335
39680928 76
39513600 406
39375000 8
39366000 163
39337984 4
39321600 43
39200000 79
39191040 880
38896200 84
38880000 833
38723328 9
38707200 996
38587500 15
38578680 145
38535168 10
38416000 32
38400000 184
38272500 61
38263752 5
38118276 1
38102400 1228
37933056 79
37815750 4
37800000 402
37791360 255
37748736 3
37647680 4
37632000 450
37507050 49
37500000 2
37340352 56
37324800 972
37209375 1
37200870 4
37158912 93
37044000 353
36905625 2
36879360 50
36864000 396
36750000 30
36741600 702
36700160 7
36578304 262
36450000 97
36303120 34
36288000 1803
36126720 258
36015000 12
36006768 74
36000000 135
35840000 129
35831808 104
35721000 287
35562240 493
35437500 9
35429400 60
35389440 95
35280000 532
35271936 192
35123200 83
35006580 42
35000000 11
34992000 884
34836480 951
34728750 13
34720812 14
34574400 149
34560000 733
34445250 24
34406400 178
34300000 28
34292160 644
34034175 3
34020000 673
34012224 42
33882912 3
33868800 1196
33756345 4
33750000 9
33718272 17
33614000 8
33600000 290
33592320 505
33339600 346
33191424 42
33177600 628
33075000 92
33067440 209
33030144 21
32941720 2
32928000 237
32812500 1
32805000 89
32768000 32
32672808 6
32659200 1763
32514048 163
32413500 32
32400000 383
32269440 30
32256000 1037
32148900 122
32112640 30
32006016 144
32000000 46
31893750 8
31886460 12
31850496 61
31765230 5
31752000 1098
31610880 234
31505922 4
31500000 113
31492800 436
31457280 13
31360000 142
31352832 272
31255875 5
31250000 1
31116960 157
31104000 1370
31000725 4
30965760 413
30870000 141
30862944 125
30732800 37
30720000 216
30625000 1
30618000 509
30481920 1026
30375000 22
30252600 17
30240000 1226
30233088 86
30105600 317
30012500 2
30005640 136
30000000 23
29859840 482
29767500 81
29760696 20
29647548 1
29635200 629
29531250 3
29524500 27
29503488 17
29491200 197
29400000 153
29393280 826
29360128 1
29172150 21
29160000 564
29042496 13
29030400 1853
28940625 1
28934010 22
28901376 47
28812000 61
28800000 356
28704375 2
28697814 1
28672000 144
28588707 1
28576800 908
28449792 137
28350000 232
28343520 114
28311552 11
28235760 6
28224000 960
28098560 29
28005264 43
28000000 64
27993600 1114
27869184 221
27783000 214
27659520 143
27648000 865
27562500 13
27556200 229
27525120 76
27440000 76
27433728 298
27337500 22
27227340 17
27216000 1861
27095040 674
27011250 3
27005076 18
27000000 118
26891200 13
26880000 498
26873856 139
26790750 42
26671680 431
26572050 3
26542080 269
26471025 1
26460000 528
26453952 125
26342400 240
26254935 4
26250000 10
26244000 423
26214400 13
26127360 1288
26040609 2
25930800 128
25920000 1066
25815552 6
25804800 704
25725000 16
25719120 363
25690112 3
25600000 77
25515000 249
25509168 10
25412184 3
25401600 1643
25312500 1
25288704 60
25210500 4
25200000 465
25194240 473
25165824 6
25088000 180
25004700 121
25000000 2
24893568 68
24883200 1311
24806250 12
24800580 54
24772608 79
24696000 386
24603750 5
24586240 15
24576000 194
24504606 4
24500000 28
24494400 1318
24385536 309
24310125 1
24300000 232
24202080 27
24192000 1937
24111675 10
24084480 140
24010000 16
24004512 103
24000000 105
23914845 1
23887872 138
23814000 657
23708160 452
23625000 45
23619600 155
23592960 73
23529800 1
23520000 439
23514624 319
23337720 79
23328000 1374
23224320 950
23152500 53
23147208 42
23049600 118
23040000 612
22963500 135
22937600 64
22861440 1021
22781250 2
22689450 8
22680000 1064
22674816 70
22588608 1
22579200 947
22504230 42
22500000 25
22478848 7
22400000 144
22394880 703
22325625 1
22320522 2
22226400 601
22143375 1
22127616 32
22118400 604
22050000 136
22044960 493
22020096 4
21952000 114
21870000 237
21781872 13
21772800 2434
21676032 126
21609000 58
21600000 542
21512960 12
21504000 617
21437500 1
21432600 366
21337344 212
21262500 45
21257640 27
21233664 53
21176820 2
21168000 1340
21093750 1
21073920 149
21003948 14
21000000 88
20995200 878
20971520 2
20901888 354
20837250 36
20744640 173
20736000 1541
20667150 27
20643840 253
20588575 1
20580000 130
20575296 236
20480000 71
20420505 1
20412000 1162
20321280 1198
20253807 2
20250000 53
20168400 19
20160000 1106
20155392 161
20070400 122
20003760 302
20000000 16
19906560 614
19845000 246
19840464 59
19756800 534
19687500 2
19683000 114
19668992 3
19660800 89
19600000 92
19595520 1346
19448100 53
19440000 919
19361664 19
19353600 1634
19293750 5
19289340 98
19267584 29
19208000 41
19200000 238
19136250 17
19131876 3
19059138 2
19051200 1512
18984375 1
18966528 127
18907875 2
18900000 344
18895680 297
18874368 8
18816000 613
18753525 5
18750000 3
18670176 63
18662400 1619
18600435 2
18579456 194
18522000 343
18439680 79
18432000 642
18375000 14
18370800 618
18350080 21
18289152 402
18225000 73
18151560 33
18144000 2452
18063360 459
18007500 13
18003384 42
18000000 158
17920000 194
17915904 207
17860500 184
17781120 601
17718750 2
17714700 31
17694720 226
17640000 609
17635968 263
17561600 96
17503290 30
17500000 4
17496000 903
17418240 1561
17360406 6
17287200 160
17280000 1057
17222625 3
17210368 2
17203200 371
17150000 18
17146080 705
17010000 557
17006112 26
16941456 3
16934400 1588
16875000 8
16859136 28
16807000 4
16800000 343
16796160 783
16669800 289
16595712 67
16588800 1205
16537500 33
16533720 145
16515072 58
16464000 291
16402500 48
16384000 47
16336404 9
16329600 2231
16257024 298
16206750 14
16200000 405
16134720 23
16128000 1511
16074450 50
16056320 33
16003008 220
16000000 57
15946875 2
15943230 5
15925248 118
15876000 1078
15805440 393
15752961 4
15750000 65
15746400 476
15728640 25
15680000 159
15676416 422
15625000 1
15558480 134
15552000 1746
15482880 755
15435000 93
15431472 115
15366400 43
15360000 329
15309000 371
15240960 1363
15187500 7
15126300 12
15120000 1403
15116544 153
15052800 490
15002820 117
15000000 27
14929920 919
14883750 23
14880348 17
14817600 667
14762250 16
14751744 17
14745600 371
14700000 134
14696640 969
14680064 2
14586075 1
14580000 571
14521248 20
14515200 2761
14467005 8
14450688 90
14406000 49
14400000 452
14336000 194
14288400 818
14224896 258
14175000 139
14171760 105
14155776 39
14117880 4
14112000 1203
14049280 56
14002632 31
14000000 58
13996800 1457
13934592 389
13891500 140
13829760 146
13824000 1315
13781250 4
13778100 121
13762560 120
13720000 78
13716864 375
13668750 6
13613670 7
13608000 1955
13547520 1005
13505625 1
13502538 12
13500000 120
13445600 11
13440000 714
13436928 243
13395375 5
13335840 558
13286025 2
13271040 512
13230000 418
13226976 159
13176688 1
13171200 357
13125000 5
13122000 353
13107200 22
13063680 1856
12965400 117
12960000 1247
12907776 11
12902400 1147
12862500 9
12859560 278
12845056 6
12800000 89
12757500 120
12754584 12
12706092 2
12700800 1897
12644352 102
12605250 4
12600000 492
12597120 507
12582912 7
12544000 235
12502350 70
12500000 3
12446784 111
12441600 1878
12403125 1
12400290 29
12386304 179
12348000 369
12293120 24
12288000 279
12252303 1
12250000 11
12247200 1299
12192768 479
12150000 206
12101040 30
12096000 2456
12042240 217
12005000 5
12002256 125
12000000 109
11943936 213
11907000 444
11854080 632
11812500 17
11809800 109
11796480 115
11764900 2
11760000 468
11757312 448
11668860 54
11664000 1510
11612160 1518
11576250 20
11573604 26
11524800 128
11520000 843
11481750 40
11468800 98
11430720 1180
11390625 1
11344725 1
11340000 975
11337408 74
11294304 3
11289600 1308
11252115 8
11250000 25
11239424 15
11200000 161
11197440 1063
11113200 505
11063808 54
11059200 999
11025000 79
11022480 423
11010048 14
10976000 128
10937500 1
10935000 166
10890936 18
10886400 3119
10838016 219
10804500 40
10800000 538
10756480 11
10752000 815
10718750 1
10716300 213
10668672 282
10631250 19
10628820 21
10616832 87
10588410 1
10584000 1315
10536960 214
10501974 9
10500000 72
10497600 910
10485760 8
10450944 582
10418625 6
10372320 166
10368000 2093
10333575 12
10321920 488
10290000 119
10287648 257
10240000 101
10206000 887
10160640 1648
10125000 38
10084200 23
10080000 1293
10077696 233
10035200 172
10001880 230
10000000 13
9953280 969
9922500 110
9920232 46
9878400 683
9841500 69
9834496 6
9830400 173
9800000 84
9797760 1577
9724050 24
9720000 924
9680832 12
9676800 2425
9644670 39
9633792 43
9604000 21
9600000 300
9568125 6
9565938 2
9525600 1433
9483264 193
9450000 298
9447840 302
9437184 16
9411920 3
9408000 716
9335088 64
9331200 2050
9289728 355
9261000 229
9219840 91
9216000 924
9187500 11
9185400 435
9175040 35
9144576 489
9112500 37
9075780 14
9072000 2633
9031680 727
9003750 2
9001692 44
9000000 129
8960000 254
8957952 296
8930250 87
8890560 687
8859375 1
8857350 13
8847360 391
8820000 515
8817984 278
8780800 136
8751645 5
8750000 6
8748000 794
8709120 2202
8643600 130
8640000 1306
8605184 1
8601600 591
8575000 12
8573040 648
8505000 317
8503056 24
8470728 2
8467200 2006
8437500 3
8429568 39
8403500 2
8400000 327
8398080 981
8334900 158
8297856 86
8294400 1847
8268750 7
8266860 93
8257536 94
8232000 295
8201250 17
8192000 100
8168202 6
8164800 2294
8128512 475
8103375 6
8100000 321
8067360 19
8064000 1858
8037225 19
8028160 65
8001504 197
8000000 50
7962624 183
7938000 904
7902720 504
7875000 40
7873200 336
7864320 54
7840000 194
7838208 627
7779240 127
7776000 2129
7741440 1236
7717500 51
7715736 85
7683200 44
7680000 438
7654500 229
7620480 1591
7593750 4
7563150 10
7560000 1272
7558272 154
7529536 1
7526400 718
7501410 38
7500000 20
7464960 1355
7441875 6
7440174 8
7408800 669
7375872 29
7372800 657
7350000 90
7348320 884
7340032 5
7290000 384
7260624 15
7257600 3471
7225344 146
7203000 40
7200000 511
7168000 261
7144200 567
7112448 281
7087500 78
7085880 63
7077888 52
7056000 1322
7024640 60
7001316 20
7000000 46
6998400 1619
6967296 632
6945750 62
6914880 167
6912000 1830
6890625 2
6889050 64
6881280 209
6860000 66
6858432 439
6804000 1709
6773760 1502
6750000 82
6722800 9
6720000 817
6718464 344
6667920 454
6635520 909
6615000 268
6613488 104
6585600 379
6562500 1
6561000 262
6553600 50
6531840 2353
6482700 68
6480000 1265
6453888 11
6451200 1682
6431250 3
6429780 166
6422528 10
6400000 119
6378750 51
6377292 9
6353046 1
6350400 2003
6322176 159
6302625 1
6300000 380
6298560 518
6291456 4
6272000 301
6251175 8
6250000 2
6223392 68
6220800 2526
6200145 4
6193152 234
6174000 341
6146560 26
6144000 465
6125000 6
6123600 1049
6096384 665
6075000 101
6050520 20
6048000 2744
6021120 339
6002500 7
6001128 89
6000000 101
5971968 325
5953500 245
5927040 696
5906250 9
5904900 62
5898240 230
5880000 419
5878656 487
5834430 23
5832000 1424
5806080 2135
5788125 2
5786802 22
5762400 94
5760000 1051
5740875 3
5734400 168
5715360 1137
5670000 709
5668704 70
5644800 1604
5625000 6
5619712 14
5600000 155
5598720 1456
5556600 351
5531904 52
5529600 1408
5512500 42
5511240 281
5505024 40
5488000 141
5467500 66
5445468 5
5443200 3345
5419008 374
5402250 21
5400000 448
5378240 9
5376000 1128
5358150 80
5334336 278
5315625 3
5314410 5
5308416 190
5292000 1147
5268480 292
5250987 3
5250000 46
5248800 764
5242880 16
5225472 786
5186160 141
5184000 2444
5160960 754
5145000 66
5143824 188
5120000 171
5103000 592
5080320 1891
5062500 16
5042100 11
5040000 1202
5038848 283
5017600 254
5000940 138
5000000 15
4976640 1387
4961250 47
4960116 27
4939200 645
4920750 18
4917248 10
4915200 269
4900000 74
4898880 1630
4862025 8
4860000 706
4840416 22
4838400 3017
4822335 13
4816896 69
4802000 29
4800000 320
4762800 1159
4741632 257
4725000 151
4723920 223
4718592 28
4704000 808
4667544 54
4665600 2357
4644864 559
4630500 129
4609920 93
4608000 1228
4593750 2
4592700 233
4587520 72
4572288 593
4556250 5
4537890 7
4536000 2380
4515840 995
4500846 24
4500000 95
4480000 262
4478976 426
4465125 15
4445280 658
4423680 602
4410000 386
4408992 280
4390400 168
4375000 1
4374000 562
4354560 2725
4321800 99
4320000 1285
4302592 3
4300800 800
4287500 8
4286520 451
4252500 165
4251528 8
4235364 1
4233600 2118
4218750 1
4214784 72
4200000 312
4199040 961
4194304 2
4167450 71
4148928 91
4147200 2429
4133430 35
4128768 142
4116000 258
4100625 1
4096000 122
4084101 1
4082400 1957
4064256 607
4050000 224
4033680 11
4032000 2192
4014080 104
4000752 167
4000000 53
3981312 337
3969000 554
3951360 587
3937500 24
3936600 219
3932160 92
3920000 199
3919104 762
3889620 76
3888000 2040
3870720 1748
3858750 18
3857868 52
3841600 51
3840000 525
3827250 78
3810240 1592
3796875 1
3781575 2
3780000 1009
3779136 164
3764768 1
3763200 838
3750705 6
3750000 8
3732480 1711
3720087 1
3704400 528
3687936 37
3686400 901
3675000 47
3674160 652
3670016 8
3645000 219
3630312 8
3628800 3700
3612672 215
3601500 26
3600000 442
3584000 322
3572100 310
3556224 330
3543750 18
3542940 44
3538944 102
3529470 1
3528000 1186
3512320 70
3500658 20
3500000 34
3499200 1486
3483648 805
3472875 6
3457440 133
3456000 2111
3444525 10
3440640 333
3430000 34
3429216 364
3402000 1201
3386880 1647
3375000 36
3361400 5
3360000 814
3359232 409
3333960 297
3317760 1284
3307500 113
3306744 94
3292800 403
3280500 124
3276800 80
3265920 2305
3241350 28
3240000 1162
3226944 10
3225600 2138
3214890 67
3211264 19
3200000 110
3189375 6
3188646 2
3175200 1605
3161088 200
3150000 260
3149280 478
3145728 14
3136000 325
3125000 3
3111696 64
3110400 2750
3096576 363
3087000 203
3073280 51
3072000 612
3062500 4
3061800 701
3048192 709
3037500 36
3025260 17
3024000 2604
3010560 455
3001250 1
3000564 39
3000000 87
2985984 476
2976750 85
2963520 730
2953125 2
2952450 21
2949120 358
2940000 315
2939328 476
2917215 6
2916000 1192
2903040 2599
2893401 10
2881200 91
2880000 1127
2867200 256
2857680 865
2835000 393
2834352 55
2823576 2
2822400 1618
2812500 5
2809856 13
2800000 129
2799360 1459
2778300 209
2765952 64
2764800 1963
2756250 5
2755620 142
2752512 47
2744000 100
2733750 23
2722734 3
2721600 2961
2709504 477
2701125 3
2700000 307
2689120 6
2688000 1201
2679075 19
2667168 230
2657205 3
2654208 250
2646000 854
2634240 281
2625000 29
2624400 580
2621440 18
2612736 882
2593080 117
2592000 2380
2580480 1020
2572500 28
2571912 102
2560000 180
2551500 275
2540160 1880
2531250 2
2521050 2
2520000 1077
2519424 255
2508800 264
2500470 60
2500000 10
2488320 1859
2480625 7
2480058 11
2469600 495
2460375 6
2458624 11
2457600 407
2450000 44
2449440 1272
2430000 485
2420208 11
2419200 3399
2408448 89
2401000 19
2400000 270
2381400 748
2370816 315
2362500 75
2361960 123
2359296 67
2352980 3
2352000 748
2333772 34
2332800 2270
2322432 698
2315250 47
2304960 110
2304000 1446
2296350 71
2293760 96
2286144 562
2268945 1
2268000 1894
2257920 1150
2250423 3
2250000 62
2240000 290
2239488 549
2222640 520
2211840 890
2205000 191
2204496 172
2195200 152
2187500 1
2187000 318
2177280 2983
2160900 37
2160000 1191
2151296 5
2150400 967
2143750 2
2143260 210
2126250 60
2125764 11
2116800 1851
2107392 94
2100000 206
2099520 857
2097152 2
2083725 10
2074464 85
2073600 2763
2066715 9
2064384 207
2058000 195
2048000 179
2041200 1434
2032128 692
2025000 130
2016840 10
2016000 2213
2007040 126
2000376 120
2000000 20
1990656 450
1984500 284
1975680 539
1968750 2
1968300 90
1966080 153
1960000 159
1959552 714
1944810 28
1944000 1764
1935360 2144
1929375 3
1928934 21
1920800 40
1920000 581
1913625 5
1905120 1309
1890000 622
1889568 128
1882384 1
1881600 923
1875000 4
1866240 1911
1852200 332
1843968 43
1843200 1118
1837500 27
1837080 431
1835008 18
1822500 83
1815156 6
1814400 3493
1806336 295
1800750 5
1800000 358
1792000 358
1786050 135
1778112 308
1771875 3
1771470 14
1769472 165
1764000 856
1756160 100
1750329 3
1750000 23
1749600 1155
1741824 1000
1728720 95
1728000 2220
1720320 447
1715000 20
1714608 308
1701000 693
1693440 1783
1687500 10
1680700 1
1680000 667
1679616 409
1666980 168
1658880 1587
1653750 39
1653372 53
1646400 384
1640250 28
1638400 85
1632960 2068
1620675 3
1620000 790
1613472 5
1612800 2307
1607445 9
1605632 26
1600000 113
1594323 1
1587600 1152
1580544 199
1575000 114
1574640 385
1572864 22
1568000 283
1555848 53
1555200 2668
1548288 523
1543500 97
1536640 40
1536000 671
1531250 2
1530900 321
1524096 771
1518750 9
1512630 7
1512000 2146
1505280 504
1500282 25
1500000 51
1492992 602
1488375 16
1481760 554
1476225 4
1474560 509
1470000 188
1469664 396
1458000 709
1451520 2822
1440600 41
1440000 1036
1433600 256
1428840 521
1417500 161
1417176 38
1411788 3
1411200 1502
1404928 20
1400000 101
1399680 1445
1389150 66
1382976 71
1382400 2247
1378125 2
1377810 48
1376256 71
1372000 77
1366875 2
1360800 2257
1354752 554
1350000 186
1344560 5
1344000 1173
1333584 163
1327104 347
1323000 448
1317120 289
1312500 13
1312200 307
1310720 31
1306368 980
1296540 50
1296000 2149
1290240 1245
1286250 8
1285956 80
1280000 184
1275750 78
1270080 1648
1260000 727
1259712 229
1254400 282
1250235 14
1250000 4
1244160 2047
1240029 3
1234800 352
1229312 14
1228800 481
1225000 21
1224720 970
1215000 267
1210104 11
1209600 3259
1204224 117
1200500 8
1200000 266
1190700 348
1185408 282
1181250 22
1180980 58
1179648 81
1176490 2
1176000 607
1166886 14
1166400 1795
1161216 925
1157625 8
1152480 82
1152000 1581
1148175 16
1146880 105
1143072 464
1134000 1157
1128960 1217
1125000 35
1120000 255
1119744 575
1111320 285
1105920 1094
1102500 75
1102248 121
1097600 115
1093500 120
1088640 2666
1080450 23
1080000 898
1075648 4
1075200 1093
1071630 89
1063125 7
1062882 4
1058400 1363
1053696 87
1050000 110
1049760 698
1048576 5
1037232 49
1036800 2862
1032192 278
1029000 92
1024000 181
1020600 745
1016064 729
1012500 45
1008420 13
1008000 1789
1003520 139
1000188 64
1000000 31
995328 569
992250 81
987840 454
984375 1
984150 29
983040 207
980000 103
979776 637
972405 2
972000 1239
967680 2351
964467 2
960400 26
960000 524
952560 943
945000 342
944784 85
941192 1
940800 842
937500 1
933120 1822
926100 144
921984 44
921600 1347
918750 9
918540 199
917504 28
911250 21
907578 7
907200 2910
903168 314
900000 230
896000 379
893025 19
889056 228
885735 2
884736 245
882000 533
878080 90
875000 6
874800 687
870912 995
864360 69
864000 2086
860160 522
857500 13
857304 153
850500 290
846720 1487
843750 3
840000 519
839808 377
833490 69
829440 1805
826875 4
826686 18
823200 228
820125 3
819200 108
816480 1526
810000 481
806736 2
806400 2189
802816 28
800000 72
793800 617
790272 222
787500 41
787320 180
786432 35
784000 230
777924 39
777600 2436
774144 644
771750 34
768320 32
768000 741
765450 98
762048 598
759375 1
756315 3
756000 1497
752640 538
750141 3
750000 30
746496 646
740880 407
737280 608
735000 102
734832 268
729000 360
725760 2760
720300 23
720000 826
716800 275
714420 262
708750 46
708588 22
705600 1259
702464 24
700000 63
699840 1164
694575 12
691488 44
691200 2204
688905 10
688128 104
686000 67
680400 1392
677376 573
675000 77
672280 2
672000 1052
666792 118
663552 463
661500 193
658560 271
656250 1
656100 138
655360 38
653184 974
648270 15
648000 1570
645120 1393
643125 3
642978 26
640000 182
637875 11
635040 1189
630000 431
629856 173
627200 278
622080 2056
617400 194
614656 14
614400 600
612500 8
612360 491
607500 102
605052 7
604800 2724
602112 144
600250 7
600000 183
595350 107
592704 216
590625 2
590490 19
589824 128
588000 400
583200 1183
580608 941
576240 55
576000 1396
573440 134
571536 317
567000 617
564480 1090
562500 11
560000 200
559872 542
555660 141
552960 1229
551250 31
551124 55
548800 93
546750 35
544320 2096
540225 4
540000 608
537824 7
537600 1183
535815 14
529200 873
526848 104
525000 60
524880 434
524288 3
518616 36
518400 2396
516096 351
514500 42
512000 188
510300 331
508032 639
506250 12
504210 3
504000 1284
501760 142
500094 23
500000 15
497664 635
496125 11
493920 298
492075 7
491520 225
490000 79
489888 469
486000 735
483840 2219
480200 11
480000 451
476280 504
472500 133
472392 58
470400 732
466560 1511
463050 55
460992 32
460800 1447
459375 1
459270 55
458752 19
455625 3
453600 2005
451584 380
450000 125
448000 313
444528 170
442368 280
441000 270
439040 70
437500 8
437400 396
435456 964
432180 21
432000 1701
430080 594
428750 4
428652 91
425250 95
423360 1224
421875 1
420000 337
419904 312
416745 11
414720 1759
413343 3
411600 173
409600 132
408240 962
405000 210
403368 3
403200 1957
401408 21
400000 57
396900 303
395136 147
393750 14
393660 73
393216 59
392000 157
388962 6
388800 1724
387072 696
385875 7
384160 24
384000 726
382725 12
381024 490
378000 822
376320 492
375000 17
373248 587
370440 243
368640 738
367500 37
367416 142
364500 119
362880 2337
360150 8
360000 589
358400 286
357210 77
354375 3
354294 7
352800 855
351232 23
350000 27
349920 744
345744 43
345600 2086
344064 123
343000 30
340200 771
338688 543
337500 28
336140 2
336000 746
333396 60
331776 518
330750 51
329280 197
328050 48
327680 42
326592 694
324135 5
324000 1003
322560 1447
321489 5
320000 142
317520 703
315000 210
314928 113
313600 240
312500 2
311040 1766
308700 97
307328 5
307200 587
306250 2
306180 242
303750 15
302526 4
302400 2023
301056 172
300000 104
297675 14
296352 171
295245 2
294912 163
294000 241
291600 717
290304 863
288120 19
288000 1185
286720 139
285768 179
283500 227
282240 865
281250 2
280000 147
279936 453
277830 43
276480 1297
275625 3
275562 22
274400 77
273375 3
272160 1458
270000 330
268912 7
268800 888
264600 463
263424 87
262500 16
262440 202
262144 7
259308 13
259200 1941
258048 350
257250 11
256000 175
255150 95
254016 491
252000 826
250880 135
250047 3
250000 3
248832 646
246960 220
245760 259
245000 21
244944 290
243000 350
241920 2001
240100 3
240000 346
238140 214
236250 26
236196 14
235200 548
233280 1132
231525 11
230496 18
230400 1283
229635 17
229376 22
226800 1156
225792 341
225000 51
224000 246
222264 91
221184 339
220500 124
219520 69
218700 146
217728 736
216090 13
216000 1140
215040 610
214326 32
212625 15
211680 832
210000 178
209952 203
207360 1585
205800 91
204800 129
204120 471
202500 64
201684 1
201600 1526
200704 20
200000 47
198450 64
197568 131
196830 21
196608 53
196000 104
194481 3
194400 1129
193536 659
192080 17
192000 612
190512 309
189000 368
188160 437
187500 4
186624 519
185220 91
184320 705
183750 11
183708 59
182250 23
181440 1632
180075 2
180000 354
179200 281
178605 7
176400 480
175616 25
175000 23
174960 442
172872 27
172800 1724
172032 151
171500 19
170100 308
169344 436
168750 3
168000 547
166698 13
165888 546
165375 11
164640 126
164025 4
163840 65
163296 427
162000 502
161280 1259
160000 120
158760 415
157500 73
157464 51
156800 187
155520 1335
154350 21
153664 10
153600 610
153090 76
151875 2
151200 1300
150528 139
150000 35
148176 95
147456 159
147000 130
145800 331
145152 745
144060 11
144000 922
143360 145
142884 80
141750 55
141120 645
140000 89
139968 312
138915 8
138240 1236
137781 2
137200 30
136080 822
135000 140
134400 803
132300 157
131712 79
131250 5
131220 74
131072 11
129654 7
129600 1354
129024 361
128625 2
128000 150
127575 14
127008 309
126000 462
125440 125
125000 8
124416 596
123480 108
122880 300
122500 9
122472 155
121500 96
120960 1533
120000 211
119070 71
118125 4
118098 6
117600 335
116640 701
115248 12
115200 1072
114688 33
113400 556
112896 278
112500 15
112000 183
111132 37
110592 319
110250 23
109760 50
109350 34
108864 573
108045 2
108000 658
107520 556
107163 2
105840 445
105000 77
104976 122
103680 1346
102900 34
102400 127
102060 183
101250 13
100800 1005
100352 31
100000 22
99225 8
98784 84
98415 4
98304 41
98000 48
97200 559
96768 577
96040 8
96000 443
95256 137
94500 125
94080 364
93750 1
93312 383
92610 26
92160 667
91875 3
91854 20
91125 4
90720 1052
90000 146
89600 222
88200 177
87808 19
87500 5
87480 219
86436 8
86400 1222
86016 134
85750 2
85050 70
84672 306
84375 1
84000 315
83349 2
82944 485
82320 61
81920 58
81648 281
81000 252
80640 955
80000 74
79380 148
78750 19
78732 19
78400 100
77760 958
77175 3
76832 3
76800 486
76545 10
75600 711
75264 111
75000 22
74088 53
73728 196
73500 47
72900 143
72576 597
72030 3
72000 533
71680 137
71442 23
70875 6
70560 416
70000 41
69984 169
69120 1034
68600 20
68040 392
67500 41
67200 561
66150 41
65856 49
65610 23
65536 8
64800 789
64512 383
64000 113
63504 195
63000 199
62720 104
62500 1
62208 443
61740 34
61440 291
61236 64
60750 24
60480 1043
60000 113
59535 6
58800 141
58320 398
57624 6
57600 857
57344 24
56700 195
56448 213
56250 1
56000 136
55566 11
55296 339
55125 2
54880 34
54675 5
54432 369
54000 348
53760 450
52920 215
52500 30
52488 68
51840 935
51450 9
51200 112
51030 60
50625 2
50400 584
50176 27
50000 7
49392 44
49152 50
49000 24
48600 223
48384 439
48020 5
48000 310
47628 49
47250 33
47040 216
46656 297
46305 6
46080 581
45927 4
45360 540
45000 62
44800 150
44100 89
43904 13
43740 88
43218 3
43200 817
43008 119
42525 9
42336 198
42000 162
41472 436
41160 37
40960 56
40824 139
40500 79
40320 708
40000 37
39690 33
39375 2
39366 16
39200 73
38880 558
38416 2
38400 378
37800 310
37632 86
37500 9
37044 29
36864 184
36750 10
36450 35
36288 374
36000 317
35840 114
35721 4
35280 217
35000 14
34992 97
34560 811
34300 7
34020 158
33750 8
33600 349
33075 3
32928 29
32805 3
32768 17
32400 394
32256 263
32000 86
31752 93
31500 55
31360 77
31104 313
30870 10
30720 233
30618 11
30375 2
30240 585
30000 76
29400 68
29160 170
28812 1
28800 577
28672 31
28350 48
28224 153
28000 62
27783 1
27648 253
27440 9
27216 175
27000 128
26880 314
26460 68
26250 9
26244 17
25920 652
25725 1
25600 96
25515 9
25200 317
25088 24
25000 5
24696 25
24576 64
24500 11
24300 86
24192 308
24010 1
24000 184
23814 15
23625 4
23520 119
23328 159
23040 472
22680 252
22500 29
22400 133
22050 18
21952 15
21870 13
21600 433
21504 124
21168 112
21000 74
20736 293
20580 8
20480 47
20412 43
20250 20
20160 456
20000 19
19845 4
19683 1
19600 36
19440 248
19200 259
18900 97
18816 62
18750 1
18522 9
18432 133
18225 7
18144 229
18000 141
17920 67
17640 79
17500 5
17496 40
17280 504
17150 1
17010 37
16800 177
16464 9
16384 12
16200 150
16128 170
16000 53
15876 34
15750 16
15680 45
15552 204
15435 5
15360 194
15309 4
15120 264
15000 17
14700 20
14580 57
14406 3
14400 321
14336 27
14175 4
14112 87
14000 21
13824 185
13720 6
13608 71
13500 34
13440 219
13230 19
13122 4
12960 348
12800 69
12600 112
12544 18
12500 2
12348 10
12288 55
12250 1
12150 11
12096 197
12000 94
11907 1
11760 66
11664 91
11520 330
11340 74
11250 1
11200 70
11025 4
10976 3
10935 1
10800 210
10752 96
10584 44
10500 11
10368 212
10290 4
10240 46
10206 9
10080 244
10000 16
9800 12
9720 104
9600 181
9450 26
9408 46
9216 113
9072 139
9000 50
8960 52
8820 42
8750 1
8748 18
8640 322
8505 7
8400 72
8232 6
8192 9
8100 54
8064 139
8000 39
7938 7
7875 2
7840 14
7776 104
7680 115
7560 117
7500 7
7350 3
7290 11
7200 178
7168 25
7056 35
7000 7
6912 139
6804 33
6750 12
6720 132
6615 4
6480 153
6400 52
6300 45
6272 8
6144 53
6075 4
6048 90
6000 37
5880 22
5832 31
5760 213
5670 16
5600 29
5488 2
5400 74
5376 64
5292 13
5250 3
5184 120
5145 1
5120 33
5040 110
5000 5
4900 3
4860 29
4800 98
4725 3
4704 26
4608 87
4536 44
4500 12
4480 32
4410 6
4374 4
4320 160
4200 39
4116 2
4096 7
4050 14
4032 72
4000 15
3969 2
3920 12
3888 46
3840 99
3780 33
3750 1
3675 1
3645 4
3600 83
3584 12
3528 16
3500 3
3456 107
3430 1
3402 8
3360 57
3240 61
3200 27
3150 7
3136 5
3072 29
3024 53
3000 13
2940 6
2916 16
2880 120
2835 1
2800 15
2744 1
2700 24
2688 35
2646 2
2592 64
2560 17
2520 45
2430 11
2400 45
2352 10
2304 52
2268 20
2250 3
2240 14
2205 1
2160 77
2100 10
2058 1
2048 9
2016 37
2000 7
1960 2
1944 18
1920 61
1890 10
1800 24
1792 4
1764 6
1728 42
1680 26
1620 17
1600 17
1575 3
1568 2
1536 22
1512 18
1500 5
1470 2
1458 5
1440 65
1400 7
1350 6
1344 25
1323 2
1296 21
1280 11
1260 14
1250 1
1215 1
1200 23
1176 3
1152 26
1120 6
1080 28
1050 2
1024 2
1008 15
1000 1
972 7
960 26
945 1
900 12
896 2
882 1
864 23
840 9
810 3
800 3
784 1
768 8
756 4
750 1
720 22
700 1
672 11
648 7
640 5
630 3
600 6
588 3
576 17
567 1
560 1
540 10
512 4
504 4
486 3
480 6
450 3
448 2
432 12
420 4
405 1
400 1
384 6
378 1
360 10
336 4
324 3
320 1
300 5
288 12
280 2
270 3
256 2
252 1
250 1
240 4
224 1
216 6
192 6
180 4
168 3
160 2
144 4
120 3
112 1
105 1
100 1
96 3
90 1
80 1
60 1
30 1
