5670000000 1
5184000000 1
4251528000 1
3779136000 1
3628800000 1
3359232000 1
3265920000 3
3214890000 1
3175200000 3
3136000000 1
3110400000 1
3061800000 2
2985984000 1
2976069600 1
2916000000 1
2903040000 1
2857680000 1
2822400000 2
2799360000 1
2764800000 2
2721600000 3
2678462640 1
2657205000 1
2646000000 1
2645395200 1
2612736000 2
2592000000 1
2580480000 1
2540160000 1
2520000000 3
2500470000 1
2488320000 1
2469600000 1
2449440000 2
2430000000 1
2419200000 1
2381400000 1
2361960000 3
2351462400 2
2332800000 4
2293760000 1
2286144000 2
2268000000 2
2267481600 2
2250423000 1
2222640000 1
2211840000 1
2204496000 3
2177280000 6
2143260000 1
2125764000 1
2116800000 6
2100000000 1
2099520000 6
2090188800 2
2083248720 1
2073600000 6
2066715000 1
2041200000 3
2032128000 3
2016000000 7
2000376000 2
1990656000 1
1984046400 1
1975680000 1
1960000000 1
1959552000 4
1944000000 3
1935360000 4
1920000000 3
1913187600 1
1905120000 3
1889568000 3
1881600000 1
1881169920 2
1866240000 6
1857945600 2
1851776640 1
1843200000 1
1837080000 5
1828915200 4
1822500000 1
1814400000 12
1806336000 1
1800338400 3
1791590400 2
1786050000 4
1785641760 1
1778112000 2
1769472000 1
1764000000 2
1763596800 2
1750329000 1
1749600000 6
1741824000 5
1728720000 1
1728000000 2
1721868840 1
1720320000 1
1715000000 1
1714608000 3
1701000000 1
1693440000 1
1680000000 1
1679616000 3
1674039150 1
1672151040 1
1666980000 3
1658880000 5
1653372000 1
1651507200 1
1646400000 1
1632960000 12
1625702400 1
1620304560 1
1620000000 2
1612800000 7
1612431360 1
1600300800 1
1587600000 6
1587237120 1
1575296100 1
1574640000 5
1567641600 2
1555848000 1
1555200000 8
1543500000 2
1543147200 2
1530900000 3
1524096000 9
1512630000 1
1512000000 5
1511654400 1
1500282000 1
1492992000 8
1488034800 2
1481760000 1
1469664000 13
1458000000 5
1451520000 18
1451188224 1
1445068800 2
1440000000 2
1433600000 1
1428840000 11
1422489600 3
1417500000 2
1411200000 2
1410877440 4
1400263200 2
1400000000 1
1399680000 8
1393459200 8
1389150000 2
1388832480 2
1382976000 3
1382400000 6
1377810000 6
1372000000 2
1371686400 9
1360800000 14
1354752000 9
1344000000 2
1343692800 2
1333584000 6
1327104000 3
1323000000 2
1322697600 12
1312200000 1
1310720000 1
1306368000 11
1300561920 1
1296243648 1
1296000000 5
1290240000 5
1285956000 7
1280240640 1
1275750000 2
1275458400 2
1270080000 21
1264435200 2
1260000000 1
1259712000 12
1254400000 1
1254113280 3
1250235000 4
1244160000 9
1240029000 2
1234800000 1
1234517760 4
1229312000 1
1228800000 2
1224720000 16
1219276800 2
1215228420 1
1215000000 1
1209600000 14
1209323520 2
1204224000 2
1200225600 2
1200000000 1
1194393600 2
1190700000 2
1190427840 4
1180980000 3
1176000000 2
1175731200 16
1166886000 1
1166400000 10
1161216000 20
1157360400 5
1152000000 3
1148175000 1
1147912560 1
1146880000 2
1143072000 23
1134000000 5
1133740800 6
1128960000 11
1128701952 1
1123942400 2
1119744000 14
1114767360 1
1111320000 16
1105920000 7
1102707270 1
1102248000 10
1101004800 1
1097600000 2
1097349120 3
1093500000 1
1088640000 33
1083801600 4
1080203040 1
1080000000 2
1075200000 3
1074954240 3
1071630000 5
1066867200 5
1061683200 1
1058400000 8
1058158080 4
1053696000 1
1050197400 3
1049760000 18
1045094400 19
1041624360 3
1040449536 1
1036800000 15
1032192000 5
1028764800 14
1024192512 1
1024000000 1
1020600000 10
1020366720 3
1016064000 22
1008000000 8
1007769600 6
1003520000 6
1003290624 1
1000188000 10
995742720 1
995328000 12
992023200 7
987840000 12
987614208 1
984150000 1
983040000 1
980184240 1
980000000 3
979776000 28
975421440 1
972405000 1
972000000 8
968083200 2
967680000 28
964467000 4
960400000 1
960180480 6
960000000 3
956593800 1
955514880 1
952560000 17
948326400 4
945000000 1
944784000 13
940800000 6
940584960 8
933508800 3
933120000 34
928972800 8
926100000 6
925888320 5
921984000 1
921600000 8
918540000 19
917504000 3
914457600 33
907200000 24
906992640 4
903168000 7
900169200 4
900000000 2
896168448 1
896000000 4
895795200 10
893025000 2
892820880 3
889056000 26
885104640 2
884736000 8
882000000 9
881798400 25
878080000 5
875164500 2
874800000 10
870912000 30
868020300 1
867041280 1
864360000 5
864162432 4
864000000 11
860160000 3
859963392 1
857304000 27
853493760 9
850500000 6
850305600 7
849346560 3
846720000 31
846526464 1
842956800 2
840157920 3
840000000 3
839808000 22
836075520 6
833490000 7
833299488 1
829785600 3
829440000 19
826686000 15
825753600 4
823200000 4
823011840 13
820125000 1
819200000 1
816820200 1
816480000 40
812851200 26
810152280 1
810000000 5
806736000 1
806400000 25
806215680 3
803722500 1
802816000 4
800150400 14
800000000 1
797161500 2
796594176 2
796262400 8
793800000 17
793618560 11
790272000 6
787320000 14
786759680 1
784147392 1
784000000 4
783820800 34
780337152 1
777924000 6
777600000 31
774144000 27
771750000 3
771573600 16
768144384 1
768000000 3
765450000 6
765275040 1
764411904 1
762365520 1
762048000 41
756000000 13
755827200 18
752640000 4
752467968 1
750141000 5
746807040 6
746496000 43
744017400 3
743178240 4
740880000 18
740710656 1
737587200 1
737280000 19
735138180 1
735000000 1
734832000 36
734003200 1
731566080 11
729137052 2
729000000 5
726062400 1
725760000 67
725594112 1
723350250 3
722534400 6
720135360 9
720000000 6
716800000 1
716636160 2
714420000 13
714256704 2
711244800 23
708750000 2
708588000 9
708083712 1
707788800 3
705600000 21
705438720 18
702464000 6
700131600 5
700000000 1
699840000 38
697019904 1
696729600 32
694575000 1
694416240 5
691200000 29
688905000 6
688414720 1
688128000 1
685843200 42
682795008 3
680683500 3
680400000 35
680244480 7
677376000 46
675126900 5
675000000 1
672280000 1
672126336 2
672000000 9
671846400 29
666792000 25
663828480 5
663552000 14
661500000 4
661348800 33
660602880 1
658834400 1
658560000 13
658409472 2
656100000 14
653456160 2
653184000 74
651015225 1
650280960 5
648270000 5
648121824 1
648000000 18
645388800 2
645120000 28
644972544 2
642978000 18
642252800 3
640120320 14
640000000 4
637729200 4
637009920 1
635040000 53
634894848 3
632217600 12
630118440 3
630000000 5
629856000 28
627200000 10
627056640 17
625117500 2
622339200 9
622080000 57
620014500 2
619315200 13
617400000 8
617258880 20
614656000 3
614400000 6
612615150 1
612500000 1
612360000 57
609638400 49
607500000 1
605052000 5
604800000 56
604661760 8
602112000 8
600112800 25
597445632 2
597196800 28
595350000 10
595213920 12
594542592 2
592704000 31
590490000 7
589824000 8
588000000 6
587865600 56
585252864 1
583443000 5
583200000 34
580608000 82
578680200 13
578027520 4
576240000 3
576108288 4
576000000 13
574087500 2
573440000 7
571536000 78
568995840 10
567000000 16
566870400 16
564480000 40
564350976 6
562605750 1
561971200 1
560105280 9
560000000 3
559872000 52
558013050 1
557383680 9
555660000 17
555532992 4
553190400 4
552960000 28
551250000 1
551124000 31
550502400 2
548800000 5
548674560 33
546750000 1
544546800 2
544320000 82
544195584 3
541900800 37
540225000 2
540101520 7
540000000 8
537824000 1
537600000 25
537477120 8
535815000 21
535692528 2
533433600 39
531441000 3
531062784 1
530841600 5
529200000 30
529079040 23
526848000 10
525098700 3
525000000 1
524880000 29
522547200 75
520812180 4
520224768 1
518616000 8
518400000 62
516311040 1
516096000 25
514500000 2
514382400 62
512096256 7
512000000 1
510300000 29
510183360 4
509607936 2
508243680 2
508032000 111
506250000 2
505774080 6
504210000 1
504094752 3
504000000 24
503884800 44
501760000 14
501645312 5
500094000 31
497871360 3
497664000 53
496125000 1
496011600 16
495452160 6
493920000 25
493807104 8
492075000 3
491724800 3
491520000 5
490092120 2
490000000 3
489888000 119
487710720 26
486202500 2
486000000 19
484041600 1
483840000 93
483729408 3
482233500 6
481689600 7
480200000 3
480090240 16
480000000 5
478296900 1
477757440 11
476478450 1
476280000 63
476171136 3
474163200 40
472588830 1
472500000 6
472392000 34
471859200 1
470596000 2
470400000 18
470292480 40
466754400 19
466560000 98
464679936 1
464486400 51
463050000 8
462944160 23
460992000 13
460800000 26
459270000 31
459165024 1
458752000 4
457228800 108
455196672 2
453789000 1
453600000 80
453496320 20
451772160 1
451584000 46
450084600 12
450000000 1
448084224 1
448000000 14
447897600 52
446512500 4
446410440 3
445906944 2
444528000 72
442552320 2
442368000 28
441000000 22
440899200 80
439040000 3
438939648 8
437582250 1
437400000 31
435637440 3
435456000 162
434010150 1
433520640 9
432180000 11
432081216 6
432000000 23
430259200 1
430080000 33
429981696 3
428750000 1
428652000 60
426746880 29
425250000 15
425152800 9
424673280 5
423360000 109
423263232 7
421478400 12
420078960 9
420000000 10
419904000 92
418037760 37
416745000 15
416649744 4
414892800 18
414720000 80
413343000 20
413048832 1
412876800 14
411600000 5
411505920 53
410062500 1
409600000 8
408410100 1
408240000 142
408146688 5
406425600 103
405076140 8
405000000 8
403368000 3
403200000 58
403107840 14
401861250 2
401408000 10
400075200 72
400000000 1
398580750 1
398297088 4
398131200 34
396900000 46
396809280 24
396361728 1
395136000 39
393660000 29
392000000 8
391910400 154
390609135 1
390168576 11
388962000 11
388800000 89
387233280 1
387072000 107
385875000 2
385786800 44
384160000 5
384072192 9
384000000 19
382725000 8
382637520 1
382205952 1
381024000 190
379330560 15
378157500 1
378000000 34
377913600 49
377487360 1
376476800 1
376320000 42
376233984 7
375070500 15
373403520 23
373248000 99
372008700 2
371589120 16
370440000 46
370355328 17
368793600 6
368640000 33
367500000 1
367416000 128
367001600 2
365783040 68
364500000 12
363031200 9
362880000 175
362797056 6
361267200 46
360150000 4
360067680 33
360000000 8
358400000 11
358318080 40
357210000 40
357128352 3
355622400 75
354375000 1
354294000 15
353894400 14
352947000 1
352800000 59
352719360 52
351232000 15
350065800 17
350000000 1
349920000 76
348364800 148
347287500 1
347208120 15
346816512 3
345744000 26
345600000 73
344452500 8
344207360 1
344064000 20
343000000 3
342921600 147
341397504 13
340200000 69
340122240 16
338829120 2
338688000 152
337563450 4
337500000 2
337182720 1
336140000 3
336063168 4
336000000 27
335923200 82
334807830 1
334430208 9
333396000 66
331914240 21
331776000 82
330750000 10
330674400 51
330301440 4
329280000 23
329204736 11
328050000 10
327680000 2
326728080 4
326592000 283
325140480 44
324135000 5
324060912 1
324000000 47
322694400 8
322560000 100
322486272 4
321489000 30
321126400 5
320060160 48
320000000 5
318937500 2
318864600 5
318504960 12
317520000 131
317447424 12
316108800 47
315059220 4
315000000 8
314928000 78
314572800 1
313600000 25
313528320 82
312558750 5
311169600 49
311040000 153
310007250 1
309786624 1
309657600 57
308700000 20
308629440 50
307328000 9
307200000 13
306180000 94
304946208 1
304819200 203
303750000 1
303464448 4
302526000 3
302400000 133
302330880 44
301056000 51
300056400 49
300000000 2
298722816 5
298598400 79
297675000 17
297606960 19
297271296 4
296352000 100
295245000 11
295034880 4
294912000 23
294000000 13
293932800 198
292626432 20
291721500 6
291600000 74
290424960 9
290304000 245
289340100 13
289013760 12
288120000 9
288054144 14
288000000 38
286978140 1
286720000 12
286654464 5
285887070 1
285768000 154
284497920 44
283500000 26
283435200 30
283115520 1
282357600 1
282240000 116
282175488 23
281250000 2
280985600 5
280052640 24
280000000 8
279936000 178
278691840 52
277830000 46
277766496 10
276595200 29
276480000 107
275625000 1
275562000 56
275251200 11
274400000 15
274337280 108
273375000 4
272273400 5
272160000 249
272097792 6
270950400 115
270050760 16
270000000 15
269746176 2
268912000 2
268800000 68
268738560 46
267907500 13
267846264 1
266716800 115
265720500 4
265531392 4
265420800 49
264600000 61
264539520 69
263424000 33
262549350 6
262440000 65
262144000 2
261382464 3
261273600 259
260406090 4
260112384 6
259308000 38
259200000 124
258339375 1
258155520 3
258048000 91
257250000 6
257191200 100
256048128 20
256000000 6
255150000 53
255091680 10
254803968 2
254121840 3
254016000 287
253125000 1
252887040 26
252105000 6
252047376 6
252000000 76
251942400 114
250880000 26
250822656 25
250047000 26
248935680 36
248832000 187
248062500 1
248005800 18
247726080 25
246960000 69
246903552 21
246037500 4
245862400 7
245760000 26
245046060 3
245000000 4
244944000 254
243855360 113
243101250 2
243045684 1
243000000 26
242020800 1
241920000 255
241864704 11
241116750 7
240844800 28
240100000 4
240045120 57
240000000 14
238878720 40
238239225 2
238140000 111
238085568 14
237081600 95
236294415 1
236250000 3
236196000 43
235929600 11
235200000 57
235146240 146
233377200 40
233280000 191
232339968 3
232243200 198
231525000 9
231472080 32
231211008 5
230496000 23
230400000 62
229635000 49
229582512 1
229376000 12
228709656 1
228614400 281
227598336 11
226894500 5
226800000 166
226748160 45
225886080 1
225792000 155
225042300 24
225000000 1
224788480 4
224042112 12
224000000 14
223948800 185
223256250 3
223205220 5
222953472 4
222264000 132
221433750 2
221276160 16
221184000 85
220500000 15
220449600 151
220200960 4
219520000 27
219469824 42
218700000 36
217818720 12
217728000 412
217005075 1
216760320 61
216090000 15
216040608 19
216000000 67
215129600 2
215040000 60
214990848 9
214326000 123
213373440 74
212625000 10
212576400 14
212336640 16
211768200 2
211680000 216
211631616 32
210739200 38
210087500 1
210039480 10
210000000 16
209952000 198
209018880 120
208372500 11
208324872 2
207446400 57
207360000 232
206671500 12
206438400 67
205885750 1
205800000 17
205752960 124
205520896 1
204800000 13
204205050 2
204120000 228
204073344 2
203212800 312
202538070 6
202500000 7
202309632 4
201684000 3
201600000 149
201553920 67
200930625 1
200704000 27
200037600 123
200000000 1
199148544 9
199065600 116
198450000 43
198404640 38
198180864 4
197650320 1
197568000 120
196830000 33
196689920 2
196608000 17
196036848 4
196000000 21
195955200 397
195084288 24
194481000 19
194400000 148
193616640 8
193536000 274
192937500 3
192893400 52
192675840 5
192080000 7
192036096 22
192000000 30
191362500 4
191102976 1
190591380 2
190512000 336
189665280 61
189035532 4
189000000 50
188956800 98
188743680 2
188160000 88
188116992 32
187535250 4
187500000 1
186701760 25
186624000 317
186004350 2
185794560 71
185220000 81
185177664 29
184528125 1
184396800 22
184320000 91
183750000 4
183708000 176
183500800 2
182891520 180
182250000 13
181515600 12
181440000 389
181398528 15
180708864 1
180633600 110
180075000 2
180033840 57
180000000 16
179200000 40
179159040 80
178605000 68
178564176 5
177811200 210
177187500 1
177147000 14
177020928 1
176947200 43
176473500 2
176400000 100
176359680 179
176160768 1
175616000 19
175032900 13
175000000 2
174960000 184
174254976 8
174182400 402
173643750 1
173604060 15
173408256 3
172872000 47
172800000 126
172226250 5
172103680 2
172032000 79
171532242 1
171500000 5
171460800 278
170698752 25
170170875 1
170100000 109
170061120 20
169869312 2
169414560 2
169344000 343
168591360 6
168070000 4
168031584 8
168000000 39
167961600 211
167215104 23
166698000 94
165957120 36
165888000 246
165375000 9
165337200 82
165150720 19
164640000 63
164602368 41
164025000 10
163840000 13
163364040 12
163296000 561
162570240 140
162067500 6
162030456 10
162000000 72
161347200 9
161280000 226
161243136 20
160744500 33
160563200 10
160030080 134
160000000 12
159468750 1
159432300 5
159252480 48
158826150 2
158760000 253
158723712 25
158054400 99
157529610 7
157500000 10
157464000 123
157286400 8
156800000 35
156764160 282
156243654 2
155584800 72
155520000 342
155003625 1
154893312 1
154828800 202
154350000 24
154314720 118
154140672 2
153664000 17
153600000 45
153090000 132
153055008 4
152473104 1
152409600 456
151875000 2
151732224 17
151263000 6
151200000 245
151165440 88
150994944 1
150528000 126
150028200 55
150000000 8
149361408 20
149299200 256
148837500 12
148803480 19
148635648 10
148176000 209
147622500 4
147517440 18
147456000 76
147027636 2
147000000 25
146966400 390
146800640 2
146313216 50
145860750 2
145800000 108
145212480 14
145152000 600
144670050 8
144506880 48
144120025 1
144060000 21
144027072 36
144000000 76
143521875 1
143360000 43
143327232 14
142884000 288
142248960 149
141776649 1
141750000 20
141717600 63
141557760 22
141178800 2
141120000 253
141087744 61
140492800 18
140026320 34
140000000 9
139968000 337
139345920 189
138915000 60
138883248 17
138297600 64
138240000 241
137812500 2
137781000 62
137625600 28
137200000 14
137168640 254
136687500 2
136136700 15
136080000 459
136048896 13
135475200 304
135056250 1
135025380 19
135000000 21
134873088 5
134456000 11
134400000 113
134369280 144
133953750 10
133923132 3
133358400 259
132765696 11
132710400 151
132300000 86
132269760 166
132120576 5
131712000 91
131274675 1
131250000 1
131220000 100
131072000 9
130691232 4
130636800 607
130203045 2
130056192 31
129654000 40
129600000 252
129077760 3
129024000 260
128625000 1
128595600 187
128450560 4
128024064 50
128000000 12
127575000 40
127545840 19
127401984 7
127060920 4
127008000 593
126562500 1
126443520 64
126052500 1
126023688 4
126000000 71
125971200 254
125829120 4
125440000 58
125411328 71
125023500 35
124467840 75
124416000 391
124031250 1
124002900 14
123863040 68
123480000 102
123451776 59
123018750 1
122931200 15
122880000 67
122523030 5
122500000 7
122472000 492
121927680 323
121522842 2
121500000 40
121010400 13
120960000 509
120932352 20
120558375 3
120422400 73
120050000 5
120022560 118
120000000 13
119439360 95
119070000 190
119042784 23
118540800 235
118125000 2
118098000 59
118013952 2
117964800 34
117600000 97
117573120 285
116688600 44
116640000 355
116169984 6
116121600 475
115762500 9
115736040 46
115605504 6
115248000 34
115200000 140
114817500 39
114791256 2
114688000 29
114307200 532
113799168 39
113447250 3
113400000 237
113374080 68
113246208 4
112943040 1
112896000 342
112521150 11
112500000 2
112394240 3
112021056 34
112000000 36
111974400 385
111602610 3
111476736 40
111132000 220
110638080 41
110592000 230
110250000 15
110224800 256
110100480 19
109760000 45
109734912 74
109350000 52
108909360 9
108864000 953
108380160 139
108045000 22
108020304 24
108000000 92
107564800 6
107520000 176
107495424 34
107163000 152
106686720 223
106312500 4
106288200 29
106168320 45
105884100 1
105840000 358
105815808 55
105369600 65
105019740 15
105000000 18
104976000 327
104857600 2
104509440 395
104186250 4
104162436 6
103723200 87
103680000 474
103335750 6
103262208 2
103219200 162
102942875 1
102900000 23
102876480 236
102760448 1
102400000 27
102102525 1
102060000 279
102036672 8
101648736 2
101606400 660
101250000 12
101154816 19
100842000 7
100800000 270
100776960 157
100352000 40
100018800 171
100000000 5
99574272 18
99532800 321
99225000 48
99202320 69
99090432 14
98784000 217
98415000 24
98344960 8
98304000 43
98018424 1
98000000 23
97977600 710
97542144 60
97240500 20
97200000 229
96808320 22
96768000 646
96468750 1
96446700 49
96337920 24
96040000 16
96018048 67
96000000 56
95681250 3
95659380 3
95551488 30
95295690 1
95256000 547
94832640 124
94517766 1
94500000 60
94478400 165
94371840 16
94080000 192
94058496 97
93767625 5
93350880 94
93312000 667
93002175 2
92897280 218
92610000 84
92588832 43
92198400 47
92160000 206
91875000 4
91854000 218
91750400 15
91445760 437
91125000 5
90757800 13
90720000 688
90699264 29
90354432 1
90316800 296
90037500 3
90016920 58
90000000 26
89915392 3
89600000 66
89579520 211
89302500 29
89282088 5
88905600 364
88573500 7
88510464 15
88473600 152
88200000 127
88179840 325
88080384 3
87808000 58
87516450 7
87500000 2
87480000 263
87127488 9
87091200 893
86802030 15
86704128 21
86436000 74
86400000 291
86051840 4
86016000 180
85766121 1
85750000 6
85730400 450
85349376 76
85050000 100
85030560 41
84934656 8
84707280 4
84672000 653
84375000 1
84295680 37
84015792 20
84000000 79
83980800 451
83607552 83
83349000 117
82978560 94
82944000 512
82687500 2
82668600 104
82575360 53
82320000 95
82301184 104
82012500 10
81920000 15
81682020 10
81648000 938
81285120 324
81033750 4
81015228 5
81000000 80
80673600 15
80640000 510
80621568 41
80372250 12
80281600 32
80015040 238
80000000 8
79716150 2
79626240 134
79380000 348
79361856 57
79027200 253
78764805 3
78750000 9
78732000 171
78675968 2
78643200 20
78400000 61
78382080 541
78121827 1
77792400 69
77760000 575
77446656 5
77414400 459
77175000 25
77157360 141
77070336 4
76832000 28
76800000 95
76545000 127
76527504 6
76236552 2
76204800 891
75866112 33
75631500 4
75600000 359
75582720 141
75497472 3
75295360 1
75264000 243
75014100 57
75000000 3
74680704 44
74649600 609
74418750 2
74401740 14
74317824 45
74088000 281
73811250 7
73758720 23
73728000 166
73500000 29
73483200 559
73156608 124
72930375 2
72900000 130
72606240 31
72576000 1131
72335025 4
72253440 112
72030000 29
72013536 44
72000000 106
71680000 77
71663616 53
71442000 361
71124480 265
70875000 25
70858800 69
70778880 29
70589400 1
70560000 409
70543872 118
70246400 28
70013160 48
70000000 16
69984000 616
69672960 472
69457500 32
69441624 23
69148800 107
69120000 473
68906250 1
68890500 60
68841472 3
68812800 91
68600000 22
68584320 486
68068350 5
68040000 641
68024448 32
67765824 2
67737600 648
67512690 11
67500000 20
67436544 7
67228000 7
67200000 224
67184640 298
66961566 1
66679200 306
66430125 1
66382848 26
66355200 346
66150000 95
66134880 168
66060288 6
65856000 162
65625000 1
65610000 83
65536000 21
65345616 6
65318400 1163
65028096 79
64827000 36
64800000 351
64538880 12
64512000 532
64312500 1
64297800 167
64225280 12
64012032 97
64000000 30
63787500 24
63772920 10
63700992 22
63504000 910
63221760 105
63026250 1
63011844 8
63000000 104
62985600 357
62914560 5
62720000 101
62705664 146
62511750 19
62233920 120
62208000 880
62015625 1
62001450 13
61931520 196
61740000 147
61725888 88
61465600 20
61440000 93
61261515 2
61250000 1
61236000 603
60963840 636
60761421 1
60750000 46
60505200 22
60480000 814
60466176 49
60236288 1
60211200 167
60025000 6
60011280 150
60000000 27
59719680 274
59535000 130
59521392 21
59270400 469
59062500 1
59049000 49
59006976 12
58982400 92
58824500 1
58800000 148
58786560 564
58720256 1
58344300 31
58320000 476
58084992 10
58060800 1017
57881250 5
57868020 52
57802752 22
57624000 55
57600000 254
57408750 14
57344000 41
57177414 1
57153600 796
56899584 94
56723625 1
56700000 234
56687040 116
56623104 7
56471520 2
56448000 647
56260575 4
56250000 3
56197120 13
56010528 40
56000000 52
55987200 738
55801305 3
55738368 86
55566000 225
55319040 87
55296000 493
55125000 13
55112400 257
55050240 28
54880000 60
54867456 163
54675000 41
54454680 21
54432000 1422
54190080 314
54022500 7
54010152 29
54000000 102
53782400 14
53760000 323
53747712 74
53581500 91
53343360 385
53156250 4
53144100 15
53084160 118
52942050 3
52920000 467
52907904 114
52684800 158
52509870 13
52500000 13
52488000 392
52428800 6
52254720 801
52093125 2
52081218 5
51861600 137
51840000 767
51667875 1
51631104 3
51609600 324
51450000 20
51438240 331
51200000 60
51030000 301
51018336 6
50824368 2
50803200 1140
50625000 3
50577408 20
50421000 1
50400000 379
50388480 293
50176000 116
50009400 149
50000000 1
49787136 40
49766400 721
49612500 24
49601160 73
49545216 27
49392000 313
49207500 25
49172480 11
49152000 92
49009212 4
49000000 26
48988800 1093
48771072 134
48620250 15
48600000 271
48404160 30
48384000 1232
48223350 26
48168960 63
48020000 17
48009024 98
48000000 83
47840625 2
47829690 1
47775744 43
47628000 667
47416320 273
47258883 1
47250000 59
47239200 180
47185920 34
47059600 1
47040000 297
47029248 199
46675440 93
46656000 1002
46448640 486
46305000 70
46294416 56
46099200 100
46080000 391
45937500 1
45927000 206
45875200 26
45722880 779
45562500 4
45378900 12
45360000 1006
45349632 42
45177216 2
45158400 558
45008460 49
45000000 23
44957696 1
44800000 102
44789760 443
44651250 10
44641044 7
44452800 511
44286750 2
44255232 25
44236800 318
44100000 164
44089920 396
44040192 2
43904000 86
43758225 3
43750000 1
43740000 290
43563744 13
43545600 1609
43401015 4
43352064 77
43218000 82
43200000 436
43025920 8
43008000 345
42865200 448
42674688 133
42525000 93
42515280 56
42467328 20
42353640 3
42336000 1073
42147840 77
42017500 5
42007896 26
42000000 106
41990400 695
41943040 2
41803776 177
41674500 83
41489280 157
41472000 938
41343750 3
41334300 76
41287680 135
41160000 125
41150592 184
41006250 4
40960000 41
40841010 7
40824000 1124
40642560 648
40516875 1
40507614 4
40500000 94
40336800 28
40320000 830
40310784 92
40186125 6
40140800 58
40007520 332
40000000 9
39813120 312
39690000 320
39680928 57
39513600 415
39375000 7
39366000 181
39337984 1
39321600 49
39200000 105
39191040 924
38896200 82
38880000 809
38723328 10
38707200 991
38587500 12
38578680 127
38535168 9
38416000 37
38400000 172
38272500 51
38263752 3
38118276 2
38102400 1241
37933056 92
37815750 4
37800000 408
37791360 232
37748736 2
37632000 430
37507050 27
37500000 2
37340352 64
37324800 984
37200870 11
37158912 85
37044000 386
36879360 46
36864000 366
36756909 1
36750000 20
36741600 671
36700160 12
36578304 256
36450000 136
36303120 26
36288000 1867
36126720 269
36015000 14
36006768 56
36000000 129
35840000 111
35831808 94
35721000 264
35562240 441
35437500 20
35429400 67
35389440 120
35294700 1
35280000 516
35271936 209
35123200 65
35006580 39
35000000 14
34992000 809
34836480 977
34728750 11
34720812 25
34574400 156
34560000 781
34445250 20
34420736 3
34406400 189
34300000 33
34292160 619
34034175 3
34020000 714
34012224 41
33882912 1
33868800 1159
33756345 7
33750000 21
33718272 11
33614000 7
33600000 311
33592320 484
33339600 322
33191424 44
33177600 733
33075000 78
33067440 180
33030144 18
32941720 1
32928000 233
32805000 85
32768000 30
32672808 11
32659200 1834
32514048 182
32413500 27
32400000 415
32269440 19
32256000 962
32156250 1
32148900 146
32112640 23
32006016 153
32000000 37
31893750 10
31886460 15
31850496 42
31765230 1
31752000 1145
31610880 270
31505922 2
31500000 90
31492800 428
31457280 14
31360000 158
31352832 310
31255875 3
31250000 1
31116960 155
31104000 1295
31000725 1
30965760 389
30870000 132
30862944 117
30732800 42
30720000 212
30625000 2
30618000 560
30481920 953
30375000 18
30252600 16
30240000 1149
30233088 75
30105600 328
30012500 2
30005640 162
30000000 25
29859840 590
29767500 85
29760696 19
29635200 624
29531250 1
29524500 29
29503488 12
29491200 203
29400000 144
29393280 756
29360128 3
29172150 18
29160000 580
29042496 11
29030400 1797
28934010 26
28901376 30
28812000 72
28800000 396
28704375 2
28697814 2
28672000 96
28588707 1
28576800 929
28449792 138
28350000 227
28343520 134
28311552 10
28235760 3
28224000 987
28098560 23
28005264 53
28000000 43
27993600 1134
27869184 213
27783000 195
27659520 111
27648000 859
27562500 7
27556200 227
27525120 68
27440000 89
27433728 295
27337500 16
27227340 8
27216000 1814
27095040 630
27011250 2
27005076 19
27000000 154
26891200 15
26880000 483
26873856 134
26790750 53
26671680 478
26572050 7
26542080 277
26460000 486
26453952 141
26342400 257
26254935 3
26250000 11
26244000 450
26214400 11
26127360 1267
26040609 2
25930800 148
25920000 1123
25815552 12
25804800 698
25725000 23
25719120 338
25690112 2
25600000 63
25515000 220
25509168 11
25412184 4
25401600 1677
25312500 8
25288704 59
25210500 7
25200000 477
25194240 417
25165824 1
25088000 172
25004700 125
25000000 2
24893568 46
24883200 1261
24806250 12
24800580 49
24772608 74
24696000 392
24603750 6
24586240 34
24576000 186
24504606 3
24500000 24
24494400 1290
24385536 276
24310125 5
24300000 259
24202080 28
24192000 1845
24111675 5
24084480 123
24010000 16
24004512 112
24000000 105
23914845 1
23887872 107
23814000 689
23708160 503
23625000 39
23619600 161
23592960 69
23529800 1
23520000 403
23514624 331
23337720 66
23328000 1358
23224320 939
23152500 43
23147208 52
23049600 106
23040000 649
22968750 1
22963500 133
22937600 60
22861440 1086
22781250 3
22689450 6
22680000 1111
22674816 69
22588608 2
22579200 942
22504230 31
22500000 19
22478848 6
22400000 155
22394880 722
22325625 3
22226400 601
22127616 41
22118400 611
22050000 142
22044960 484
22020096 7
21952000 123
21870000 250
21781872 18
21772800 2474
21676032 134
21609000 51
21600000 531
21512960 8
21504000 577
21437500 2
21432600 359
21337344 206
21262500 56
21257640 31
21233664 50
21176820 3
21168000 1380
21073920 130
21008750 2
21003948 16
21000000 89
20995200 956
20901888 346
20837250 36
20744640 174
20736000 1520
20667150 21
20643840 274
20580000 114
20575296 226
20503125 1
20480000 79
20420505 3
20412000 1257
20321280 1132
20253807 4
20250000 59
20168400 17
20160000 1102
20155392 165
20070400 108
20003760 328
20000000 10
19906560 574
19845000 251
19840464 57
19765032 1
19756800 524
19687500 2
19683000 138
19668992 7
19660800 92
19600000 99
19595520 1313
19448100 58
19440000 976
19361664 10
19353600 1749
19293750 5
19289340 99
19267584 26
19208000 40
19200000 232
19136250 29
19131876 6
19059138 1
19051200 1554
18966528 142
18907875 2
18900000 394
18895680 273
18874368 7
18823840 4
18816000 571
18753525 8
18750000 3
18670176 65
18662400 1558
18600435 5
18579456 180
18522000 297
18439680 73
18432000 606
18375000 15
18370800 602
18350080 22
18289152 385
18225000 66
18151560 21
18144000 2443
18063360 430
18007500 6
18003384 61
18000000 141
17920000 196
17915904 198
17860500 181
17781120 627
17718750 1
17714700 37
17694720 210
17640000 602
17635968 256
17561600 112
17503290 22
17500000 9
17496000 942
17418240 1584
17364375 2
17360406 6
17287200 175
17280000 1069
17222625 2
17210368 1
17203200 325
17150000 17
17146080 694
17010000 539
17006112 25
16941456 3
16934400 1638
16875000 7
16859136 33
16807000 5
16800000 358
16796160 734
16669800 281
16595712 79
16588800 1202
16537500 43
16533720 166
16515072 42
16470860 1
16464000 277
16402500 36
16384000 70
16336404 7
16329600 2263
16257024 332
16206750 19
16200000 393
16134720 26
16128000 1452
16074450 54
16056320 36
16003008 221
16000000 43
15943230 7
15925248 128
15882615 1
15876000 1067
15805440 355
15752961 3
15750000 73
15746400 454
15728640 25
15680000 164
15676416 462
15558480 144
15552000 1863
15482880 770
15435000 91
15431472 125
15366400 47
15360000 326
15312500 1
15309000 376
15240960 1444
15187500 9
15126300 15
15120000 1331
15116544 116
15059072 1
15052800 498
15002820 92
15000000 30
14929920 940
14883750 37
14880348 15
14817600 725
14762250 14
14751744 19
14745600 363
14700000 138
14696640 964
14680064 4
14586075 4
14580000 541
14521248 24
14515200 2788
14467005 11
14450688 82
14406000 57
14400000 492
14336000 207
14288400 864
14224896 226
14175000 146
14171760 113
14155776 28
14117880 5
14112000 1188
14049280 42
14002632 31
14000000 63
13996800 1442
13934592 354
13891500 127
13829760 170
13824000 1353
13781250 3
13778100 167
13762560 128
13720000 80
13716864 371
13668750 8
13613670 7
13608000 1982
13547520 1014
13505625 1
13502538 11
13500000 94
13445600 11
13440000 706
13436928 244
13395375 13
13335840 490
13286025 2
13271040 540
13230000 383
13226976 134
13176688 1
13171200 339
13125000 6
13122000 357
13107200 39
13063680 1878
12965400 111
12960000 1206
12907776 7
12902400 1155
12862500 10
12859560 264
12845056 6
12800000 93
12757500 112
12754584 17
12706092 1
12700800 1967
12656250 2
12644352 93
12605250 3
12600000 426
12597120 554
12582912 5
12544000 206
12502350 64
12500000 2
12446784 99
12441600 1885
12403125 1
12400290 22
12386304 140
12348000 418
12293120 22
12288000 288
12252303 2
12250000 15
12247200 1339
12192768 435
12150000 186
12101040 26
12096000 2491
12042240 215
12005000 12
12002256 129
12000000 110
11943936 204
11907000 430
11854080 620
11812500 19
11809800 127
11796480 132
11764900 1
11760000 499
11757312 437
11668860 56
11664000 1464
11612160 1522
11576250 17
11573604 34
11524800 93
11520000 913
11481750 46
11468800 98
11430720 1184
11344725 3
11340000 1077
11337408 79
11294304 1
11289600 1320
11252115 5
11250000 20
11239424 6
11200000 153
11197440 1093
11160261 1
11113200 551
11063808 60
11059200 1043
11025000 84
11022480 404
11010048 22
10976000 137
10937500 1
10935000 146
10890936 20
10886400 3132
10838016 246
10804500 37
10800000 542
10756480 11
10752000 801
10718750 1
10716300 224
10668672 257
10631250 12
10628820 17
10616832 99
10584000 1314
10536960 184
10501974 17
10500000 69
10497600 885
10485760 11
10450944 558
10418625 9
10372320 183
10368000 2049
10333575 6
10321920 496
10290000 100
10287648 211
10240000 101
10206000 902
10160640 1596
10125000 33
10084200 12
10080000 1311
10077696 219
10035200 183
10001880 256
10000000 11
9953280 963
9922500 131
9920232 46
9878400 631
9843750 3
9841500 64
9834496 7
9830400 155
9800000 79
9797760 1599
9724050 27
9720000 907
9680832 18
9676800 2363
9644670 43
9633792 44
9604000 46
9600000 284
9568125 3
9565938 2
9525600 1490
9483264 225
9450000 272
9447840 263
9437184 13
9411920 2
9408000 807
9375000 2
9335088 68
9331200 2035
9289728 383
9261000 236
9219840 108
9216000 948
9187500 6
9185400 419
9175040 37
9144576 569
9112500 33
9075780 22
9072000 2654
9031680 756
9003750 6
9001692 51
9000000 136
8960000 271
8957952 260
8930250 81
8890560 696
8859375 1
8857350 9
8847360 416
8820000 539
8817984 291
8780800 144
8751645 8
8750000 5
8748000 798
8709120 2287
8680203 2
8643600 131
8640000 1311
8605184 5
8601600 506
8575000 11
8573040 587
8505000 381
8503056 41
8467200 2086
8437500 4
8429568 53
8403500 6
8400000 343
8398080 920
8388608 1
8334900 185
8297856 88
8294400 1802
8268750 13
8266860 79
8257536 68
8232000 314
8201250 12
8192000 91
8168202 4
8164800 2324
8128512 439
8103375 2
8100000 332
8067360 22
8064000 1985
8037225 12
8028160 72
8001504 218
8000000 58
7971615 2
7962624 222
7938000 898
7902720 527
7875000 43
7873200 339
7864320 50
7840000 206
7838208 633
7779240 130
7776000 2096
7741440 1262
7717500 55
7715736 82
7683200 52
7680000 445
7654500 204
7620480 1607
7593750 6
7563150 10
7560000 1260
7558272 157
7529536 5
7526400 669
7501410 38
7500000 24
7464960 1350
7441875 4
7440174 3
7408800 638
7381125 2
7375872 39
7372800 596
7350000 96
7348320 902
7340032 5
7290000 351
7260624 10
7257600 3421
7225344 159
7203000 43
7200000 515
7168000 263
7144200 567
7112448 306
7087500 62
7085880 67
7077888 58
7058940 3
7056000 1274
7024640 63
7001316 24
7000000 54
6998400 1496
6967296 583
6945750 39
6914880 154
6912000 1806
6890625 1
6889050 46
6881280 228
6860000 53
6858432 425
6806835 4
6804000 1720
6773760 1436
6751269 4
6750000 67
6722800 4
6720000 800
6718464 327
6667920 424
6635520 844
6615000 270
6613488 117
6585600 435
6562500 3
6561000 238
6553600 55
6531840 2277
6482700 72
6480000 1263
6453888 10
6451200 1717
6431250 4
6429780 159
6422528 12
6400000 103
6378750 39
6377292 8
6353046 1
6350400 1970
6328125 1
6322176 144
6300000 322
6298560 570
6291456 7
6272000 269
6251175 8
6250000 1
6223392 102
6220800 2476
6200145 4
6193152 236
6174000 308
6146560 33
6144000 434
6125000 15
6123600 968
6096384 669
6075000 107
6050520 24
6048000 2757
6021120 346
6002500 5
6001128 113
6000000 132
5971968 340
5953500 231
5927040 708
5906250 1
5904900 65
5898240 210
5880000 416
5878656 524
5834430 29
5832000 1371
5806080 2115
5788125 2
5786802 19
5762400 95
5760000 1070
5740875 4
5734400 160
5715360 1075
5670000 663
5668704 74
5647152 1
5644800 1610
5625000 6
5619712 17
5600000 158
5598720 1394
5556600 361
5531904 62
5529600 1402
5512500 46
5511240 278
5505024 30
5488000 142
5467500 66
5445468 15
5443200 3298
5419008 380
5402250 8
5400000 440
5378240 9
5376000 1009
5358150 86
5334336 294
5314410 8
5308416 172
5292000 1231
5268480 270
5250987 2
5250000 63
5248800 780
5242880 12
5225472 808
5186160 153
5184000 2426
5160960 759
5145000 61
5143824 209
5120000 162
5103000 612
5080320 1840
5062500 11
5042100 15
5040000 1241
5038848 260
5017600 235
5000940 155
5000000 10
4976640 1463
4961250 48
4960116 31
4939200 683
4920750 24
4917248 15
4915200 246
4900000 69
4898880 1578
4862025 8
4860000 732
4840416 18
4838400 3106
4822335 13
4816896 77
4802000 28
4800000 310
4762800 1160
4741632 243
4725000 165
4723920 207
4718592 35
4704000 818
4687500 2
4667544 54
4665600 2272
4644864 504
4630500 95
4609920 104
4608000 1223
4593750 4
4592700 237
4587520 51
4572288 633
4556250 9
4537890 10
4536000 2470
4515840 941
4501875 1
4500846 21
4500000 101
4480000 311
4478976 419
4465125 7
4445280 628
4428675 1
4423680 616
4410000 403
4408992 253
4390400 146
4375000 4
4374000 566
4354560 2656
4321800 91
4320000 1341
4302592 5
4300800 831
4287500 10
4286520 436
4252500 166
4251528 19
4235364 1
4233600 2095
4218750 2
4214784 68
4201750 2
4200000 277
4199040 997
4194304 1
4167450 66
4148928 89
4147200 2497
4134375 1
4133430 36
4128768 152
4116000 228
4100625 2
4096000 138
4084101 4
4082400 1940
4064256 579
4050000 214
4033680 22
4032000 2144
4014080 109
4000752 163
4000000 50
3981312 313
3969000 581
3951360 573
3937500 13
3936600 215
3932160 102
3920000 175
3919104 725
3889620 68
3888000 2099
3870720 1648
3858750 15
3857868 61
3841600 32
3840000 530
3827250 72
3810240 1654
3780000 1032
3779136 175
3763200 819
3750705 14
3750000 9
3732480 1748
3720087 2
3704400 498
3687936 39
3686400 841
3675000 60
3674160 671
3670016 9
3645000 236
3630312 12
3628800 3721
3612672 253
3601500 17
3600000 472
3584000 317
3572100 295
3556224 313
3543750 18
3542940 42
3538944 136
3528000 1164
3512320 99
3500658 15
3500000 33
3499200 1458
3483648 798
3472875 10
3457440 162
3456000 2076
3444525 9
3440640 335
3430000 38
3429216 385
3402000 1226
3386880 1643
3375000 36
3361400 7
3360000 766
3359232 392
3333960 291
3317760 1243
3307500 122
3306744 89
3292800 387
3280500 120
3276800 70
3265920 2278
3241350 23
3240000 1086
3226944 9
3225600 2183
3214890 76
3211264 16
3200000 112
3189375 6
3188646 2
3176523 1
3175200 1639
3161088 164
3150000 212
3149280 491
3145728 14
3136000 294
3125000 1
3111696 85
3110400 2735
3096576 370
3087000 176
3073280 43
3072000 611
3062500 3
3061800 678
3048192 696
3037500 43
3025260 19
3024000 2590
3010560 452
3001250 3
3000564 55
3000000 74
2985984 493
2976750 90
2963520 697
2953125 2
2952450 19
2949120 364
2941225 1
2940000 319
2939328 483
2917215 8
2916000 1157
2903040 2668
2893401 1
2881200 88
2880000 1081
2867200 210
2857680 862
2835000 413
2834352 48
2823576 1
2822400 1698
2812500 5
2809856 15
2800000 120
2799360 1529
2778300 196
2765952 72
2764800 1908
2756250 15
2755620 149
2752512 52
2744000 113
2733750 15
2722734 5
2721600 2909
2709504 486
2701125 2
2700000 310
2689120 7
2688000 1139
2679075 20
2667168 243
2657205 1
2654208 249
2646000 824
2634240 306
2625000 27
2624400 571
2621440 20
2612736 979
2593080 98
2592000 2463
2580480 1046
2572500 22
2571912 144
2560000 202
2551500 304
2540160 1896
2531250 4
2521050 4
2520000 1044
2519424 303
2508800 253
2500470 66
2500000 7
2488320 1852
2480625 7
2480058 12
2469600 523
2460375 3
2458624 13
2457600 429
2450000 49
2449440 1339
2430000 512
2420208 13
2419200 3423
2408448 97
2401000 22
2400000 287
2381400 718
2370816 290
2362500 65
2361960 133
2359296 50
2352000 757
2333772 34
2332800 2144
2322432 698
2315250 45
2304960 113
2304000 1406
2296350 83
2293760 98
2286144 562
2268945 1
2268000 1920
2257920 1133
2250423 4
2250000 55
2240000 326
2239488 538
2222640 501
2211840 931
2205000 200
2204496 190
2195200 157
2187000 313
2177280 2912
2160900 42
2160000 1199
2151296 2
2150400 1056
2143260 227
2126250 44
2125764 11
2116800 1824
2107392 83
2100000 185
2099520 875
2097152 6
2083725 14
2074464 89
2073600 2782
2066715 4
2064384 217
2058000 163
2048000 171
2041200 1441
2032128 796
2025000 103
2016840 14
2016000 2143
2007040 134
2000376 100
2000000 42
1990656 457
1984500 258
1975680 571
1968750 6
1968300 109
1966080 142
1960000 173
1959552 738
1944810 28
1944000 1720
1935360 2182
1929375 3
1928934 23
1920800 33
1920000 568
1913625 8
1905120 1348
1890000 627
1889568 124
1882384 1
1881600 929
1875000 5
1866240 1882
1852200 314
1843968 34
1843200 1113
1837500 22
1837080 413
1835008 13
1822500 98
1815156 7
1814400 3521
1806336 316
1800750 7
1800000 341
1792000 400
1786050 91
1778112 298
1771875 1
1771470 16
1769472 166
1764000 918
1756160 102
1750329 2
1750000 18
1749600 1130
1741824 970
1728720 113
1728000 2239
1720320 457
1715000 24
1714608 296
1701000 702
1693440 1779
1687500 22
1680700 5
1680000 697
1679616 431
1666980 163
1658880 1536
1653750 44
1653372 39
1646400 361
1640625 1
1640250 41
1638400 110
1632960 2168
1620675 4
1620000 759
1613472 12
1612800 2299
1607445 9
1605632 24
1600000 116
1594323 1
1587600 1211
1580544 204
1575000 106
1574640 337
1572864 29
1568000 279
1555848 40
1555200 2755
1548288 560
1543500 80
1536640 43
1536000 672
1531250 2
1530900 330
1524096 742
1518750 9
1512630 1
1512000 2218
1505280 489
1500625 1
1500282 17
1500000 40
1492992 593
1488375 16
1481760 579
1476225 5
1474560 495
1470000 204
1469664 386
1458000 736
1451520 2829
1440600 47
1440000 1021
1433600 251
1428840 471
1417500 164
1417176 36
1411200 1474
1406250 1
1404928 23
1400000 107
1399680 1397
1389150 65
1382976 48
1382400 2215
1378125 1
1377810 51
1376256 82
1372000 81
1366875 1
1361367 2
1360800 2177
1354752 567
1350000 217
1344560 10
1344000 1198
1333584 183
1327104 360
1323000 479
1317120 283
1312500 14
1312200 335
1310720 37
1306368 897
1296540 49
1296000 2095
1290240 1268
1286250 7
1285956 68
1280000 188
1275750 80
1270080 1534
1260000 726
1259712 251
1254400 265
1250235 19
1250000 4
1244160 2067
1240029 1
1234800 359
1229312 11
1228800 472
1225000 22
1224720 940
1215000 237
1210104 9
1209600 3262
1204224 143
1200500 2
1200000 265
1190700 331
1185408 288
1181250 23
1180980 63
1179648 89
1176000 617
1166886 14
1166400 1812
1161216 894
1157625 14
1152480 75
1152000 1532
1148175 17
1146880 116
1143072 461
1134000 1192
1128960 1176
1125000 24
1120000 272
1119744 550
1111320 283
1105920 1126
1102500 90
1102248 102
1097600 147
1093500 112
1088640 2667
1080450 19
1080000 916
1075648 4
1075200 1089
1071875 1
1071630 69
1063125 6
1062882 2
1058400 1454
1053696 97
1050000 125
1049760 683
1048576 5
1037232 56
1036800 2812
1032192 299
1029000 85
1024000 195
1020600 773
1016064 732
1012500 40
1008420 6
1008000 1798
1003520 145
1000188 61
1000000 36
995328 568
992250 65
987840 492
984150 35
983040 190
980000 108
979776 669
972405 2
972000 1151
967680 2327
964467 1
960400 32
960000 583
952560 903
945000 369
944784 87
941192 1
940800 804
933120 1819
926100 119
921984 32
921600 1393
918750 5
918540 205
917504 18
911250 37
907578 5
907200 2966
903168 353
900375 3
900000 209
896000 378
893025 20
889056 257
885735 2
884736 202
882000 560
878080 86
875000 7
874800 756
870912 1081
864360 58
864000 2015
860160 579
857500 11
857304 179
850500 257
846720 1616
843750 5
840000 551
839808 363
833490 60
829440 1866
826875 3
826686 20
823200 277
820125 8
819200 117
816480 1583
810000 463
806736 10
806400 2331
802816 38
800000 93
793800 662
790272 214
787500 63
787320 202
786432 37
784000 235
777924 19
777600 2381
774144 630
771750 14
768320 24
768000 749
765450 93
762048 642
759375 1
756315 1
756000 1555
752640 583
750141 2
750000 28
746496 647
740880 361
737280 606
735000 99
734832 263
729000 393
725760 2719
720300 25
720000 822
716800 330
714420 285
708750 39
708588 10
705894 1
705600 1236
702464 29
700000 66
699840 1114
694575 10
691488 49
691200 2282
688905 12
688128 103
686000 50
680400 1371
677376 606
675000 100
672280 4
672000 1031
666792 90
663552 452
661500 201
658560 263
656250 3
656100 127
655360 38
653184 833
648270 16
648000 1582
645120 1373
642978 22
640000 170
637875 12
635040 1218
630000 428
629856 190
627200 255
625000 6
622080 2000
617400 219
614656 6
614400 558
612500 9
612360 512
607500 67
605052 4
604800 2753
602112 149
600250 6
600000 180
595350 120
592704 231
590490 30
589824 128
588000 418
583443 1
583200 1268
580608 1000
576240 47
576000 1472
573440 133
571536 270
567000 618
564480 1106
562500 10
560000 204
559872 507
555660 126
552960 1321
551250 26
551124 64
548800 116
546750 30
544320 2127
540225 9
540000 571
537824 4
537600 1118
535815 16
531441 1
529200 870
526848 96
525000 63
524880 445
524288 8
518616 35
518400 2555
516096 342
514500 33
512000 191
510300 289
508032 657
506250 15
504210 4
504000 1309
501760 141
500094 29
500000 13
497664 637
496125 16
493920 346
492075 6
491520 249
490000 64
489888 493
486000 746
483840 2265
480200 13
480000 438
476280 509
472500 124
472392 48
470596 2
470400 690
468750 1
466560 1548
463050 53
460992 24
460800 1338
459270 78
458752 22
455625 2
453600 1904
451584 353
450000 107
448000 313
444528 158
442368 274
441000 281
439040 73
437500 3
437400 377
435456 975
432180 36
432000 1666
430080 600
428750 6
428652 89
425250 69
423360 1181
420175 1
420000 328
419904 304
416745 12
414720 1815
413343 5
411600 165
409600 134
408240 958
405000 217
403368 4
403200 1997
401408 34
400000 57
396900 253
395136 157
393750 19
393660 68
393216 40
392000 185
388962 13
388800 1744
387072 707
385875 4
384160 17
384000 662
382725 18
381024 432
378000 861
376320 537
375000 9
373248 623
370440 228
368640 700
367500 32
367416 166
364500 147
362880 2244
360150 4
360000 591
358400 298
357210 73
354375 4
354294 7
352800 805
351232 26
350000 37
349920 807
345744 38
345600 2091
344064 123
343000 25
340200 693
338688 540
337500 34
336140 1
336000 783
333396 58
331776 506
330750 57
329280 211
328050 46
327680 59
326592 678
324135 6
324000 1006
322560 1468
321489 6
320000 131
317520 742
315000 174
314928 85
313600 206
312500 1
311040 1843
308700 90
307328 10
307200 569
306250 4
306180 222
303750 19
302526 1
302400 2051
301056 165
300125 1
300000 97
297675 16
296352 146
295245 2
294912 174
294000 228
291600 676
290304 915
288120 34
288000 1196
286720 145
285768 172
283500 237
282240 905
281250 3
280000 136
279936 489
277830 63
276480 1398
275625 2
275562 11
274400 74
273375 2
272160 1481
270000 311
268800 922
264600 439
263424 80
262500 21
262440 235
262144 10
259308 19
259200 1953
258048 383
257250 18
256000 180
255150 107
254016 502
252000 889
250880 147
250047 5
250000 17
248832 654
246960 197
245760 258
245000 27
244944 294
243000 345
241920 1973
240100 7
240000 326
238140 214
236250 30
236196 24
235200 484
233280 1147
231525 12
230496 24
230400 1363
229635 8
229376 29
226800 1106
225792 341
225000 59
224000 263
222264 98
221184 345
220500 106
219520 65
218700 139
217728 810
216090 11
216000 1127
215040 574
214375 1
214326 30
212625 12
211680 815
210000 192
209952 206
207360 1629
205800 86
204800 142
204120 496
202500 76
201684 2
201600 1568
200704 43
200000 40
198450 83
197568 113
196875 1
196830 23
196608 53
196000 122
194481 1
194400 1138
193536 653
192080 6
192000 585
190512 257
189000 433
188160 465
187500 5
186624 568
185220 93
184320 681
183750 7
183708 76
182250 52
181440 1693
180000 343
179200 236
178605 14
177147 2
176400 427
175616 16
175000 15
174960 452
172872 23
172800 1773
172032 137
171500 9
170100 283
169344 427
168750 4
168000 503
166698 17
165888 506
165375 8
164640 160
164025 8
163840 60
163296 507
162000 519
161280 1282
160000 100
158760 354
157500 77
157464 71
156800 170
155520 1326
154350 28
153664 6
153600 540
153090 52
151875 1
151200 1265
150528 178
150000 45
148176 105
147456 160
147000 100
145800 328
145152 761
144060 8
144000 849
143360 170
142884 69
141750 59
141120 614
140000 78
139968 337
138915 6
138240 1265
137781 8
137200 33
136080 834
135000 158
134456 1
134400 793
132300 168
131712 76
131250 6
131220 76
131072 11
129654 6
129600 1366
129024 378
128625 1
128000 153
127575 11
127008 334
126000 450
125440 119
125000 3
124416 538
123480 94
122880 290
122500 15
122472 140
121500 96
120960 1473
120050 2
120000 224
119070 65
118125 1
118098 5
117600 318
116640 742
115248 20
115200 1059
114688 32
113400 529
112896 270
112500 15
112000 185
111132 41
110592 319
110250 22
109760 49
109375 1
109350 24
108864 574
108045 4
108000 657
107520 583
107163 5
105840 473
105000 80
104976 143
103680 1388
102900 35
102400 121
102060 180
101250 15
100800 1020
100352 39
100000 27
99225 14
98784 75
98415 4
98304 52
98000 50
97200 577
96768 585
96040 6
96000 460
95256 124
94500 154
94080 355
93750 2
93312 395
92610 31
92160 669
91854 23
91125 8
90720 1024
90000 179
89600 255
88200 203
87808 22
87500 3
87480 196
86436 7
86400 1256
86016 140
85750 6
85050 78
84672 302
84000 327
83349 3
82944 454
82320 81
81920 55
81648 246
81000 220
80640 984
80000 84
79380 146
78750 12
78732 21
78400 110
77760 927
77175 5
76832 5
76800 471
76545 10
75600 672
75264 150
75000 28
74088 37
73728 183
73500 46
72900 134
72576 606
72030 3
72000 540
71680 117
71442 26
70875 11
70560 425
70000 49
69984 189
69120 1015
68600 15
68040 409
67500 32
67228 2
67200 584
66150 47
65856 46
65610 19
65536 15
64827 3
64800 806
64512 342
64000 124
63504 192
63000 191
62720 103
62500 1
62208 459
61740 40
61440 264
61236 51
60750 16
60480 1019
60025 1
60000 124
59535 9
58800 164
58320 384
57624 8
57600 837
57344 31
56700 194
56448 201
56250 3
56000 105
55566 17
55296 311
55125 6
54880 40
54675 3
54432 382
54000 389
53760 444
52920 201
52500 16
52488 66
51840 981
51450 14
51200 106
51030 56
50625 4
50421 1
50400 585
50176 25
50000 8
49392 34
49152 57
49000 27
48600 262
48384 491
48020 2
48000 324
47628 53
47250 33
47040 229
46656 262
46305 4
46080 605
45927 1
45360 522
45000 73
44800 149
44100 86
43904 15
43740 69
43218 2
43200 756
43008 116
42875 1
42525 15
42336 173
42000 161
41472 420
41160 46
40960 63
40824 116
40500 68
40320 671
40000 34
39690 43
39366 5
39200 46
38880 537
38416 3
38400 354
37800 304
37632 102
37500 5
37044 25
36864 163
36750 12
36450 26
36288 377
36015 1
36000 309
35840 85
35721 6
35280 215
35000 13
34992 113
34560 767
34300 5
34020 147
33750 10
33600 337
33075 7
32928 30
32805 2
32768 11
32400 391
32256 272
32000 87
31752 84
31500 65
31360 69
31250 1
31104 323
30870 13
30720 270
30618 16
30240 572
30000 66
29400 72
29160 177
28812 3
28800 599
28672 25
28350 46
28224 117
28000 82
27783 3
27648 287
27440 17
27216 183
27000 147
26880 328
26460 74
26250 4
26244 19
25920 651
25600 100
25515 6
25200 279
25088 18
25000 5
24696 14
24576 55
24500 9
24300 88
24192 312
24010 1
24000 167
23814 16
23625 4
23520 147
23328 174
23040 406
22680 234
22500 24
22400 100
22050 22
21952 7
21870 15
21609 1
21600 423
21504 103
21168 91
21000 72
20736 272
20580 14
20480 49
20412 44
20250 23
20160 430
20000 28
19845 3
19600 23
19440 252
19208 3
19200 250
18900 94
18816 93
18750 2
18522 3
18432 140
18375 1
18225 4
18144 222
18000 163
17920 87
17640 83
17500 3
17496 42
17280 522
17150 3
17010 32
16800 179
16464 17
16384 7
16200 162
16128 197
16000 60
15876 31
15750 17
15680 37
15552 188
15435 1
15360 175
15120 273
15000 25
14700 29
14580 65
14406 1
14400 291
14336 20
14175 7
14112 68
14000 28
13824 203
13720 5
13608 77
13500 38
13440 212
13230 25
13125 1
13122 5
12960 307
12800 58
12600 118
12544 15
12348 13
12288 52
12250 6
12150 26
12096 191
12000 86
11907 2
11760 61
11664 78
11520 355
11340 64
11250 6
11200 60
11025 5
10976 6
10935 6
10800 180
10752 91
10584 36
10500 16
10368 198
10290 2
10240 19
10206 13
10125 3
10080 223
10000 11
9800 13
9720 123
9600 170
9450 27
9408 33
9216 114
9072 119
9000 54
8960 68
8820 32
8748 17
8640 325
8505 6
8400 82
8232 5
8192 12
8100 52
8064 134
8000 40
7938 8
7875 1
7840 16
7776 117
7680 134
7560 123
7500 6
7350 4
7290 10
7200 180
7168 16
7056 34
7000 6
6912 172
6804 33
6750 9
6720 136
6615 2
6480 148
6400 40
6300 31
6272 11
6174 3
6144 45
6075 2
6048 119
6000 42
5880 22
5832 28
5760 200
5670 10
5625 1
5600 40
5488 1
5400 68
5376 72
5292 18
5250 4
5184 109
5120 27
5103 3
5040 109
5000 4
4900 6
4860 39
4800 98
4725 6
4704 25
4608 82
4536 47
4500 12
4480 44
4410 1
4374 2
4320 168
4200 37
4116 3
4096 8
4050 12
4032 74
4000 18
3969 2
3920 12
3888 47
3840 80
3780 46
3675 1
3645 2
3600 89
3584 12
3528 12
3500 5
3456 90
3402 12
3360 63
3240 60
3200 23
3150 6
3136 2
3087 1
3072 31
3024 54
3000 16
2940 10
2916 8
2880 111
2835 6
2800 8
2700 30
2688 40
2646 1
2592 44
2560 36
2520 47
2430 4
2400 32
2352 12
2304 49
2268 19
2250 2
2240 21
2205 2
2160 71
2100 11
2058 2
2048 3
2025 1
2016 26
2000 4
1960 5
1944 18
1920 50
1890 11
1800 32
1792 7
1764 1
1750 2
1728 48
1701 1
1680 28
1620 24
1600 25
1575 2
1568 5
1536 24
1512 23
1500 4
1470 1
1458 4
1440 53
1400 5
1350 4
1344 22
1296 20
1280 8
1260 18
1225 1
1215 1
1200 24
1176 5
1152 35
1134 2
1120 6
1080 21
1050 2
1024 3
1008 14
980 2
972 6
960 27
945 1
900 7
896 5
882 2
864 32
840 11
810 8
800 12
784 2
768 9
756 4
720 29
700 1
672 6
648 7
640 5
600 3
576 13
567 1
560 4
540 11
512 1
504 6
486 1
480 15
448 4
432 11
420 4
405 1
400 2
384 7
378 3
360 5
336 5
324 3
320 4
300 2
288 13
280 1
270 1
256 3
252 2
250 1
240 4
225 1
216 3
210 1
200 1
192 3
180 3
168 1
162 2
144 4
140 1
128 2
126 1
120 1
96 1
72 1
56 1
6 1
