5760000000 1
4500000000 1
3936600000 1
3732480000 1
3720087000 1
3542940000 1
3306744000 1
3265920000 2
3214890000 1
3175200000 1
3149280000 2
3136000000 1
3110400000 1
3061800000 2
2985984000 1
2916000000 1
2903040000 2
2822400000 1
2799360000 4
2778300000 1
2721600000 4
2654208000 1
2612736000 1
2592000000 1
2519424000 2
2500470000 1
2480058000 2
2457600000 1
2449440000 4
2380855680 1
2332800000 5
2286144000 2
2268000000 4
2232052200 2
2222640000 1
2211840000 3
2204496000 2
2187000000 2
2177280000 3
2150400000 1
2116800000 1
2116316160 1
2099520000 1
2090188800 3
2073600000 3
2057529600 2
2041200000 4
2040733440 1
2032128000 1
2025000000 1
2000376000 1
1990656000 1
1984046400 3
1975680000 2
1968300000 1
1959552000 5
1944000000 2
1935360000 2
1920800000 1
1905120000 3
1904684544 1
1890000000 1
1889568000 1
1866240000 7
1857945600 1
1837080000 12
1828915200 1
1822500000 1
1814400000 6
1813985280 2
1806336000 2
1800338400 1
1792000000 1
1791590400 1
1778112000 1
1769472000 1
1764000000 1
1763596800 3
1749600000 6
1741824000 4
1728720000 1
1728000000 2
1720320000 1
1714608000 8
1701000000 3
1700611200 1
1693440000 6
1679616000 8
1666980000 3
1658880000 3
1653372000 2
1646400000 1
1632960000 11
1620000000 2
1612800000 8
1607445000 5
1600300800 2
1587600000 7
1587237120 1
1580544000 2
1575296100 2
1575000000 2
1574640000 4
1567641600 4
1562436540 1
1555200000 5
1548288000 3
1543500000 1
1543147200 5
1536640000 2
1536000000 2
1530900000 8
1524096000 11
1512000000 3
1511654400 2
1505280000 3
1500282000 2
1492992000 6
1488034800 1
1481760000 1
1474560000 2
1469664000 13
1458000000 5
1451520000 6
1445068800 2
1433600000 1
1433272320 2
1428840000 1
1422489600 3
1417500000 1
1417176000 3
1411200000 8
1410877440 2
1400263200 2
1399680000 14
1393459200 6
1389150000 1
1388832480 2
1382976000 2
1382400000 6
1377810000 5
1371686400 12
1361367000 1
1360800000 10
1360488960 1
1350253800 1
1350000000 1
1344000000 6
1343692800 6
1337720832 1
1333584000 1
1327104000 4
1323000000 2
1322697600 6
1317120000 3
1316818944 1
1312200000 2
1310720000 1
1306368000 16
1296243648 2
1296000000 8
1290240000 4
1285956000 4
1275750000 1
1275458400 1
1270080000 19
1264435200 1
1260000000 1
1259712000 15
1254113280 3
1250235000 3
1244678400 3
1244160000 5
1240029000 1
1238630400 1
1234800000 2
1234517760 3
1229312000 1
1225230300 1
1225000000 1
1224720000 16
1219276800 7
1215228420 1
1215000000 1
1209600000 7
1204224000 2
1200500000 1
1200225600 2
1194393600 9
1190700000 3
1190427840 2
1185408000 3
1179648000 1
1176000000 2
1175731200 13
1166886000 2
1166400000 13
1161216000 10
1157360400 3
1152000000 7
1148175000 2
1143072000 13
1137991680 3
1134000000 9
1133740800 6
1128960000 13
1128701952 1
1125211500 2
1123942400 1
1120210560 1
1119744000 13
1116026100 1
1111320000 5
1111065984 3
1106380800 4
1105920000 5
1102500000 1
1102248000 8
1097600000 2
1097349120 7
1093500000 1
1088640000 26
1083801600 9
1080450000 1
1080203040 2
1080000000 4
1075200000 6
1074954240 3
1071630000 3
1071385056 1
1066867200 12
1062882000 3
1061683200 1
1058400000 11
1058158080 9
1053696000 1
1050197400 3
1050000000 1
1049760000 13
1048576000 1
1045094400 21
1041624360 1
1037232000 6
1036800000 17
1033121304 1
1032192000 4
1029000000 1
1028764800 12
1020600000 17
1020366720 1
1019215872 1
1016064000 20
1012690350 1
1012500000 1
1008000000 8
1007769600 9
1003520000 2
1003290624 1
1000188000 6
995328000 9
992250000 2
992023200 5
987840000 14
987614208 2
984150000 1
983040000 1
980000000 1
979776000 33
975421440 2
972405000 3
972000000 10
968083200 3
967680000 22
964467000 4
963379200 1
960400000 2
960180480 4
960000000 2
956593800 3
955514880 1
952560000 30
952342272 1
948326400 2
945000000 3
944784000 10
940800000 4
940584960 8
933508800 5
933120000 25
928972800 11
926100000 2
925888320 7
921984000 1
921600000 4
918540000 17
918330048 1
914457600 28
907200000 22
906992640 5
903168000 11
900169200 5
900000000 1
896000000 1
895795200 11
893025000 2
892820880 1
889056000 23
885735000 3
884736000 6
882000000 5
881798400 25
878080000 3
877879296 1
874800000 11
871274880 3
870912000 46
868020300 4
867041280 1
864360000 5
864000000 13
860934420 1
860160000 5
857500000 1
857304000 26
853493760 6
850659894 1
850500000 8
850305600 5
847072800 1
846720000 26
842956800 3
840157920 1
840000000 2
839808000 27
836075520 3
833490000 8
833299488 1
829440000 22
826686000 11
825753600 3
823200000 1
823011840 11
819200000 3
816820200 1
816480000 55
812851200 23
810152280 1
810000000 2
806400000 25
806215680 6
803722500 1
802816000 2
800150400 10
800000000 2
796262400 10
793800000 21
793618560 12
790272000 7
787500000 2
787320000 7
786432000 6
784000000 1
783820800 40
780337152 1
777924000 10
777600000 28
774840978 1
774144000 18
771750000 1
771573600 12
768320000 2
768144384 4
768000000 6
765450000 7
765275040 1
762048000 51
758661120 5
756000000 13
755827200 15
752640000 9
752467968 2
750141000 8
746807040 2
746496000 31
744017400 6
743178240 4
740880000 20
740710656 1
737280000 6
735138180 1
735000000 1
734832000 41
731566080 16
729137052 1
729000000 10
725760000 63
725594112 2
722534400 7
720300000 2
720135360 7
720000000 9
716800000 4
716636160 3
714420000 20
714256704 1
711244800 13
708750000 3
708588000 9
707788800 2
705600000 22
705438720 14
702464000 3
700131600 5
699840000 41
696729600 29
694575000 1
694416240 4
693633024 1
691488000 7
691200000 24
688905000 8
688128000 6
686000000 3
685843200 44
680683500 2
680400000 37
680244480 4
677376000 23
675126900 4
674365440 1
672000000 8
671846400 25
669615660 1
668860416 1
666792000 21
663828480 2
663552000 20
661500000 4
661348800 20
658560000 6
658409472 8
656100000 8
655360000 2
653456160 1
653184000 94
650280960 6
648270000 5
648121824 2
648000000 17
645120000 34
642978000 20
642252800 3
640120320 12
640000000 5
637729200 2
637009920 2
635040000 48
634894848 2
632217600 14
630000000 5
629856000 27
627200000 12
627056640 19
625117500 4
622339200 19
622080000 50
620014500 1
619573248 1
619315200 17
617400000 15
617258880 25
614656000 2
614400000 4
612360000 44
609638400 54
607500000 2
605052000 1
604800000 48
604661760 14
602362880 1
602112000 15
600112800 25
597445632 3
597196800 23
595350000 13
595213920 9
594542592 2
592704000 29
590490000 7
589824000 3
588110544 1
588000000 10
587865600 68
585252864 3
583443000 2
583200000 30
580608000 67
578680200 8
576240000 4
576108288 4
576000000 21
574087500 2
573956280 1
573440000 5
571774140 1
571536000 75
568995840 13
567000000 20
566870400 12
566231040 1
564480000 51
564350976 4
562605750 1
561971200 1
560105280 11
560000000 3
559872000 57
557383680 16
555660000 21
555532992 4
553190400 8
552960000 27
551250000 1
551124000 52
550502400 8
548800000 7
548674560 27
546750000 2
544546800 3
544320000 108
544195584 5
541900800 26
540225000 3
540101520 12
540000000 8
537824000 3
537600000 25
537477120 10
535815000 16
535692528 1
533433600 36
531441000 2
530841600 8
529200000 39
529079040 29
526848000 16
525098700 3
524880000 43
522547200 64
520812180 2
520224768 3
518616000 12
518400000 60
516096000 25
514382400 48
513802240 3
512096256 5
512000000 1
510300000 32
510183360 5
508032000 93
506250000 1
505774080 4
504210000 2
504094752 1
504000000 33
503884800 43
501760000 8
501645312 8
500094000 18
497871360 11
497664000 68
496125000 8
496011600 13
495452160 3
493920000 36
493807104 6
492075000 3
491724800 2
491520000 6
490092120 3
490000000 4
489888000 117
487710720 20
486202500 2
486091368 2
486000000 16
484041600 1
483840000 92
483729408 1
482233500 5
481689600 3
480090240 24
480000000 6
477757440 12
476280000 54
476171136 7
474163200 29
472500000 3
472392000 33
471859200 4
470596000 1
470400000 15
470292480 40
466754400 16
466560000 71
465010875 1
464679936 2
464486400 58
463050000 2
462944160 21
462422016 1
460992000 14
460800000 25
459270000 28
458752000 2
457228800 88
455196672 4
453789000 3
453600000 80
453496320 16
451584000 48
450084600 16
449576960 1
448084224 7
448000000 7
447897600 48
446512500 1
446410440 3
445906944 1
444528000 73
442867500 1
442552320 4
442368000 19
441000000 17
440899200 94
440401920 1
439040000 10
438939648 5
437582250 2
437400000 27
435637440 5
435456000 175
434010150 5
433520640 14
432180000 10
432081216 6
432000000 29
430259200 1
430080000 29
429981696 4
428652000 71
426746880 40
425250000 12
425152800 11
424673280 3
423360000 111
423263232 9
421478400 5
420078960 5
420000000 8
419904000 78
419430400 1
418037760 37
416745000 15
416649744 5
414892800 26
414720000 67
413343000 26
412876800 23
411600000 10
411505920 52
409600000 4
408410100 1
408240000 130
408146688 2
406425600 87
405076140 3
405000000 3
404619264 1
403368000 4
403200000 76
403107840 33
401861250 1
401408000 5
400075200 61
398297088 1
398131200 34
396900000 32
396809280 32
395136000 48
393660000 24
393216000 2
392000000 8
391910400 139
390168576 9
388962000 24
388800000 66
387233280 4
387072000 102
385875000 3
385786800 39
385351680 3
384160000 2
384072192 11
384000000 19
382725000 17
382637520 6
382205952 1
381182760 1
381024000 160
379330560 27
378157500 3
378071064 4
378000000 33
377913600 43
376320000 38
376233984 8
375070500 12
373403520 18
373248000 91
372008700 2
371589120 18
370440000 47
370355328 8
368793600 8
368640000 38
367569090 1
367500000 1
367416000 109
367001600 2
365783040 59
364500000 14
363031200 6
362880000 189
362797056 2
361267200 47
360150000 2
360067680 31
360000000 16
358400000 15
358318080 26
357210000 56
357128352 5
355622400 76
354375000 1
354294000 13
353894400 16
352800000 53
352719360 57
351232000 14
350065800 8
350000000 2
349920000 94
348509952 2
348364800 137
347287500 2
347208120 9
346816512 2
345744000 24
345600000 55
344452500 9
344207360 2
344064000 27
343000000 3
342921600 145
341397504 13
340341750 1
340200000 87
340122240 12
339738624 1
338829120 1
338688000 146
337563450 6
337182720 5
336140000 2
336063168 1
336000000 19
335923200 90
334807830 2
334430208 5
333396000 49
331914240 8
331776000 79
330750000 9
330674400 54
330301440 5
329280000 31
329204736 18
328050000 13
327680000 3
326728080 6
326592000 237
325140480 34
324135000 5
324060912 6
324000000 41
322694400 1
322560000 110
322486272 5
321489000 35
321126400 5
320060160 68
320000000 4
318937500 1
318864600 4
318504960 6
317520000 156
317447424 14
316108800 37
315059220 6
315000000 13
314928000 89
313600000 23
313528320 90
312558750 1
312487308 2
311169600 35
311040000 183
310007250 3
309657600 63
308700000 12
308629440 55
308281344 1
307328000 5
307200000 17
306180000 92
306110016 1
304946208 1
304819200 200
303807105 1
303750000 2
303464448 4
302526000 5
302400000 125
302330880 44
301056000 38
300056400 48
300000000 1
298722816 3
298598400 96
297675000 14
297606960 14
297271296 1
296352000 88
295245000 11
295034880 4
294912000 20
294055272 3
294000000 17
293932800 191
293601280 1
292626432 17
291721500 10
291600000 91
290424960 7
290304000 249
289340100 12
289013760 12
288120000 11
288054144 12
288000000 43
286978140 1
286720000 17
286654464 3
285768000 172
284497920 63
283500000 25
283435200 28
283115520 6
282357600 2
282240000 127
282175488 17
280985600 3
280052640 27
280000000 11
279936000 173
278691840 62
277830000 26
277766496 7
276595200 18
276480000 101
275562000 55
275251200 9
274400000 15
274337280 121
273375000 3
272273400 5
272160000 260
272097792 12
270950400 98
270112500 4
270050760 25
270000000 12
268912000 6
268800000 58
268738560 46
267907500 10
266716800 122
265720500 4
265531392 3
265420800 46
264710250 1
264600000 66
264539520 56
263424000 41
262549350 7
262500000 1
262440000 84
262144000 1
261382464 2
261273600 280
260112384 8
259308000 28
259200000 126
258155520 4
258048000 80
257250000 3
257191200 105
256901120 1
256048128 13
256000000 9
255150000 30
255091680 5
254803968 3
254121840 1
254016000 293
252887040 17
252105000 3
252000000 55
251942400 101
251658240 1
250880000 30
250822656 13
250047000 43
248935680 29
248832000 178
248062500 4
248005800 22
247726080 19
246960000 74
246903552 27
246037500 2
245862400 4
245760000 14
245046060 3
245000000 2
244944000 254
243855360 102
243101250 1
243045684 1
243000000 34
242020800 11
241920000 252
241864704 8
241116750 10
240844800 21
240100000 3
240045120 69
240000000 10
238878720 38
238239225 1
238140000 109
238085568 12
237081600 101
236294415 2
236250000 3
236196000 50
235929600 8
235200000 50
235146240 133
234365481 1
233377200 34
233280000 211
232339968 2
232243200 182
231525000 6
231472080 36
231211008 2
230496000 25
230400000 61
229635000 27
229376000 14
228709656 1
228614400 293
227598336 16
226894500 3
226800000 157
226748160 47
226492416 1
225792000 145
225042300 24
225000000 3
224788480 1
224042112 11
224000000 27
223948800 176
223256250 1
223205220 5
222953472 15
222264000 136
221276160 16
221184000 79
220500000 23
220449600 195
220200960 2
219520000 23
219469824 27
218700000 46
217818720 13
217728000 403
217005075 2
216760320 46
216090000 9
216040608 17
216000000 60
215129600 4
215040000 82
214990848 9
214326000 111
213373440 109
212625000 7
212576400 17
212336640 14
211768200 1
211680000 223
211631616 21
210739200 33
210087500 1
210039480 12
210000000 14
209952000 184
209018880 142
208372500 21
208324872 4
207446400 50
207360000 211
206671500 19
206438400 47
205800000 22
205752960 126
204800000 13
204120000 235
204073344 4
203212800 306
202538070 2
202500000 10
202309632 2
201684000 7
201600000 184
201553920 76
200704000 27
200037600 110
200000000 1
199290375 1
199148544 10
199065600 128
198450000 49
198404640 46
198180864 5
197568000 126
196875000 1
196830000 33
196689920 1
196608000 14
196036848 1
196000000 14
195955200 403
195084288 25
194481000 21
194400000 138
193616640 7
193536000 313
192937500 1
192893400 54
192675840 13
192080000 8
192036096 34
192000000 28
191362500 11
191318760 3
191102976 9
190591380 1
190512000 347
189665280 69
189035532 7
189000000 64
188956800 101
188743680 3
188160000 96
188116992 33
187535250 10
187500000 1
186701760 37
186624000 312
186004350 4
185794560 61
185220000 74
185177664 33
184396800 28
184320000 111
183750000 3
183708000 196
183500800 5
182891520 170
182250000 13
181515600 12
181440000 413
181398528 13
180633600 116
180075000 4
180033840 60
180000000 16
179200000 27
179159040 92
178605000 58
178564176 2
177811200 195
177147000 25
177020928 3
176947200 35
176400000 97
176359680 155
176160768 1
175616000 28
175032900 12
175000000 1
174960000 184
174254976 6
174182400 436
173604060 10
173408256 13
172872000 39
172800000 144
172226250 1
172186884 1
172103680 3
172032000 73
171500000 3
171460800 286
170698752 30
170170875 1
170100000 88
170061120 32
169869312 4
169414560 1
169344000 370
168591360 7
168070000 1
168031584 13
168000000 51
167961600 221
167215104 26
166698000 117
165957120 39
165888000 206
165375000 8
165337200 69
165150720 15
164640000 60
164602368 67
164025000 16
163840000 10
163364040 5
163296000 567
162570240 132
162067500 9
162030456 6
162000000 63
161347200 10
161280000 278
161243136 15
160744500 22
160563200 15
160030080 121
160000000 6
159432300 4
159252480 51
158826150 1
158760000 255
158723712 25
158054400 104
157529610 2
157500000 13
157464000 122
157286400 1
156800000 44
156764160 227
156243654 1
155584800 69
155520000 323
155003625 2
154893312 2
154828800 169
154350000 34
154314720 106
154140672 4
153664000 20
153600000 58
153090000 114
153055008 6
152473104 1
152409600 475
151875000 1
151732224 16
151263000 4
151200000 224
151165440 90
150994944 1
150528000 95
150028200 64
150000000 5
149361408 16
149299200 269
148837500 13
148803480 23
148635648 9
148176000 189
147622500 7
147517440 10
147456000 74
147027636 2
147000000 33
146966400 366
146313216 61
145860750 4
145800000 103
145212480 13
145152000 625
144670050 8
144506880 39
144060000 10
144027072 31
144000000 65
143360000 44
143327232 16
142884000 272
142248960 122
141750000 30
141717600 56
141557760 8
141178800 1
141120000 259
141087744 55
140492800 19
140026320 37
140000000 15
139968000 392
139345920 191
138915000 41
138883248 17
138297600 84
138240000 259
137812500 1
137781000 72
137682944 1
137625600 25
137200000 14
137168640 294
136687500 6
136136700 10
136080000 470
136048896 14
135531648 1
135475200 319
135025380 25
135000000 17
134873088 2
134456000 7
134400000 126
134369280 136
133953750 5
133923132 3
133358400 264
132860250 2
132765696 12
132710400 127
132300000 88
132269760 143
132120576 5
131712000 99
131274675 1
131250000 6
131220000 117
131072000 8
130691232 5
130636800 679
130203045 1
130056192 32
129654000 38
129600000 243
129077760 8
129024000 255
128625000 1
128595600 133
128450560 6
128024064 45
128000000 11
127575000 38
127545840 15
127401984 9
127060920 1
127008000 528
126443520 59
126052500 2
126023688 9
126000000 80
125971200 234
125829120 3
125440000 67
125411328 53
125023500 53
124467840 56
124416000 401
124031250 2
124002900 40
123863040 55
123480000 101
123451776 59
122931200 20
122880000 60
122523030 4
122500000 5
122472000 467
121927680 322
121550625 2
121522842 1
121500000 34
121010400 23
120960000 503
120932352 26
120558375 3
120422400 76
120050000 3
120022560 107
120000000 18
119574225 1
119439360 121
119070000 151
119042784 14
118540800 269
118125000 4
118098000 55
118013952 3
117964800 32
117649000 2
117600000 88
117573120 332
117440512 1
116688600 47
116640000 369
116169984 2
116121600 517
115762500 4
115736040 46
115605504 9
115248000 37
115200000 156
114817500 24
114791256 3
114688000 27
114307200 553
113799168 35
113447250 2
113400000 216
113374080 65
113246208 1
112943040 2
112896000 364
112521150 18
112500000 1
112394240 12
112021056 13
112000000 29
111974400 383
111602610 2
111476736 41
111132000 245
110638080 44
110592000 214
110270727 1
110250000 27
110224800 224
110100480 17
109760000 53
109734912 91
109375000 1
109350000 34
108909360 15
108864000 919
108380160 148
108045000 20
108020304 29
108000000 104
107564800 6
107520000 181
107495424 28
107163000 128
106686720 198
106312500 6
106288200 17
106168320 48
105884100 1
105840000 379
105815808 68
105369600 71
105019740 20
105000000 11
104976000 323
104857600 2
104509440 387
104186250 8
104162436 2
103723200 108
103680000 435
103335750 5
103262208 3
103219200 174
102900000 33
102876480 248
102400000 26
102060000 288
102036672 12
101606400 616
101269035 2
101250000 14
101154816 9
100842000 7
100800000 276
100776960 177
100352000 50
100018800 163
99574272 27
99532800 297
99225000 41
99202320 57
99090432 9
98784000 211
98415000 31
98344960 6
98304000 33
98018424 4
98000000 30
97977600 730
97542144 73
97240500 21
97200000 212
96808320 25
96768000 649
96446700 46
96337920 28
96040000 22
96018048 56
96000000 48
95681250 5
95659380 3
95551488 23
95295690 1
95256000 576
94832640 158
94500000 51
94478400 163
94371840 15
94119200 3
94080000 194
94058496 89
93767625 1
93750000 1
93350880 78
93312000 597
93002175 1
92897280 225
92610000 74
92588832 33
92198400 38
92160000 193
91875000 2
91854000 215
91750400 11
91445760 468
91125000 7
90757800 13
90720000 734
90699264 34
90316800 276
90016920 56
90000000 23
89600000 78
89579520 212
89302500 49
89282088 11
88905600 339
88573500 13
88510464 8
88473600 146
88200000 175
88179840 262
88080384 1
87808000 53
87516450 11
87500000 4
87480000 268
87127488 7
87091200 908
86802030 7
86704128 17
86436000 60
86400000 281
86051840 1
86016000 183
85750000 5
85730400 375
85349376 65
85050000 130
85030560 43
84934656 6
84707280 1
84672000 656
84295680 37
84015792 19
84000000 85
83980800 414
83607552 66
83349000 120
82978560 87
82944000 507
82687500 7
82668600 90
82575360 47
82320000 103
82301184 111
82012500 7
81920000 16
81682020 11
81648000 888
81285120 362
81033750 4
81015228 3
81000000 75
80673600 15
80640000 502
80621568 52
80372250 19
80281600 38
80015040 238
80000000 19
79626240 137
79380000 325
79361856 55
79027200 234
78750000 12
78732000 193
78675968 2
78643200 26
78400000 59
78382080 528
78121827 1
77792400 96
77760000 555
77446656 7
77414400 457
77175000 26
77157360 139
77070336 2
76832000 33
76800000 100
76545000 114
76527504 3
76204800 904
75937500 2
75866112 35
75631500 3
75600000 345
75582720 147
75497472 1
75295360 1
75264000 225
75014100 55
75000000 2
74680704 36
74649600 569
74418750 4
74401740 16
74317824 38
74088000 313
73811250 4
73758720 25
73728000 200
73513818 3
73500000 31
73483200 559
73400320 9
73156608 123
72900000 121
72606240 23
72576000 1134
72335025 1
72253440 106
72030000 13
72013536 51
72000000 104
71680000 86
71663616 43
71442000 330
71124480 286
70875000 24
70858800 68
70778880 37
70589400 2
70560000 453
70543872 128
70246400 39
70013160 37
70000000 18
69984000 594
69672960 479
69457500 36
69441624 19
69148800 124
69120000 476
68890500 55
68841472 1
68812800 77
68600000 30
68584320 530
68343750 1
68068350 6
68040000 605
68024448 22
67765824 2
67737600 707
67512690 12
67500000 18
67436544 6
67228000 3
67200000 201
67184640 273
66976875 1
66961566 2
66679200 340
66382848 18
66355200 342
66150000 85
66134880 174
66060288 6
65856000 165
65625000 1
65610000 115
65536000 16
65345616 8
65318400 1142
65028096 88
64827000 43
64800000 322
64538880 14
64512000 544
64312500 1
64297800 168
64225280 9
64012032 93
64000000 37
63787500 24
63772920 15
63700992 26
63530460 4
63504000 871
63221760 129
63011844 7
63000000 116
62985600 358
62914560 2
62720000 109
62705664 144
62511750 24
62500000 1
62233920 116
62208000 831
62001450 20
61931520 187
61740000 138
61725888 89
61465600 28
61440000 111
61261515 1
61250000 1
61236000 598
60963840 595
60750000 27
60505200 24
60480000 863
60466176 58
60211200 169
60025000 6
60011280 175
60000000 27
59719680 265
59535000 129
59521392 27
59270400 452
59062500 3
59049000 53
58982400 97
58824500 1
58800000 137
58786560 550
58344300 45
58320000 495
58084992 8
58060800 983
57881250 4
57868020 43
57802752 20
57624000 62
57600000 289
57408750 14
57344000 59
57153600 822
56899584 78
56700000 243
56687040 94
56623104 12
56471520 6
56448000 617
56260575 4
56250000 1
56197120 14
56010528 37
56000000 44
55987200 736
55801305 1
55738368 92
55566000 263
55319040 86
55296000 439
55125000 15
55112400 279
55050240 32
54880000 41
54867456 180
54675000 38
54454680 22
54432000 1451
54190080 323
54022500 14
54010152 26
54000000 140
53782400 12
53760000 312
53747712 89
53581500 106
53343360 366
53144100 10
53084160 140
52920000 494
52907904 97
52684800 163
52509870 13
52500000 13
52488000 472
52428800 6
52254720 737
52081218 2
51861600 121
51840000 776
51667875 2
51631104 5
51609600 388
51450000 25
51438240 296
51200000 44
51030000 312
51018336 10
50824368 4
50803200 1160
50625000 2
50577408 33
50421000 9
50400000 378
50388480 300
50176000 95
50009400 177
50000000 2
49787136 40
49766400 695
49612500 38
49601160 79
49545216 37
49392000 314
49207500 16
49172480 10
49152000 100
49009212 5
49000000 26
48988800 1045
48771072 166
48620250 10
48600000 264
48404160 22
48384000 1139
48223350 30
48168960 58
48020000 13
48009024 99
48000000 83
47775744 66
47647845 1
47628000 673
47416320 324
47258883 4
47250000 50
47239200 168
47185920 25
47059600 1
47040000 292
47029248 214
46675440 94
46656000 978
46448640 535
46305000 91
46294416 44
46099200 66
46080000 425
45927000 193
45875200 19
45722880 770
45562500 5
45378900 11
45360000 991
45349632 53
45177216 2
45158400 527
45008460 63
45000000 24
44957696 3
44800000 101
44789760 410
44651250 22
44641044 5
44471322 1
44452800 494
44286750 6
44255232 12
44236800 311
44100000 146
44089920 414
44040192 5
43904000 92
43758225 6
43750000 1
43740000 292
43563744 14
43545600 1666
43401015 5
43352064 48
43218000 71
43200000 417
43025920 6
43008000 291
42875000 3
42865200 446
42674688 132
42525000 82
42515280 35
42467328 20
42353640 6
42336000 1074
42187500 2
42147840 59
42007896 21
42000000 77
41990400 671
41943040 1
41803776 181
41674500 83
41489280 132
41472000 948
41343750 1
41334300 69
41287680 106
41160000 127
41150592 164
41006250 3
40960000 39
40841010 4
40824000 1170
40642560 710
40507614 7
40500000 77
40336800 19
40320000 795
40310784 102
40186125 2
40140800 60
40007520 307
40000000 13
39813120 284
39690000 357
39680928 59
39513600 399
39375000 8
39366000 178
39337984 1
39321600 46
39200000 75
39191040 909
38896200 98
38880000 776
38723328 9
38707200 1007
38587500 17
38578680 146
38535168 5
38416000 35
38400000 165
38272500 70
38263752 5
38118276 2
38102400 1283
37933056 72
37815750 7
37800000 421
37791360 226
37748736 4
37647680 3
37632000 413
37507050 36
37500000 5
37340352 56
37324800 1037
37209375 1
37200870 3
37158912 96
37044000 347
36905625 1
36879360 51
36864000 347
36750000 19
36741600 693
36700160 13
36578304 232
36450000 110
36303120 26
36288000 1747
36126720 276
36015000 16
36006768 55
36000000 146
35840000 143
35831808 110
35721000 328
35562240 483
35437500 8
35429400 71
35389440 110
35294700 3
35280000 582
35271936 193
35123200 72
35006580 37
35000000 13
34992000 793
34836480 939
34728750 14
34720812 10
34574400 160
34560000 825
34445250 26
34420736 1
34406400 211
34300000 25
34292160 637
34020000 631
34012224 39
33882912 5
33868800 1114
33756345 5
33750000 16
33718272 12
33614000 4
33600000 268
33592320 514
33339600 404
33191424 45
33177600 685
33075000 77
33067440 191
33030144 25
32928000 253
32812500 1
32805000 87
32768000 40
32672808 9
32659200 1849
32514048 187
32413500 37
32400000 380
32269440 25
32256000 979
32156250 1
32148900 123
32112640 18
32006016 170
32000000 45
31893750 6
31886460 6
31850496 69
31765230 2
31752000 1110
31610880 226
31505922 4
31500000 89
31492800 438
31457280 17
31360000 157
31352832 285
31255875 4
31116960 138
31104000 1333
31000725 1
30965760 408
30870000 135
30862944 96
30732800 41
30720000 228
30625000 3
30618000 604
30481920 1063
30375000 25
30252600 15
30240000 1175
30233088 98
30118144 1
30105600 309
30012500 4
30005640 163
30000000 28
29859840 543
29767500 92
29760696 16
29647548 1
29635200 623
29531250 1
29524500 34
29503488 15
29491200 199
29400000 165
29393280 823
29360128 2
29172150 20
29160000 562
29042496 14
29030400 1849
28940625 1
28934010 21
28901376 45
28812000 61
28800000 366
28704375 2
28697814 2
28672000 107
28576800 951
28449792 162
28350000 229
28343520 127
28311552 13
28235760 5
28224000 983
28125000 1
28098560 30
28005264 38
28000000 65
27993600 1157
27869184 190
27783000 196
27659520 105
27648000 875
27562500 5
27556200 234
27525120 71
27440000 69
27433728 274
27337500 26
27227340 18
27216000 1841
27095040 658
27011250 1
27005076 22
27000000 110
26891200 6
26880000 502
26873856 151
26790750 47
26671680 459
26572050 3
26542080 297
26460000 543
26453952 122
26342400 270
26254935 2
26250000 9
26244000 439
26214400 20
26127360 1316
26040609 1
25930800 121
25920000 1085
25815552 6
25804800 729
25725000 18
25719120 347
25690112 4
25600000 68
25515000 238
25509168 9
25412184 1
25401600 1732
25288704 57
25210500 6
25200000 485
25194240 424
25165824 2
25088000 174
25004700 119
25000000 3
24893568 71
24883200 1272
24806250 8
24800580 48
24772608 60
24696000 404
24603750 8
24586240 18
24576000 185
24504606 5
24500000 24
24494400 1442
24385536 293
24310125 3
24300000 239
24202080 29
24192000 1843
24111675 4
24084480 135
24010000 23
24004512 113
24000000 95
23887872 122
23814000 649
23708160 485
23625000 42
23619600 153
23592960 80
23529800 3
23520000 403
23514624 334
23337720 92
23328000 1352
23224320 945
23152500 48
23147208 50
23049600 92
23040000 633
22963500 118
22937600 60
22861440 969
22781250 2
22689450 9
22680000 1097
22674816 80
22588608 4
22579200 939
22504230 27
22500000 25
22478848 5
22400000 124
22394880 752
22325625 4
22320522 4
22226400 606
22143375 2
22127616 32
22118400 617
22050000 118
22044960 480
22020096 10
21952000 141
21875000 3
21870000 250
21781872 20
21772800 2425
21676032 133
21609000 60
21600000 527
21512960 12
21504000 552
21437500 1
21432600 360
21337344 219
21262500 40
21257640 29
21233664 53
21168000 1381
21073920 144
21008750 2
21003948 14
21000000 84
20995200 845
20971520 3
20901888 340
20837250 42
20744640 189
20736000 1459
20667150 31
20643840 286
20580000 116
20575296 227
20503125 1
20480000 69
20420505 5
20412000 1135
20321280 1065
20250000 49
20168400 16
20160000 1099
20155392 150
20070400 116
20003760 307
20000000 22
19906560 614
19845000 212
19840464 53
19756800 554
19687500 4
19683000 120
19668992 3
19660800 108
19600000 78
19595520 1278
19448100 50
19440000 933
19361664 17
19353600 1687
19289340 112
19267584 24
19208000 34
19200000 262
19136250 14
19131876 2
19059138 1
19051200 1514
18966528 117
18907875 2
18900000 396
18895680 280
18874368 13
18823840 5
18816000 598
18753525 9
18750000 3
18670176 68
18662400 1643
18600435 4
18579456 192
18522000 305
18439680 82
18432000 594
18375000 12
18370800 604
18350080 17
18289152 413
18225000 81
18151560 37
18144000 2445
18063360 451
18007500 13
18003384 64
18000000 134
17920000 187
17915904 173
17860500 187
17781120 658
17718750 3
17714700 39
17694720 236
17640000 592
17635968 254
17561600 103
17503290 13
17500000 11
17496000 926
17418240 1549
17364375 1
17360406 9
17287200 151
17280000 1074
17222625 6
17210368 3
17203200 370
17150000 22
17146080 709
17010000 563
17006112 40
16941456 5
16934400 1664
16875000 11
16859136 30
16807000 5
16800000 332
16796160 717
16669800 317
16595712 81
16588800 1296
16537500 28
16533720 154
16515072 36
16464000 304
16402500 49
16384000 61
16336404 13
16329600 2318
16257024 344
16206750 10
16200000 383
16134720 27
16128000 1503
16074450 72
16056320 49
16003008 208
16000000 52
15946875 1
15943230 2
15925248 135
15876000 1068
15805440 353
15752961 1
15750000 92
15746400 431
15728640 25
15680000 186
15676416 422
15558480 140
15552000 1864
15482880 721
15435000 93
15431472 117
15366400 51
15360000 332
15309000 390
15240960 1398
15187500 14
15126300 17
15120000 1390
15116544 154
15052800 529
15006250 1
15002820 103
15000000 24
14929920 915
14883750 26
14880348 19
14817600 718
14762250 15
14751744 18
14745600 366
14700000 136
14696640 967
14680064 4
14580000 557
14521248 20
14515200 2825
14467005 5
14450688 90
14406000 53
14400000 485
14336000 194
14288400 870
14224896 239
14175000 159
14171760 113
14155776 31
14112000 1232
14049280 47
14002632 31
14000000 58
13996800 1501
13934592 394
13891500 123
13829760 166
13824000 1333
13781250 2
13778100 164
13762560 131
13720000 70
13716864 356
13668750 9
13613670 12
13608000 1923
13547520 991
13502538 8
13500000 100
13445600 10
13440000 659
13436928 248
13395375 12
13335840 511
13286025 3
13271040 520
13230000 394
13226976 157
13171200 388
13125000 7
13122000 349
13107200 25
13063680 1943
12965400 115
12960000 1322
12907776 3
12902400 1240
12862500 4
12859560 311
12845056 11
12800000 85
12757500 110
12754584 5
12706092 2
12700800 1999
12644352 96
12605250 2
12600000 451
12597120 509
12582912 5
12544000 225
12502350 43
12500000 2
12446784 88
12441600 1923
12403125 1
12400290 26
12386304 137
12348000 407
12301875 1
12293120 30
12288000 322
12252303 3
12250000 18
12247200 1320
12192768 470
12150000 168
12101040 29
12096000 2362
12042240 238
12005000 6
12002256 109
12000000 119
11943936 219
11907000 458
11854080 619
11812500 14
11809800 135
11796480 123
11764900 1
11760000 423
11757312 434
11668860 50
11664000 1524
11612160 1534
11576250 19
11573604 25
11524800 130
11520000 847
11481750 54
11468800 108
11430720 1191
11340000 903
11337408 85
11294304 2
11289600 1294
11252115 7
11250000 16
11239424 7
11200000 137
11197440 1112
11113200 494
11063808 49
11059200 1035
11025000 84
11022480 401
11010048 19
10976000 121
10935000 131
10890936 14
10886400 3076
10838016 251
10804500 27
10800000 569
10756480 11
10752000 807
10716300 238
10668672 288
10631250 12
10628820 27
10616832 101
10588410 1
10584000 1331
10536960 235
10501974 8
10500000 68
10497600 868
10485760 9
10450944 539
10418625 6
10372320 165
10368000 2002
10333575 7
10321920 500
10290000 107
10287648 240
10240000 120
10206000 931
10160640 1552
10125000 31
10084200 26
10080000 1269
10077696 223
10035200 164
10001880 275
10000000 17
9953280 978
9922500 115
9920232 54
9882516 1
9878400 651
9843750 1
9841500 64
9834496 10
9830400 138
9800000 76
9797760 1488
9724050 25
9720000 943
9680832 16
9676800 2489
9646875 1
9644670 29
9633792 39
9604000 33
9600000 302
9568125 7
9565938 3
9529569 1
9525600 1381
9483264 210
9450000 260
9447840 271
9437184 18
9411920 2
9408000 760
9375000 2
9335088 72
9331200 2030
9289728 372
9261000 237
9219840 106
9216000 914
9187500 7
9185400 456
9175040 37
9144576 539
9112500 22
9075780 21
9072000 2775
9031680 706
9003750 2
9001692 48
9000000 130
8960000 297
8957952 320
8930250 59
8890560 684
8859375 1
8857350 15
8847360 391
8820000 521
8817984 262
8780800 134
8751645 4
8750000 9
8748000 798
8709120 2293
8680203 3
8643600 145
8640000 1333
8605184 2
8601600 590
8575000 12
8573040 662
8505000 379
8503056 26
8470728 9
8467200 2034
8437500 1
8429568 52
8403500 3
8400000 333
8398080 954
8334900 186
8297856 85
8294400 1739
8268750 13
8266860 111
8257536 90
8232000 295
8201250 17
8192000 96
8168202 3
8164800 2364
8128512 447
8103375 4
8100000 342
8067360 22
8064000 1958
8037225 11
8028160 68
8001504 218
8000000 64
7971615 4
7962624 218
7938000 842
7902720 496
7875000 41
7873200 366
7864320 55
7840000 207
7838208 614
7779240 118
7776000 2093
7741440 1241
7717500 47
7715736 90
7683200 54
7680000 440
7654500 205
7620480 1619
7593750 1
7563150 9
7560000 1301
7558272 160
7526400 686
7501410 43
7500000 13
7464960 1333
7441875 6
7440174 8
7408800 668
7381125 3
7375872 35
7372800 603
7350000 102
7348320 831
7340032 4
7290000 414
7260624 27
7257600 3527
7225344 140
7203000 41
7200000 489
7168000 270
7144200 616
7112448 299
7087500 66
7085880 72
7077888 63
7056000 1291
7024640 67
7001316 33
7000000 37
6998400 1630
6967296 634
6945750 47
6914880 165
6912000 1802
6889050 57
6881280 212
6860000 58
6858432 410
6834375 1
6806835 1
6804000 1751
6773760 1397
6751269 5
6750000 62
6722800 14
6720000 839
6718464 340
6667920 454
6635520 901
6615000 278
6613488 133
6585600 421
6562500 4
6561000 225
6553600 44
6531840 2302
6482700 77
6480000 1346
6453888 9
6451200 1611
6431250 5
6429780 162
6422528 4
6400000 121
6378750 35
6377292 7
6353046 2
6350400 2032
6322176 141
6300000 336
6298560 563
6291456 3
6272000 322
6251175 9
6250000 2
6223392 106
6220800 2508
6200145 7
6193152 228
6174000 296
6146560 40
6144000 471
6125000 7
6123600 1055
6096384 583
6075000 86
6050520 27
6048000 2714
6021120 375
6002500 2
6001128 89
6000000 100
5971968 350
5953500 258
5927040 687
5906250 3
5904900 81
5898240 195
5882450 1
5880000 423
5878656 498
5834430 28
5832000 1411
5806080 2169
5788125 10
5786802 19
5762400 115
5760000 1026
5740875 8
5734400 180
5715360 1133
5670000 681
5668704 71
5644800 1642
5625000 10
5619712 20
5600000 178
5598720 1328
5556600 383
5531904 57
5529600 1453
5512500 39
5511240 347
5505024 44
5488000 148
5467500 55
5445468 8
5443200 3223
5419008 345
5402250 12
5400000 436
5378240 10
5376000 1066
5358150 89
5334336 296
5315625 3
5314410 7
5308416 178
5292000 1185
5268480 254
5250987 2
5250000 59
5248800 760
5242880 13
5225472 820
5186160 160
5184000 2416
5160960 782
5145000 73
5143824 188
5120000 137
5103000 628
5080320 1837
5062500 12
5042100 7
5040000 1233
5038848 255
5017600 241
5000940 138
5000000 12
4976640 1368
4961250 29
4960116 34
4939200 646
4920750 25
4917248 13
4915200 275
4900000 73
4898880 1582
4862025 5
4860000 758
4840416 14
4838400 3192
4822335 12
4816896 62
4802000 29
4800000 314
4782969 1
4762800 1136
4741632 250
4725000 156
4723920 208
4718592 39
4704000 819
4687500 1
4667544 36
4665600 2228
4644864 527
4630500 136
4609920 108
4608000 1296
4593750 1
4592700 249
4587520 53
4572288 605
4556250 8
4537890 6
4536000 2422
4515840 917
4500846 18
4500000 110
4480000 284
4478976 420
4465125 11
4445280 607
4428675 2
4423680 617
4410000 362
4408992 270
4390400 140
4375000 2
4374000 582
4354560 2783
4321800 93
4320000 1356
4302592 3
4300800 788
4287500 4
4286520 407
4252500 166
4251528 23
4235364 2
4233600 2168
4214784 62
4201750 2
4200000 297
4199040 939
4194304 3
4167450 69
4148928 102
4147200 2469
4134375 1
4133430 50
4128768 129
4116000 260
4100625 1
4096000 111
4082400 1934
4064256 656
4050000 219
4033680 23
4032000 2165
4014080 93
4000752 170
4000000 47
3981312 341
3969000 494
3951360 538
3937500 20
3936600 212
3932160 95
3920000 179
3919104 758
3889620 70
3888000 2109
3870720 1725
3858750 13
3857868 58
3841600 43
3840000 548
3827250 79
3810240 1681
3781575 1
3780000 988
3779136 166
3763200 783
3750705 14
3750000 8
3732480 1705
3720087 1
3704400 513
3687936 27
3686400 927
3675000 61
3674160 711
3670016 12
3645000 228
3630312 17
3628800 3780
3612672 232
3601500 20
3600000 470
3584000 326
3572100 319
3556224 353
3543750 20
3542940 34
3538944 122
3529470 2
3528000 1089
3512320 89
3500658 12
3500000 34
3499200 1498
3483648 799
3472875 2
3457440 148
3456000 2188
3444525 8
3440640 305
3430000 31
3429216 369
3402000 1222
3386880 1634
3375000 34
3361400 9
3360000 791
3359232 398
3333960 321
3317760 1233
3307500 104
3306744 82
3292800 414
3281250 1
3280500 89
3276800 79
3265920 2400
3241350 24
3240000 1116
3226944 6
3225600 2081
3215625 3
3214890 79
3211264 24
3200000 124
3189375 9
3188646 4
3176523 3
3175200 1681
3161088 173
3150000 210
3149280 433
3145728 14
3136000 304
3125000 1
3111696 79
3110400 2844
3096576 372
3087000 200
3073280 40
3072000 616
3062500 3
3061800 665
3048192 718
3037500 40
3025260 16
3024000 2668
3010560 432
3001250 1
3000564 57
3000000 90
2985984 488
2976750 81
2963520 685
2953125 1
2952450 30
2949120 369
2940000 320
2939328 434
2917215 8
2916000 1122
2903040 2610
2893401 5
2881200 59
2880000 1144
2867200 220
2857680 846
2835000 403
2834352 70
2823576 1
2822400 1660
2812500 2
2809856 12
2800000 160
2799360 1500
2778300 210
2765952 71
2764800 1838
2756250 11
2755620 176
2752512 62
2744000 126
2733750 14
2722734 6
2721600 2989
2709504 479
2700000 318
2689120 7
2688000 1183
2679075 22
2667168 260
2654208 240
2646000 817
2634240 305
2625000 25
2624400 572
2621440 14
2612736 906
2593080 91
2592000 2491
2580480 1047
2572500 33
2571912 131
2560000 179
2551500 247
2540160 1914
2531250 2
2521050 3
2520000 970
2519424 269
2508800 289
2500470 75
2500000 8
2488320 1841
2480625 9
2480058 13
2469600 529
2460375 4
2458624 14
2457600 400
2450000 37
2449440 1273
2430000 508
2420208 17
2419200 3403
2408448 101
2401000 14
2400000 271
2381400 681
2370816 308
2362500 59
2361960 132
2359296 61
2352000 756
2333772 27
2332800 2314
2322432 750
2315250 35
2304960 92
2304000 1460
2296350 87
2293760 76
2286144 578
2278125 1
2268945 3
2268000 1863
2257920 1079
2250423 1
2250000 57
2240000 314
2239488 534
2222640 497
2211840 817
2205000 178
2204496 204
2195200 172
2187500 1
2187000 339
2177280 2829
2160900 51
2160000 1192
2151296 6
2150400 990
2143750 1
2143260 239
2126250 60
2125764 8
2117682 3
2116800 1906
2109375 1
2107392 92
2100000 200
2099520 860
2097152 1
2083725 14
2074464 81
2073600 2710
2066715 12
2064384 211
2058000 171
2048000 170
2041200 1373
2032128 721
2025000 137
2016840 9
2016000 2086
2007040 106
2000376 93
2000000 41
1990656 470
1984500 274
1975680 554
1968750 5
1968300 80
1966080 135
1960000 148
1959552 792
1944810 26
1944000 1721
1935360 2220
1929375 1
1928934 22
1920800 46
1920000 576
1913625 11
1905120 1258
1890000 638
1889568 133
1882384 2
1881600 880
1875000 4
1866240 1881
1852200 343
1843968 38
1843200 1118
1837500 20
1837080 451
1835008 14
1822500 82
1815156 9
1814400 3473
1806336 312
1800750 11
1800000 303
1792000 408
1786050 113
1778112 289
1771875 4
1771470 19
1769472 177
1764000 875
1756160 79
1750329 3
1750000 12
1749600 1161
1741824 999
1728720 115
1728000 2154
1720320 428
1715000 25
1714608 288
1701000 683
1693440 1756
1687500 14
1680700 2
1680000 686
1679616 428
1666980 179
1658880 1625
1653750 40
1653372 38
1646400 350
1640250 29
1638400 89
1632960 2078
1620675 8
1620000 742
1613472 7
1612800 2353
1607445 12
1605632 22
1600000 111
1594323 1
1587600 1157
1580544 215
1575000 97
1574640 333
1572864 26
1568000 261
1562500 1
1555848 41
1555200 2765
1548288 510
1543500 97
1536640 41
1536000 700
1531250 2
1530900 325
1524096 711
1518750 11
1512630 7
1512000 2183
1505280 519
1500282 20
1500000 53
1492992 569
1488375 7
1481760 539
1476225 4
1474560 480
1470000 218
1469664 397
1458000 713
1451520 2869
1440600 39
1440000 1044
1433600 276
1428840 575
1417500 182
1417176 40
1411200 1555
1404928 21
1400000 94
1399680 1488
1389150 57
1382976 54
1382400 2162
1378125 2
1377810 55
1376256 88
1372000 83
1366875 1
1361367 1
1360800 2254
1354752 576
1350000 198
1344560 4
1344000 1208
1333584 183
1327104 360
1323000 493
1317120 320
1312500 8
1312200 300
1310720 31
1306368 906
1296540 52
1296000 2091
1290240 1232
1286250 9
1285956 66
1280000 191
1275750 94
1270080 1667
1260525 2
1260000 678
1259712 262
1254400 296
1250235 10
1250000 4
1244160 2002
1240029 1
1234800 359
1229312 7
1228800 484
1225000 21
1224720 912
1215000 278
1210104 10
1209600 3215
1204224 130
1200500 1
1200000 234
1190700 317
1185408 270
1181250 22
1180980 75
1179648 88
1176000 600
1166886 13
1166400 1835
1161216 891
1157625 8
1152480 84
1152000 1556
1148175 8
1146880 117
1143072 446
1134000 1163
1128960 1155
1125000 24
1120000 258
1119744 533
1111320 285
1105920 1115
1102500 98
1102248 138
1097600 117
1093750 1
1093500 157
1088640 2657
1080450 12
1080000 885
1075648 3
1075200 1095
1071630 70
1063125 8
1062882 5
1058400 1425
1053696 92
1050000 108
1049760 685
1048576 4
1037232 73
1036800 2755
1032192 291
1029000 99
1024000 171
1020600 802
1016064 702
1012500 31
1008420 6
1008000 1870
1003520 139
1000188 57
1000000 28
995328 598
992250 77
987840 473
984150 29
983040 166
980000 90
979776 647
972405 4
972000 1220
967680 2265
964467 8
960400 23
960000 552
952560 883
945000 293
944784 94
941192 1
940800 841
937500 1
933120 1805
926100 131
921984 34
921600 1368
918750 8
918540 197
917504 18
911250 29
907578 3
907200 2792
903168 355
900000 199
896000 355
893025 16
889056 232
885735 2
884736 226
882000 560
878080 82
875000 9
874800 703
870912 970
864360 69
864000 1971
860160 535
857500 10
857304 153
850500 320
846720 1490
840350 1
840000 505
839808 416
833490 58
829440 1762
826875 7
826686 12
823200 259
820125 3
819200 122
816480 1528
810000 429
806736 6
806400 2283
802816 24
800000 84
793800 640
790272 224
787500 50
787320 177
786432 26
784000 228
781250 1
777924 16
777600 2458
774144 617
771750 30
768320 30
768000 744
765450 98
762048 606
756315 2
756000 1478
752640 547
750141 2
750000 28
746496 631
740880 373
737280 582
735000 113
734832 278
729000 358
725760 2672
720300 17
720000 827
716800 293
714420 242
708750 32
708588 24
705600 1213
702464 18
700000 69
699840 1083
694575 14
691488 38
691200 2242
688905 12
688128 113
686000 47
680400 1451
677376 630
675000 80
672280 7
672000 1066
666792 98
663552 467
661500 176
658560 259
656250 1
656100 139
655360 38
653184 857
648270 18
648000 1586
645120 1399
643125 1
642978 26
640000 172
637875 15
635040 1253
630000 418
629856 168
627200 236
625000 3
622080 1944
617400 208
614656 8
614400 569
612500 7
612360 528
607500 80
605052 2
604800 2816
602112 150
600250 1
600000 156
595350 100
592704 233
590625 1
590490 15
589824 132
588000 422
583443 4
583200 1164
580608 968
576240 48
576000 1456
573440 124
571536 337
567000 608
564480 1145
562500 11
560000 203
559872 564
555660 149
552960 1375
551250 23
551124 47
548800 117
546750 41
544320 2066
540225 4
540000 629
537824 1
537600 1153
535815 9
529200 866
526848 87
525000 53
524880 408
524288 7
518616 33
518400 2459
516096 368
514500 43
512000 181
510300 329
508032 591
506250 5
504210 3
504000 1360
501760 153
500094 19
500000 20
497664 676
496125 18
493920 350
492075 4
491520 236
490000 64
489888 466
486000 664
483840 2248
480200 21
480000 480
476280 502
472500 115
472392 50
470596 1
470400 713
466560 1542
463050 49
460992 36
460800 1377
459375 1
459270 55
458752 26
455625 4
453789 2
453600 1971
451584 359
450000 149
448000 311
444528 152
442368 285
441000 284
439040 93
437500 3
437400 381
435456 984
432180 27
432000 1599
430080 566
428750 5
428652 82
425250 83
423360 1201
421875 2
420000 312
419904 310
416745 13
414720 1865
413343 2
411600 148
409600 128
408240 958
405000 209
403368 2
403200 2059
401408 43
400000 71
396900 280
395136 180
393750 7
393660 77
393216 38
392000 181
388962 13
388800 1750
387072 676
385875 7
384160 25
384000 675
382725 16
381024 444
378000 914
376320 532
375000 13
373248 612
370440 188
368640 673
367500 32
367416 151
364500 139
362880 2251
360150 11
360000 558
358400 312
357210 83
354375 6
354294 6
352800 777
351232 24
350000 37
349920 750
345744 32
345600 2163
344064 136
343000 31
340200 729
338688 547
337500 21
336140 4
336000 791
333396 49
331776 502
330750 71
329280 214
328050 39
327680 52
326592 685
324135 7
324000 1011
322560 1366
321489 1
320000 169
317520 714
315000 194
314928 127
313600 245
311040 1796
308700 68
307328 7
307200 617
306250 1
306180 218
303750 22
302400 1989
301056 142
300000 99
297675 18
296352 145
295245 2
294912 160
294000 227
291600 745
290304 852
288120 26
288000 1132
286720 142
285768 139
283500 243
282240 926
281250 4
280000 147
279936 443
277830 40
276480 1346
275625 4
275562 14
274400 57
273375 8
272160 1413
270000 336
268912 2
268800 988
264600 422
263424 76
262500 13
262440 229
262144 14
259308 14
259200 1999
258048 348
257250 4
256000 188
255150 82
254016 477
253125 1
252105 1
252000 848
250880 158
250047 5
250000 3
248832 611
246960 227
245760 279
245000 22
244944 331
243000 333
241920 1916
240100 3
240000 316
238140 228
236250 31
236196 27
235200 514
233280 1193
231525 9
230496 22
230400 1326
229635 15
229376 28
226800 1157
225792 345
225000 60
224000 271
222264 75
221184 342
220500 104
219520 56
218700 143
217728 766
216090 10
216000 1077
215040 555
214375 1
214326 16
212625 8
211680 818
210000 175
209952 212
207360 1703
205800 80
204800 149
204120 483
202500 77
201600 1467
200704 46
200000 48
198450 93
197568 146
196875 1
196830 22
196608 61
196000 87
194400 1145
193536 644
192080 15
192000 606
190512 269
189000 380
188160 464
187500 4
186624 567
185220 85
184320 717
183750 13
183708 76
182250 46
181440 1699
180075 3
180000 326
179200 294
178605 16
176400 465
175616 21
175000 13
174960 423
172872 12
172800 1753
172032 162
171500 10
170100 290
169344 435
168750 7
168000 574
166698 16
165888 509
165375 3
164640 130
164025 3
163840 49
163296 490
162000 535
161280 1196
160000 119
158760 395
157500 78
157464 64
156800 169
155520 1360
154350 20
153664 10
153600 592
153125 1
153090 64
151875 4
151200 1301
150528 160
150000 46
148176 101
147456 187
147000 141
145800 321
145152 789
144060 9
144000 885
143360 151
142884 66
141750 62
141120 646
140000 89
139968 353
138915 12
138240 1227
137781 2
137200 44
136080 803
135000 132
134456 2
134400 749
132300 173
131712 72
131250 3
131220 76
131072 12
129654 5
129600 1352
129024 374
128625 2
128000 168
127575 9
127008 295
126000 434
125440 132
125000 3
124416 565
123480 103
122880 269
122500 9
122472 161
121500 102
120960 1459
120050 1
120000 214
119070 55
118125 6
118098 14
117600 343
116640 741
115248 10
115200 1140
114688 30
113400 506
112896 285
112500 18
112000 209
111132 41
110592 343
110250 38
109760 55
109350 39
108864 569
108045 2
108000 679
107520 568
107163 5
105840 429
105000 78
104976 103
103680 1444
102900 20
102400 143
102060 190
101250 14
100800 1080
100352 33
100000 20
99225 6
98784 89
98415 2
98304 60
98000 56
97200 608
96768 519
96040 4
96000 434
95256 151
94500 132
94080 356
93750 1
93312 427
92610 24
92160 694
91854 22
91125 2
90720 1054
90000 167
89600 206
88200 209
87808 20
87500 6
87480 217
86436 14
86400 1293
86016 135
85750 3
85050 84
84672 303
84375 1
84000 293
83349 3
82944 439
82320 74
81920 49
81648 249
81000 270
80640 988
80000 83
79380 171
78750 20
78732 21
78400 105
77760 949
77175 1
76832 5
76800 496
76545 7
75600 708
75264 132
75000 17
74088 57
73728 172
73500 45
72900 124
72576 599
72030 3
72000 555
71680 130
71442 20
70875 10
70560 409
70000 41
69984 211
69120 1060
68600 18
68040 373
67500 29
67200 542
66150 47
65856 61
65625 1
65610 27
65536 8
64827 1
64800 813
64512 318
64000 130
63504 165
63000 188
62720 106
62208 443
61740 53
61440 276
61250 1
61236 58
60750 19
60480 991
60000 130
59535 14
59049 1
58800 171
58320 387
57624 7
57600 800
57344 34
56700 204
56448 190
56250 3
56000 118
55566 11
55296 335
55125 4
54880 27
54675 3
54432 348
54000 324
53760 448
52920 226
52500 19
52488 42
51840 981
51450 8
51200 117
51030 49
50625 1
50400 593
50176 33
50000 10
49392 49
49152 68
49000 20
48600 268
48384 446
48020 3
48000 316
47628 59
47250 49
47040 198
46656 332
46305 2
46080 632
45927 6
45360 541
45000 63
44800 169
44100 70
43904 7
43750 1
43740 62
43218 5
43200 758
43008 119
42525 7
42336 206
42000 178
41472 376
41160 39
40960 46
40824 123
40500 94
40320 695
40000 40
39690 40
39375 5
39366 8
39200 57
38880 561
38416 2
38400 401
37800 320
37632 99
37500 4
37044 15
36864 183
36750 8
36450 27
36288 380
36000 318
35840 115
35721 2
35280 235
35000 14
34992 129
34560 800
34300 1
34020 122
33750 8
33600 346
33075 3
32928 28
32805 6
32768 15
32400 415
32256 292
32000 94
31752 92
31500 72
31360 64
31104 324
30870 10
30720 232
30618 17
30375 3
30240 575
30000 53
29400 63
29160 153
28812 3
28800 607
28672 26
28350 58
28224 149
28000 62
27783 4
27648 276
27440 22
27216 193
27000 133
26880 299
26460 96
26250 7
26244 18
25920 619
25725 1
25600 86
25515 2
25200 312
25088 19
25000 7
24696 16
24576 50
24500 9
24300 92
24192 315
24000 183
23814 16
23625 4
23520 118
23328 175
23040 472
22680 259
22500 19
22400 92
22050 18
21952 10
21870 16
21600 435
21504 110
21168 95
21000 67
20736 325
20580 16
20480 56
20412 51
20250 20
20160 438
20000 19
19845 5
19683 1
19600 34
19440 296
19208 1
19200 272
18900 109
18816 53
18750 2
18522 6
18432 146
18375 3
18225 1
18144 201
18000 119
17920 88
17640 81
17500 5
17496 47
17280 501
17010 31
16800 180
16464 15
16384 11
16200 148
16128 201
16000 47
15876 20
15750 14
15680 32
15552 209
15360 186
15120 303
15000 20
14700 27
14580 57
14406 1
14400 337
14336 34
14175 5
14112 78
14000 32
13824 230
13720 11
13608 74
13500 46
13440 235
13230 21
13122 3
12960 331
12800 61
12600 123
12544 14
12500 1
12348 9
12288 40
12250 1
12150 36
12096 198
12005 1
12000 99
11907 3
11760 62
11664 94
11520 342
11340 84
11250 7
11200 55
11025 5
10976 4
10935 3
10800 203
10752 74
10584 48
10500 25
10368 187
10290 3
10240 41
10206 8
10125 2
10080 239
10000 13
9800 10
9720 109
9604 1
9600 176
9450 22
9408 44
9261 1
9216 89
9072 97
9000 59
8960 69
8820 29
8750 4
8748 18
8640 341
8505 5
8400 106
8232 9
8192 9
8100 45
8064 127
8000 32
7938 6
7840 19
7776 127
7680 127
7560 115
7500 3
7350 12
7290 13
7200 154
7168 21
7056 42
7000 13
6912 181
6860 3
6804 26
6750 11
6720 146
6615 1
6480 166
6400 53
6300 47
6272 11
6250 1
6174 5
6144 41
6125 1
6075 2
6048 117
6000 27
5880 22
5832 43
5760 218
5670 26
5600 34
5488 2
5400 79
5376 50
5292 18
5250 3
5184 127
5120 31
5103 2
5040 103
5000 8
4900 4
4860 36
4800 82
4725 3
4704 19
4608 99
4536 40
4500 18
4480 37
4410 4
4374 3
4320 158
4200 32
4096 12
4050 14
4032 96
4000 17
3969 1
3920 12
3888 51
3840 80
3780 36
3750 3
3675 1
3600 93
3584 11
3528 15
3500 3
3456 89
3430 1
3402 8
3375 2
3360 69
3240 45
3200 30
3150 10
3136 11
3087 1
3072 28
3024 59
3000 18
2940 9
2916 11
2880 98
2835 3
2800 7
2744 2
2700 17
2688 36
2646 3
2592 62
2560 16
2520 38
2500 2
2450 1
2430 8
2400 49
2352 8
2304 59
2268 9
2250 1
2240 21
2160 67
2100 21
2048 8
2025 1
2016 38
2000 8
1960 3
1944 30
1920 65
1890 8
1800 26
1792 10
1764 5
1728 45
1680 31
1620 23
1600 18
1575 1
1568 5
1536 18
1512 19
1500 7
1458 1
1440 51
1400 2
1372 1
1344 15
1296 20
1280 23
1260 14
1215 3
1200 25
1176 1
1152 32
1134 4
1120 15
1080 26
1050 2
1029 1
1024 4
1008 24
1000 2
972 5
960 34
945 1
900 3
896 4
864 22
840 8
810 3
800 8
784 1
768 14
756 5
750 1
720 19
700 3
675 2
672 6
648 14
640 6
630 1
600 7
588 4
576 21
567 1
560 1
540 6
512 3
504 5
500 2
486 1
480 16
450 2
448 2
432 11
400 3
392 1
384 4
378 1
360 11
336 5
324 1
320 4
315 2
300 2
288 6
280 2
270 1
256 3
243 1
240 7
225 1
224 2
216 8
200 1
192 1
189 1
180 1
168 3
144 4
140 1
135 1
120 1
112 1
108 2
96 2
90 1
36 1
24 1
10 1
