3064 1
3051 1
3045 1
3037 2
3034 1
3030 1
3027 1
3023 1
3019 1
3018 3
3017 2
3016 3
3014 2
3013 2
3012 1
3010 3
3009 1
3008 3
3007 1
3006 7
3005 6
3004 1
3003 2
3002 3
3001 3
3000 1
2999 2
2998 2
2997 2
2996 6
2995 2
2994 3
2993 8
2992 12
2991 7
2990 3
2989 9
2988 6
2987 9
2986 3
2985 5
2984 2
2983 8
2982 8
2981 9
2980 14
2979 13
2978 11
2977 12
2976 5
2975 10
2974 15
2973 18
2972 17
2971 16
2970 22
2969 21
2968 16
2967 21
2966 25
2965 24
2964 31
2963 26
2962 30
2961 27
2960 21
2959 24
2958 31
2957 34
2956 30
2955 37
2954 38
2953 32
2952 38
2951 47
2950 44
2949 47
2948 69
2947 64
2946 58
2945 51
2944 67
2943 62
2942 59
2941 94
2940 84
2939 80
2938 93
2937 92
2936 99
2935 96
2934 119
2933 105
2932 105
2931 109
2930 104
2929 142
2928 139
2927 168
2926 145
2925 158
2924 140
2923 167
2922 171
2921 193
2920 182
2919 196
2918 207
2917 199
2916 228
2915 247
2914 220
2913 235
2912 219
2911 269
2910 271
2909 290
2908 307
2907 275
2906 346
2905 357
2904 373
2903 367
2902 352
2901 351
2900 427
2899 432
2898 459
2897 460
2896 439
2895 460
2894 489
2893 519
2892 510
2891 556
2890 564
2889 595
2888 631
2887 676
2886 653
2885 678
2884 728
2883 729
2882 781
2881 791
2880 773
2879 821
2878 782
2877 842
2876 922
2875 907
2874 946
2873 992
2872 1019
2871 1050
2870 1097
2869 1190
2868 1152
2867 1155
2866 1161
2865 1277
2864 1330
2863 1366
2862 1271
2861 1372
2860 1406
2859 1467
2858 1432
2857 1567
2856 1577
2855 1666
2854 1682
2853 1799
2852 1806
2851 1758
2850 1836
2849 1884
2848 1961
2847 1888
2846 1988
2845 2146
2844 2187
2843 2172
2842 2209
2841 2315
2840 2278
2839 2301
2838 2423
2837 2503
2836 2589
2835 2575
2834 2635
2833 2684
2832 2717
2831 2790
2830 2938
2829 2915
2828 2978
2827 2994
2826 3202
2825 3187
2824 3235
2823 3100
2822 3291
2821 3464
2820 3453
2819 3534
2818 3601
2817 3646
2816 3759
2815 3832
2814 3829
2813 3848
2812 3904
2811 3984
2810 4040
2809 4077
2808 4080
2807 4204
2806 4303
2805 4378
2804 4509
2803 4428
2802 4497
2801 4518
2800 4549
2799 4704
2798 4806
2797 4810
2796 4841
2795 4890
2794 4884
2793 5019
2792 5014
2791 5026
2790 5080
2789 5225
2788 5315
2787 5215
2786 5336
2785 5260
2784 5470
2783 5423
2782 5477
2781 5599
2780 5544
2779 5544
2778 5594
2777 5593
2776 5668
2775 5741
2774 5802
2773 5836
2772 5806
2771 6042
2770 5823
2769 6107
2768 5994
2767 5983
2766 6099
2765 6046
2764 6081
2763 6092
2762 6203
2761 6160
2760 6169
2759 6201
2758 6027
2757 6229
2756 6068
2755 6043
2754 6228
2753 6256
2752 6143
2751 6216
2750 6377
2749 6323
2748 6150
2747 6131
2746 6085
2745 6139
2744 6053
2743 6291
2742 6117
2741 6154
2740 6111
2739 6130
2738 5959
2737 6004
2736 6113
2735 5994
2734 6076
2733 5983
2732 5866
2731 5878
2730 5949
2729 5832
2728 5892
2727 5805
2726 5741
2725 5782
2724 5778
2723 5683
2722 5628
2721 5604
2720 5460
2719 5470
2718 5521
2717 5305
2716 5461
2715 5254
2714 5234
2713 5175
2712 5230
2711 5141
2710 5214
2709 5079
2708 4985
2707 4989
2706 4868
2705 4829
2704 4766
2703 4794
2702 4803
2701 4664
2700 4670
2699 4540
2698 4391
2697 4363
2696 4394
2695 4284
2694 4248
2693 4098
2692 4198
2691 4123
2690 3991
2689 3924
2688 3846
2687 3738
2686 3882
2685 3813
2684 3564
2683 3568
2682 3583
2681 3368
2680 3319
2679 3277
2678 3220
2677 3206
2676 3253
2675 3093
2674 3086
2673 3128
2672 3005
2671 2961
2670 2926
2669 2845
2668 2697
2667 2636
2666 2598
2665 2630
2664 2542
2663 2407
2662 2469
2661 2352
2660 2363
2659 2319
2658 2282
2657 2243
2656 2133
2655 2021
2654 2046
2653 2059
2652 1946
2651 1880
2650 1849
2649 1811
2648 1780
2647 1673
2646 1647
2645 1628
2644 1619
2643 1531
2642 1478
2641 1435
2640 1473
2639 1374
2638 1335
2637 1328
2636 1306
2635 1287
2634 1145
2633 1193
2632 1114
2631 1043
2630 1108
2629 1047
2628 998
2627 1033
2626 928
2625 975
2624 932
2623 923
2622 837
2621 853
2620 816
2619 803
2618 727
2617 733
2616 659
2615 660
2614 715
2613 634
2612 633
2611 575
2610 578
2609 593
2608 527
2607 571
2606 501
2605 505
2604 513
2603 459
2602 456
2601 422
2600 390
2599 404
2598 389
2597 353
2596 387
2595 347
2594 354
2593 313
2592 319
2591 321
2590 289
2589 257
2588 255
2587 277
2586 231
2585 232
2584 210
2583 221
2582 196
2581 205
2580 199
2579 188
2578 180
2577 156
2576 186
2575 167
2574 139
2573 111
2572 132
2571 117
2570 113
2569 119
2568 110
2567 101
2566 116
2565 90
2564 110
2563 86
2562 77
2561 89
2560 74
2559 61
2558 67
2557 85
2556 75
2555 62
2554 62
2553 57
2552 41
2551 62
2550 45
2549 39
2548 61
2547 39
2546 29
2545 40
2544 42
2543 29
2542 25
2541 28
2540 33
2539 17
2538 33
2537 23
2536 29
2535 23
2534 27
2533 21
2532 23
2531 21
2530 16
2529 21
2528 12
2527 14
2526 9
2525 13
2524 11
2523 9
2522 12
2521 10
2520 11
2519 12
2518 8
2517 11
2516 4
2515 9
2514 5
2513 7
2512 7
2511 7
2510 6
2509 8
2508 6
2507 2
2506 10
2505 5
2504 4
2503 2
2502 2
2501 2
2500 1
2499 3
2498 5
2497 1
2496 2
2495 2
2494 3
2492 1
2491 1
2490 1
2489 5
2487 2
2483 2
2482 1
2481 1
2480 1
2478 2
2476 1
2474 1
2465 1
2463 1
2456 1
2450 1
2443 1
2436 1
