4723920000 1
4251528000 1
4147200000 1
4133430000 1
4082400000 1
3779136000 2
3732480000 1
3686400000 2
3674160000 1
3401222400 1
3265920000 1
3240000000 1
3175200000 1
3149280000 1
3136000000 1
3061800000 2
3024000000 1
2976069600 1
2916000000 1
2857680000 1
2834352000 2
2822400000 1
2799360000 3
2721600000 2
2688000000 1
2678462640 1
2645395200 1
2624400000 1
2612736000 1
2592000000 2
2580480000 1
2571912000 2
2560000000 1
2550916800 1
2519424000 1
2488320000 2
2469600000 1
2449440000 3
2419200000 3
2381400000 3
2359296000 1
2351462400 2
2332800000 2
2322432000 2
2314720800 1
2304000000 3
2295825120 1
2268000000 5
2267481600 3
2257920000 1
2250423000 1
2239488000 3
2222640000 1
2211840000 1
2204496000 4
2195200000 2
2187000000 1
2177280000 2
2150400000 1
2143260000 3
2116800000 2
2116316160 2
2099520000 5
2090188800 1
2073600000 2
2066715000 1
2057529600 3
2041200000 7
2032128000 2
2016000000 4
2015539200 3
2000376000 4
1990656000 2
1984046400 2
1968300000 2
1960000000 1
1959552000 3
1944000000 1
1935360000 3
1928934000 3
1905120000 1
1904684544 1
1889568000 3
1866240000 6
1852200000 3
1851776640 1
1843200000 3
1837080000 10
1828915200 1
1814400000 6
1806336000 1
1800338400 2
1792000000 2
1791590400 3
1786050000 1
1778112000 3
1771470000 1
1764000000 1
1763596800 5
1749600000 4
1741824000 5
1728720000 2
1728000000 3
1721868840 1
1714608000 10
1701000000 3
1700611200 1
1693440000 1
1680000000 1
1679616000 5
1666980000 1
1658880000 5
1653372000 2
1646023680 1
1640250000 1
1632960000 17
1625702400 4
1620304560 1
1620000000 2
1612800000 8
1607445000 3
1605632000 1
1600300800 3
1587600000 9
1587237120 1
1580544000 1
1574640000 5
1568000000 1
1567641600 5
1555848000 3
1555200000 7
1548288000 3
1543500000 1
1543147200 4
1530900000 1
1524096000 10
1512000000 3
1511654400 3
1505280000 1
1492992000 4
1488034800 2
1481760000 1
1469664000 14
1463132160 2
1458274104 1
1458000000 2
1451520000 9
1445068800 1
1440270720 2
1434890700 1
1428840000 6
1422489600 2
1417500000 1
1417176000 2
1411200000 3
1410877440 1
1404928000 1
1400263200 1
1399680000 10
1393459200 5
1382976000 2
1382400000 5
1377810000 3
1371686400 10
1361367000 1
1360800000 14
1360488960 1
1354752000 10
1350253800 1
1344000000 3
1343692800 6
1333584000 7
1327104000 5
1323000000 1
1322697600 9
1317120000 1
1316818944 1
1312200000 5
1306368000 18
1296540000 1
1296000000 6
1290240000 5
1285956000 10
1280240640 4
1275750000 3
1275458400 1
1274019840 1
1270080000 14
1269789696 1
1260236880 3
1260000000 4
1259712000 9
1254113280 2
1250235000 1
1249949232 1
1244678400 2
1244160000 10
1240029000 2
1238630400 1
1234800000 3
1234517760 3
1229312000 1
1225230300 2
1224720000 23
1219276800 9
1215228420 2
1215000000 1
1209600000 9
1209323520 4
1204224000 2
1200225600 4
1194393600 1
1190700000 2
1185408000 4
1180980000 1
1179648000 1
1176000000 1
1175731200 10
1166886000 1
1166400000 9
1161216000 17
1157360400 4
1156055040 1
1152000000 4
1147912560 1
1146880000 2
1143072000 26
1137991680 2
1134000000 8
1133740800 5
1128960000 9
1128701952 1
1125211500 1
1120210560 1
1120000000 2
1119744000 17
1116026100 1
1114767360 2
1111320000 10
1111065984 2
1106380800 2
1105920000 9
1102500000 3
1102248000 8
1097600000 1
1097349120 6
1093500000 1
1089093600 2
1088640000 30
1083801600 6
1080450000 1
1080203040 2
1080000000 6
1075200000 4
1074954240 3
1071630000 5
1066867200 8
1062882000 2
1058400000 6
1058158080 5
1053696000 1
1050000000 1
1049760000 9
1045094400 23
1041624360 2
1037232000 1
1036800000 16
1033357500 1
1032192000 6
1028764800 16
1024192512 1
1024000000 1
1020600000 14
1020366720 3
1016064000 16
1012690350 1
1011548160 1
1008000000 11
1007769600 7
1000188000 10
995742720 5
995328000 11
992023200 10
987840000 10
987614208 2
983040000 1
980000000 1
979776000 31
975421440 5
972405000 1
972000000 8
967680000 14
964467000 2
963379200 2
960400000 1
960180480 4
960000000 3
955514880 2
952560000 21
952342272 2
948326400 6
945000000 1
944784000 6
940800000 8
940584960 8
933508800 4
933120000 22
930021750 1
928972800 13
926100000 2
925888320 4
921984000 2
921600000 9
918540000 16
918330048 1
914457600 23
907200000 23
906992640 3
903168000 11
900169200 8
896000000 5
895795200 10
893025000 2
892820880 2
889056000 12
885735000 1
884736000 3
882000000 5
881798400 28
878080000 6
877879296 4
875164500 3
875000000 1
874800000 16
870912000 47
868020300 2
867041280 3
864360000 4
864162432 1
864000000 8
860160000 7
857500000 1
857304000 24
853493760 6
850500000 10
850305600 8
846720000 23
846526464 2
842956800 4
840157920 1
840000000 4
839808000 24
836075520 4
833490000 3
833299488 1
829440000 21
826686000 16
825753600 2
823200000 5
823011840 8
820125000 1
819200000 2
816820200 1
816480000 52
812851200 16
810000000 4
806400000 23
806215680 5
803722500 1
803538792 1
802816000 3
800150400 23
796594176 1
796262400 5
793800000 14
793618560 8
790272000 13
787320000 11
784000000 4
783820800 54
781218270 1
780337152 2
777924000 7
777600000 14
774144000 29
771750000 2
771573600 14
768320000 1
768000000 5
765450000 7
765275040 2
762365520 1
762048000 51
758661120 4
756315000 1
756000000 17
755827200 17
754974720 1
752640000 8
752467968 1
750141000 6
746807040 3
746496000 24
744017400 5
743178240 1
740880000 11
740710656 3
737587200 5
737280000 8
735000000 1
734832000 43
731566080 15
729000000 6
725760000 71
725594112 2
723350250 1
722534400 8
720135360 8
720000000 4
716800000 6
716636160 3
714420000 25
711244800 16
708750000 1
708588000 7
708083712 2
707788800 2
705600000 28
705438720 19
703096443 1
702464000 1
700131600 6
700000000 1
699840000 45
697019904 1
696729600 24
694575000 2
694416240 3
691488000 15
691200000 20
688905000 14
688414720 1
688128000 5
686000000 3
685843200 30
682795008 1
680400000 39
680244480 7
677658240 1
677376000 44
675126900 4
674365440 2
672126336 3
672000000 4
671846400 28
668860416 2
666792000 29
663828480 2
663552000 23
661500000 3
661348800 28
660602880 1
658560000 6
658409472 3
656100000 8
655360000 1
653456160 3
653184000 111
650280960 10
648270000 3
648121824 4
648000000 18
645120000 30
642978000 21
642252800 1
640120320 19
640000000 2
637875000 1
637729200 4
637009920 5
635040000 41
634894848 3
632217600 8
630118440 2
630000000 7
629856000 36
627200000 7
627056640 16
625117500 1
622339200 13
622080000 51
619315200 14
617400000 8
617258880 18
614656000 3
614400000 6
612360000 45
612220032 2
609638400 56
607614210 1
607500000 3
605052000 1
604800000 49
604661760 13
602112000 6
600250000 1
600112800 19
600000000 2
597871125 1
597445632 1
597196800 30
595350000 9
595213920 8
592704000 31
590490000 9
589824000 7
588000000 6
587865600 58
585252864 4
583443000 7
583200000 29
580849920 1
580608000 87
578680200 11
578027520 4
576240000 3
576108288 1
576000000 13
574087500 1
573440000 4
573308928 2
571536000 74
568995840 9
567000000 13
566870400 16
564480000 55
564350976 9
562605750 1
561971200 1
560105280 9
560000000 3
559872000 48
558013050 1
557383680 16
555660000 19
553190400 8
552960000 24
551250000 1
551124000 49
550502400 6
548800000 8
548674560 43
546750000 4
544546800 3
544320000 101
544195584 3
541900800 22
540225000 1
540101520 6
540000000 10
537824000 3
537600000 27
537477120 12
535815000 13
535692528 1
533433600 39
531441000 1
531062784 1
530841600 12
529200000 32
529079040 19
526848000 9
525098700 1
525000000 1
524880000 47
524288000 1
522547200 83
520812180 3
520224768 4
518616000 7
518400000 47
516678750 1
516311040 1
516096000 32
514382400 56
512096256 2
510300000 38
510183360 3
508243680 1
508032000 97
505774080 6
504094752 3
504000000 27
503884800 40
501760000 18
501645312 5
500094000 26
497871360 5
497664000 52
496125000 1
496011600 19
495452160 3
493920000 16
493807104 6
492075000 3
491724800 2
491520000 10
490092120 4
490000000 2
489888000 119
487710720 29
486202500 2
486091368 3
486000000 10
484041600 6
483840000 113
483729408 3
482233500 10
481689600 12
480200000 1
480090240 26
480000000 5
477757440 8
476280000 75
476171136 8
474163200 27
472588830 1
472500000 3
472392000 34
471859200 1
470400000 21
470292480 44
466754400 14
466560000 87
464486400 38
463050000 7
462944160 22
462422016 1
460992000 6
460800000 23
459270000 22
458752000 3
457228800 86
455625000 1
455196672 1
453789000 1
453600000 95
453496320 12
451584000 55
450084600 18
450000000 2
448084224 2
448000000 5
447897600 48
446512500 3
446410440 4
445906944 3
444528000 55
442552320 6
442368000 34
441000000 8
440899200 92
440401920 1
439040000 7
438939648 5
437582250 4
437500000 1
437400000 34
435637440 2
435456000 167
434010150 1
433520640 10
432180000 6
432081216 5
432000000 42
430467210 1
430259200 1
430080000 25
429981696 2
428652000 68
426746880 23
425250000 11
425152800 11
424673280 9
423536400 1
423360000 101
423263232 5
421478400 13
420078960 8
420000000 6
419904000 96
418037760 41
416745000 14
416649744 4
414892800 24
414720000 88
413343000 17
412876800 12
411600000 6
411505920 61
409600000 5
408410100 1
408240000 130
408146688 3
406425600 80
405076140 3
405000000 6
403368000 3
403200000 67
403107840 22
401861250 3
401408000 8
400075200 53
398297088 2
398131200 36
396900000 37
396809280 28
395136000 40
393750000 1
393660000 27
393379840 1
393216000 6
392073696 1
392000000 7
391910400 149
390609135 1
390168576 2
388962000 9
388800000 84
387233280 7
387072000 102
385875000 1
385786800 43
385351680 3
384160000 1
384072192 5
384000000 10
382725000 13
382637520 1
381182760 1
381024000 155
379330560 16
378071064 1
378000000 40
377913600 44
376320000 43
376233984 18
375070500 14
373403520 21
373248000 126
372008700 4
371589120 15
370440000 42
370355328 7
368793600 10
368640000 29
367569090 4
367500000 1
367416000 115
367001600 1
365783040 75
364568526 1
364500000 7
363031200 5
362880000 182
362797056 5
361267200 37
360150000 1
360067680 35
360000000 15
358400000 17
358318080 26
357210000 55
357128352 3
355622400 75
354294000 8
354041856 1
353894400 9
352800000 72
352719360 60
351232000 7
350065800 10
350000000 2
349920000 111
348509952 1
348364800 136
347287500 3
347208120 10
346816512 2
345744000 21
345600000 70
344452500 3
344207360 1
344064000 23
343000000 3
342921600 156
341397504 9
340341750 1
340200000 87
340122240 14
339738624 1
338688000 134
337563450 4
337500000 1
337182720 7
336140000 2
336063168 3
336000000 22
335923200 96
334430208 8
333396000 72
331914240 17
331776000 83
330750000 11
330674400 59
330301440 5
329280000 28
329204736 15
328050000 9
327680000 4
326728080 5
326592000 272
325140480 51
324135000 3
324060912 6
324000000 49
322694400 4
322560000 101
322486272 12
321489000 44
321126400 6
320060160 52
320000000 3
318937500 5
318864600 5
318504960 11
317520000 148
317447424 8
316108800 45
315059220 1
315000000 11
314928000 84
313600000 12
313528320 88
312558750 2
312487308 2
311169600 30
311040000 163
310007250 1
309786624 3
309657600 65
308700000 12
308629440 66
307328000 14
307200000 21
306180000 90
306110016 4
304819200 170
303807105 1
303750000 6
303464448 1
302526000 8
302400000 121
302330880 36
301056000 37
300125000 1
300056400 60
300000000 4
298722816 2
298598400 79
297675000 29
297606960 11
297271296 3
296352000 96
295245000 8
295034880 4
294912000 24
294055272 3
294000000 13
293932800 193
293601280 1
292626432 18
291721500 5
291600000 55
290424960 10
290304000 252
289340100 10
289013760 15
288120000 14
288054144 18
288000000 37
287043750 2
286978140 1
286720000 15
286654464 4
285768000 174
284497920 49
283500000 22
283435200 40
283115520 4
282357600 2
282240000 120
282175488 20
281302875 1
280985600 4
280052640 24
280000000 7
279936000 181
279006525 1
278691840 62
277830000 31
277766496 12
276595200 33
276480000 95
275562000 49
275251200 12
274400000 9
274337280 101
273375000 4
272273400 7
272160000 250
272097792 8
270950400 104
270050760 22
270000000 17
268912000 6
268800000 56
268738560 40
267907500 9
267846264 1
266716800 100
265720500 4
265531392 3
265420800 41
264600000 86
264539520 71
263424000 32
262549350 1
262500000 2
262440000 73
262144000 3
261382464 3
261273600 281
260406090 2
260112384 9
259308000 36
259200000 134
258155520 6
258048000 113
257250000 2
257191200 105
256901120 2
256048128 24
256000000 4
255150000 45
255091680 12
254803968 3
254121840 2
254016000 299
252887040 34
252047376 6
252000000 51
251942400 99
250880000 25
250822656 16
250047000 48
248935680 33
248832000 175
248062500 3
248005800 27
247726080 18
246960000 71
246903552 26
246037500 2
245862400 8
245760000 21
245046060 7
245000000 4
244944000 307
243855360 109
243045684 2
243000000 37
242020800 6
241920000 236
241864704 10
241116750 4
240844800 27
240100000 4
240045120 72
240000000 11
239148450 1
238878720 25
238140000 129
238085568 16
237081600 121
236250000 7
236196000 58
236027904 1
235929600 11
235200000 66
235146240 129
233377200 28
233280000 192
232339968 2
232243200 201
231525000 8
231472080 32
231211008 2
230496000 25
230400000 67
229635000 30
229582512 2
229376000 12
228614400 284
227598336 18
226894500 4
226800000 153
226748160 41
226492416 1
225792000 154
225042300 15
225000000 1
224788480 4
224042112 12
224000000 22
223948800 164
223256250 3
223205220 6
222953472 20
222356610 1
222264000 128
221433750 3
221276160 15
221184000 113
220500000 17
220449600 145
220200960 3
219520000 25
219469824 39
218700000 36
217818720 6
217728000 426
216760320 50
216090000 24
216040608 11
216000000 53
215129600 6
215040000 66
214990848 13
214326000 128
213373440 89
212625000 11
212576400 24
212336640 11
211768200 1
211680000 236
211631616 16
210739200 30
210039480 16
210000000 18
209952000 193
209018880 132
208372500 8
208324872 6
207446400 58
207360000 225
206671500 14
206438400 69
205800000 18
205752960 143
204800000 11
204205050 3
204120000 219
204073344 7
203212800 288
202538070 3
202500000 9
201684000 3
201600000 152
201553920 64
200704000 28
200037600 116
200000000 2
199148544 14
199065600 128
198450000 36
198404640 42
198180864 4
197568000 126
196830000 24
196689920 6
196608000 22
196036848 3
196000000 14
195955200 375
195084288 29
194481000 22
194400000 145
193616640 9
193536000 268
192937500 1
192893400 61
192675840 3
192080000 12
192036096 25
192000000 33
191362500 8
191318760 3
191102976 11
190591380 2
190512000 363
189665280 62
189035532 2
189000000 58
188956800 109
188743680 2
188238400 1
188160000 113
188116992 39
187535250 7
186701760 42
186624000 287
185794560 73
185220000 71
185177664 23
184396800 28
184320000 99
183784545 1
183750000 2
183708000 185
183500800 2
182891520 211
182250000 20
181515600 9
181440000 449
181398528 10
180633600 108
180075000 2
180033840 51
180000000 24
179200000 36
179159040 67
178605000 56
178564176 6
177811200 220
177147000 11
177020928 4
176947200 42
176400000 107
176359680 155
176160768 2
175616000 37
175032900 13
175000000 1
174960000 185
174254976 4
174182400 387
173643750 1
173604060 16
173408256 9
172872000 50
172800000 168
172226250 3
172103680 1
172032000 74
171500000 1
171460800 261
170698752 23
170100000 116
170061120 29
169869312 5
169414560 1
169344000 350
168750000 3
168591360 13
168070000 2
168031584 18
168000000 52
167961600 210
167215104 28
166698000 86
165957120 32
165888000 249
165375000 7
165337200 88
165150720 18
164640000 58
164602368 63
164025000 14
163840000 11
163364040 5
163296000 513
162570240 155
162067500 3
162030456 7
162000000 76
161347200 7
161280000 272
161243136 21
160744500 37
160563200 16
160030080 150
160000000 5
159432300 7
159252480 51
158760000 222
158723712 25
158054400 115
157529610 3
157500000 15
157464000 122
157286400 7
156800000 46
156764160 261
156279375 1
156243654 1
155584800 69
155520000 322
154893312 1
154828800 187
154350000 22
154314720 96
154140672 3
153664000 14
153600000 44
153090000 113
153055008 3
152409600 504
151875000 3
151732224 6
151263000 7
151200000 270
151165440 82
150994944 1
150590720 1
150528000 120
150062500 1
150028200 46
150000000 4
149361408 16
149299200 266
148837500 12
148803480 22
148635648 9
148237740 1
148176000 195
147622500 6
147517440 12
147456000 70
147027636 1
147000000 25
146966400 353
146313216 49
145860750 4
145800000 106
145212480 13
145152000 600
144670050 14
144506880 50
144060000 13
144027072 35
144000000 79
143489070 1
143360000 39
143327232 15
142884000 312
142248960 151
141750000 30
141717600 51
141557760 10
141178800 1
141120000 260
141087744 59
140492800 22
140026320 35
140000000 8
139968000 360
139345920 198
138915000 50
138883248 15
138297600 66
138240000 222
137812500 1
137781000 70
137682944 2
137625600 32
137200000 16
137168640 280
136687500 2
136136700 7
136080000 475
136048896 9
135475200 331
135056250 2
135025380 20
135000000 14
134873088 2
134456000 5
134400000 116
134369280 147
133953750 10
133923132 2
133358400 242
132860250 2
132765696 12
132710400 138
132300000 109
132269760 139
132120576 1
131712000 87
131274675 2
131250000 3
131220000 94
131072000 4
130691232 4
130636800 609
130203045 2
130056192 31
129654000 44
129600000 238
129077760 7
129024000 268
128625000 3
128595600 159
128450560 2
128024064 41
128000000 15
127575000 42
127545840 16
127401984 9
127060920 3
127008000 543
126443520 55
126023688 6
126000000 100
125971200 231
125829120 2
125440000 58
125411328 64
125023500 24
124467840 73
124416000 452
124002900 22
123863040 59
123480000 103
123451776 47
123018750 1
122931200 13
122880000 62
122523030 2
122500000 2
122472000 430
121927680 268
121522842 1
121500000 36
121010400 16
120960000 519
120932352 30
120558375 1
120422400 87
120050000 4
120022560 116
120000000 25
119439360 111
119070000 138
119042784 23
118540800 279
118125000 7
118098000 50
118013952 3
117964800 31
117600000 105
117573120 335
116688600 41
116640000 361
116169984 4
116121600 506
115762500 10
115736040 52
115605504 4
115248000 46
115200000 171
114817500 21
114791256 2
114688000 38
114307200 509
113799168 33
113447250 1
113400000 200
113374080 62
112943040 2
112896000 347
112521150 16
112500000 2
112394240 4
112021056 17
112000000 36
111974400 385
111628125 1
111602610 6
111476736 33
111132000 187
110638080 47
110592000 206
110250000 19
110224800 226
110100480 9
109760000 39
109734912 89
109350000 47
108909360 24
108864000 886
108380160 144
108045000 20
108020304 21
108000000 103
107564800 4
107520000 162
107495424 34
107163000 121
106686720 239
106312500 8
106288200 11
106168320 53
105840000 360
105815808 43
105369600 83
105019740 12
105000000 8
104976000 300
104857600 1
104509440 362
104186250 4
104162436 1
103723200 99
103680000 471
103335750 6
103219200 172
102900000 39
102876480 221
102760448 1
102400000 19
102102525 3
102060000 287
102036672 8
101648736 2
101606400 676
101269035 3
101250000 7
101154816 11
100842000 4
100800000 270
100776960 167
100352000 64
100018800 162
100000000 1
99574272 27
99532800 344
99225000 45
99202320 69
99090432 10
98784000 263
98415000 30
98344960 3
98304000 35
98018424 3
98000000 21
97977600 694
97542144 69
97240500 24
97200000 190
96808320 10
96768000 643
96468750 2
96446700 47
96337920 17
96040000 11
96018048 62
96000000 71
95681250 1
95659380 2
95551488 14
95295690 4
95256000 524
94832640 151
94517766 1
94500000 61
94478400 165
94371840 9
94119200 2
94080000 221
94058496 100
93767625 1
93750000 2
93350880 85
93312000 634
93002175 2
92897280 195
92610000 83
92588832 29
92198400 45
92160000 203
91875000 3
91854000 239
91750400 20
91445760 430
91125000 15
90757800 26
90720000 754
90699264 34
90316800 305
90037500 4
90016920 60
90000000 29
89915392 2
89600000 76
89579520 192
89302500 34
89282088 7
88905600 324
88573500 11
88510464 8
88473600 153
88200000 148
88179840 259
88080384 3
87808000 50
87516450 6
87500000 1
87480000 255
87127488 11
87091200 871
86802030 16
86704128 31
86436000 53
86400000 278
86113125 1
86051840 5
86016000 177
85750000 1
85730400 395
85349376 74
85050000 87
85030560 43
84934656 9
84707280 6
84672000 709
84375000 2
84295680 43
84035000 3
84015792 30
84000000 82
83980800 417
83607552 82
83349000 106
82978560 83
82944000 500
82687500 8
82668600 88
82575360 61
82320000 120
82301184 122
82012500 10
81920000 25
81682020 7
81648000 864
81285120 337
81033750 2
81015228 4
81000000 82
80673600 13
80640000 495
80621568 53
80372250 20
80281600 45
80015040 239
80000000 20
79716150 4
79626240 137
79380000 282
79361856 36
79027200 237
78764805 2
78750000 9
78732000 181
78675968 1
78643200 13
78400000 60
78382080 500
77792400 91
77760000 574
77446656 6
77414400 452
77175000 25
77157360 130
77070336 2
76832000 21
76800000 91
76545000 108
76527504 6
76236552 1
76204800 888
75937500 2
75866112 44
75600000 311
75582720 161
75497472 1
75264000 235
75014100 78
75000000 4
74680704 33
74649600 567
74418750 3
74401740 12
74317824 43
74088000 301
73811250 4
73758720 29
73728000 150
73513818 1
73500000 25
73483200 557
73400320 3
73156608 128
72930375 1
72900000 139
72606240 18
72576000 1205
72335025 1
72253440 112
72030000 25
72013536 48
72000000 124
71680000 65
71663616 43
71442000 346
71124480 318
70875000 35
70858800 56
70778880 34
70589400 2
70560000 403
70543872 107
70246400 31
70013160 35
70000000 15
69984000 648
69672960 482
69457500 39
69441624 15
69148800 113
69120000 487
68890500 57
68841472 1
68812800 92
68600000 25
68584320 446
68343750 1
68068350 9
68040000 579
68024448 15
67737600 693
67512690 12
67500000 23
67436544 7
67228000 6
67200000 192
67184640 288
66961566 3
66679200 348
66382848 17
66355200 319
66150000 106
66134880 204
66060288 15
65856000 164
65610000 121
65536000 16
65345616 6
65318400 1219
65028096 77
64827000 61
64800000 314
64538880 13
64512000 574
64312500 2
64297800 192
64225280 11
64012032 104
64000000 22
63787500 26
63772920 19
63700992 40
63530460 3
63504000 848
63221760 128
63026250 1
63011844 9
63000000 86
62985600 335
62914560 4
62720000 111
62705664 144
62511750 17
62233920 100
62208000 843
62001450 13
61931520 214
61740000 146
61725888 72
61465600 25
61440000 111
61261515 3
61250000 6
61236000 555
60963840 611
60761421 2
60750000 38
60505200 23
60480000 878
60466176 54
60211200 172
60025000 5
60011280 160
60000000 26
59719680 265
59535000 138
59521392 23
59270400 454
59062500 2
59049000 48
59006976 11
58982400 92
58800000 136
58786560 541
58720256 1
58344300 29
58320000 512
58084992 7
58060800 961
57881250 3
57868020 55
57802752 21
57624000 54
57600000 255
57408750 8
57395628 1
57344000 68
57177414 1
57153600 783
56899584 83
56700000 264
56687040 97
56623104 13
56471520 2
56448000 649
56260575 3
56250000 1
56197120 17
56010528 37
56000000 49
55987200 755
55801305 1
55738368 89
55566000 249
55319040 88
55296000 506
55125000 17
55112400 289
55050240 40
54880000 63
54867456 192
54675000 36
54454680 13
54432000 1398
54190080 358
54022500 9
54010152 30
54000000 124
53782400 7
53760000 329
53747712 90
53581500 105
53343360 329
53156250 2
53144100 18
53084160 141
52920000 469
52907904 109
52684800 171
52509870 9
52500000 17
52488000 424
52428800 6
52254720 744
52093125 2
52081218 3
51861600 125
51840000 746
51667875 1
51631104 6
51609600 386
51450000 36
51438240 318
51200000 52
51030000 313
51018336 16
50824368 4
50803200 1172
50625000 6
50577408 27
50421000 6
50400000 366
50388480 309
50176000 115
50009400 169
50000000 6
49787136 36
49766400 698
49612500 23
49601160 70
49545216 34
49392000 336
49207500 19
49172480 6
49152000 97
49009212 6
49000000 29
48988800 1095
48771072 146
48620250 12
48600000 263
48404160 27
48384000 1198
48223350 32
48168960 65
48020000 12
48009024 95
48000000 72
47840625 1
47829690 2
47775744 64
47628000 739
47416320 308
47258883 4
47250000 48
47239200 198
47185920 33
47059600 2
47040000 304
47029248 174
46675440 88
46656000 1020
46448640 479
46305000 95
46294416 45
46099200 101
46080000 399
45937500 2
45927000 208
45875200 30
45722880 773
45562500 7
45378900 11
45360000 981
45349632 49
45177216 1
45158400 532
45018750 2
45008460 65
45000000 18
44957696 2
44800000 112
44789760 418
44651250 16
44641044 3
44452800 482
44286750 2
44255232 20
44236800 309
44100000 171
44089920 395
44040192 6
43904000 86
43758225 3
43740000 274
43563744 13
43545600 1706
43401015 3
43352064 80
43218000 79
43200000 419
43025920 6
43008000 314
42875000 3
42865200 491
42674688 137
42525000 76
42515280 60
42467328 24
42353640 4
42336000 1064
42147840 90
42017500 4
42007896 19
42000000 88
41990400 686
41943040 5
41803776 179
41674500 77
41489280 147
41472000 928
41343750 3
41334300 66
41287680 124
41177150 1
41160000 123
41150592 186
41006250 4
40960000 48
40841010 2
40824000 1079
40642560 708
40507614 6
40500000 59
40336800 20
40320000 852
40310784 103
40186125 1
40140800 64
40007520 296
40000000 16
39858075 1
39813120 293
39690000 304
39680928 49
39530064 1
39513600 405
39375000 6
39366000 172
39337984 6
39321600 49
39200000 93
39191040 978
38896200 82
38880000 810
38723328 15
38707200 981
38587500 7
38578680 133
38535168 13
38416000 46
38400000 174
38272500 77
38263752 5
38118276 1
38102400 1262
37968750 1
37933056 75
37815750 5
37800000 404
37791360 249
37748736 3
37647680 4
37632000 441
37507050 39
37500000 4
37340352 39
37324800 1017
37209375 1
37200870 12
37158912 98
37044000 350
36879360 49
36864000 349
36750000 26
36741600 665
36700160 8
36578304 252
36450000 116
36303120 29
36288000 1838
36126720 267
36015000 19
36006768 62
36000000 129
35840000 151
35831808 93
35721000 291
35562240 482
35437500 21
35429400 58
35389440 131
35294700 1
35280000 550
35271936 197
35123200 75
35006580 47
35000000 12
34992000 830
34836480 929
34728750 12
34720812 13
34574400 150
34560000 795
34445250 22
34420736 2
34406400 192
34300000 18
34292160 658
34034175 3
34020000 709
34012224 29
33882912 4
33868800 1184
33756345 2
33750000 9
33718272 14
33614000 5
33600000 260
33592320 497
33554432 1
33480783 1
33339600 303
33191424 34
33177600 669
33075000 83
33067440 208
33030144 28
32928000 257
32812500 1
32805000 86
32768000 34
32672808 13
32659200 1843
32514048 158
32413500 33
32400000 401
32269440 15
32256000 954
32156250 1
32148900 131
32112640 16
32006016 149
32000000 46
31893750 3
31886460 11
31850496 56
31752000 1051
31610880 260
31505922 5
31500000 100
31492800 471
31457280 12
31360000 152
31352832 284
31255875 5
31116960 154
31104000 1404
31000725 2
30965760 416
30870000 158
30862944 119
30732800 48
30720000 231
30618000 557
30481920 1085
30375000 38
30252600 26
30240000 1147
30233088 108
30118144 1
30105600 307
30012500 3
30005640 153
30000000 26
29859840 528
29767500 86
29760696 20
29647548 1
29635200 657
29524500 30
29503488 7
29491200 198
29400000 154
29393280 807
29360128 3
29172150 30
29160000 589
29042496 12
29030400 1909
28940625 3
28934010 21
28901376 43
28812000 67
28800000 396
28704375 3
28672000 119
28576800 964
28449792 161
28350000 220
28343520 121
28311552 7
28235760 7
28224000 996
28125000 1
28098560 27
28005264 38
28000000 57
27993600 1139
27869184 221
27783000 214
27659520 113
27648000 898
27562500 10
27556200 218
27525120 77
27440000 78
27433728 282
27337500 14
27227340 19
27216000 1820
27095040 652
27011250 4
27005076 27
27000000 147
26891200 18
26880000 518
26873856 122
26790750 37
26671680 480
26572050 5
26542080 305
26460000 531
26453952 131
26342400 257
26254935 4
26250000 16
26244000 427
26214400 17
26127360 1301
25930800 165
25920000 1056
25815552 8
25804800 739
25725000 17
25719120 325
25690112 2
25600000 75
25515000 245
25509168 19
25412184 2
25401600 1676
25312500 4
25288704 62
25210500 8
25200000 456
25194240 426
25165824 1
25088000 169
25004700 130
25000000 3
24893568 67
24883200 1220
24806250 10
24800580 44
24772608 88
24696000 413
24603750 7
24586240 16
24576000 206
24504606 2
24500000 20
24494400 1310
24385536 299
24310125 7
24300000 260
24202080 32
24192000 1852
24111675 6
24084480 132
24010000 14
24004512 120
24000000 101
23887872 121
23814000 644
23708160 463
23625000 44
23619600 178
23592960 72
23529800 2
23520000 366
23514624 308
23337720 87
23328000 1419
23224320 940
23152500 60
23147208 50
23049600 99
23040000 604
22963500 136
22937600 60
22861440 1038
22781250 1
22689450 6
22680000 1041
22674816 63
22588608 2
22579200 927
22504230 29
22500000 30
22478848 3
22400000 141
22394880 760
22325625 2
22320522 4
22235661 1
22226400 606
22127616 36
22118400 583
22050000 128
22044960 470
22020096 12
21952000 113
21870000 255
21781872 10
21772800 2448
21676032 138
21609000 50
21600000 485
21512960 6
21504000 556
21437500 1
21432600 387
21337344 218
21262500 41
21257640 38
21233664 62
21176820 2
21168000 1354
21073920 140
21008750 1
21003948 21
21000000 112
20995200 835
20971520 4
20901888 341
20837250 42
20744640 183
20736000 1514
20667150 35
20643840 270
20580000 120
20575296 226
20503125 1
20480000 89
20420505 3
20412000 1168
20321280 1124
20253807 1
20250000 72
20168400 19
20160000 1107
20155392 156
20070400 122
20003760 314
20000000 15
19906560 542
19845000 241
19840464 51
19756800 561
19687500 2
19683000 101
19668992 6
19660800 83
19600000 83
19595520 1308
19448100 60
19440000 925
19361664 16
19353600 1577
19293750 5
19289340 96
19267584 16
19208000 57
19200000 230
19136250 20
19131876 4
19059138 2
19051200 1454
18966528 134
18900000 382
18895680 243
18874368 11
18823840 3
18816000 590
18753525 8
18750000 2
18670176 63
18662400 1593
18600435 3
18579456 191
18522000 361
18439680 73
18432000 605
18375000 16
18370800 605
18350080 25
18289152 391
18225000 54
18151560 23
18144000 2455
18063360 427
18007500 7
18003384 41
18000000 155
17920000 193
17915904 179
17860500 187
17781120 662
17718750 4
17714700 36
17694720 228
17647350 2
17640000 580
17635968 256
17561600 82
17503290 20
17500000 10
17496000 887
17418240 1583
17360406 11
17287200 162
17280000 1063
17222625 4
17210368 2
17203200 338
17150000 24
17146080 649
17010000 550
17006112 39
16941456 8
16934400 1683
16875000 14
16859136 28
16807000 1
16800000 366
16796160 731
16669800 299
16595712 69
16588800 1223
16537500 50
16533720 185
16515072 48
16470860 1
16464000 278
16402500 42
16384000 56
16336404 5
16329600 2247
16257024 339
16206750 6
16200000 436
16134720 23
16128000 1486
16074450 62
16056320 39
16003008 207
16000000 61
15946875 3
15943230 8
15925248 121
15882615 1
15876000 1113
15805440 366
15752961 3
15750000 78
15746400 412
15728640 40
15680000 197
15676416 456
15558480 140
15552000 1878
15482880 747
15435000 93
15431472 119
15366400 46
15360000 325
15312500 2
15309000 422
15240960 1489
15187500 10
15126300 17
15120000 1328
15116544 127
15059072 1
15052800 506
15002820 103
15000000 26
14929920 940
14883750 39
14880348 18
14817600 652
14762250 14
14751744 15
14745600 374
14706125 1
14700000 114
14696640 918
14680064 4
14586075 1
14580000 548
14521248 20
14515200 2676
14467005 5
14450688 97
14406000 77
14400000 477
14336000 197
14288400 822
14224896 251
14175000 144
14171760 113
14155776 22
14117880 1
14112000 1220
14062500 2
14049280 55
14002632 36
14000000 51
13996800 1456
13934592 354
13891500 131
13829760 168
13824000 1385
13781250 2
13778100 149
13762560 123
13720000 71
13716864 390
13668750 8
13613670 8
13608000 1945
13547520 1056
13502538 14
13500000 109
13445600 12
13440000 672
13436928 252
13395375 6
13335840 550
13286025 1
13271040 560
13230000 434
13226976 156
13171200 359
13125000 4
13122000 363
13107200 24
13063680 1871
12965400 99
12960000 1273
12907776 5
12902400 1140
12862500 12
12859560 260
12845056 8
12800000 85
12757500 111
12754584 13
12706092 3
12700800 2001
12644352 97
12605250 2
12600000 430
12597120 527
12582912 2
12544000 241
12502350 53
12446784 102
12441600 1993
12403125 1
12400290 26
12386304 136
12348000 372
12293120 26
12288000 278
12252303 2
12250000 7
12247200 1350
12192768 528
12150000 157
12101040 24
12096000 2413
12042240 226
12005000 16
12002256 103
12000000 115
11943936 188
11907000 446
11854080 606
11812500 16
11809800 125
11796480 128
11764900 1
11760000 471
11757312 443
11668860 64
11664000 1633
11612160 1499
11576250 15
11573604 33
11524800 131
11520000 849
11481750 53
11468800 113
11430720 1142
11344725 3
11340000 913
11337408 75
11294304 3
11289600 1285
11252115 6
11250000 18
11239424 6
11200000 171
11197440 1067
11113200 546
11063808 56
11059200 948
11025000 88
11022480 404
11010048 19
10976000 130
10935000 156
10890936 13
10886400 3086
10838016 237
10804500 36
10800000 513
10756480 8
10752000 792
10716300 247
10668672 240
10631250 10
10628820 18
10616832 98
10588410 3
10584000 1370
10536960 232
10504375 1
10501974 8
10500000 77
10497600 928
10485760 5
10450944 540
10418625 11
10372320 183
10368000 2063
10333575 7
10321920 505
10290000 98
10287648 230
10240000 103
10206000 916
10160640 1577
10125000 28
10084200 10
10080000 1218
10077696 223
10035200 147
10001880 281
10000000 10
9953280 1014
9922500 136
9920232 45
9878400 661
9843750 1
9841500 54
9834496 8
9830400 167
9800000 81
9797760 1557
9724050 38
9720000 931
9680832 20
9676800 2530
9646875 2
9644670 50
9633792 53
9604000 31
9600000 268
9568125 2
9525600 1434
9483264 208
9450000 287
9447840 304
9437184 17
9411920 3
9408000 722
9335088 65
9331200 2073
9289728 339
9261000 229
9219840 106
9216000 910
9187500 8
9185400 431
9175040 28
9144576 544
9112500 41
9075780 19
9072000 2645
9031680 673
9003750 2
9001692 30
9000000 123
8960000 255
8957952 267
8930250 77
8890560 725
8857350 14
8847360 397
8820000 502
8817984 280
8780800 127
8751645 8
8750000 8
8748000 814
8709120 2182
8680203 1
8643600 135
8640000 1275
8605184 5
8601600 596
8575000 14
8573040 632
8505000 319
8503056 29
8470728 4
8467200 2037
8437500 8
8429568 55
8403500 5
8400000 347
8398080 942
8388608 1
8334900 193
8297856 103
8294400 1878
8268750 6
8266860 99
8257536 80
8232000 275
8201250 14
8192000 92
8168202 3
8164800 2372
8128512 449
8103375 5
8100000 341
8067360 27
8064000 1892
8037225 11
8028160 69
8001504 201
8000000 41
7971615 2
7962624 215
7938000 860
7902720 510
7875000 47
7873200 350
7864320 58
7840000 230
7838208 671
7779240 113
7776000 2117
7741440 1205
7717500 55
7715736 87
7683200 59
7680000 411
7654500 194
7620480 1648
7593750 3
7563150 5
7560000 1315
7558272 135
7529536 1
7526400 706
7501410 59
7500000 8
7464960 1341
7441875 4
7440174 6
7408800 656
7381125 6
7375872 26
7372800 665
7350000 78
7348320 914
7340032 3
7290000 394
7260624 11
7257600 3415
7225344 148
7203000 55
7200000 474
7168000 237
7144200 555
7112448 312
7087500 70
7085880 81
7077888 74
7058940 5
7056000 1257
7024640 61
7001316 23
7000000 39
6998400 1604
6967296 594
6945750 39
6914880 149
6912000 1829
6890625 1
6889050 48
6881280 229
6860000 52
6858432 420
6806835 2
6804000 1783
6773760 1366
6751269 2
6750000 78
6722800 7
6720000 840
6718464 340
6667920 454
6635520 909
6615000 298
6613488 121
6585600 401
6562500 4
6561000 206
6553600 47
6531840 2300
6482700 68
6480000 1217
6453888 8
6451200 1716
6431250 3
6429780 160
6422528 5
6400000 109
6378750 34
6377292 10
6353046 1
6350400 1982
6322176 130
6300000 314
6298560 536
6291456 13
6272000 293
6251175 7
6250000 1
6223392 94
6220800 2508
6200145 9
6193152 247
6174000 291
6146560 38
6144000 472
6125000 6
6123600 1044
6096384 617
6075000 108
6050520 23
6048000 2796
6021120 316
6002500 8
6001128 88
6000000 99
5971968 353
5953500 249
5927040 704
5906250 4
5904900 66
5898240 240
5880000 401
5878656 508
5834430 27
5832000 1424
5806080 2154
5788125 3
5786802 18
5762400 95
5760000 995
5740875 9
5734400 181
5715360 1098
5670000 708
5668704 98
5644800 1606
5625000 7
5619712 16
5600000 158
5598720 1413
5556600 331
5531904 75
5529600 1492
5512500 44
5511240 256
5505024 44
5488000 135
5467500 83
5445468 7
5443200 3239
5419008 341
5402250 13
5400000 475
5378240 16
5376000 1074
5358150 71
5334336 276
5315625 1
5314410 6
5308416 183
5292000 1184
5268480 252
5250987 6
5250000 52
5248800 802
5242880 17
5225472 805
5186160 159
5184000 2355
5160960 772
5145000 70
5143824 191
5120000 152
5103000 646
5080320 1831
5062500 14
5042100 7
5040000 1244
5038848 239
5017600 235
5000940 136
5000000 13
4976640 1450
4961250 37
4960116 19
4939200 638
4920750 17
4917248 11
4915200 293
4900000 62
4898880 1518
4862025 4
4860000 730
4840416 14
4838400 3097
4822335 10
4816896 61
4802000 34
4800000 354
4762800 1086
4741632 280
4725000 142
4723920 191
4718592 44
4705960 2
4704000 857
4667544 60
4665600 2217
4644864 540
4630500 109
4609920 116
4608000 1217
4593750 1
4592700 231
4587520 58
4572288 651
4556250 8
4537890 15
4536000 2558
4515840 945
4500846 18
4500000 85
4480000 311
4478976 402
4465125 13
4445280 583
4428675 2
4423680 626
4410000 397
4408992 256
4390400 158
4375000 5
4374000 541
4354560 2732
4321800 91
4320000 1354
4302592 5
4300800 810
4287500 5
4286520 455
4252500 172
4251528 19
4235364 1
4233600 2115
4214784 64
4201750 1
4200000 254
4199040 933
4194304 1
4167450 73
4148928 97
4147200 2388
4134375 2
4133430 39
4128768 141
4116000 258
4100625 2
4096000 110
4084101 1
4082400 1998
4064256 591
4050000 243
4033680 20
4032000 2186
4014080 92
4000752 184
4000000 37
3981312 315
3969000 558
3951360 538
3937500 21
3936600 209
3932160 88
3920000 175
3919104 748
3889620 56
3888000 2086
3870720 1665
3858750 13
3857868 65
3841600 51
3840000 565
3827250 67
3810240 1612
3796875 1
3780000 986
3779136 153
3763200 866
3750705 9
3750000 9
3732480 1748
3720087 2
3704400 497
3687936 31
3686400 940
3675000 39
3674160 638
3670016 11
3645000 213
3630312 16
3628800 3800
3612672 240
3601500 20
3600000 448
3584000 311
3572100 315
3556224 290
3543750 19
3542940 42
3538944 109
3528000 1147
3512320 88
3500658 8
3500000 31
3499200 1514
3483648 815
3472875 12
3457440 159
3456000 2223
3444525 1
3440640 320
3430000 52
3429216 384
3402000 1292
3386880 1658
3375000 36
3361400 6
3360000 783
3359232 412
3333960 312
3317760 1247
3307500 117
3306744 75
3292800 394
3280500 115
3276800 71
3265920 2405
3241350 21
3240000 1062
3226944 9
3225600 2144
3215625 2
3214890 77
3211264 18
3200000 121
3189375 1
3175200 1633
3161088 174
3150000 262
3149280 499
3145728 13
3136000 313
3111696 55
3110400 2755
3096576 346
3087000 186
3073280 44
3072000 620
3062500 3
3061800 693
3048192 748
3037500 41
3025260 19
3024000 2655
3010560 480
3001250 1
3000564 63
3000000 84
2985984 459
2976750 96
2963520 657
2953125 1
2952450 17
2949120 343
2940000 302
2939328 497
2917215 8
2916000 1141
2903040 2715
2893401 3
2881200 67
2880000 1014
2867200 238
2857680 872
2835000 435
2834352 55
2822400 1639
2812500 3
2809856 22
2800000 119
2799360 1522
2778300 213
2765952 72
2764800 1935
2756250 9
2755620 156
2752512 64
2744000 122
2733750 14
2722734 3
2721600 2946
2709504 471
2701125 6
2700000 331
2689120 9
2688000 1177
2679075 23
2667168 276
2657205 2
2654208 257
2646000 843
2634240 313
2625000 29
2624400 586
2621440 27
2612736 912
2593080 97
2592000 2424
2580480 1028
2572500 25
2571912 143
2560000 190
2551500 250
2540160 1856
2531250 4
2521050 6
2520000 1031
2519424 294
2508800 247
2500470 59
2500000 5
2488320 1785
2480625 8
2480058 10
2469600 531
2460375 5
2458624 8
2457600 403
2450000 38
2449440 1338
2430000 525
2420208 10
2419200 3439
2408448 115
2401000 22
2400000 292
2381400 696
2370816 303
2362500 51
2361960 156
2359296 59
2352000 719
2333772 18
2332800 2237
2322432 720
2315250 41
2304960 89
2304000 1436
2296350 87
2293760 87
2286144 567
2268945 2
2268000 1879
2257920 1112
2250423 5
2250000 66
2240000 294
2239488 582
2222640 434
2211840 864
2205000 200
2204496 184
2195200 135
2187000 328
2177280 2838
2160900 37
2160000 1217
2151296 5
2150400 985
2143750 1
2143260 224
2126250 50
2125764 11
2116800 1906
2107392 88
2100000 205
2099520 859
2097152 1
2083725 14
2074464 76
2073600 2733
2066715 6
2064384 245
2058000 198
2048000 152
2041200 1405
2032128 709
2025000 109
2016840 9
2016000 2092
2007040 119
2000376 109
2000000 39
1990656 446
1984500 259
1975680 529
1968750 2
1968300 91
1966080 138
1960000 156
1959552 701
1944810 32
1944000 1645
1935360 2110
1929375 4
1928934 17
1920800 31
1920000 580
1913625 4
1905120 1396
1890000 647
1889568 129
1882384 1
1881600 877
1875000 3
1866240 1905
1852200 321
1843968 41
1843200 1213
1837500 24
1837080 414
1835008 13
1822500 84
1815156 10
1814400 3485
1806336 289
1800750 7
1800000 357
1792000 320
1786050 84
1778112 317
1771875 1
1771470 19
1769472 175
1764735 1
1764000 864
1756160 90
1750329 2
1750000 24
1749600 1132
1741824 981
1728720 126
1728000 2293
1720320 418
1715000 21
1714608 271
1701000 682
1693440 1608
1687500 13
1680700 4
1680000 706
1679616 394
1666980 166
1658880 1613
1653750 44
1653372 60
1646400 362
1640250 19
1638400 90
1632960 2033
1620675 8
1620000 783
1613472 6
1612800 2313
1607445 14
1605632 25
1600000 97
1587600 1209
1580544 191
1575000 129
1574640 288
1572864 18
1568000 282
1555848 48
1555200 2729
1548288 523
1543500 94
1536640 48
1536000 706
1531250 2
1530900 315
1524096 785
1518750 9
1512630 8
1512000 2127
1505280 586
1500282 25
1500000 59
1492992 606
1488375 20
1481760 574
1476225 3
1474560 477
1470000 186
1469664 383
1458000 738
1451520 2904
1440600 61
1440000 1013
1433600 262
1428840 524
1417500 172
1417176 29
1411200 1540
1404928 23
1400000 105
1399680 1453
1389150 61
1382976 63
1382400 2193
1378125 1
1377810 60
1376256 86
1372000 87
1360800 2314
1354752 550
1350000 195
1344560 5
1344000 1171
1333584 225
1327104 374
1323000 443
1317120 323
1312500 11
1312200 303
1310720 29
1306368 951
1296540 57
1296000 2160
1290240 1311
1286250 9
1285956 69
1280000 172
1275750 76
1270080 1594
1260000 736
1259712 265
1254400 287
1250235 18
1250000 3
1244160 2018
1234800 364
1229312 11
1228800 462
1225000 19
1224720 890
1215000 246
1210104 11
1209600 3308
1204224 124
1200500 6
1200000 249
1190700 308
1185408 286
1181250 24
1180980 85
1179648 90
1176000 608
1166886 3
1166400 1847
1161216 886
1157625 5
1152480 80
1152000 1590
1148175 7
1146880 124
1143072 468
1134000 1211
1128960 1266
1125000 32
1120000 238
1119744 557
1111320 278
1105920 1150
1102500 85
1102248 124
1097600 161
1093500 139
1088640 2615
1080450 25
1080000 984
1075648 4
1075200 1116
1071630 86
1063125 10
1062882 7
1058841 1
1058400 1396
1053696 100
1050000 122
1049760 662
1048576 3
1037232 39
1036800 2850
1032192 265
1029000 105
1024000 202
1020600 760
1016064 724
1012500 45
1008420 2
1008000 1798
1003520 134
1000188 66
1000000 29
995328 595
992250 83
987840 483
984150 38
983040 209
980000 99
979776 676
972405 7
972000 1202
967680 2211
964467 7
960400 22
960000 575
952560 903
945000 310
944784 92
940800 893
937500 1
933120 1890
926100 158
921984 34
921600 1345
918750 7
918540 216
917504 19
911250 38
907578 3
907200 2916
903168 336
900375 3
900000 254
896000 344
893025 13
889056 259
885735 3
884736 247
882000 548
878080 104
875000 8
874800 720
870912 1099
864360 65
864000 2047
860160 540
857500 12
857304 161
850500 276
846720 1542
843750 9
840000 477
839808 391
833490 60
829440 1785
826875 2
826686 22
823200 265
820125 3
819200 118
816480 1594
810000 469
806736 4
806400 2286
802816 31
800000 106
793800 684
790272 176
787500 53
787320 207
786432 26
784000 219
777924 32
777600 2387
774144 601
771750 26
768320 31
768000 759
765450 75
762048 592
759375 2
756000 1526
752640 635
750141 3
750000 20
746496 670
740880 384
737280 630
735000 101
734832 273
729000 356
725760 2717
720300 24
720000 817
716800 283
714420 250
708750 44
708588 13
705600 1211
702464 24
700000 59
699840 1125
694575 13
691488 56
691200 2338
688905 10
688128 129
686000 47
680400 1399
677376 595
675000 104
672280 4
672000 1014
666792 126
663552 447
661500 177
658560 292
656100 123
655360 45
653184 914
648270 11
648000 1612
645120 1465
642978 36
640000 163
637875 16
635040 1165
630000 403
629856 176
627200 247
625000 1
622080 2033
617400 182
614656 15
614400 602
612500 8
612360 494
607500 105
605052 3
604800 2762
602112 147
600000 161
595350 101
592704 219
590490 18
589824 108
588000 416
583443 1
583200 1242
580608 939
576240 52
576000 1407
573440 138
571536 327
567000 623
564480 1084
562500 15
560000 210
559872 542
555660 138
552960 1261
551250 27
551124 64
548800 91
546750 38
544320 2035
540225 5
540000 591
537824 4
537600 1085
535815 12
531441 2
529200 884
526848 118
525000 52
524880 430
524288 8
518616 30
518400 2447
516096 357
514500 48
512000 170
510300 385
508032 672
506250 14
504210 2
504000 1338
501760 157
500094 25
500000 18
497664 594
496125 14
493920 335
492075 5
491520 240
490000 59
489888 504
486000 733
483840 2194
480200 13
480000 431
476280 521
472500 141
472392 45
470400 721
466560 1569
463050 49
460992 23
460800 1430
459375 1
459270 68
458752 23
455625 2
453789 3
453600 1897
451584 391
450000 144
448000 295
444528 172
442368 272
441000 295
439040 80
437500 4
437400 344
435456 916
432180 24
432000 1611
430080 545
428750 2
428652 92
425250 80
423360 1155
420000 348
419904 309
416745 7
414720 1760
413343 4
411600 146
409600 133
408240 920
405000 200
403368 3
403200 2028
401408 36
400000 70
396900 280
395136 186
393750 17
393660 101
393216 48
392000 169
388962 9
388800 1834
387072 738
385875 9
384160 23
384000 686
382725 13
381024 457
378000 888
376320 527
375000 10
373248 608
370440 206
368640 726
367500 46
367416 144
364500 131
362880 2269
360150 8
360000 555
358400 288
357210 81
354375 4
354294 3
352800 806
351232 32
350000 37
349920 756
345744 34
345600 2117
344064 132
343000 26
340200 711
338688 536
337500 38
336140 5
336000 833
333396 42
331776 486
330750 58
329280 211
328050 33
327680 60
326592 712
324135 4
324000 949
322560 1342
321489 2
320000 151
317520 733
315000 209
314928 91
313600 212
312500 1
311040 1857
308700 84
307328 10
307200 612
306250 1
306180 210
303750 22
302526 2
302400 2032
301056 176
300000 109
297675 17
296352 153
295245 3
294912 158
294000 252
291600 749
290304 884
288120 31
288000 1178
286720 147
285768 164
283500 242
282240 913
281250 6
280000 144
279936 486
277830 47
276480 1332
275625 1
275562 15
274400 60
273375 2
272160 1427
270000 301
268912 1
268800 994
264600 454
263424 63
262500 21
262440 209
262144 5
259308 18
259200 1856
258048 372
257250 15
256000 172
255150 89
254016 494
253125 3
252000 843
250880 147
250047 6
250000 8
248832 631
246960 202
245760 230
245000 32
244944 302
243000 340
241920 1926
240100 7
240000 365
238140 192
236250 48
236196 12
235200 505
233280 1186
231525 7
230496 18
230400 1368
229635 12
229376 31
226800 1070
225792 329
225000 56
224000 247
222264 88
221184 331
220500 107
219520 66
218750 1
218700 135
217728 842
216090 7
216000 1088
215040 575
214326 21
212625 11
211680 825
210000 187
209952 231
207360 1582
205800 78
204800 172
204120 499
202500 77
201684 4
201600 1536
200704 41
200000 56
198450 82
197568 140
196830 21
196608 59
196000 106
194481 6
194400 1154
193536 670
192080 19
192000 616
190512 265
189000 384
188160 463
187500 3
186624 542
185220 85
184320 736
183750 14
183708 59
182250 26
181440 1657
180075 3
180000 333
179200 259
178605 8
177147 1
176400 444
175616 35
175000 13
174960 464
172872 15
172800 1723
172032 141
171500 13
170100 265
169344 422
168750 12
168000 497
166698 14
165888 465
165375 9
164640 151
164025 5
163840 49
163296 438
162000 595
161280 1242
160000 111
158760 363
157500 56
157464 54
156800 178
155520 1398
154350 25
153664 6
153600 582
153090 62
151875 1
151200 1241
150528 142
150000 55
148176 114
147456 156
147000 100
145800 321
145152 791
144060 13
144000 901
143360 152
142884 83
141750 55
141120 623
140000 80
139968 321
138915 7
138240 1195
137781 3
137200 37
136080 811
135000 126
134456 1
134400 773
132300 196
131712 69
131250 3
131220 93
131072 12
129654 5
129600 1373
129024 374
128000 157
127575 7
127008 347
126000 467
125440 136
125000 4
124416 553
123480 111
122880 290
122500 10
122472 150
121500 106
120960 1488
120050 2
120000 215
119070 59
118125 8
118098 5
117600 299
116640 756
115248 7
115200 1093
114688 33
113400 550
112896 255
112500 14
112000 200
111132 38
110592 369
110250 32
109760 55
109350 37
108864 588
108045 2
108000 620
107520 546
107163 2
105840 474
105000 80
104976 123
103680 1326
102900 37
102400 139
102060 204
101250 20
100800 987
100352 27
100000 16
99225 10
98784 83
98415 3
98304 55
98000 61
97200 642
96768 603
96040 9
96000 462
95256 123
94500 160
94080 344
93312 426
92610 28
92160 692
91875 5
91854 22
91125 4
90720 1072
90000 166
89600 233
88200 209
87808 22
87500 5
87480 230
86436 7
86400 1238
86016 128
85750 2
85050 75
84672 307
84000 331
83349 6
82944 471
82320 72
81920 62
81648 256
81000 257
80640 1007
80000 72
79380 159
78750 19
78732 29
78400 96
77760 919
77175 6
76832 12
76800 557
76545 12
75600 685
75264 128
75000 16
74088 48
73728 164
73500 38
72900 96
72576 605
72030 5
72000 525
71680 145
71442 21
70875 6
70560 410
70000 36
69984 210
69120 1006
68600 18
68040 383
67500 57
67200 554
66150 50
65856 31
65625 2
65610 21
65536 14
64827 2
64800 742
64512 351
64000 141
63504 194
63000 213
62720 109
62500 1
62208 403
61740 42
61440 273
61250 2
61236 51
60750 24
60480 974
60000 109
59535 10
59049 4
58800 187
58320 383
57624 9
57600 827
57344 39
56700 162
56448 195
56250 2
56000 118
55566 6
55296 301
55125 2
54880 30
54675 4
54432 359
54000 319
53760 439
52920 220
52500 29
52488 55
51840 946
51450 13
51200 119
51030 62
50625 1
50400 578
50176 33
50000 7
49392 42
49152 55
49000 23
48600 259
48384 464
48020 5
48000 302
47628 53
47250 34
47040 209
46656 298
46305 3
46080 546
45927 4
45360 549
45000 70
44800 168
44100 77
43904 8
43750 1
43740 93
43218 1
43200 737
43008 108
42525 8
42336 200
42000 153
41472 396
41160 33
40960 59
40824 125
40500 68
40320 678
40000 53
39690 36
39375 1
39366 4
39200 50
38880 537
38416 3
38400 370
37800 305
37632 91
37500 5
37044 15
36864 165
36750 11
36450 32
36288 387
36015 1
36000 313
35840 114
35721 2
35280 215
35000 19
34992 114
34560 855
34300 5
34020 151
33750 12
33600 333
33075 5
32928 23
32805 3
32768 12
32400 378
32256 236
32000 79
31752 90
31500 73
31360 60
31250 1
31104 311
30870 7
30720 235
30618 15
30375 9
30240 587
30000 58
29400 79
29160 160
28812 3
28800 597
28672 29
28350 48
28224 137
28125 2
28000 67
27783 2
27648 292
27440 13
27216 212
27000 147
26880 336
26460 80
26250 7
26244 23
25920 618
25600 95
25515 7
25200 320
25088 27
25000 6
24696 21
24576 57
24500 15
24300 93
24192 303
24010 2
24000 214
23814 19
23625 4
23520 113
23328 185
23040 451
22680 232
22500 19
22400 116
22050 17
21952 6
21870 22
21609 3
21600 423
21504 112
21168 112
21000 53
20736 284
20580 12
20480 63
20412 35
20250 15
20160 417
20000 29
19845 9
19600 27
19440 281
19208 1
19200 295
18900 94
18816 52
18750 1
18522 7
18432 148
18375 2
18225 3
18144 209
18000 111
17920 82
17640 93
17500 5
17496 47
17280 479
17150 2
17010 32
16875 1
16800 222
16464 10
16384 18
16200 147
16128 206
16000 57
15876 42
15750 16
15680 26
15552 215
15435 1
15360 188
15309 2
15120 249
15000 15
14700 19
14580 53
14406 1
14400 352
14336 29
14175 7
14112 76
14000 37
13824 225
13720 7
13608 73
13500 34
13440 226
13230 21
13122 2
12960 334
12800 70
12600 135
12544 14
12348 8
12288 56
12250 3
12150 27
12096 205
12005 1
12000 86
11907 1
11760 69
11664 96
11520 300
11340 87
11250 1
11200 76
11025 2
10976 6
10935 1
10800 186
10752 71
10584 34
10500 15
10368 214
10290 3
10240 44
10206 6
10125 4
10080 225
10000 10
9800 10
9720 100
9600 166
9450 24
9408 36
9261 2
9216 112
9072 106
9000 58
8960 51
8820 33
8748 10
8640 333
8505 3
8400 109
8232 9
8192 13
8100 45
8064 131
8000 36
7938 7
7875 3
7840 26
7776 95
7680 155
7560 118
7500 7
7350 5
7290 14
7200 177
7168 16
7056 36
7000 18
6912 147
6860 3
6804 29
6750 7
6720 122
6615 2
6480 161
6400 55
6300 41
6272 12
6250 1
6174 4
6144 44
6075 2
6048 101
6000 34
5880 27
5832 40
5760 203
5670 17
5600 33
5488 4
5400 81
5376 58
5292 16
5250 6
5184 123
5145 3
5120 41
5103 5
5040 106
5000 4
4900 4
4860 34
4800 85
4725 2
4704 26
4608 70
4536 36
4500 10
4480 28
4410 7
4374 4
4320 164
4200 28
4116 1
4096 10
4050 9
4032 69
4000 10
3969 1
3920 12
3888 46
3840 87
3780 41
3600 69
3584 16
3528 11
3500 6
3456 86
3402 6
3360 82
3240 63
3200 21
3150 6
3136 5
3072 29
3024 47
3000 21
2940 10
2916 9
2880 129
2835 1
2800 16
2744 2
2700 22
2688 33
2646 3
2625 2
2592 57
2560 16
2520 43
2500 1
2430 6
2400 47
2352 12
2304 58
2268 15
2250 5
2240 21
2160 83
2100 12
2048 5
2025 2
2016 42
2000 8
1960 7
1944 19
1920 57
1890 11
1800 30
1792 8
1764 4
1750 1
1728 49
1701 1
1680 40
1620 21
1600 15
1575 2
1568 7
1536 16
1512 17
1500 4
1440 68
1400 4
1372 1
1350 8
1344 18
1296 21
1280 6
1260 8
1215 3
1200 19
1176 4
1152 39
1134 3
1120 8
1080 26
1050 1
1024 2
1008 16
1000 2
980 1
972 7
960 26
945 2
900 13
896 3
882 1
875 2
864 23
840 12
810 3
800 6
784 1
768 12
756 10
750 1
720 18
675 3
672 12
648 15
640 6
630 4
600 5
576 14
567 1
560 3
540 10
512 4
504 3
490 1
486 2
480 22
450 4
448 2
441 1
432 5
420 3
400 5
384 6
378 1
360 13
336 3
324 3
320 7
300 1
288 7
280 1
256 2
252 1
240 8
224 2
216 4
192 4
180 4
168 3
162 2
160 1
144 5
128 2
96 1
80 1
72 1
64 1
54 1
