5248800000 1
5103000000 1
4592700000 1
3888000000 1
3779136000 2
3732480000 1
3628800000 2
3499200000 2
3240000000 2
3175200000 1
3072000000 1
3061800000 3
2976069600 1
2939328000 2
2903040000 1
2893401000 1
2880000000 1
2857680000 2
2822400000 1
2721600000 1
2645395200 2
2624400000 3
2571912000 3
2560000000 1
2551500000 1
2540160000 1
2520000000 1
2519424000 4
2469600000 1
2450000000 1
2430000000 1
2419200000 3
2388787200 2
2381400000 1
2361960000 1
2351462400 2
2343654810 1
2332800000 3
2322432000 3
2286144000 2
2268000000 1
2267481600 2
2257920000 1
2250423000 1
2239488000 3
2211840000 1
2205000000 1
2204496000 4
2187000000 1
2177280000 4
2143260000 1
2125764000 2
2116800000 1
2116316160 1
2099520000 6
2073600000 3
2064384000 1
2057529600 1
2041200000 4
2040733440 1
2032128000 2
2016000000 1
2015539200 1
2000376000 3
1990656000 2
1984500000 1
1984046400 2
1975680000 1
1968300000 1
1959552000 6
1944000000 3
1935360000 2
1905120000 4
1889568000 7
1881169920 1
1866240000 2
1857945600 2
1843200000 1
1837080000 4
1828915200 1
1814400000 10
1806336000 1
1792000000 1
1786050000 1
1785641760 1
1778112000 1
1771470000 1
1769472000 1
1764000000 2
1763596800 6
1756160000 2
1749600000 4
1741824000 1
1736040600 2
1728000000 2
1714608000 5
1701000000 2
1700611200 1
1693440000 5
1680000000 1
1679616000 4
1666598976 1
1658880000 6
1653372000 1
1646400000 1
1646023680 1
1640250000 2
1632960000 10
1625702400 3
1612800000 1
1612431360 2
1607445000 2
1605632000 1
1600300800 3
1587600000 7
1587237120 5
1580544000 2
1574640000 7
1568000000 1
1567641600 5
1555200000 4
1548288000 4
1543147200 3
1536640000 1
1530900000 2
1524096000 5
1512000000 8
1511654400 1
1505280000 2
1500282000 1
1492992000 4
1486356480 1
1481760000 2
1474560000 2
1469664000 13
1463132160 2
1458000000 4
1451520000 12
1445068800 1
1440270720 3
1440000000 3
1433600000 1
1428840000 10
1422489600 5
1417176000 5
1411200000 9
1410877440 3
1400263200 3
1399680000 7
1393459200 4
1388832480 1
1382976000 2
1382400000 5
1377810000 3
1376256000 2
1372000000 1
1371686400 8
1360800000 12
1360488960 1
1354752000 5
1350253800 3
1350000000 2
1344000000 3
1343692800 5
1333584000 7
1327104000 2
1323000000 1
1322697600 2
1317120000 1
1316818944 1
1312200000 2
1306368000 21
1302030450 2
1296000000 2
1290240000 8
1285956000 8
1284505600 1
1275750000 2
1270080000 13
1269789696 2
1264435200 3
1260000000 1
1259712000 10
1254400000 1
1254113280 4
1250235000 2
1244160000 10
1240029000 2
1234800000 5
1234517760 3
1225230300 1
1225000000 1
1224720000 19
1219276800 9
1210104000 1
1209600000 10
1209323520 1
1204224000 1
1200500000 1
1200225600 1
1200000000 2
1195742250 1
1194393600 3
1190700000 3
1190427840 1
1185408000 7
1180980000 5
1176000000 2
1175731200 17
1170505728 1
1166400000 13
1161216000 11
1152480000 2
1152000000 4
1148175000 1
1147912560 1
1143072000 25
1134000000 10
1133740800 7
1128960000 9
1128701952 1
1125211500 1
1120210560 1
1120000000 1
1119744000 15
1114767360 1
1111320000 8
1105920000 3
1102500000 1
1102248000 21
1097600000 2
1097349120 10
1093500000 1
1088640000 27
1083801600 6
1080203040 2
1080000000 6
1075200000 3
1071630000 11
1066867200 10
1062882000 1
1061683200 4
1058400000 13
1058158080 11
1053696000 1
1050197400 1
1049760000 16
1045094400 15
1037232000 6
1036800000 13
1033357500 1
1032192000 5
1029000000 1
1028764800 20
1024000000 1
1020600000 16
1020366720 3
1016064000 21
1011548160 1
1008000000 6
1007769600 7
1003520000 3
1000188000 10
1000000000 1
995742720 2
995328000 13
992250000 2
992023200 6
990904320 1
987840000 7
987614208 3
983040000 2
980184240 1
979776000 47
975421440 3
972405000 1
972000000 9
968083200 2
967680000 22
964467000 3
963379200 3
960180480 6
955514880 5
952560000 19
948326400 7
945000000 4
944784000 11
943718400 1
940800000 6
940584960 9
937461924 1
933508800 3
933120000 33
930021750 1
928972800 5
926100000 5
925888320 5
921984000 2
921600000 9
918540000 8
914457600 26
911250000 1
907578000 1
907200000 33
906992640 3
903168000 5
900169200 6
896000000 6
895795200 15
893025000 6
892820880 1
889056000 20
885735000 2
885104640 3
884736000 6
882000000 5
881798400 24
878080000 5
877879296 3
874800000 14
871274880 3
870912000 43
868020300 1
867041280 4
864360000 4
864162432 1
864000000 8
860160000 11
857304000 21
853493760 5
850500000 8
850305600 5
846720000 24
846526464 1
842956800 4
840000000 1
839808000 29
836075520 7
833490000 3
829785600 4
829440000 16
826686000 9
825753600 3
823200000 4
823011840 5
816820200 1
816480000 51
816293376 1
812851200 15
810152280 2
810000000 1
806400000 22
806215680 6
803722500 2
802816000 2
800150400 18
800000000 1
797161500 1
796594176 1
796262400 11
793800000 23
793618560 10
792723456 1
790272000 11
787320000 18
784000000 4
783820800 39
781218270 3
777924000 6
777600000 23
774466560 1
774144000 18
771750000 1
771573600 22
768320000 3
768144384 3
768000000 6
765450000 5
765275040 1
762048000 37
758661120 2
756315000 1
756000000 21
755827200 17
752953600 1
752640000 8
752467968 2
750141000 6
746807040 3
746496000 26
744017400 4
743178240 4
740880000 20
740710656 3
737280000 5
735000000 2
734832000 48
731566080 12
729000000 9
725760000 58
725594112 1
723350250 1
722534400 7
720300000 2
720135360 8
720000000 5
716800000 3
716636160 6
714420000 23
714256704 1
711244800 15
708750000 1
708588000 6
707788800 6
705600000 25
705438720 28
700131600 8
700000000 1
699840000 30
696729600 32
694575000 2
694416240 7
691488000 6
691200000 26
688905000 7
688128000 3
686000000 1
685843200 32
682795008 1
680683500 1
680400000 33
680244480 2
677376000 32
675126900 2
674365440 1
672280000 1
672000000 3
671846400 23
669615660 3
668860416 4
666792000 29
663552000 18
661500000 5
661348800 30
660602880 2
658560000 13
658409472 8
656100000 15
655360000 3
653456160 4
653184000 79
650280960 9
648270000 3
648121824 1
648000000 26
645120000 25
642978000 23
642252800 1
640120320 8
640000000 4
637875000 2
637729200 2
637009920 4
635040000 62
634894848 2
632217600 10
630118440 2
630000000 5
629856000 32
627200000 8
627056640 19
625117500 2
624974616 1
622339200 8
622080000 64
620014500 1
619315200 14
617400000 12
617258880 20
614400000 6
612615150 2
612360000 51
609638400 52
607500000 3
605052000 2
604800000 43
604661760 10
602112000 13
600112800 28
597445632 3
597196800 25
595350000 9
595213920 6
592704000 30
590490000 9
590069760 1
589824000 5
588110544 1
588000000 9
587865600 67
585252864 1
583443000 2
583200000 37
580608000 67
578680200 15
578027520 4
576240000 2
576108288 4
576000000 18
574087500 1
573440000 8
571536000 72
568995840 11
567106596 1
567000000 15
566870400 17
564715200 1
564480000 65
564350976 8
560105280 5
560000000 7
559872000 49
558013050 1
557383680 11
555660000 30
555532992 4
553190400 8
552960000 33
551124000 45
550502400 2
548800000 4
548674560 28
546750000 2
544546800 4
544320000 97
544195584 2
541900800 38
540225000 1
540101520 8
540000000 9
537824000 1
537600000 22
537477120 20
535815000 13
535692528 2
533433600 47
531441000 3
530841600 16
529200000 35
529079040 20
526848000 8
525098700 1
525000000 2
524880000 40
524288000 2
522764928 1
522547200 73
520812180 2
520224768 1
518616000 18
518400000 41
516096000 30
514500000 1
514382400 56
512096256 3
512000000 2
510300000 21
510183360 4
509607936 1
508243680 1
508032000 99
506345175 1
505774080 1
504094752 2
504000000 31
503884800 37
501760000 5
501645312 2
500094000 19
497871360 8
497664000 55
496125000 4
496011600 20
495452160 3
493920000 29
493807104 7
492075000 4
491724800 2
491520000 11
490092120 1
490000000 2
489888000 114
487710720 38
486202500 2
486091368 2
486000000 12
484041600 5
483840000 105
482233500 4
481689600 4
480090240 31
480000000 4
478296900 3
477757440 9
476280000 74
476171136 3
474163200 27
472500000 3
472392000 34
471859200 1
470400000 20
470292480 48
466754400 14
466560000 83
464486400 50
463050000 10
462944160 19
460992000 8
460800000 25
459270000 27
459165024 1
458752000 1
457228800 88
455196672 3
453789000 1
453600000 88
453496320 17
451584000 51
450084600 12
450000000 2
449576960 2
448084224 3
448000000 12
447897600 51
446512500 5
446410440 2
445906944 2
444528000 73
442867500 4
442552320 5
442368000 25
441000000 9
440899200 75
440401920 1
439040000 10
438939648 10
437582250 1
437400000 22
435637440 3
435456000 161
434010150 4
433520640 10
432180000 12
432081216 4
432000000 28
430080000 16
429981696 3
428830605 1
428652000 72
426746880 34
425250000 7
425152800 10
424673280 3
423536400 1
423360000 97
423263232 5
421478400 9
420175000 1
420078960 8
420000000 6
419904000 78
418037760 58
416745000 14
416649744 2
414892800 21
414720000 89
413343000 13
413048832 1
412876800 21
411600000 12
411505920 52
408410100 1
408240000 129
408146688 2
406425600 103
405076140 5
405000000 6
403368000 2
403200000 80
403107840 16
401861250 2
401769396 1
401408000 3
400075200 66
400000000 2
398297088 2
398131200 36
396900000 32
396809280 29
395136000 60
393824025 1
393750000 2
393660000 29
393216000 6
392073696 3
392000000 12
391910400 157
390168576 10
388962000 20
388800000 79
387233280 1
387072000 90
385875000 2
385786800 53
384160000 5
384072192 9
384000000 9
382725000 18
382637520 2
382205952 1
381024000 153
379330560 8
378071064 1
378000000 29
377913600 51
376476800 1
376320000 35
376233984 8
375070500 8
373403520 21
373248000 110
372008700 4
371589120 12
370440000 37
370355328 11
368793600 8
368640000 43
367569090 1
367500000 1
367416000 106
365783040 64
364568526 2
364500000 12
363031200 4
362880000 182
362797056 1
361267200 46
360067680 31
360000000 12
358400000 15
358318080 25
357210000 46
357128352 3
355622400 73
354375000 1
354294000 10
354041856 1
353894400 13
352947000 2
352800000 51
352719360 66
351232000 17
350065800 18
350000000 4
349920000 108
348509952 3
348364800 146
347287500 1
347208120 10
346816512 1
345744000 23
345600000 79
344452500 6
344373768 1
344064000 29
343064484 2
343000000 7
342921600 117
341397504 10
340200000 81
340122240 15
338829120 1
338688000 158
337563450 4
337500000 1
337182720 2
336063168 5
336000000 24
335923200 93
334807830 1
334430208 5
333396000 59
331914240 15
331776000 88
330812181 1
330750000 10
330674400 48
330301440 10
329280000 29
329204736 23
328050000 15
327680000 5
326728080 7
326592000 264
325140480 42
324135000 6
324060912 4
324000000 41
322694400 7
322560000 114
322486272 5
321489000 41
321126400 5
320060160 61
320000000 2
318937500 2
318864600 5
318504960 20
317652300 1
317520000 136
317447424 9
316108800 46
315059220 3
315000000 7
314928000 75
313600000 21
313528320 77
312558750 2
312487308 2
311169600 26
311040000 139
310007250 3
309657600 72
308700000 15
308629440 61
307328000 8
307200000 17
306180000 94
306110016 3
304946208 1
304819200 193
303750000 5
303464448 1
302526000 5
302400000 128
302330880 34
301056000 48
300056400 45
300000000 2
298722816 4
298598400 87
297675000 13
297606960 10
296352000 81
295245000 4
295034880 6
294912000 13
294000000 13
293932800 196
292626432 15
291721500 5
291600000 81
290424960 6
290304000 277
289340100 14
289013760 6
288120000 13
288054144 14
288000000 42
286978140 1
286720000 17
286654464 3
285768000 159
284497920 45
283553298 1
283500000 34
283435200 42
283115520 1
282357600 1
282240000 109
282175488 15
280985600 6
280052640 22
280000000 5
279936000 146
278691840 63
277830000 28
277766496 9
276595200 28
276480000 87
275625000 2
275562000 67
275251200 18
274400000 15
274337280 119
273375000 1
272273400 5
272160000 215
272097792 3
271063296 2
270950400 117
270112500 4
270050760 18
270000000 14
268912000 4
268800000 50
268738560 51
267907500 10
266716800 124
265720500 3
265531392 3
265420800 48
264600000 76
264539520 80
264241152 1
263424000 30
262549350 1
262500000 1
262440000 62
262144000 2
261382464 1
261273600 268
260406090 2
260112384 9
259308000 32
259200000 132
258280326 1
258155520 1
258048000 110
257250000 5
257191200 132
256048128 16
256000000 11
255150000 35
255091680 9
254803968 3
254121840 3
254016000 303
252887040 23
252105000 2
252047376 4
252000000 58
251942400 102
251658240 1
250880000 18
250822656 17
250047000 40
248935680 23
248832000 199
248005800 31
247726080 20
246960000 56
246903552 27
246037500 2
245862400 7
245760000 26
245046060 3
245000000 4
244944000 264
243855360 117
243101250 2
243000000 25
242020800 6
241920000 252
241864704 8
241116750 6
240844800 28
240100000 3
240045120 53
240000000 8
239148450 1
238878720 30
238140000 139
238085568 12
237081600 87
236250000 2
236196000 54
236027904 1
235929600 16
235298000 1
235200000 49
235146240 152
233377200 48
233280000 186
232339968 4
232243200 198
231525000 11
231472080 52
231211008 1
230496000 26
230400000 57
229635000 25
229582512 1
229376000 7
228614400 272
227812500 2
227598336 15
226894500 2
226800000 157
226748160 40
225792000 162
225042300 26
225000000 2
224788480 1
224042112 10
224000000 23
223948800 154
223256250 1
223205220 4
222953472 9
222264000 125
221433750 1
221276160 15
221184000 93
220541454 2
220500000 23
220449600 166
220200960 3
219520000 23
219469824 38
218700000 42
217818720 9
217728000 401
217005075 1
216760320 48
216090000 20
216040608 9
216000000 55
215129600 4
215040000 77
214990848 9
214326000 88
213373440 98
212625000 9
212576400 18
212336640 18
211768200 1
211680000 226
211631616 30
210739200 33
210087500 1
210039480 21
210000000 12
209952000 183
209715200 1
209018880 147
208372500 16
208324872 4
207446400 53
207360000 199
206671500 20
206524416 1
206438400 60
205800000 15
205752960 138
204800000 16
204205050 2
204120000 226
204073344 2
203297472 2
203212800 263
202538070 3
202500000 8
202309632 2
201684000 5
201600000 158
201553920 67
200704000 23
200037600 135
200000000 1
199290375 1
199148544 12
199065600 127
198450000 59
198404640 57
198180864 2
197568000 120
196830000 37
196689920 3
196608000 19
196036848 5
196000000 5
195955200 365
195084288 30
194481000 21
194400000 121
193616640 7
193536000 266
192937500 1
192893400 59
192675840 14
192080000 11
192036096 26
192000000 25
191362500 5
191318760 3
191102976 6
190591380 2
190512000 365
189665280 52
189035532 2
189000000 72
188956800 107
188743680 2
188238400 1
188160000 95
188116992 41
187535250 7
187500000 1
186701760 45
186624000 315
186004350 4
185794560 75
185220000 61
185177664 15
184396800 15
184320000 88
183750000 4
183708000 191
183500800 6
182891520 201
182250000 15
181515600 14
181440000 440
181398528 11
180633600 105
180075000 3
180033840 47
180000000 27
179830784 1
179200000 35
179159040 97
178605000 57
178564176 3
177811200 194
177187500 1
177147000 16
177020928 2
176947200 50
176473500 1
176400000 100
176359680 171
175616000 18
175032900 16
174960000 175
174254976 5
174182400 414
173604060 10
173408256 9
172872000 46
172800000 156
172226250 5
172186884 1
172103680 1
172032000 52
171500000 3
171460800 262
170698752 36
170100000 111
170061120 31
169869312 4
169414560 3
169344000 351
168781725 1
168750000 1
168591360 18
168070000 1
168031584 14
168000000 46
167961600 222
167215104 28
166698000 115
165957120 32
165888000 236
165375000 6
165337200 79
165150720 18
164640000 70
164602368 49
164025000 17
163840000 8
163364040 16
163296000 539
162570240 130
162067500 6
162030456 3
162000000 72
161347200 10
161280000 270
161243136 17
160744500 34
160563200 10
160030080 136
160000000 9
159432300 6
159252480 44
158760000 267
158723712 27
158054400 110
157529610 5
157500000 8
157464000 120
157286400 4
156800000 37
156764160 229
156243654 2
155584800 84
155520000 321
154893312 3
154828800 199
154350000 29
154314720 106
154140672 1
153664000 12
153600000 48
153090000 112
153055008 2
152409600 502
151732224 13
151263000 6
151200000 262
151165440 94
150994944 3
150590720 1
150528000 105
150028200 65
150000000 7
149361408 16
149299200 242
148837500 6
148803480 24
148635648 18
148176000 214
147622500 4
147517440 10
147456000 73
147027636 1
147000000 39
146966400 389
146800640 2
146313216 59
145860750 2
145800000 104
145212480 11
145152000 602
144670050 10
144506880 39
144060000 22
144027072 30
144000000 51
143360000 33
143327232 20
142884000 293
142248960 143
141776649 1
141750000 24
141717600 49
141557760 11
141178800 2
141120000 242
141087744 56
140492800 23
140026320 43
140000000 12
139968000 369
139345920 195
138915000 44
138883248 14
138297600 71
138240000 212
137812500 2
137781000 86
137625600 35
137200000 21
137168640 279
136687500 2
136136700 5
136080000 456
136048896 9
135531648 1
135475200 298
135025380 23
135000000 19
134873088 2
134456000 4
134400000 119
134369280 128
133953750 9
133923132 2
133358400 239
132860250 2
132765696 16
132710400 166
132300000 94
132269760 128
132120576 2
131712000 87
131250000 1
131220000 106
131072000 6
130691232 5
130636800 631
130203045 1
130056192 32
129654000 50
129600000 230
129077760 6
129024000 254
128625000 2
128595600 162
128450560 6
128024064 48
128000000 22
127575000 49
127545840 12
127401984 8
127060920 1
127008000 553
126443520 70
126052500 4
126023688 7
126000000 73
125971200 231
125829120 4
125440000 69
125411328 51
125023500 37
124467840 44
124416000 419
124002900 19
123863040 69
123480000 113
123451776 44
122931200 10
122880000 46
122523030 7
122500000 5
122472000 434
121927680 301
121522842 2
121500000 36
121010400 20
120960000 515
120932352 25
120422400 71
120050000 2
120022560 126
120000000 18
119574225 1
119439360 109
119070000 158
119042784 20
118590192 1
118540800 297
118125000 7
118098000 71
118013952 2
117964800 37
117600000 90
117573120 309
116688600 37
116640000 370
116169984 7
116121600 490
115762500 8
115736040 47
115605504 8
115248000 23
115200000 154
114817500 23
114791256 1
114688000 43
114307200 544
113799168 29
113447250 3
113400000 228
113374080 72
113246208 4
112943040 2
112896000 319
112521150 7
112500000 3
112394240 6
112021056 23
112000000 38
111974400 337
111602610 2
111476736 37
111132000 210
110716875 1
110638080 42
110592000 257
110250000 20
110224800 241
110100480 8
109760000 41
109734912 95
109350000 49
108909360 17
108864000 877
108380160 148
108045000 16
108020304 23
108000000 107
107564800 7
107520000 178
107495424 29
107187500 1
107163000 127
106686720 246
106312500 5
106288200 27
106168320 51
105884100 2
105840000 416
105815808 64
105369600 88
105019740 13
105000000 14
104976000 287
104857600 2
104509440 341
104186250 8
104162436 3
103723200 112
103680000 451
103335750 10
103262208 1
103219200 157
102900000 32
102876480 234
102400000 23
102060000 329
102036672 10
101648736 2
101606400 658
101269035 3
101250000 11
101154816 15
100842000 6
100800000 281
100776960 153
100352000 52
100018800 199
100000000 2
99574272 30
99532800 333
99225000 44
99202320 68
99090432 9
98784000 223
98437500 1
98415000 30
98344960 6
98304000 35
98018424 5
98000000 23
97977600 790
97542144 78
97240500 22
97200000 231
96808320 27
96768000 677
96446700 49
96337920 25
96040000 13
96018048 71
96000000 53
95681250 1
95659380 1
95551488 22
95295690 1
95256000 541
94832640 133
94517766 1
94500000 65
94478400 177
94371840 11
94119200 1
94080000 208
94058496 104
93767625 4
93350880 78
93312000 594
93002175 1
92897280 196
92610000 94
92588832 34
92198400 43
92160000 223
91875000 2
91854000 222
91750400 11
91445760 423
91125000 15
90757800 12
90720000 689
90699264 30
90354432 2
90316800 269
90037500 3
90016920 53
90000000 25
89915392 3
89600000 64
89579520 236
89302500 40
89282088 9
88905600 339
88573500 16
88510464 12
88473600 136
88200000 140
88179840 300
88080384 1
87808000 54
87516450 10
87500000 5
87480000 251
87127488 14
87091200 918
86802030 11
86704128 28
86436000 61
86400000 259
86051840 4
86016000 149
85766121 1
85750000 4
85730400 369
85349376 64
85050000 126
85030560 46
84934656 7
84707280 1
84672000 747
84375000 1
84295680 37
84035000 1
84015792 17
84000000 80
83980800 443
83607552 70
83349000 109
82978560 99
82944000 469
82687500 8
82668600 95
82575360 44
82320000 99
82301184 112
82012500 8
81920000 18
81682020 14
81648000 903
81285120 352
81033750 4
81015228 5
81000000 82
80673600 24
80640000 531
80621568 47
80372250 19
80281600 26
80015040 235
80000000 16
79626240 136
79380000 279
79361856 33
79027200 224
78764805 3
78750000 4
78732000 172
78643200 15
78400000 58
78382080 490
78121827 1
77792400 82
77760000 535
77446656 7
77414400 414
77175000 19
77157360 130
76832000 26
76800000 83
76545000 104
76527504 4
76236552 3
76204800 909
75866112 22
75631500 3
75600000 337
75582720 142
75497472 2
75295360 1
75264000 231
75014100 71
75000000 2
74680704 35
74649600 599
74418750 6
74401740 15
74317824 41
74088000 300
73811250 3
73758720 33
73728000 169
73513818 3
73500000 30
73483200 565
73400320 3
73156608 125
72900000 114
72606240 26
72576000 1165
72335025 1
72253440 109
72030000 15
72013536 48
72000000 114
71680000 79
71663616 35
71442000 329
71124480 300
70875000 27
70858800 69
70778880 39
70589400 4
70560000 428
70543872 98
70246400 34
70013160 41
70000000 17
69984000 599
69672960 515
69457500 33
69441624 21
69148800 105
69120000 459
68890500 55
68841472 2
68812800 96
68600000 21
68584320 452
68068350 3
68040000 626
68024448 16
67765824 3
67737600 670
67528125 1
67512690 16
67500000 11
67436544 8
67228000 10
67200000 191
67184640 333
66976875 5
66961566 1
66679200 330
66430125 1
66382848 27
66355200 346
66150000 117
66134880 166
66060288 13
65883440 1
65856000 183
65610000 120
65536000 12
65345616 7
65318400 1122
65028096 82
64827000 39
64800000 328
64538880 12
64512000 605
64312500 1
64297800 180
64225280 8
64012032 89
64000000 27
63787500 28
63772920 15
63700992 24
63530460 3
63504000 884
63221760 118
63011844 7
63000000 107
62985600 387
62914560 5
62720000 94
62705664 151
62511750 21
62233920 99
62208000 870
62001450 12
61931520 168
61740000 126
61725888 84
61465600 24
61440000 131
61250000 4
61236000 557
60963840 588
60750000 36
60505200 22
60480000 913
60466176 49
60211200 155
60025000 4
60011280 159
60000000 26
59719680 247
59535000 161
59521392 20
59270400 439
59062500 1
59049000 54
59006976 7
58982400 101
58800000 117
58786560 591
58720256 1
58344300 22
58320000 510
58084992 12
58060800 1091
57881250 5
57868020 31
57802752 18
57624000 53
57600000 303
57408750 13
57395628 1
57344000 71
57177414 1
57153600 834
56899584 82
56700000 243
56687040 96
56623104 6
56471520 4
56448000 653
56260575 2
56250000 1
56197120 14
56010528 41
56000000 42
55987200 694
55738368 89
55566000 243
55319040 77
55296000 501
55125000 25
55112400 269
55050240 34
54880000 53
54867456 183
54675000 30
54454680 9
54432000 1400
54190080 330
54022500 10
54010152 22
54000000 106
53782400 5
53760000 332
53747712 99
53581500 81
53343360 370
53156250 5
53144100 16
53084160 111
52942050 2
52920000 495
52907904 102
52684800 160
52509870 14
52500000 13
52488000 399
52428800 9
52254720 770
52093125 1
52081218 2
51861600 120
51840000 785
51667875 1
51631104 4
51609600 395
51450000 31
51438240 365
51380224 1
51200000 40
51030000 307
51018336 13
50824368 2
50803200 1191
50625000 6
50577408 28
50421000 10
50400000 380
50388480 298
50176000 98
50009400 169
50000000 5
49787136 59
49766400 750
49612500 28
49601160 70
49545216 32
49412580 1
49392000 319
49207500 18
49172480 14
49152000 93
49009212 2
49000000 23
48988800 1077
48771072 157
48620250 16
48600000 250
48404160 25
48384000 1233
48234375 1
48223350 27
48168960 73
48020000 14
48009024 95
48000000 87
47829690 2
47775744 51
47628000 660
47416320 275
47258883 1
47250000 53
47239200 195
47185920 40
47059600 3
47040000 325
47029248 196
46675440 98
46656000 1002
46448640 507
46305000 83
46294416 44
46099200 80
46080000 395
45937500 1
45927000 191
45875200 39
45722880 766
45562500 6
45378900 9
45360000 971
45349632 45
45158400 578
45018750 3
45008460 48
45000000 27
44957696 3
44800000 100
44789760 460
44651250 17
44641044 5
44452800 504
44286750 3
44255232 20
44236800 273
44100000 163
44089920 386
44040192 3
43904000 73
43758225 4
43750000 2
43740000 297
43563744 14
43545600 1622
43401015 2
43352064 51
43218000 78
43200000 442
43025920 6
43008000 305
42875000 2
42865200 438
42674688 155
42525000 89
42515280 45
42467328 17
42353640 5
42336000 1023
42147840 78
42017500 1
42007896 14
42000000 78
41990400 667
41803776 159
41674500 92
41489280 144
41472000 985
41343750 1
41334300 58
41287680 108
41160000 121
41150592 195
41006250 2
40960000 48
40841010 7
40824000 1155
40642560 699
40516875 2
40507614 7
40500000 92
40336800 17
40320000 833
40310784 87
40186125 4
40140800 68
40007520 303
40000000 7
39813120 291
39690000 351
39680928 64
39513600 370
39375000 4
39366000 183
39337984 2
39321600 62
39200000 77
39191040 942
38896200 69
38880000 843
38723328 10
38707200 1053
38587500 12
38578680 137
38535168 12
38416000 33
38400000 167
38272500 74
38263752 8
38118276 1
38102400 1330
37933056 85
37815750 2
37800000 434
37791360 205
37748736 5
37647680 1
37632000 396
37507050 35
37500000 2
37340352 57
37324800 1023
37200870 10
37158912 87
37044000 341
36879360 51
36864000 361
36750000 19
36741600 691
36700160 7
36578304 232
36450000 106
36303120 37
36288000 1787
36126720 243
36015000 16
36006768 57
36000000 129
35840000 128
35831808 107
35721000 285
35562240 468
35437500 14
35429400 44
35389440 101
35294700 2
35280000 543
35271936 189
35123200 59
35006580 42
35000000 12
34992000 806
34836480 933
34728750 12
34720812 13
34574400 150
34560000 783
34445250 18
34420736 3
34406400 203
34300000 22
34292160 681
34034175 1
34020000 690
34012224 41
33882912 3
33868800 1193
33756345 7
33750000 19
33718272 16
33614000 7
33600000 301
33592320 534
33480783 2
33339600 337
33191424 47
33177600 695
33075000 71
33067440 183
33030144 21
32941720 1
32928000 245
32805000 74
32768000 30
32672808 9
32659200 1794
32514048 168
32413500 36
32400000 407
32269440 25
32256000 959
32156250 1
32148900 119
32112640 16
32006016 142
32000000 37
31893750 14
31886460 11
31850496 59
31765230 2
31752000 1103
31610880 232
31505922 6
31500000 87
31492800 431
31457280 9
31360000 166
31352832 301
31255875 5
31116960 127
31104000 1315
31000725 2
30965760 415
30870000 123
30862944 124
30732800 38
30720000 197
30625000 2
30618000 543
30481920 1041
30375000 29
30252600 20
30240000 1236
30233088 100
30105600 316
30012500 4
30005640 157
30000000 26
29859840 524
29767500 79
29760696 17
29635200 639
29524500 34
29503488 8
29491200 202
29412250 1
29400000 163
29393280 759
29360128 2
29172150 25
29160000 580
29042496 20
29030400 1855
28934010 23
28901376 54
28812000 64
28800000 372
28697814 1
28672000 126
28588707 2
28576800 927
28449792 146
28350000 215
28343520 100
28311552 16
28235760 3
28224000 988
28125000 1
28098560 34
28005264 41
28000000 53
27993600 1141
27869184 203
27783000 192
27659520 131
27648000 915
27562500 11
27556200 238
27525120 59
27440000 63
27433728 265
27337500 19
27227340 17
27216000 1769
27095040 576
27011250 3
27005076 26
27000000 117
26891200 5
26880000 520
26873856 140
26790750 39
26671680 496
26572050 9
26542080 313
26471025 1
26460000 537
26453952 141
26342400 244
26254935 3
26250000 9
26244000 429
26214400 13
26127360 1306
26040609 4
25930800 142
25920000 1077
25815552 6
25804800 692
25725000 23
25719120 378
25690112 4
25600000 63
25515000 226
25509168 13
25401600 1660
25312500 3
25288704 36
25210500 5
25200000 471
25194240 457
25165824 1
25088000 171
25004700 131
25000000 3
24893568 81
24883200 1238
24806250 9
24800580 55
24772608 89
24696000 436
24603750 5
24586240 16
24576000 178
24504606 3
24500000 23
24494400 1350
24385536 282
24300000 246
24202080 30
24192000 1953
24111675 3
24084480 128
24010000 17
24004512 104
24000000 108
23914845 1
23887872 131
23814000 663
23708160 482
23625000 41
23619600 204
23592960 64
23529800 1
23520000 397
23514624 289
23337720 77
23328000 1366
23224320 950
23152500 47
23147208 47
23049600 113
23040000 635
22963500 122
22937600 68
22861440 1057
22781250 2
22689450 5
22680000 1064
22674816 68
22588608 1
22579200 932
22504230 34
22500000 25
22478848 4
22400000 132
22394880 719
22325625 3
22320522 3
22226400 562
22143375 1
22127616 42
22118400 556
22050000 110
22044960 505
22020096 10
21952000 115
21870000 243
21781872 13
21772800 2503
21676032 160
21609000 56
21600000 496
21512960 12
21504000 550
21437500 4
21432600 383
21337344 216
21262500 43
21257640 32
21233664 53
21176820 5
21168000 1321
21073920 133
21003948 16
21000000 95
20995200 890
20971520 3
20901888 338
20837250 40
20744640 165
20736000 1557
20671875 1
20667150 29
20643840 288
20580000 118
20575296 222
20503125 1
20480000 77
20420505 2
20412000 1159
20321280 1206
20253807 3
20250000 54
20168400 16
20160000 1075
20155392 151
20070400 98
20003760 320
20000000 9
19906560 632
19845000 251
19840464 74
19765032 2
19756800 582
19687500 5
19683000 133
19668992 2
19660800 91
19600000 94
19595520 1357
19448100 79
19440000 954
19361664 16
19353600 1721
19293750 4
19289340 113
19267584 18
19208000 39
19200000 229
19136250 27
19131876 4
19059138 1
19051200 1536
18966528 132
18900000 351
18895680 289
18874368 10
18823840 4
18816000 596
18753525 5
18750000 2
18670176 65
18662400 1530
18600435 2
18579456 193
18522000 332
18439680 74
18432000 617
18375000 17
18370800 662
18350080 18
18289152 391
18225000 76
18151560 19
18144000 2479
18063360 493
18007500 4
18003384 47
18000000 160
17920000 187
17915904 189
17860500 190
17781120 650
17718750 3
17714700 41
17694720 212
17647350 2
17640000 608
17635968 284
17561600 89
17503290 25
17500000 15
17496000 851
17418240 1530
17364375 5
17360406 7
17287200 163
17280000 1097
17222625 5
17210368 3
17203200 362
17150000 22
17146080 705
17010000 568
17006112 36
16941456 2
16934400 1655
16875000 12
16859136 47
16807000 6
16800000 312
16796160 755
16669800 262
16595712 84
16588800 1186
16537500 41
16533720 166
16515072 44
16464000 310
16402500 48
16384000 69
16336404 8
16329600 2254
16257024 246
16206750 18
16200000 431
16134720 21
16128000 1490
16074450 65
16056320 46
16003008 172
16000000 48
15946875 1
15943230 4
15925248 127
15876000 1059
15805440 389
15752961 1
15750000 81
15746400 438
15728640 31
15680000 189
15676416 472
15558480 165
15552000 1838
15482880 774
15435000 106
15431472 130
15366400 52
15360000 340
15312500 2
15309000 424
15240960 1448
15187500 9
15126300 12
15120000 1358
15116544 139
15052800 471
15006250 1
15002820 118
15000000 31
14929920 940
14883750 25
14880348 24
14817600 752
14762250 22
14751744 15
14745600 381
14700000 123
14696640 888
14680064 4
14586075 3
14580000 529
14521248 14
14515200 2776
14467005 6
14450688 94
14406000 71
14400000 459
14348907 1
14336000 167
14288400 795
14224896 229
14175000 145
14171760 98
14155776 31
14117880 3
14112000 1221
14062500 2
14049280 37
14002632 21
14000000 60
13996800 1403
13934592 380
13891500 121
13829760 148
13824000 1335
13781250 2
13778100 148
13762560 132
13720000 80
13716864 406
13668750 4
13613670 8
13608000 1997
13547520 1008
13505625 3
13502538 10
13500000 110
13445600 8
13440000 664
13436928 219
13395375 7
13335840 486
13286025 1
13271040 509
13230000 398
13226976 143
13171200 336
13125000 8
13122000 334
13107200 23
13063680 1875
12965400 111
12960000 1347
12907776 10
12902400 1198
12862500 11
12859560 283
12845056 6
12800000 96
12757500 136
12754584 9
12706092 4
12700800 1928
12644352 81
12605250 1
12600000 393
12597120 545
12582912 1
12544000 242
12502350 63
12500000 2
12446784 101
12441600 1815
12403125 2
12400290 20
12386304 152
12348000 406
12301875 1
12293120 35
12288000 276
12252303 2
12250000 14
12247200 1341
12192768 451
12150000 164
12101040 33
12096000 2424
12042240 218
12005000 9
12002256 113
12000000 121
11943936 234
11907000 479
11854080 639
11812500 15
11809800 132
11796480 113
11764900 1
11760000 436
11757312 441
11668860 65
11664000 1507
11612160 1496
11576250 24
11573604 38
11524800 112
11520000 862
11481750 59
11468800 107
11430720 1222
11344725 2
11340000 1016
11337408 76
11294304 2
11289600 1279
11252115 8
11250000 16
11239424 9
11200000 164
11197440 1060
11113200 544
11063808 55
11059200 1010
11025000 91
11022480 441
11010048 17
10976000 152
10935000 139
10890936 16
10886400 3040
10838016 239
10804500 37
10800000 523
10756480 13
10752000 788
10718750 1
10716300 243
10668672 276
10631250 24
10628820 24
10616832 98
10588410 2
10584000 1369
10536960 228
10501974 10
10500000 72
10497600 870
10485760 9
10450944 554
10418625 4
10372320 177
10368000 2172
10333575 4
10321920 474
10290000 106
10287648 191
10240000 114
10206000 913
10160640 1565
10125000 37
10084200 11
10080000 1270
10077696 212
10035200 156
10001880 261
10000000 18
9953280 944
9922500 123
9920232 56
9878400 617
9843750 3
9841500 57
9834496 8
9830400 153
9800000 83
9797760 1563
9724050 23
9720000 930
9680832 25
9676800 2362
9646875 1
9644670 49
9633792 52
9604000 37
9600000 270
9568125 6
9565938 3
9525600 1488
9483264 198
9450000 276
9447840 264
9437184 18
9411920 3
9408000 687
9335088 59
9331200 2009
9289728 345
9261000 249
9219840 95
9216000 946
9187500 8
9185400 488
9175040 29
9144576 528
9112500 41
9075780 14
9072000 2670
9031680 686
9003750 2
9001692 40
9000000 139
8960000 243
8957952 297
8930250 73
8890560 699
8859375 1
8857350 11
8847360 405
8820000 532
8817984 288
8780800 131
8751645 6
8750000 9
8748000 850
8709120 2167
8680203 2
8643600 115
8640000 1273
8605184 3
8601600 556
8575000 14
8573040 676
8505000 374
8503056 28
8470728 2
8467200 2066
8437500 3
8429568 42
8403500 4
8400000 361
8398080 940
8334900 196
8297856 83
8294400 1847
8268750 10
8266860 97
8257536 93
8232000 307
8201250 14
8192000 97
8168202 4
8164800 2280
8128512 449
8103375 1
8100000 337
8067360 33
8064000 1986
8037225 12
8028160 65
8001504 192
8000000 55
7962624 199
7938000 856
7902720 513
7875000 39
7873200 343
7864320 60
7840000 197
7838208 611
7779240 112
7776000 2084
7741440 1244
7717500 53
7715736 102
7683200 66
7680000 484
7654500 220
7620480 1697
7593750 2
7563150 6
7560000 1285
7558272 173
7526400 733
7501410 44
7500000 15
7464960 1363
7441875 6
7440174 7
7408800 699
7375872 25
7372800 644
7350000 92
7348320 970
7340032 3
7290000 368
7260624 20
7257600 3422
7225344 173
7203000 30
7200000 538
7168000 291
7144200 596
7112448 275
7087500 55
7085880 77
7077888 66
7058940 2
7056000 1202
7024640 78
7001316 25
7000000 50
6998400 1602
6967296 615
6945750 55
6914880 182
6912000 1908
6889050 57
6881280 212
6860000 69
6858432 417
6806835 1
6804000 1714
6773760 1446
6751269 4
6750000 62
6722800 17
6720000 758
6718464 340
6667920 468
6635520 853
6615000 259
6613488 125
6588344 1
6585600 442
6562500 5
6561000 248
6553600 25
6531840 2223
6482700 68
6480000 1312
6453888 6
6451200 1701
6431250 3
6429780 166
6422528 5
6400000 126
6378750 31
6377292 6
6353046 2
6350400 2057
6322176 137
6300000 373
6298560 560
6291456 8
6272000 312
6251175 16
6250000 3
6223392 79
6220800 2509
6200145 5
6193152 268
6174000 324
6146560 38
6144000 474
6125000 5
6123600 1061
6096384 611
6075000 96
6050520 15
6048000 2853
6021120 324
6002500 6
6001128 98
6000000 108
5971968 326
5953500 233
5927040 750
5906250 4
5904900 66
5898240 211
5880000 390
5878656 489
5834430 30
5832000 1412
5806080 2157
5788125 1
5786802 19
5762400 104
5760000 1088
5740875 10
5734400 145
5715360 1083
5670000 685
5668704 85
5644800 1602
5625000 10
5619712 12
5600000 148
5598720 1367
5556600 348
5531904 72
5529600 1394
5512500 41
5511240 284
5505024 32
5488000 122
5467500 61
5445468 10
5443200 3201
5419008 370
5402250 12
5400000 432
5378240 12
5376000 1044
5358150 90
5334336 298
5315625 1
5314410 6
5308416 169
5294205 1
5292000 1185
5268480 262
5250987 1
5250000 35
5248800 813
5242880 15
5225472 750
5186160 167
5184000 2386
5160960 686
5145000 64
5143824 179
5120000 155
5103000 613
5080320 1869
5062500 10
5042100 6
5040000 1251
5038848 270
5017600 230
5000940 145
5000000 13
4976640 1403
4961250 40
4960116 30
4939200 640
4920750 20
4917248 6
4915200 276
4900000 73
4898880 1528
4862025 8
4860000 719
4840416 24
4838400 3003
4822335 7
4816896 69
4802000 25
4800000 287
4762800 1165
4741632 237
4725000 130
4723920 228
4718592 42
4704000 846
4667544 47
4665600 2304
4644864 562
4630500 141
4609920 114
4608000 1231
4593750 2
4592700 231
4587520 56
4572288 577
4556250 13
4537890 2
4536000 2426
4515840 930
4501875 2
4500846 16
4500000 107
4480000 282
4478976 398
4465125 12
4445280 646
4428675 1
4423680 664
4410000 378
4408992 274
4390400 147
4375000 3
4374000 551
4354560 2720
4321800 113
4320000 1334
4302592 8
4300800 813
4287500 5
4286520 450
4252500 166
4251528 22
4235364 4
4233600 2088
4214784 67
4201750 1
4200000 298
4199040 928
4194304 3
4167450 65
4148928 81
4147200 2372
4134375 1
4133430 46
4128768 155
4117715 1
4116000 225
4100625 2
4096000 114
4084101 1
4082400 1977
4064256 604
4050000 200
4033680 22
4032000 2118
4014080 87
4000752 191
4000000 63
3981312 327
3969000 509
3951360 576
3937500 17
3936600 209
3932160 78
3920000 174
3919104 722
3889620 64
3888000 2155
3870720 1723
3858750 16
3857868 50
3841600 49
3840000 576
3827250 61
3810240 1653
3796875 1
3781575 2
3780000 994
3779136 169
3764768 1
3763200 830
3750705 11
3750000 7
3732480 1766
3720087 4
3704400 491
3687936 34
3686400 871
3675000 51
3674160 736
3670016 14
3645000 218
3630312 9
3628800 3704
3612672 232
3601500 20
3600000 456
3584000 331
3572100 303
3556224 312
3543750 28
3542940 51
3538944 127
3529470 1
3528000 1165
3512320 79
3500658 9
3500000 34
3499200 1491
3483648 843
3472875 5
3457440 165
3456000 2120
3444525 10
3440640 298
3430000 39
3429216 397
3402000 1285
3386880 1694
3375000 31
3361400 5
3360000 791
3359232 407
3333960 316
3317760 1352
3307500 145
3306744 85
3292800 397
3280500 111
3276800 73
3265920 2275
3241350 17
3240000 1063
3226944 14
3225600 2124
3214890 60
3211264 11
3200000 110
3189375 2
3175200 1685
3161088 179
3150000 220
3149280 478
3145728 21
3136000 308
3111696 71
3110400 2803
3096576 405
3087000 177
3073280 31
3072000 602
3062500 1
3061800 615
3048192 681
3037500 42
3025260 5
3024000 2610
3010560 504
3001250 2
3000564 53
3000000 82
2985984 462
2976750 79
2963520 651
2952450 23
2949120 379
2940000 312
2939328 519
2917215 8
2916000 1119
2903040 2752
2893401 5
2881200 92
2880000 1009
2867200 231
2857680 871
2835000 412
2834352 46
2823576 2
2822400 1663
2812500 7
2809856 20
2800000 143
2799360 1483
2778300 167
2765952 87
2764800 1918
2756250 11
2755620 152
2752512 54
2744000 132
2733750 21
2722734 3
2721600 3015
2709504 504
2701125 2
2700000 320
2689120 10
2688000 1179
2679075 31
2667168 268
2657205 1
2654208 238
2646000 820
2634240 279
2625000 33
2624400 537
2621440 16
2612736 877
2593080 92
2592000 2511
2580480 1044
2572500 33
2571912 143
2560000 168
2551500 270
2540160 1956
2531250 4
2520000 1006
2519424 290
2508800 253
2500470 62
2500000 6
2488320 1823
2480625 8
2480058 16
2469600 517
2460375 3
2458624 15
2457600 385
2450000 30
2449440 1394
2430000 449
2420208 10
2419200 3428
2408448 96
2401000 16
2400000 316
2381400 703
2370816 299
2362500 68
2361960 133
2359296 59
2352000 740
2333772 35
2332800 2293
2322432 733
2315250 42
2304960 107
2304000 1411
2296875 2
2296350 78
2293760 89
2286144 570
2268945 1
2268000 1870
2257920 1152
2250423 5
2250000 56
2240000 311
2239488 496
2222640 509
2211840 903
2205000 211
2204496 185
2195200 164
2187500 2
2187000 322
2177280 2867
2160900 64
2160000 1195
2151296 4
2150400 949
2143750 1
2143260 236
2126250 52
2125764 11
2117682 1
2116800 1868
2107392 80
2100000 192
2099520 865
2097152 4
2083725 15
2074464 83
2073600 2777
2066715 9
2064384 237
2058000 165
2048000 194
2041200 1441
2032128 753
2025000 110
2016840 15
2016000 2131
2007040 107
2000376 118
2000000 38
1990656 495
1984500 249
1975680 551
1968750 7
1968300 92
1966080 138
1960000 145
1959552 759
1944810 24
1944000 1669
1935360 2060
1929375 3
1928934 22
1920800 38
1920000 573
1913625 14
1905120 1351
1890000 662
1889568 112
1882384 2
1881600 906
1875000 7
1866240 1938
1852200 289
1843968 34
1843200 1168
1837500 32
1837080 452
1835008 16
1822500 93
1815156 4
1814400 3513
1806336 272
1800750 9
1800000 344
1792000 366
1786050 96
1778112 317
1771875 3
1771470 11
1769472 164
1764000 861
1756160 83
1750329 3
1750000 22
1749600 1129
1741824 1016
1728720 124
1728000 2266
1720320 448
1715000 26
1714608 299
1701000 698
1693440 1711
1687500 8
1680700 2
1680000 699
1679616 435
1666980 161
1658880 1626
1653750 33
1653372 46
1646400 347
1640250 37
1638400 105
1632960 2092
1620675 1
1620000 720
1613472 5
1612800 2341
1607445 11
1605632 20
1600000 92
1594323 1
1587600 1121
1580544 196
1575000 129
1574640 299
1572864 25
1568000 302
1555848 48
1555200 2723
1548288 500
1543500 84
1536640 40
1536000 679
1531250 2
1530900 300
1524096 726
1518750 10
1512630 3
1512000 2073
1505280 548
1500282 23
1500000 49
1492992 581
1488375 9
1481760 532
1476225 1
1474560 517
1470000 189
1469664 384
1458000 734
1451520 2883
1440600 45
1440000 982
1433600 287
1428840 507
1417500 190
1417176 26
1411788 1
1411200 1531
1404928 26
1400000 89
1399680 1426
1389150 69
1382976 67
1382400 2236
1378125 2
1377810 57
1376256 59
1372000 96
1361367 3
1360800 2287
1354752 584
1350000 209
1344560 8
1344000 1220
1333584 185
1327104 376
1323000 456
1317120 293
1312500 6
1312200 308
1310720 32
1306368 920
1296540 47
1296000 2155
1290240 1277
1286250 5
1285956 63
1280000 185
1275750 73
1270080 1653
1260525 1
1260000 692
1259712 222
1254400 283
1250235 16
1250000 2
1244160 2123
1234800 391
1229312 23
1228800 493
1225000 20
1224720 879
1215000 265
1210104 9
1209600 3307
1204224 126
1200500 6
1200000 238
1190700 327
1185408 315
1181250 18
1180980 46
1179648 87
1176000 532
1166886 8
1166400 1847
1161216 819
1157625 6
1152480 76
1152000 1570
1148175 13
1146880 107
1143072 469
1134000 1191
1128960 1106
1125000 17
1120000 240
1119744 527
1111320 259
1105920 1153
1102500 101
1102248 126
1097600 116
1093500 123
1088640 2751
1080450 9
1080000 896
1075648 5
1075200 1114
1071875 1
1071630 76
1063125 5
1062882 5
1058400 1417
1053696 84
1050000 130
1049760 716
1048576 6
1037232 57
1036800 2907
1032192 309
1029000 75
1024000 217
1020600 737
1016064 706
1012500 34
1008420 9
1008000 1810
1003520 154
1000188 60
1000000 26
995328 575
992250 79
987840 453
984375 1
984150 36
983040 186
980000 101
979776 657
972405 4
972000 1258
967680 2296
964467 1
960400 24
960000 570
952560 962
945000 311
944784 85
941192 1
940800 881
937500 2
933120 1808
926100 147
921984 22
921600 1362
918750 2
918540 209
917504 7
911250 19
907578 4
907200 2760
903168 334
900375 3
900000 226
896000 391
893025 18
889056 220
885735 2
884736 284
882000 548
878080 89
875000 7
874800 708
870912 1057
864360 73
864000 2024
860160 569
857500 5
857304 176
850500 276
846720 1547
843750 3
840350 2
840000 504
839808 379
833490 52
829440 1842
826875 10
826686 11
823200 279
820125 6
819200 122
816480 1518
810000 433
806736 6
806400 2275
802816 23
800000 98
793800 698
790272 204
787500 37
787320 159
786432 28
784000 220
777924 32
777600 2313
774144 625
771750 22
768320 30
768000 769
765450 110
762048 628
756315 1
756000 1501
752640 587
750141 6
750000 24
746496 705
740880 387
737280 602
735000 110
734832 259
729000 382
725760 2698
720300 23
720000 822
716800 277
714420 224
708750 34
708588 12
705600 1178
702464 23
700000 73
699840 1067
694575 14
691488 58
691200 2342
688905 10
688128 106
686000 52
680400 1490
677376 575
675000 81
672280 1
672000 1040
666792 115
663552 436
661500 174
658560 255
656250 2
656100 144
655360 36
653184 845
648270 22
648000 1627
645120 1438
642978 19
640000 173
637875 14
635040 1270
630000 422
629856 184
627200 271
625000 1
622080 1947
617400 197
614656 19
614400 594
612500 7
612360 494
607500 86
605052 5
604800 2748
602112 148
600250 3
600000 151
595350 102
592704 248
590625 4
590490 18
589824 136
588000 425
583200 1259
580608 967
576240 42
576000 1471
573440 127
571536 268
567000 593
564480 1165
562500 8
560000 191
559872 559
555660 152
552960 1304
551250 24
551124 64
548800 97
546750 31
544320 2139
540225 5
540000 577
537824 3
537600 1101
535815 18
529200 886
526848 83
525000 58
524880 461
524288 8
518616 31
518400 2610
516096 373
514500 53
512000 194
510300 321
508032 626
506250 10
504210 3
504000 1360
501760 144
500094 24
500000 20
497664 613
496125 12
493920 322
492075 3
491520 226
490000 68
489888 489
486000 721
483840 2199
480200 13
480000 457
476280 508
472500 125
472392 55
470596 1
470400 702
466560 1572
463050 39
460992 33
460800 1387
459375 1
459270 70
458752 25
455625 3
453789 2
453600 1940
451584 363
450000 140
448000 305
444528 149
442368 270
441000 314
439040 93
437500 5
437400 399
435456 968
432180 33
432000 1543
430080 609
428750 8
428652 86
425250 89
423360 1151
420000 315
419904 291
416745 13
414720 1799
413343 1
411600 178
409600 136
408240 1028
405000 203
403368 7
403200 2053
401408 24
400000 66
396900 283
395136 167
393750 7
393660 65
393216 35
392000 165
388962 9
388800 1706
387072 640
385875 10
384160 31
384000 710
382725 17
381024 466
378000 879
376320 502
375000 12
373248 656
370440 191
368640 692
367500 49
367416 138
364500 144
362880 2264
360150 6
360000 532
358400 306
357210 84
354375 5
354294 7
352800 831
351232 37
350000 32
349920 735
345744 21
345600 2086
344064 115
343000 30
340200 705
338688 558
337500 38
336140 2
336000 841
333396 53
331776 524
330750 55
329280 186
328050 37
327680 39
326592 685
324135 3
324000 1067
322560 1429
321489 5
320000 150
317520 756
315000 217
314928 117
313600 221
312500 1
311040 1757
308700 75
307328 8
307200 576
306250 1
306180 223
303750 16
302526 2
302400 1986
301056 140
300125 1
300000 113
297675 22
296352 164
295245 4
294912 152
294000 242
291600 711
290304 905
288120 35
288000 1211
286720 153
285768 180
283500 234
282240 883
281250 1
280000 143
279936 449
277830 41
276480 1290
275625 5
275562 24
274400 57
273375 3
272160 1448
270000 313
268912 1
268800 1019
264600 435
263424 103
262500 24
262440 210
262144 10
259308 12
259200 1950
258048 357
257250 9
256000 192
255150 105
254016 522
253125 4
252000 821
250880 164
250047 1
250000 8
248832 657
246960 180
245760 259
245000 25
244944 289
243000 350
241920 1906
240100 6
240000 337
238140 196
236250 36
236196 19
235200 499
233280 1148
231525 3
230496 23
230400 1277
229635 3
229376 33
226800 1114
225792 346
225000 61
224000 247
222264 99
221184 331
220500 104
219520 62
218750 1
218700 146
217728 785
216090 6
216000 1156
215040 586
214375 1
214326 25
212625 11
211680 802
210000 157
209952 202
207360 1643
205800 77
204800 139
204120 546
202500 87
201684 6
201600 1535
200704 39
200000 43
198450 75
197568 139
196875 2
196830 24
196608 51
196000 102
194481 1
194400 1154
193536 651
192080 12
192000 594
190512 272
189000 396
188160 462
187500 4
186624 577
185220 92
184320 716
183750 13
183708 57
182250 29
181440 1641
180075 2
180000 306
179200 292
178605 6
176400 459
175616 15
175000 22
174960 487
172872 12
172800 1654
172032 132
171500 14
170100 311
169344 410
168750 8
168000 516
166698 25
165888 492
165375 10
164640 132
164025 4
163840 53
163296 452
162000 518
161280 1292
160000 105
158760 390
157500 51
157464 43
156800 192
155520 1389
154350 27
153664 5
153600 601
153090 60
151875 2
151200 1281
150528 147
150000 70
148176 102
147456 159
147000 104
145800 357
145152 789
144060 15
144000 917
143360 139
142884 73
141750 66
141120 638
140000 77
139968 329
138915 9
138240 1314
137781 4
137200 42
136080 778
135000 136
134456 1
134400 815
132300 160
131712 74
131250 4
131220 61
131072 11
129654 2
129600 1380
129024 331
128625 5
128000 159
127575 13
127008 332
126000 418
125440 129
125000 2
124416 559
123480 106
122880 298
122500 9
122472 152
121500 127
120960 1489
120050 4
120000 232
119070 61
118125 6
118098 4
117600 294
116640 763
115248 13
115200 1098
114688 36
113400 549
112896 280
112500 23
112000 161
111132 48
110592 348
110250 37
109760 50
109350 38
108864 546
108045 2
108000 664
107520 493
107163 1
105840 429
105000 86
104976 118
103680 1306
102900 26
102400 143
102060 181
101250 20
100842 1
100800 1051
100352 40
100000 35
99225 8
98784 82
98415 2
98304 53
98000 49
97200 625
96768 584
96040 5
96000 448
95256 115
94500 147
94080 308
93750 1
93312 428
92610 22
92160 684
91875 1
91854 10
91125 7
90720 1022
90000 173
89600 205
88200 214
87808 18
87500 2
87480 220
86436 7
86400 1211
86016 142
85750 5
85050 85
84672 323
84375 1
84000 325
83349 3
82944 514
82320 77
81920 63
81648 266
81000 240
80640 1024
80000 90
79380 145
78750 15
78732 23
78400 108
77760 935
77175 4
76832 2
76800 495
76545 9
75600 709
75264 139
75000 12
74088 54
73728 166
73500 34
72900 119
72576 596
72030 8
72000 581
71680 139
71442 12
70875 6
70560 371
70000 39
69984 219
69120 1066
68600 11
68040 412
67500 44
67200 509
66150 43
65856 47
65610 34
65536 4
64800 775
64512 325
64000 135
63504 193
63000 228
62720 88
62500 3
62208 454
61740 37
61440 284
61250 3
61236 66
60750 34
60480 981
60000 132
59535 7
59049 2
58800 178
58320 385
57624 6
57600 806
57344 33
56700 202
56448 208
56250 3
56000 130
55566 16
55296 309
55125 7
54880 36
54675 3
54432 353
54000 334
53760 432
52920 218
52500 33
52488 53
51840 981
51450 9
51200 125
51030 55
50625 3
50400 569
50176 33
50000 10
49392 58
49152 84
49000 30
48600 267
48384 457
48000 333
47628 56
47250 25
47040 245
46656 306
46305 3
46080 612
45927 2
45360 544
45000 64
44800 168
44100 77
43904 10
43750 1
43740 74
43218 5
43200 793
43008 120
42525 9
42336 195
42000 147
41472 405
41160 39
40960 66
40824 122
40500 85
40320 698
40000 48
39690 36
39375 3
39366 8
39200 73
38880 537
38416 3
38400 418
37800 319
37632 105
37500 6
37044 24
36864 170
36750 12
36450 22
36288 393
36000 313
35840 111
35721 6
35280 196
35000 14
34992 116
34560 797
34300 10
34020 141
33750 11
33600 337
33075 3
32928 20
32805 2
32768 14
32400 396
32256 265
32000 87
31752 69
31500 66
31360 71
31104 311
30870 7
30720 227
30618 19
30375 2
30240 536
30000 60
29400 69
29160 151
28812 4
28800 578
28672 30
28350 37
28224 118
28000 55
27783 1
27648 265
27440 15
27216 201
27000 142
26880 297
26460 73
26250 5
26244 21
25920 579
25600 100
25515 10
25200 298
25088 21
25000 5
24696 22
24576 50
24500 8
24300 68
24192 326
24000 158
23814 10
23625 2
23520 130
23328 148
23040 460
22680 262
22500 22
22400 96
22050 17
21952 8
21870 17
21600 438
21504 114
21168 100
21000 63
20736 264
20580 14
20480 53
20412 53
20250 19
20160 454
20000 17
19845 4
19683 1
19600 31
19440 268
19200 279
18900 95
18816 76
18750 4
18522 5
18432 148
18375 1
18225 3
18144 219
18000 156
17920 80
17640 90
17500 5
17496 41
17280 564
17150 5
17010 40
16875 1
16800 174
16464 16
16384 13
16200 158
16128 208
16000 48
15876 29
15750 13
15680 23
15552 204
15435 2
15360 187
15309 3
15120 270
15000 19
14700 25
14580 51
14400 331
14336 22
14175 9
14112 98
14000 25
13824 213
13720 7
13608 95
13500 34
13440 215
13230 21
13125 1
13122 4
12960 327
12800 63
12600 106
12544 23
12500 1
12348 6
12288 58
12250 4
12150 21
12096 190
12000 94
11907 4
11760 70
11664 92
11520 327
11340 74
11250 1
11200 58
11025 2
10976 6
10935 4
10800 226
10752 98
10584 44
10500 21
10368 188
10290 3
10240 48
10206 13
10125 2
10080 211
10000 11
9800 11
9720 120
9604 1
9600 174
9450 32
9408 40
9261 2
9216 126
9072 95
9000 65
8960 52
8820 25
8750 1
8748 20
8640 327
8505 1
8400 88
8232 4
8192 12
8100 53
8064 129
8000 37
7938 10
7840 22
7776 118
7680 120
7560 102
7500 5
7350 5
7290 17
7200 161
7168 21
7056 38
7000 9
6912 148
6860 3
6804 30
6750 8
6720 109
6615 2
6480 132
6400 41
6300 43
6272 13
6250 1
6174 1
6144 37
6075 2
6048 109
6000 36
5880 30
5832 24
5760 206
5670 26
5600 33
5400 65
5376 69
5292 18
5250 5
5184 126
5120 33
5103 2
5040 118
5000 3
4900 5
4860 46
4800 118
4725 2
4704 23
4608 85
4536 66
4500 22
4480 40
4410 11
4374 2
4320 159
4200 34
4116 3
4096 9
4050 11
4032 77
4000 7
3969 3
3920 7
3888 53
3840 115
3780 45
3675 1
3645 2
3600 59
3584 11
3528 19
3500 2
3456 111
3402 7
3375 2
3360 71
3240 64
3200 28
3150 6
3136 5
3087 1
3072 33
3024 48
3000 15
2940 11
2916 11
2880 108
2835 1
2800 13
2744 2
2700 19
2688 33
2646 3
2592 59
2560 21
2520 50
2500 2
2450 1
2430 7
2400 43
2352 13
2304 61
2268 17
2250 3
2240 8
2187 1
2160 72
2100 6
2048 4
2025 1
2016 40
2000 3
1960 9
1944 20
1920 62
1890 7
1800 36
1792 9
1764 9
1728 53
1680 32
1620 17
1600 13
1568 3
1536 24
1512 21
1500 4
1470 2
1458 4
1440 43
1400 8
1350 6
1344 20
1323 2
1296 23
1280 10
1260 13
1215 2
1200 24
1176 2
1152 37
1134 2
1125 2
1120 6
1080 28
1050 2
1024 1
1008 13
1000 4
980 3
972 3
960 32
900 7
896 9
882 2
864 16
840 15
810 2
800 9
768 12
756 5
750 2
735 1
720 24
700 2
672 17
648 11
640 11
630 1
600 5
588 1
576 12
560 8
540 7
512 3
504 11
500 2
480 12
450 1
448 1
432 14
420 1
400 4
392 1
384 6
375 1
360 3
336 3
324 2
320 3
300 1
288 7
280 4
270 4
252 2
243 1
240 4
224 1
216 1
210 1
200 2
192 5
180 2
168 1
160 1
144 2
128 1
120 2
112 1
108 1
100 1
84 1
80 2
36 1
14 1
