4592700000 2
4147200000 1
4082400000 2
4032000000 1
3888000000 2
3826375200 1
3732480000 2
3674160000 1
3628800000 1
3317760000 1
3306744000 1
3265920000 1
3061800000 1
3024000000 1
2985984000 1
2949120000 1
2939328000 1
2903040000 1
2857680000 1
2822400000 1
2799360000 1
2755620000 1
2721600000 1
2687385600 1
2654208000 1
2646000000 1
2624400000 1
2612736000 1
2592000000 1
2580480000 1
2571912000 2
2540160000 3
2488320000 4
2449440000 1
2380855680 2
2361960000 3
2351462400 1
2332800000 6
2322432000 1
2296350000 1
2268000000 5
2267481600 1
2250423000 1
2239488000 1
2232052200 1
2222640000 2
2211840000 2
2204496000 4
2177280000 5
2160000000 2
2150400000 3
2143260000 1
2125764000 2
2116800000 2
2099520000 1
2090188800 4
2073600000 4
2066715000 1
2057529600 1
2041200000 5
2040733440 1
2032128000 1
2016000000 4
2015539200 3
2007040000 1
2000376000 2
1990656000 2
1975680000 2
1959552000 5
1944000000 3
1935360000 6
1928934000 2
1905120000 3
1890000000 1
1889568000 3
1866240000 2
1857945600 2
1852200000 1
1843200000 1
1837080000 5
1828915200 3
1822500000 1
1814400000 2
1813985280 1
1800338400 1
1792000000 1
1791590400 1
1786050000 1
1778112000 4
1769472000 3
1764000000 2
1763596800 6
1756160000 2
1749600000 6
1741824000 7
1728720000 2
1728000000 6
1714608000 4
1701000000 1
1700611200 1
1693440000 4
1679616000 5
1672151040 1
1666980000 3
1658880000 5
1653372000 3
1646023680 1
1632960000 14
1620000000 1
1612800000 6
1612431360 1
1607445000 1
1600300800 5
1587600000 5
1587237120 1
1580544000 1
1575296100 2
1574640000 3
1568000000 1
1567641600 5
1555200000 10
1548288000 3
1543147200 3
1530900000 3
1524096000 2
1512630000 1
1512000000 8
1511654400 2
1500282000 1
1492992000 5
1488034800 1
1481760000 4
1474560000 2
1469664000 10
1463132160 1
1458000000 4
1451520000 13
1445068800 1
1440270720 1
1440000000 1
1428840000 8
1422489600 2
1417500000 1
1417176000 1
1411200000 8
1400263200 1
1399680000 6
1393459200 2
1389150000 1
1388832480 2
1382976000 1
1382400000 3
1377810000 4
1372000000 1
1371686400 6
1360800000 13
1360488960 1
1354752000 3
1350253800 4
1344000000 1
1343692800 3
1339231320 1
1333584000 12
1327104000 5
1323000000 2
1322697600 8
1312200000 6
1306368000 12
1300561920 2
1296000000 10
1290240000 9
1285956000 9
1284505600 1
1280240640 1
1275750000 2
1275458400 1
1270080000 16
1264435200 3
1260236880 1
1260000000 3
1259712000 6
1254113280 2
1250235000 2
1249949232 1
1244678400 2
1244160000 5
1240029000 4
1238630400 1
1234800000 4
1234517760 6
1228800000 1
1224720000 12
1219276800 7
1215228420 1
1210104000 2
1209600000 14
1209323520 1
1204224000 1
1200225600 5
1194393600 5
1190700000 4
1190427840 3
1185408000 4
1180980000 3
1179648000 3
1176000000 3
1175731200 13
1166886000 1
1166400000 11
1161216000 12
1157360400 3
1152480000 1
1152000000 1
1148175000 2
1147912560 2
1143072000 19
1137991680 1
1134000000 9
1133740800 5
1128960000 4
1128701952 1
1125211500 5
1119744000 15
1116026100 1
1114767360 1
1111320000 7
1105920000 4
1102248000 21
1101004800 1
1097349120 4
1093500000 3
1089093600 2
1088640000 27
1083801600 1
1080450000 1
1080203040 1
1080000000 4
1075200000 3
1074954240 1
1071630000 9
1066867200 8
1062882000 3
1061683200 2
1058841000 1
1058400000 9
1058158080 5
1053696000 2
1049760000 19
1045094400 7
1041624360 1
1037232000 1
1036800000 13
1032192000 4
1028764800 13
1024000000 2
1020600000 14
1016064000 19
1012500000 1
1008000000 9
1007769600 8
1003520000 1
1000188000 8
995328000 13
992250000 1
992023200 6
987840000 8
984150000 2
983040000 1
980184240 1
980000000 2
979776000 38
975421440 8
972000000 8
967680000 18
967458816 1
964467000 7
963379200 2
960180480 7
960000000 3
956593800 1
955514880 2
952560000 21
952342272 1
948326400 4
945000000 2
944784000 13
943718400 1
940800000 6
940584960 6
933508800 6
933120000 32
928972800 8
926100000 5
925888320 7
924844032 1
921984000 2
921600000 7
918540000 17
914457600 23
911250000 1
907578000 1
907200000 29
906992640 6
903168000 7
900169200 5
900000000 1
896000000 3
895795200 9
893025000 5
892820880 2
891813888 1
889056000 12
885735000 1
885104640 1
884736000 2
882000000 2
881798400 25
878080000 4
877879296 1
874800000 16
871274880 1
870912000 38
868020300 3
864360000 3
864162432 2
864000000 12
860160000 8
859963392 1
857304000 26
853493760 7
850500000 2
850305600 8
846720000 34
842956800 1
840157920 3
839808000 37
836075520 10
833490000 4
833299488 2
829785600 1
829440000 27
826686000 9
825753600 3
823200000 5
823011840 17
820125000 1
819200000 2
816480000 51
816293376 3
812851200 13
810152280 1
810000000 3
806736000 1
806400000 24
806215680 6
803722500 5
802816000 1
800150400 19
796594176 2
796262400 4
793800000 19
793618560 9
790272000 9
787648050 2
787320000 8
786432000 1
784000000 4
783820800 26
777924000 4
777600000 29
774144000 24
771573600 18
768320000 2
768144384 1
768000000 1
765450000 10
765275040 1
764411904 1
762365520 1
762048000 54
756315000 2
756142128 1
756000000 14
755827200 19
754974720 1
752640000 9
752467968 2
750141000 8
746807040 4
746496000 27
744017400 4
743178240 2
740880000 14
740710656 3
737587200 1
737280000 8
735138180 2
734832000 50
731566080 12
729137052 1
729000000 8
725760000 58
725594112 1
722534400 14
720135360 8
720000000 4
716800000 7
716636160 5
714420000 26
714256704 1
711244800 18
708750000 1
708588000 12
707788800 5
705600000 21
705438720 24
702464000 6
700131600 2
700000000 2
699840000 51
697019904 1
696729600 34
694575000 1
694416240 5
691488000 5
691200000 18
688905000 12
688128000 3
686000000 4
685843200 45
682795008 2
680400000 44
680244480 10
677376000 41
675126900 4
675000000 2
674365440 1
672280000 1
672126336 1
672000000 15
671846400 35
669615660 2
666792000 29
663828480 2
663552000 25
661500000 9
661348800 28
660602880 1
658560000 6
658409472 4
656100000 12
655360000 1
653184000 69
650280960 7
648270000 3
648121824 3
648000000 24
645120000 31
644972544 1
642978000 21
640120320 15
640000000 1
637875000 5
637729200 1
637009920 2
635040000 64
634894848 3
632217600 9
630118440 3
630000000 2
629856000 23
627200000 5
627056640 21
625117500 1
624974616 1
622339200 11
622080000 50
620014500 2
619315200 14
617400000 12
617258880 24
614656000 3
614400000 7
612360000 57
612220032 1
609638400 46
607614210 2
607500000 2
605052000 2
604800000 58
604661760 13
602112000 13
600112800 22
600000000 2
597445632 1
597196800 30
595350000 9
595213920 4
594542592 1
592704000 36
590490000 5
589824000 10
588110544 1
588000000 9
587865600 71
585252864 3
583443000 7
583200000 43
580849920 1
580608000 62
578680200 16
578027520 1
576240000 3
576108288 4
576000000 15
574087500 1
573440000 3
571536000 78
568995840 12
567106596 1
567000000 24
566870400 18
566231040 2
564715200 1
564480000 47
564350976 5
562605750 2
561971200 1
560105280 6
560000000 7
559872000 68
558013050 1
557383680 21
555660000 25
555532992 6
553190400 10
552960000 28
551250000 1
551124000 43
550502400 1
548800000 2
548674560 35
546852789 1
546750000 3
544320000 102
541900800 33
540225000 1
540101520 11
540000000 7
537824000 1
537600000 15
537477120 12
535815000 15
535692528 2
533433600 39
531441000 2
530841600 16
529200000 34
529079040 25
526848000 7
525098700 2
525000000 2
524880000 49
522547200 91
520812180 4
520224768 2
518616000 20
518400000 48
516678750 1
516096000 23
514382400 58
512096256 3
512000000 2
510300000 23
510183360 4
508243680 1
508032000 99
505774080 5
504094752 2
504000000 29
503884800 34
501760000 7
501645312 6
500094000 22
500000000 1
497871360 9
497664000 49
496125000 2
496011600 24
495452160 4
493920000 29
493807104 12
492075000 4
491724800 2
491520000 9
490092120 1
490000000 4
489888000 109
487710720 21
486202500 2
486000000 22
484041600 4
483840000 95
482233500 5
481689600 5
480200000 1
480090240 26
480000000 3
478296900 2
477757440 8
476280000 66
476171136 2
474163200 32
472588830 1
472500000 7
472392000 31
471859200 5
470400000 23
470292480 36
468730962 1
466754400 18
466560000 98
464679936 2
464486400 56
463050000 8
462944160 17
460992000 10
460800000 28
459270000 24
459165024 2
458752000 5
457419312 1
457228800 92
455625000 1
455196672 7
453789000 2
453600000 67
453496320 8
451584000 56
450084600 17
450000000 4
449576960 1
448084224 5
448000000 14
447897600 56
446512500 2
446410440 4
445906944 1
444528000 66
442552320 6
442368000 25
441000000 16
440899200 70
440401920 1
439040000 8
438939648 10
437582250 2
437400000 25
435637440 4
435456000 172
434010150 2
433520640 14
432180000 11
432081216 8
432000000 28
430467210 1
430080000 33
429981696 1
428652000 90
426746880 33
425329947 1
425250000 6
425152800 13
424673280 2
423536400 1
423360000 98
423263232 6
421478400 7
420175000 1
420078960 12
420000000 9
419904000 89
418037760 40
416745000 15
416649744 5
414892800 22
414720000 75
413343000 11
412876800 17
411600000 13
411505920 61
410062500 1
409600000 7
408240000 136
408146688 5
406425600 77
405076140 6
405000000 6
404619264 1
403368000 2
403200000 78
403107840 21
401861250 1
401408000 8
400075200 63
398580750 1
398297088 3
398131200 32
396900000 34
396809280 31
396361728 2
395136000 39
393750000 1
393660000 25
393379840 1
393216000 2
392000000 10
391910400 142
390168576 7
388962000 21
388800000 82
387233280 4
387072000 101
385875000 1
385786800 41
385351680 1
384160000 5
384072192 3
384000000 15
382725000 8
382637520 4
382205952 3
381024000 175
379330560 15
378157500 1
378071064 2
378000000 29
377913600 50
376476800 2
376320000 30
376233984 9
375070500 8
375000000 1
373403520 21
373248000 129
372008700 3
371589120 27
370440000 37
370355328 15
368793600 8
368640000 43
367569090 1
367500000 1
367416000 110
367001600 3
365783040 55
364500000 9
363031200 9
362880000 213
362797056 6
361267200 43
360150000 2
360067680 21
360000000 12
358400000 15
358318080 20
357210000 43
357128352 6
355622400 95
354375000 1
354294000 14
353894400 11
352947000 1
352800000 47
352719360 52
351232000 12
350065800 9
350000000 3
349920000 104
348509952 3
348364800 155
347287500 2
347208120 9
345744000 22
345600000 72
344452500 6
344373768 1
344064000 12
343000000 3
342921600 146
341397504 10
340200000 72
340122240 18
339738624 1
338829120 1
338688000 150
337563450 3
337500000 1
337182720 2
336140000 1
336063168 6
336000000 23
335923200 93
334807830 1
334430208 6
333534915 1
333396000 68
331914240 13
331776000 73
330812181 1
330750000 8
330674400 39
330301440 6
329280000 31
329204736 16
328050000 14
327680000 7
326728080 7
326592000 283
325140480 43
324135000 7
324060912 4
324000000 37
322694400 3
322560000 107
322486272 7
321489000 31
321126400 2
320060160 55
320000000 8
318864600 5
318504960 9
317520000 142
317447424 9
316108800 64
315059220 5
315000000 9
314928000 80
314572800 1
313600000 18
313528320 86
311169600 23
311040000 130
310007250 1
309786624 1
309657600 62
308700000 22
308629440 57
307328000 9
307200000 20
306180000 92
306110016 1
304946208 2
304819200 204
303464448 4
302526000 5
302400000 117
302330880 34
301056000 51
300125000 1
300056400 43
300000000 4
298722816 7
298598400 103
297675000 10
297606960 17
297271296 7
296352000 108
295245000 4
295034880 4
294912000 26
294122500 1
294000000 13
293932800 195
292626432 22
291721500 7
291600000 59
290424960 6
290304000 241
289340100 9
289013760 18
288120000 8
288054144 19
288000000 41
286720000 22
286654464 1
285887070 1
285768000 147
284497920 49
283553298 2
283500000 23
283435200 34
283115520 6
282357600 3
282240000 113
282175488 28
281302875 1
281250000 1
280985600 5
280052640 25
280000000 10
279936000 179
278691840 53
277830000 47
277766496 10
276595200 16
276480000 86
275625000 1
275562000 54
275251200 7
274400000 16
274337280 95
273375000 8
272273400 5
272160000 261
272097792 3
270950400 117
270112500 3
270050760 18
270000000 14
268912000 2
268800000 57
268738560 54
267907500 18
266716800 126
265720500 2
265531392 2
265420800 49
264710250 1
264600000 82
264539520 73
263424000 48
262500000 2
262440000 79
262144000 1
261382464 2
261273600 289
260406090 2
260112384 8
259308000 39
259200000 120
258155520 1
258048000 86
257298363 1
257250000 4
257191200 107
256048128 14
256000000 9
255150000 47
255091680 8
254803968 2
254121840 1
254016000 284
252887040 23
252105000 3
252047376 4
252000000 61
251942400 111
251658240 1
250880000 34
250822656 24
250047000 42
248935680 35
248832000 200
248062500 1
248005800 29
247726080 20
246960000 72
246903552 29
246037500 7
245862400 1
245760000 24
245046060 2
245000000 7
244944000 276
243855360 117
243101250 1
243045684 2
243000000 30
242020800 11
241920000 253
241864704 9
241116750 2
240844800 39
240100000 2
240045120 70
240000000 11
239148450 1
238878720 41
238140000 126
238085568 9
237081600 114
236250000 6
236196000 46
235929600 9
235200000 46
235146240 117
233377200 40
233280000 211
232339968 3
232243200 184
231525000 13
231472080 35
231211008 2
230496000 27
230400000 60
229635000 30
229582512 2
229376000 12
228709656 1
228614400 278
227598336 8
226894500 4
226800000 155
226748160 48
226492416 2
225792000 158
225042300 16
225000000 5
224788480 3
224042112 12
224000000 26
223948800 170
223256250 4
223205220 5
222953472 12
222264000 144
221276160 19
221184000 89
220541454 2
220500000 17
220449600 140
220200960 5
219520000 19
219469824 24
218791125 2
218700000 42
217818720 8
217728000 425
217005075 1
216760320 55
216090000 14
216040608 15
216000000 62
215129600 2
215040000 72
214990848 11
214326000 128
213373440 97
212625000 8
212576400 15
212336640 18
211768200 1
211680000 242
211631616 29
210739200 26
210039480 14
210000000 11
209952000 192
209715200 2
209018880 155
208372500 10
208324872 2
207446400 50
207360000 228
206671500 16
206524416 1
206438400 49
205800000 15
205752960 146
205520896 1
204800000 12
204205050 1
204120000 242
204073344 4
203297472 1
203212800 288
202538070 6
202500000 8
202309632 3
201684000 6
201600000 139
201553920 73
200930625 1
200884698 1
200704000 24
200037600 124
200000000 2
199148544 13
199065600 106
198450000 45
198404640 41
198180864 4
197568000 115
196830000 37
196689920 2
196608000 12
196036848 4
196000000 16
195955200 399
195084288 23
194481000 28
194400000 147
193616640 6
193536000 297
192937500 3
192893400 58
192675840 10
192080000 9
192036096 26
192000000 28
191362500 2
191318760 1
191102976 7
190512000 319
189665280 52
189078750 1
189035532 3
189000000 52
188956800 101
188743680 1
188238400 1
188160000 108
188116992 36
187535250 9
186701760 48
186624000 303
186004350 4
185794560 81
185220000 73
185177664 28
184396800 28
184320000 92
183750000 1
183708000 195
183500800 7
182891520 199
182284263 1
182250000 13
181515600 12
181440000 404
181398528 11
180633600 115
180075000 2
180033840 43
180000000 21
179830784 1
179200000 35
179159040 81
178605000 69
178564176 11
177885288 1
177811200 194
177187500 1
177147000 14
177020928 6
176947200 52
176400000 119
176359680 159
175616000 28
175032900 18
174960000 206
174254976 5
174182400 419
173643750 2
173604060 14
173408256 13
172872000 54
172800000 147
172226250 3
172103680 2
172032000 73
171532242 1
171500000 5
171460800 295
170698752 37
170170875 1
170100000 131
170061120 28
169869312 3
169414560 2
169344000 396
168781725 1
168750000 1
168591360 13
168031584 11
168000000 49
167961600 227
167215104 31
166698000 98
165957120 48
165888000 231
165375000 11
165337200 114
165150720 13
164708600 1
164640000 76
164602368 61
164025000 16
163840000 11
163364040 3
163296000 595
162570240 142
162067500 9
162030456 11
162000000 69
161347200 16
161280000 260
161243136 16
160744500 26
160563200 18
160030080 129
160000000 5
159468750 1
159432300 2
159252480 46
158826150 1
158760000 247
158723712 33
158054400 118
157529610 5
157500000 17
157464000 142
157286400 9
156800000 32
156764160 249
156279375 2
156243654 1
155584800 61
155520000 318
154828800 218
154350000 25
154314720 120
153664000 12
153600000 46
153090000 115
153055008 2
152473104 1
152409600 424
151875000 1
151732224 18
151263000 1
151200000 237
151165440 78
150590720 1
150528000 113
150028200 46
150000000 4
149361408 23
149299200 272
148837500 15
148803480 21
148635648 17
148176000 207
147622500 7
147517440 15
147456000 70
147061250 1
147027636 3
147000000 18
146966400 357
146800640 2
146313216 54
145860750 3
145800000 120
145212480 12
145152000 585
144670050 14
144506880 49
144060000 11
144027072 21
144000000 69
143360000 44
143327232 10
142884000 305
142248960 137
141750000 33
141717600 64
141557760 17
141120000 271
141087744 59
140492800 18
140026320 41
140000000 9
139968000 363
139345920 185
138915000 60
138883248 19
138297600 55
138240000 238
137812500 1
137781000 59
137682944 2
137625600 34
137200000 25
137168640 244
136687500 1
136136700 10
136080000 489
136048896 7
135531648 2
135475200 290
135056250 1
135025380 15
135000000 12
134873088 1
134456000 4
134400000 130
134369280 154
133953750 2
133923132 1
133358400 246
132860250 1
132765696 12
132710400 152
132300000 93
132269760 127
132120576 2
131712000 112
131250000 3
131220000 97
131072000 8
130691232 5
130636800 650
130056192 23
129654000 34
129600000 252
129077760 7
129024000 269
128625000 3
128595600 177
128450560 2
128024064 58
128000000 19
127575000 36
127545840 15
127401984 10
127060920 4
127008000 571
126443520 65
126052500 1
126023688 11
126000000 80
125971200 261
125829120 1
125440000 63
125411328 50
125023500 37
125000000 1
124467840 68
124416000 427
124031250 1
124002900 24
123863040 64
123480000 107
123451776 55
123018750 2
122931200 10
122880000 56
122523030 5
122500000 3
122472000 469
121927680 298
121550625 1
121522842 5
121500000 42
121010400 14
120960000 507
120932352 20
120558375 1
120422400 60
120050000 4
120022560 134
120000000 14
119439360 128
119070000 179
119042784 18
118540800 248
118125000 3
118098000 48
118013952 3
117964800 43
117649000 2
117600000 84
117573120 290
116688600 40
116640000 379
116169984 4
116121600 470
115762500 10
115736040 36
115605504 5
115248000 39
115200000 161
114817500 25
114791256 3
114688000 33
114354828 3
114307200 536
113799168 33
113447250 4
113400000 219
113374080 69
113246208 3
112943040 1
112896000 378
112521150 17
112500000 5
112394240 5
112021056 22
112000000 35
111974400 410
111602610 6
111476736 35
111132000 196
110638080 45
110592000 204
110250000 17
110224800 232
110100480 9
109760000 31
109734912 78
109375000 1
109350000 39
108909360 12
108864000 897
108380160 148
108045000 14
108020304 27
108000000 89
107564800 2
107520000 174
107495424 36
107163000 146
106686720 244
106312500 11
106288200 19
106168320 53
105884100 2
105840000 366
105815808 50
105369600 93
105019740 25
105000000 17
104976000 297
104857600 4
104509440 348
104186250 7
104162436 4
103723200 94
103680000 437
103335750 7
103262208 1
103219200 162
102900000 26
102876480 263
102760448 2
102400000 21
102102525 1
102060000 317
102036672 9
101648736 2
101606400 654
101269035 2
101250000 7
101154816 9
100842000 11
100800000 291
100776960 167
100352000 55
100018800 158
100000000 2
99574272 15
99532800 325
99225000 53
99202320 50
99090432 10
98784000 234
98415000 34
98344960 8
98304000 35
98018424 4
98000000 26
97977600 779
97542144 70
97240500 28
97200000 213
96808320 17
96768000 644
96446700 42
96337920 25
96040000 22
96018048 53
96000000 65
95681250 1
95659380 4
95551488 21
95295690 1
95256000 575
94832640 146
94517766 3
94500000 88
94478400 138
94371840 8
94119200 4
94080000 173
94058496 102
93767625 2
93350880 82
93312000 619
92897280 210
92610000 83
92588832 36
92198400 43
92160000 199
91875000 6
91854000 235
91750400 8
91445760 485
91125000 10
90757800 19
90720000 697
90699264 35
90354432 1
90316800 239
90016920 50
90000000 30
89915392 2
89600000 71
89579520 199
89302500 39
89282088 4
88942644 1
88905600 342
88573500 11
88510464 7
88473600 146
88200000 155
88179840 313
87808000 48
87516450 6
87480000 254
87127488 12
87091200 895
86802030 8
86704128 27
86436000 73
86400000 280
86051840 6
86016000 143
85766121 1
85750000 10
85730400 429
85349376 68
85050000 118
85030560 30
84934656 6
84707280 4
84672000 708
84375000 1
84295680 32
84035000 2
84015792 24
84000000 69
83980800 452
83607552 73
83349000 113
82978560 96
82944000 506
82687500 8
82668600 89
82575360 51
82320000 97
82301184 108
82012500 3
81920000 29
81682020 7
81648000 875
81285120 342
81033750 5
81015228 7
81000000 74
80673600 14
80640000 526
80621568 44
80372250 20
80281600 26
80015040 222
80000000 18
79716150 1
79626240 112
79380000 329
79361856 40
79060128 1
79027200 254
78764805 4
78750000 7
78732000 171
78675968 2
78643200 20
78400000 49
78382080 570
78121827 1
77792400 93
77760000 525
77446656 2
77414400 463
77175000 18
77157360 140
77070336 6
76832000 22
76800000 91
76545000 95
76527504 2
76236552 1
76204800 870
75937500 3
75866112 34
75631500 6
75600000 335
75582720 173
75497472 4
75295360 1
75264000 230
75031250 1
75014100 63
75000000 2
74680704 40
74649600 553
74418750 7
74401740 16
74317824 32
74088000 322
73811250 3
73758720 33
73728000 181
73513818 2
73500000 24
73483200 535
73400320 2
73156608 113
72900000 121
72606240 19
72576000 1130
72335025 4
72253440 123
72030000 25
72013536 42
72000000 115
71744535 1
71680000 90
71663616 40
71442000 349
71124480 278
70875000 23
70858800 61
70778880 46
70589400 1
70560000 423
70543872 103
70246400 37
70013160 29
70000000 9
69984000 601
69672960 440
69457500 40
69441624 14
69148800 108
69120000 418
68890500 58
68841472 3
68812800 103
68600000 20
68584320 432
68343750 2
68068350 3
68040000 630
68024448 21
67765824 2
67737600 660
67512690 15
67500000 22
67436544 10
67228000 4
67200000 204
67184640 305
66976875 4
66961566 1
66679200 301
66382848 31
66355200 330
66150000 112
66134880 192
66060288 9
65883440 1
65856000 170
65625000 1
65610000 117
65536000 19
65345616 9
65318400 1239
65028096 75
64827000 53
64800000 344
64538880 10
64512000 554
64312500 2
64297800 179
64225280 12
64012032 80
64000000 24
63787500 12
63772920 14
63700992 29
63530460 2
63504000 889
63221760 146
63011844 3
63000000 102
62985600 347
62914560 5
62720000 102
62705664 144
62511750 22
62233920 123
62208000 880
62001450 11
61931520 218
61740000 125
61725888 86
61509375 1
61465600 26
61440000 126
61250000 2
61236000 562
60963840 602
60750000 32
60505200 24
60480000 849
60466176 56
60211200 170
60025000 6
60011280 135
60000000 26
59719680 293
59535000 153
59521392 23
59270400 420
59062500 2
59049000 69
59006976 8
58982400 92
58800000 137
58786560 591
58344300 36
58320000 488
58084992 9
58060800 1029
57881250 5
57868020 48
57802752 30
57624000 54
57600000 282
57408750 15
57395628 2
57344000 72
57177414 1
57153600 815
56899584 64
56723625 1
56700000 281
56687040 105
56623104 8
56471520 3
56448000 635
56260575 2
56250000 4
56197120 11
56010528 25
56000000 48
55987200 729
55801305 1
55738368 115
55566000 242
55319040 80
55296000 511
55125000 21
55112400 260
55050240 31
54880000 65
54867456 171
54675000 36
54454680 18
54432000 1406
54190080 333
54022500 11
54010152 19
54000000 124
53782400 9
53760000 320
53747712 68
53581500 100
53343360 361
53156250 2
53144100 12
53084160 133
52942050 1
52920000 497
52907904 111
52684800 168
52509870 19
52500000 14
52488000 451
52428800 8
52254720 801
52093125 2
52081218 4
51861600 122
51840000 754
51667875 3
51631104 7
51609600 366
51450000 34
51438240 319
51380224 4
51200000 40
51030000 307
51018336 8
50824368 1
50803200 1070
50625000 9
50577408 20
50421000 7
50400000 412
50388480 293
50331648 1
50176000 96
50009400 167
50000000 6
49787136 46
49766400 713
49612500 30
49601160 69
49545216 28
49392000 313
49207500 20
49172480 17
49152000 96
49009212 7
49000000 28
48988800 1163
48771072 143
48620250 12
48600000 271
48404160 30
48384000 1250
48223350 30
48168960 73
48020000 13
48009024 114
48000000 82
47775744 38
47628000 679
47416320 303
47258883 2
47250000 55
47239200 178
47185920 32
47059600 3
47040000 276
47029248 189
46675440 80
46656000 1057
46448640 482
46305000 64
46294416 54
46099200 73
46080000 365
45937500 1
45927000 219
45875200 39
45722880 794
45562500 4
45378900 14
45360000 979
45349632 50
45177216 1
45158400 571
45008460 43
45000000 28
44957696 4
44800000 103
44789760 445
44651250 18
44641044 12
44452800 514
44286750 3
44255232 23
44236800 316
44100000 139
44089920 379
44040192 7
43904000 75
43758225 4
43750000 3
43740000 281
43563744 15
43545600 1590
43401015 3
43352064 68
43218000 78
43200000 422
43025920 7
43008000 332
42875000 2
42865200 406
42674688 151
42525000 101
42515280 43
42467328 19
42353640 5
42336000 1029
42147840 87
42017500 1
42007896 21
42000000 89
41990400 644
41943040 1
41803776 209
41674500 106
41489280 133
41472000 1009
41343750 2
41334300 58
41287680 127
41160000 133
41150592 196
41006250 5
40960000 40
40841010 8
40824000 1172
40642560 678
40516875 1
40507614 8
40500000 83
40336800 20
40320000 788
40310784 97
40186125 4
40140800 57
40007520 317
40000000 18
39813120 302
39690000 361
39680928 57
39513600 420
39375000 4
39366000 220
39337984 3
39321600 53
39200000 84
39191040 927
38896200 79
38880000 837
38723328 9
38707200 980
38587500 9
38578680 137
38535168 5
38416000 25
38400000 154
38272500 75
38263752 5
38102400 1302
37933056 78
37815750 2
37800000 394
37791360 222
37748736 7
37647680 1
37632000 387
37507050 25
37500000 2
37340352 56
37324800 968
37209375 2
37200870 11
37158912 81
37044000 362
36879360 44
36864000 348
36750000 27
36741600 684
36700160 8
36578304 269
36450000 112
36303120 27
36288000 1797
36126720 260
36015000 14
36006768 54
36000000 145
35840000 112
35831808 95
35721000 265
35562240 457
35437500 10
35429400 61
35389440 111
35280000 519
35271936 193
35123200 67
35006580 44
35000000 17
34992000 824
34836480 918
34728750 15
34720812 20
34574400 140
34560000 814
34445250 19
34420736 1
34406400 202
34300000 32
34292160 689
34020000 689
34012224 26
33882912 2
33868800 1144
33756345 5
33750000 17
33718272 11
33614000 5
33600000 279
33592320 521
33480783 1
33339600 352
33191424 48
33177600 694
33075000 63
33067440 176
33030144 24
32928000 245
32805000 79
32768000 41
32672808 3
32659200 1846
32514048 155
32413500 30
32400000 439
32269440 18
32256000 988
32148900 152
32112640 13
32006016 161
32000000 45
31893750 4
31886460 9
31850496 59
31765230 1
31752000 1163
31610880 254
31505922 6
31500000 104
31492800 488
31457280 16
31360000 160
31352832 277
31255875 5
31116960 143
31104000 1328
31000725 1
30965760 386
30870000 137
30862944 146
30732800 42
30720000 221
30618000 554
30481920 1022
30375000 23
30252600 33
30240000 1222
30233088 89
30105600 302
30012500 2
30005640 119
30000000 28
29859840 589
29767500 91
29760696 27
29635200 580
29524500 30
29503488 13
29491200 211
29400000 152
29393280 802
29172150 23
29160000 584
29042496 13
29030400 1825
28940625 1
28934010 35
28901376 40
28812000 73
28800000 372
28704375 1
28672000 127
28576800 861
28449792 144
28350000 238
28343520 129
28311552 16
28235760 8
28224000 893
28125000 3
28098560 32
28005264 34
28000000 64
27993600 1109
27869184 248
27783000 193
27659520 114
27648000 896
27562500 4
27556200 232
27525120 62
27440000 59
27433728 298
27337500 16
27227340 14
27216000 1838
27095040 622
27011250 7
27005076 20
27000000 138
26891200 6
26880000 469
26873856 132
26790750 43
26671680 472
26572050 7
26542080 278
26460000 521
26453952 142
26342400 231
26254935 5
26250000 15
26244000 454
26214400 13
26127360 1265
26040609 1
25930800 123
25920000 1114
25815552 7
25804800 695
25725000 25
25719120 351
25690112 2
25600000 58
25515000 227
25509168 20
25412184 2
25401600 1640
25312500 3
25288704 47
25210500 7
25200000 517
25194240 478
25165824 3
25088000 171
25004700 118
25000000 2
24893568 59
24883200 1270
24806250 13
24800580 49
24772608 74
24696000 404
24603750 7
24586240 22
24576000 188
24504606 1
24500000 20
24494400 1334
24385536 298
24310125 2
24300000 239
24202080 25
24192000 2003
24111675 9
24084480 117
24010000 18
24004512 106
24000000 118
23914845 2
23887872 117
23814000 653
23708160 482
23625000 41
23619600 170
23592960 82
23529800 1
23520000 409
23514624 310
23337720 76
23328000 1381
23224320 930
23152500 44
23147208 48
23049600 89
23040000 629
22968750 1
22963500 121
22937600 58
22861440 1048
22781250 3
22689450 3
22680000 1120
22674816 68
22588608 2
22579200 906
22504230 35
22500000 28
22478848 3
22400000 125
22394880 716
22325625 2
22320522 5
22226400 586
22143375 1
22127616 46
22118400 566
22050000 143
22044960 487
22020096 14
21952000 119
21870000 233
21781872 18
21772800 2429
21676032 144
21609000 61
21600000 521
21512960 9
21504000 565
21432600 365
21337344 196
21262500 47
21257640 35
21233664 45
21176820 2
21168000 1351
21073920 128
21003948 17
21000000 87
20995200 859
20971520 7
20901888 393
20837250 39
20744640 177
20736000 1535
20667150 23
20643840 288
20588575 1
20580000 108
20575296 247
20503125 1
20480000 81
20420505 1
20412000 1219
20321280 1184
20253807 4
20250000 61
20168400 24
20160000 1091
20155392 157
20070400 131
20003760 291
20000000 20
19906560 570
19845000 231
19840464 57
19756800 588
19687500 5
19683000 125
19668992 5
19660800 102
19600000 80
19595520 1394
19448100 65
19440000 918
19361664 10
19353600 1675
19293750 4
19289340 95
19267584 18
19208000 43
19200000 257
19136250 21
19131876 5
19059138 1
19051200 1471
18966528 125
18900000 382
18895680 261
18874368 5
18823840 2
18816000 584
18753525 9
18670176 64
18662400 1527
18600435 5
18579456 175
18522000 309
18439680 79
18432000 624
18375000 17
18370800 648
18350080 23
18289152 442
18225000 71
18151560 20
18144000 2547
18063360 445
18007500 14
18003384 52
18000000 157
17920000 196
17915904 202
17860500 169
17781120 623
17718750 3
17714700 26
17694720 201
17647350 1
17640000 571
17635968 253
17561600 97
17503290 21
17500000 7
17496000 871
17418240 1502
17364375 1
17360406 7
17287200 152
17280000 1080
17222625 2
17210368 1
17203200 377
17150000 17
17146080 726
17010000 608
17006112 44
16941456 3
16934400 1663
16875000 14
16859136 25
16807000 6
16800000 351
16796160 786
16669800 284
16595712 72
16588800 1249
16537500 37
16533720 148
16515072 38
16464000 259
16402500 51
16384000 57
16336404 5
16329600 2243
16257024 303
16206750 22
16200000 426
16134720 23
16128000 1481
16074450 52
16056320 34
16003008 213
16000000 47
15946875 2
15943230 5
15925248 103
15882615 1
15876000 1085
15805440 400
15752961 1
15750000 92
15746400 441
15728640 28
15680000 188
15676416 471
15625000 1
15558480 135
15552000 1764
15482880 778
15435000 90
15431472 107
15366400 43
15360000 338
15312500 3
15309000 400
15240960 1420
15187500 14
15126300 8
15120000 1401
15116544 135
15059072 1
15052800 529
15002820 115
15000000 25
14929920 894
14883750 31
14880348 11
14817600 694
14762250 7
14751744 24
14745600 372
14700000 125
14696640 947
14680064 4
14586075 4
14580000 512
14521248 25
14515200 2732
14467005 7
14450688 107
14406000 62
14400000 468
14336000 184
14288400 872
14224896 219
14175000 132
14171760 124
14155776 33
14117880 5
14112000 1189
14049280 43
14002632 41
14000000 64
13996800 1412
13934592 378
13891500 129
13829760 156
13824000 1390
13781250 5
13778100 150
13762560 130
13720000 72
13716864 394
13668750 4
13613670 4
13608000 1929
13547520 980
13505625 1
13502538 8
13500000 109
13445600 10
13440000 637
13436928 235
13395375 15
13335840 543
13286025 1
13271040 555
13230000 426
13226976 119
13171200 356
13125000 5
13122000 354
13107200 30
13063680 1879
12965400 103
12960000 1252
12907776 8
12902400 1127
12862500 11
12859560 260
12845056 5
12800000 84
12757500 91
12754584 8
12700800 2034
12656250 1
12644352 95
12605250 5
12600000 436
12597120 544
12582912 5
12544000 228
12502350 51
12500000 1
12446784 95
12441600 1809
12403125 1
12400290 28
12386304 145
12348000 408
12301875 3
12293120 30
12288000 307
12250000 18
12247200 1409
12192768 465
12150000 191
12101040 29
12096000 2469
12042240 217
12005000 10
12002256 131
12000000 100
11943936 210
11907000 513
11854080 620
11812500 14
11809800 135
11796480 127
11760000 459
11757312 453
11668860 57
11664000 1509
11612160 1555
11576250 23
11573604 26
11524800 107
11520000 878
11481750 54
11468800 100
11430720 1179
11344725 1
11340000 973
11337408 66
11294304 2
11289600 1329
11252115 5
11250000 13
11239424 8
11200000 154
11197440 1113
11113200 519
11063808 58
11059200 970
11025000 82
11022480 403
11010048 21
10976000 147
10935000 165
10890936 12
10886400 3046
10838016 239
10804500 37
10800000 507
10756480 15
10752000 883
10716300 225
10668672 257
10631250 14
10628820 18
10616832 103
10588410 2
10584000 1402
10536960 211
10504375 1
10501974 7
10500000 66
10497600 917
10485760 7
10450944 571
10418625 9
10372320 194
10368000 1949
10333575 9
10321920 505
10290000 97
10287648 268
10240000 103
10206000 954
10160640 1577
10125000 30
10084200 11
10080000 1184
10077696 216
10035200 162
10001880 233
10000000 16
9953280 939
9922500 124
9920232 49
9878400 635
9843750 1
9841500 57
9834496 7
9830400 198
9800000 70
9797760 1526
9724050 26
9720000 897
9680832 17
9676800 2389
9644670 41
9633792 46
9604000 38
9600000 311
9568125 9
9565938 2
9525600 1397
9483264 201
9450000 255
9447840 257
9437184 17
9411920 8
9408000 709
9375000 3
9335088 60
9331200 2086
9289728 330
9261000 231
9219840 93
9216000 909
9187500 10
9185400 422
9175040 50
9144576 584
9112500 39
9075780 15
9072000 2694
9031680 676
9003750 7
9001692 32
9000000 135
8960000 239
8957952 311
8930250 85
8890560 703
8859375 1
8857350 14
8847360 391
8820000 496
8817984 296
8780800 147
8751645 6
8750000 4
8748000 826
8709120 2268
8680203 3
8643600 132
8640000 1321
8605184 7
8601600 576
8575000 15
8573040 621
8505000 356
8503056 26
8470728 1
8467200 2040
8437500 2
8429568 50
8403500 6
8400000 350
8398080 950
8388608 2
8334900 180
8297856 89
8294400 1880
8268750 17
8266860 100
8257536 76
8232000 282
8201250 9
8192000 91
8168202 8
8164800 2326
8128512 505
8103375 2
8100000 358
8067360 25
8064000 1854
8037225 12
8028160 61
8001504 220
8000000 49
7962624 208
7938000 893
7902720 479
7875000 31
7873200 353
7864320 67
7840000 189
7838208 661
7779240 113
7776000 2145
7741440 1228
7717500 39
7715736 89
7683200 51
7680000 480
7654500 216
7620480 1675
7593750 4
7563150 1
7560000 1311
7558272 153
7529536 1
7526400 693
7501410 52
7500000 19
7464960 1333
7441875 6
7440174 3
7408800 633
7381125 2
7375872 30
7372800 602
7350000 84
7348320 884
7340032 6
7290000 401
7260624 16
7257600 3466
7225344 142
7203000 42
7200000 493
7168000 267
7144200 581
7112448 335
7087500 65
7085880 83
7077888 63
7058940 1
7056000 1349
7031250 1
7024640 85
7001316 21
7000000 40
6998400 1566
6967296 650
6945750 44
6914880 176
6912000 1830
6890625 1
6889050 75
6881280 211
6860000 47
6858432 430
6834375 2
6806835 1
6804000 1665
6773760 1375
6751269 3
6750000 70
6722800 7
6720000 807
6718464 328
6667920 439
6635520 886
6615000 251
6613488 118
6585600 403
6562500 3
6561000 221
6553600 50
6531840 2238
6482700 62
6480000 1296
6453888 13
6451200 1679
6431250 1
6429780 171
6422528 9
6400000 116
6378750 31
6377292 11
6350400 1970
6322176 114
6300000 336
6298560 542
6291456 13
6272000 285
6251175 10
6250000 2
6223392 84
6220800 2570
6200145 3
6193152 258
6174000 320
6146560 33
6144000 467
6125000 8
6123600 1121
6096384 687
6075000 97
6050520 23
6048000 2757
6021120 320
6002500 2
6001128 90
6000000 99
5971968 390
5953500 233
5927040 730
5906250 7
5904900 68
5898240 220
5880000 398
5878656 505
5834430 32
5832000 1506
5806080 2205
5788125 5
5786802 19
5762400 88
5760000 999
5740875 9
5734400 158
5715360 1131
5670000 727
5668704 65
5647152 4
5644800 1648
5625000 11
5619712 17
5600000 154
5598720 1378
5556600 387
5531904 58
5529600 1399
5512500 35
5511240 276
5505024 40
5488000 125
5467500 70
5445468 9
5443200 3309
5419008 383
5402250 13
5400000 468
5378240 8
5376000 1003
5358150 77
5334336 310
5315625 3
5314410 5
5308416 171
5292000 1153
5268480 276
5250987 3
5250000 50
5248800 805
5242880 11
5225472 796
5186160 137
5184000 2403
5160960 807
5145000 63
5143824 205
5120000 144
5103000 592
5080320 1838
5062500 11
5042100 14
5040000 1257
5038848 274
5017600 257
5000940 135
5000000 10
4976640 1538
4961250 42
4960116 28
4939200 621
4920750 19
4917248 11
4915200 268
4900000 68
4898880 1517
4862025 11
4860000 794
4840416 17
4838400 3185
4822335 9
4816896 64
4802000 25
4800000 299
4782969 1
4762800 1135
4741632 240
4725000 160
4723920 204
4718592 36
4705960 1
4704000 801
4667544 56
4665600 2349
4644864 555
4630500 129
4609920 116
4608000 1251
4593750 3
4592700 244
4587520 64
4572288 601
4556250 6
4537890 8
4536000 2452
4515840 991
4500846 14
4500000 86
4480000 295
4478976 434
4465125 8
4445280 640
4428675 2
4423680 625
4410000 382
4408992 236
4390400 146
4375000 3
4374000 524
4354560 2764
4321800 94
4320000 1366
4302592 3
4300800 751
4287500 7
4286520 440
4252500 147
4251528 22
4233600 2005
4218750 2
4214784 66
4200000 318
4199040 1013
4194304 2
4167450 80
4148928 87
4147200 2299
4134375 5
4133430 36
4128768 144
4116000 257
4100625 1
4096000 137
4084101 3
4082400 2007
4064256 586
4050000 227
4033680 12
4032000 2167
4014080 114
4000752 183
4000000 58
3981312 368
3969000 532
3951360 563
3937500 18
3936600 213
3932160 100
3920000 182
3919104 694
3889620 60
3888000 2105
3870720 1675
3858750 20
3857868 57
3841600 60
3840000 516
3827250 80
3810240 1553
3781575 4
3780000 1014
3779136 155
3763200 828
3750705 9
3750000 7
3732480 1626
3720087 4
3704400 501
3687936 34
3686400 890
3675000 55
3674160 707
3670016 9
3645000 213
3630312 10
3628800 3700
3612672 215
3601500 22
3600000 415
3584000 326
3572100 296
3556224 358
3543750 22
3542940 35
3538944 117
3529470 1
3528000 1197
3512320 95
3500658 6
3500000 37
3499200 1439
3483648 755
3472875 6
3457440 138
3456000 2131
3444525 10
3440640 347
3430000 40
3429216 419
3402000 1220
3386880 1614
3375000 36
3361400 5
3360000 778
3359232 391
3333960 284
3317760 1240
3307500 121
3306744 76
3292800 422
3281250 1
3280500 107
3276800 78
3265920 2394
3241350 18
3240000 1103
3226944 11
3225600 2090
3214890 77
3211264 15
3200000 124
3189375 4
3188646 3
3175200 1678
3161088 171
3150000 244
3149280 463
3145728 14
3136000 307
3111696 59
3110400 2843
3096576 373
3087000 195
3073280 41
3072000 609
3062500 5
3061800 673
3048192 704
3037500 36
3025260 18
3024000 2650
3010560 478
3001250 1
3000564 50
3000000 91
2985984 465
2976750 82
2963520 687
2953125 1
2952450 19
2949120 353
2940000 309
2939328 481
2917215 8
2916000 1127
2903040 2769
2893401 2
2881200 81
2880000 1060
2867200 197
2857680 799
2835000 429
2834352 57
2823576 1
2822400 1726
2812500 3
2809856 9
2800000 137
2799360 1556
2778300 189
2765952 67
2764800 1819
2756250 8
2755620 138
2752512 67
2744000 113
2733750 26
2722734 4
2721600 2891
2709504 495
2701125 3
2700000 349
2689120 10
2688000 1149
2679075 12
2667168 228
2654208 251
2646000 848
2634240 320
2625000 23
2624400 607
2621440 21
2612736 868
2593080 118
2592000 2397
2580480 1016
2572500 25
2571912 138
2560000 179
2551500 291
2540160 1840
2531250 3
2521050 3
2520000 1041
2519424 271
2508800 241
2500470 55
2500000 3
2488320 1792
2480625 7
2480058 16
2469600 543
2460375 7
2458624 10
2457600 381
2450000 48
2449440 1357
2430000 448
2420208 17
2419200 3351
2408448 92
2401000 12
2400000 277
2381400 707
2370816 295
2362500 59
2361960 136
2359296 59
2352000 716
2333772 26
2332800 2212
2322432 679
2315250 42
2304960 98
2304000 1454
2296350 70
2293760 84
2286144 547
2278125 2
2268945 7
2268000 1923
2257920 1116
2250423 4
2250000 52
2240000 289
2239488 534
2222640 466
2211840 895
2205000 186
2204496 211
2195200 158
2187500 1
2187000 321
2177280 2829
2160900 43
2160000 1217
2151296 4
2150400 1001
2143750 1
2143260 231
2126250 40
2125764 11
2116800 1843
2107392 96
2100875 2
2100000 197
2099520 861
2083725 9
2074464 84
2073600 2735
2066715 7
2064384 221
2058000 151
2048000 179
2041200 1401
2032128 711
2025000 122
2016840 18
2016000 2168
2007040 118
2000376 112
2000000 47
1990656 521
1984500 247
1975680 534
1968750 3
1968300 104
1966080 126
1960000 155
1959552 782
1944810 30
1944000 1692
1935360 2078
1929375 1
1928934 23
1920800 42
1920000 551
1913625 9
1905120 1331
1890000 687
1889568 127
1882384 1
1881600 904
1875000 1
1866240 1851
1852200 350
1843968 28
1843200 1145
1837500 25
1837080 419
1835008 8
1822500 88
1815156 8
1814400 3599
1806336 294
1800750 8
1800000 342
1792000 362
1786050 111
1778112 324
1771875 2
1771470 10
1769472 160
1764000 887
1756160 105
1750329 2
1750000 24
1749600 1122
1741824 977
1728720 103
1728000 2277
1720320 466
1715000 22
1714608 300
1701000 701
1693440 1721
1687500 16
1680700 1
1680000 699
1679616 436
1666980 153
1658880 1618
1653750 38
1653372 41
1646400 341
1640250 36
1638400 89
1632960 2110
1620675 3
1620000 767
1613472 9
1612800 2299
1607445 14
1605632 16
1600000 107
1587600 1061
1580544 214
1575000 108
1574640 325
1572864 18
1568000 259
1555848 51
1555200 2845
1548288 529
1543500 80
1536640 35
1536000 712
1530900 278
1524096 716
1518750 21
1512630 7
1512000 2181
1505280 562
1500282 16
1500000 44
1492992 592
1488375 10
1481760 578
1476225 8
1474560 454
1470000 186
1469664 392
1458000 678
1451520 2785
1440600 53
1440000 1005
1433600 283
1428840 481
1417500 163
1417176 38
1411788 3
1411200 1543
1406250 1
1404928 16
1400000 104
1399680 1389
1389150 78
1382976 60
1382400 2177
1378125 1
1377810 58
1376256 88
1372000 74
1366875 5
1360800 2325
1354752 568
1350000 218
1344560 8
1344000 1142
1333584 170
1327104 350
1323000 453
1317120 322
1312500 8
1312200 310
1310720 26
1306368 953
1296540 46
1296000 2146
1290240 1315
1286250 9
1285956 73
1280000 174
1275750 87
1270080 1665
1265625 1
1260525 1
1260000 718
1259712 245
1254400 293
1250235 11
1250000 6
1244160 2005
1240029 4
1234800 368
1229312 14
1228800 500
1225000 19
1224720 961
1215000 233
1210104 4
1209600 3290
1204224 117
1200500 5
1200000 253
1190700 337
1185408 246
1181250 14
1180980 68
1179648 95
1176490 1
1176000 628
1166886 10
1166400 1810
1161216 864
1157625 10
1152480 64
1152000 1526
1148175 12
1146880 102
1143072 485
1134000 1198
1128960 1141
1125000 24
1120000 247
1119744 560
1111320 280
1105920 1170
1102500 94
1102248 110
1097600 120
1093500 148
1088640 2588
1080450 21
1080000 901
1075648 4
1075200 1094
1071630 72
1063125 12
1062882 2
1058400 1399
1053696 92
1050000 120
1049760 641
1048576 5
1037232 62
1036800 2925
1032192 268
1029000 90
1024000 172
1020600 817
1016064 733
1012500 37
1008420 4
1008000 1827
1003520 133
1000188 54
1000000 25
995328 584
992250 59
987840 490
984150 37
983040 194
980000 109
979776 652
972405 5
972000 1280
967680 2309
964467 3
960400 26
960000 588
952560 931
945000 382
944784 66
941192 1
940800 898
937500 1
933120 1846
926100 125
921984 23
921600 1337
918750 4
918540 224
917504 30
911250 32
907578 7
907200 2873
903168 346
900375 1
900000 258
896000 384
893025 27
889056 228
885735 2
884736 225
882000 548
878080 83
875000 10
874800 685
870912 988
864360 69
864000 2003
860160 515
857500 10
857304 175
850500 275
846720 1560
843750 5
840000 510
839808 405
833490 72
829440 1845
826875 3
826686 12
823200 280
820125 5
819200 110
816480 1476
810000 469
806736 3
806400 2265
802816 25
800000 71
793800 601
790272 192
787500 50
787320 195
786432 23
784000 246
777924 24
777600 2423
774144 598
771750 25
768320 35
768000 750
765450 83
762048 608
759375 1
756315 3
756000 1513
752640 554
750141 5
750000 32
746496 660
740880 353
737280 606
735000 114
734832 294
729000 369
725760 2679
720300 22
720000 777
716800 265
714420 248
708750 44
708588 10
705600 1207
702464 19
700000 67
699840 1183
694575 11
691488 44
691200 2318
688905 9
688128 107
686000 38
680400 1484
677376 602
675000 102
672280 6
672000 1086
666792 112
663552 456
661500 195
658560 274
656250 2
656100 140
655360 46
653184 896
648270 18
648000 1625
645120 1394
643125 2
642978 26
640000 179
637875 11
635040 1213
630000 417
629856 173
627200 273
625000 5
622080 2006
617400 178
614656 16
614400 519
612500 10
612360 474
607500 83
605052 6
604800 2772
602112 133
600250 4
600000 164
595350 95
592704 250
590490 21
589824 129
588000 421
583443 3
583200 1182
580608 963
576240 43
576000 1435
573440 124
571536 320
567000 580
564480 1067
562500 10
560000 200
559872 530
555660 136
552960 1272
551250 33
551124 56
548800 118
546750 36
544320 2079
540225 6
540000 587
537824 1
537600 1095
535815 9
529200 825
526848 108
525000 52
524880 439
524288 10
518616 22
518400 2583
516096 373
514500 41
512000 181
510300 325
508032 647
506250 10
504210 3
504000 1354
501760 151
500094 20
500000 14
497664 648
496125 15
493920 348
492075 3
491520 241
490000 55
489888 480
486000 706
483840 2214
480200 22
480000 409
476280 504
472500 140
472392 58
470400 706
466560 1510
463050 45
460992 36
460800 1431
459375 1
459270 64
458752 24
455625 1
453789 1
453600 2018
451584 373
450000 118
448000 291
444528 156
442368 310
441000 254
439040 87
437500 5
437400 328
435456 970
432180 26
432000 1639
430080 634
428750 3
428652 72
425250 91
423360 1174
420000 301
419904 322
416745 9
414720 1813
413343 3
411600 163
409600 122
408240 960
405000 205
403368 2
403200 1946
401408 31
400000 76
396900 279
395136 182
393750 12
393660 88
393216 42
392000 155
388962 7
388800 1802
387072 667
385875 1
384160 13
384000 696
382725 16
381024 436
378000 879
376320 541
375000 10
373248 628
370440 229
368640 673
367500 42
367416 143
364500 140
362880 2209
360150 12
360000 549
358400 290
357210 62
354375 4
354294 11
352800 833
351232 33
350000 32
349920 804
345744 37
345600 2118
344064 150
343000 23
340200 716
338688 492
337500 27
336140 1
336000 771
333396 51
331776 492
330750 49
329280 182
328050 29
327680 45
326592 681
324135 7
324000 1015
322560 1422
321489 6
320000 122
317520 796
315000 198
314928 126
313600 234
312500 1
311040 1798
308700 86
307328 11
307200 586
306250 4
306180 218
303750 21
302526 2
302400 2072
301056 158
300125 1
300000 110
297675 16
296352 168
295245 5
294912 128
294000 239
291600 770
290304 886
288120 40
288000 1193
286720 145
285768 131
283500 211
282240 902
281250 4
280000 150
279936 407
277830 56
276480 1375
275625 5
275562 20
274400 71
273375 4
272160 1443
270000 308
268800 994
264600 449
263424 95
262500 17
262440 217
262144 10
259308 13
259200 1985
258048 388
257250 10
256000 201
255150 90
254016 514
253125 2
252105 1
252000 811
250880 145
250047 2
250000 15
248832 651
246960 183
245760 301
245000 34
244944 302
243000 356
241920 2026
240100 6
240000 351
238140 210
236250 34
236196 24
235200 511
233280 1167
231525 7
230496 21
230400 1298
229635 9
229376 29
226800 1160
225792 328
225000 56
224000 263
222264 81
221184 306
220500 85
219520 79
218750 1
218700 127
217728 847
216090 11
216000 1135
215040 541
214375 1
214326 27
212625 10
211680 797
210000 172
209952 176
207360 1644
205800 84
204800 136
204120 475
202500 82
201684 3
201600 1533
200704 44
200000 59
198450 84
197568 131
196875 4
196830 21
196608 47
196000 112
194481 2
194400 1144
193536 653
192080 16
192000 626
190512 256
189000 392
188160 475
187500 5
186624 568
185220 86
184320 765
183750 15
183708 63
182250 35
181440 1686
180075 1
180000 317
179200 260
178605 11
177147 1
176400 433
175616 23
175000 19
174960 463
172872 19
172800 1733
172032 152
171500 16
170100 268
169344 478
168750 6
168070 3
168000 560
166698 14
165888 510
165375 6
164640 127
164025 1
163840 52
163296 439
162000 488
161280 1255
160000 114
158760 381
157500 78
157464 57
156800 168
155520 1408
154350 29
153664 5
153600 571
153090 74
151875 4
151263 2
151200 1349
150528 121
150000 43
148176 118
147456 180
147000 115
145800 343
145152 806
144060 19
144000 873
143360 128
142884 83
141750 64
141120 630
140000 75
139968 359
138915 18
138240 1288
137781 4
137200 36
136080 795
135000 152
134456 2
134400 764
132300 174
131712 69
131250 4
131220 69
131072 12
129654 9
129600 1370
129024 380
128000 147
127575 17
127008 327
126000 408
125440 123
125000 5
124416 546
123480 104
122880 305
122500 9
122472 150
121500 113
120960 1430
120050 2
120000 210
119070 74
118125 2
118098 7
117600 305
116640 687
115248 11
115200 1117
114688 26
113400 495
112896 266
112500 16
112000 205
111132 35
110592 318
110250 30
109760 44
109375 1
109350 35
108864 569
108045 2
108000 633
107520 550
107163 6
105840 423
105000 74
104976 127
103680 1384
102900 30
102400 142
102060 185
101250 24
100800 1126
100352 44
100000 25
99225 11
98784 96
98415 6
98304 52
98000 53
97200 623
96768 588
96040 2
96000 461
95256 127
94500 129
94080 363
93750 1
93312 442
92610 24
92160 710
91854 20
91125 1
90720 1028
90000 150
89600 233
88200 204
87808 20
87500 7
87480 221
86436 4
86400 1200
86016 125
85750 3
85050 77
84672 300
84375 2
84000 291
83349 4
82944 486
82320 70
81920 61
81648 282
81000 229
80640 971
80000 69
79380 123
78750 16
78732 26
78400 102
77760 941
77175 5
76832 4
76800 502
76545 11
75600 667
75264 98
75000 19
74088 58
73728 188
73500 42
72900 120
72576 568
72030 2
72000 562
71680 135
71442 15
70875 6
70560 415
70000 43
69984 245
69120 1034
68600 18
68040 389
67500 43
67200 584
66150 47
65856 39
65625 3
65610 19
65536 9
64827 3
64800 765
64512 305
64000 141
63504 184
63000 190
62720 88
62500 1
62208 448
61740 54
61440 281
61250 1
61236 76
60750 22
60480 942
60025 1
60000 131
59535 6
59049 1
58800 174
58320 365
57624 5
57600 844
57344 29
56700 184
56448 213
56250 2
56000 102
55566 6
55296 280
55125 3
54880 42
54675 2
54432 324
54000 310
53760 435
52920 192
52500 32
52488 70
51840 951
51450 7
51200 117
51030 50
50625 1
50400 619
50176 20
50000 13
49392 31
49152 49
49000 16
48600 251
48384 435
48020 4
48000 300
47628 70
47250 41
47040 215
46656 275
46305 4
46080 653
45927 4
45360 570
45000 52
44800 168
44100 75
43904 20
43750 1
43740 70
43218 2
43200 766
43008 143
42525 15
42336 203
42000 156
41472 397
41160 37
40960 72
40824 122
40500 77
40320 703
40000 44
39690 40
39366 5
39200 62
38880 580
38416 2
38400 354
37800 282
37632 94
37500 6
37044 19
36864 172
36750 12
36450 30
36288 394
36015 1
36000 285
35840 95
35721 4
35280 195
35000 14
34992 93
34560 814
34300 9
34020 160
33750 4
33600 357
33075 3
32928 26
32768 12
32400 397
32256 262
32000 86
31752 90
31500 71
31360 69
31104 288
30870 15
30720 234
30618 20
30375 3
30240 540
30000 48
29400 76
29160 193
28812 4
28800 513
28672 30
28350 40
28224 117
28125 1
28000 67
27783 2
27648 272
27440 12
27216 169
27000 143
26880 346
26460 69
26250 10
26244 25
25920 547
25725 1
25600 84
25515 10
25200 304
25088 18
25000 2
24696 28
24576 48
24500 3
24300 76
24192 288
24000 195
23814 29
23625 3
23520 127
23328 169
23040 476
22680 255
22500 22
22400 108
22050 17
21952 8
21875 1
21870 15
21600 434
21504 92
21168 93
21000 67
20736 284
20580 11
20480 56
20412 45
20250 18
20160 441
20000 24
19845 3
19683 1
19600 32
19440 287
19208 1
19200 294
18900 87
18816 60
18750 1
18522 4
18432 159
18375 2
18225 4
18144 250
18000 160
17920 85
17640 91
17500 7
17496 49
17280 556
17150 1
17010 37
16800 184
16464 15
16384 13
16200 165
16128 181
16000 70
15876 33
15750 25
15680 37
15552 183
15360 216
15309 1
15120 308
15000 16
14700 20
14580 68
14400 335
14336 20
14175 7
14112 64
14000 23
13824 233
13720 9
13608 88
13500 34
13440 238
13230 21
13122 2
12960 344
12800 72
12600 134
12544 16
12500 2
12348 7
12288 40
12250 1
12150 13
12096 216
12000 97
11907 2
11760 61
11664 96
11520 315
11340 79
11250 4
11200 49
11025 2
10976 1
10800 212
10752 99
10584 35
10500 16
10368 236
10290 2
10240 50
10206 7
10125 5
10080 227
10000 16
9800 8
9720 124
9604 1
9600 174
9450 18
9408 36
9375 1
9261 1
9216 113
9072 120
9000 56
8960 67
8820 27
8750 1
8748 17
8640 341
8505 8
8400 106
8232 7
8192 15
8100 60
8064 123
8000 37
7938 11
7840 21
7776 120
7680 156
7560 135
7500 6
7350 5
7290 13
7200 164
7168 10
7056 26
7000 12
6912 121
6860 4
6804 21
6750 10
6720 130
6615 2
6480 157
6400 54
6300 38
6272 9
6174 2
6144 46
6075 2
6048 125
6000 34
5880 30
5832 39
5760 208
5670 16
5600 35
5488 2
5400 89
5376 50
5292 20
5250 3
5184 99
5120 34
5103 2
5040 120
5000 4
4900 5
4860 32
4800 98
4725 1
4704 13
4608 90
4536 38
4500 14
4480 28
4410 7
4375 1
4374 3
4320 154
4200 37
4116 2
4096 12
4050 13
4032 81
4000 16
3969 2
3920 11
3888 45
3840 95
3780 42
3750 1
3675 2
3645 1
3600 90
3584 12
3528 14
3500 4
3456 104
3430 2
3402 7
3360 72
3240 67
3200 28
3150 8
3136 9
3072 24
3024 54
3000 12
2940 4
2916 13
2880 119
2835 3
2800 20
2744 1
2700 16
2688 32
2646 1
2592 70
2560 30
2520 52
2500 1
2450 1
2430 6
2400 51
2352 12
2304 70
2268 17
2250 4
2240 20
2205 1
2160 73
2100 9
2058 1
2048 6
2016 54
2000 5
1960 4
1944 24
1920 38
1890 10
1800 25
1792 5
1764 2
1728 61
1701 1
1680 23
1620 12
1600 14
1575 2
1568 4
1536 11
1512 11
1500 2
1470 1
1458 2
1440 60
1400 4
1350 2
1344 27
1323 1
1296 24
1280 20
1260 12
1215 3
1200 17
1176 6
1152 30
1134 5
1120 11
1080 26
1050 2
1024 6
1008 17
1000 2
980 2
972 7
960 33
900 14
896 3
882 1
864 19
840 10
810 4
800 3
768 9
756 5
750 1
720 24
700 4
672 6
648 9
640 6
630 3
600 6
588 1
576 19
560 4
540 10
512 2
504 9
500 1
490 2
486 2
480 14
450 3
448 5
432 14
420 4
400 2
392 2
384 6
378 2
360 7
336 1
324 2
320 3
300 2
288 9
270 4
256 4
252 3
240 7
224 1
216 6
200 2
196 1
192 7
180 2
162 1
160 1
150 1
144 2
126 1
120 3
108 1
96 1
84 1
72 1
64 1
48 1
40 1
27 1
24 1
