4723920000 2
4665600000 1
4199040000 1
4147200000 1
4032000000 2
3888000000 1
3686400000 2
3628800000 1
3584000000 1
3572100000 1
3401222400 1
3359232000 1
3317760000 1
3306744000 1
3240000000 1
3225600000 3
3175200000 1
3149280000 2
3136000000 1
3110400000 2
3024000000 1
2939328000 2
2903040000 2
2880000000 1
2857680000 2
2834352000 1
2822400000 1
2799360000 2
2721600000 3
2645395200 1
2592000000 1
2520000000 1
2449440000 3
2419200000 1
2388787200 1
2381400000 3
2380855680 1
2361960000 2
2352000000 1
2351462400 2
2332800000 3
2322432000 3
2314720800 1
2304000000 1
2296350000 1
2286144000 1
2268000000 3
2257920000 1
2240000000 1
2239488000 1
2222640000 1
2204496000 5
2177280000 2
2160000000 2
2150400000 1
2143260000 1
2125764000 2
2116800000 2
2100000000 1
2099520000 5
2090188800 2
2073600000 2
2057529600 1
2041200000 4
2032128000 2
2016000000 5
2015539200 1
1990656000 1
1984500000 2
1984046400 3
1959552000 2
1944000000 3
1935360000 2
1905120000 1
1889568000 1
1881600000 1
1881169920 2
1866240000 3
1851776640 1
1843200000 1
1837080000 5
1828915200 2
1814400000 7
1806336000 1
1800338400 2
1792000000 2
1791590400 2
1778112000 2
1769472000 1
1764000000 1
1763596800 3
1756160000 1
1750329000 1
1749600000 4
1741824000 4
1728720000 1
1728000000 3
1714608000 3
1701000000 1
1700611200 1
1693440000 7
1679616000 2
1666980000 2
1658880000 4
1653372000 5
1646023680 1
1632960000 4
1625702400 3
1620304560 2
1612800000 2
1600300800 2
1594323000 1
1592524800 1
1587600000 2
1587237120 1
1580544000 2
1574640000 3
1568000000 3
1567641600 3
1555848000 1
1555200000 7
1548288000 2
1543147200 4
1536000000 2
1530900000 4
1524096000 7
1512000000 4
1511654400 4
1504935936 1
1492992000 4
1488034800 3
1474560000 3
1469664000 14
1458000000 2
1451520000 15
1445068800 1
1440270720 2
1433600000 2
1428840000 16
1422489600 1
1417766490 1
1417176000 1
1411200000 6
1410877440 3
1400263200 2
1400000000 1
1399680000 8
1393459200 1
1388832480 3
1382976000 2
1382400000 9
1377810000 2
1371686400 6
1361367000 1
1360800000 10
1360488960 1
1358954496 1
1354752000 5
1344560000 1
1344000000 4
1343692800 4
1333584000 4
1327104000 5
1323000000 3
1322697600 6
1312200000 2
1306368000 18
1296243648 1
1296000000 5
1290240000 4
1285956000 14
1280240640 2
1275750000 5
1275458400 2
1270080000 13
1269789696 1
1264435200 5
1260236880 1
1260000000 2
1259712000 9
1254400000 8
1250235000 1
1244678400 2
1244160000 9
1240029000 3
1238630400 3
1234800000 4
1234517760 5
1229312000 2
1224720000 23
1224440064 1
1219276800 9
1215228420 1
1209600000 13
1200225600 5
1194393600 3
1190700000 5
1190427840 2
1185408000 2
1180980000 3
1179648000 1
1176000000 5
1175731200 18
1166400000 11
1161216000 13
1157360400 4
1152480000 1
1152000000 3
1148175000 1
1146880000 1
1143072000 21
1137991680 1
1134213192 1
1134000000 10
1133740800 6
1128960000 10
1125211500 2
1120210560 2
1120000000 2
1119744000 12
1116026100 1
1114767360 4
1111320000 7
1106380800 2
1105920000 10
1102707270 1
1102500000 1
1102248000 12
1097600000 1
1097349120 4
1093500000 1
1088640000 29
1088391168 1
1083801600 1
1080450000 1
1080203040 3
1075200000 9
1071630000 6
1066867200 8
1062882000 2
1061683200 2
1058400000 14
1058158080 6
1053696000 2
1049760000 16
1045094400 25
1041624360 1
1037232000 4
1036800000 14
1032192000 2
1028764800 15
1024192512 1
1020600000 10
1020366720 4
1016064000 17
1012690350 1
1011548160 1
1008000000 13
1007769600 8
1003290624 2
1000188000 11
995742720 2
995328000 11
992250000 3
992023200 8
990904320 1
987840000 8
980184240 2
980000000 1
979776000 37
975421440 6
972405000 1
972182736 1
972000000 7
968083200 2
967680000 29
967458816 2
964467000 6
963379200 1
960180480 3
960000000 1
956593800 2
952560000 25
952342272 3
948326400 4
945177660 1
945000000 1
944784000 15
941192000 1
940800000 6
940584960 10
933508800 1
933120000 20
930021750 1
928972800 12
926100000 4
925888320 7
921984000 1
921600000 12
918540000 9
918330048 1
914457600 29
911250000 1
910393344 1
907200000 28
906992640 2
903168000 13
900169200 6
900000000 3
896000000 5
895795200 9
893025000 2
892820880 3
889056000 18
885735000 3
885104640 1
884736000 5
882000000 6
881798400 21
875164500 2
874800000 9
871274880 2
870912000 35
868020300 2
867041280 2
864360000 4
864162432 2
864000000 17
860160000 4
859963392 1
857500000 1
857304000 20
853493760 2
850500000 5
850305600 6
846720000 39
846526464 3
842956800 3
840157920 3
840000000 4
839808000 34
836075520 4
833490000 5
833299488 1
829785600 2
829440000 18
826686000 9
825753600 3
823200000 1
823011840 19
819200000 1
816480000 53
816293376 1
812851200 14
810152280 1
810000000 2
806400000 18
806215680 15
803722500 1
802816000 1
800150400 11
796262400 9
793800000 19
793618560 15
792723456 1
790272000 8
787320000 12
786759680 1
786432000 1
784000000 3
783820800 50
777924000 6
777600000 30
774466560 2
774144000 24
771750000 4
771573600 19
768320000 6
768000000 3
765450000 11
765275040 4
762048000 63
758661120 3
756142128 1
756000000 14
755827200 7
752640000 8
752467968 3
750141000 6
746807040 5
746496000 26
744017400 5
743178240 5
740880000 12
737280000 9
735138180 1
735000000 1
734832000 53
731566080 14
729000000 8
725760000 52
725594112 2
722534400 11
720135360 9
720000000 3
716800000 5
716636160 2
714420000 32
714256704 1
711244800 16
708750000 2
708588000 7
708083712 1
707788800 3
705894000 1
705600000 20
705438720 20
702464000 4
700131600 9
700000000 2
699840000 42
696729600 25
694575000 1
694416240 3
691488000 5
691200000 24
688905000 3
688747536 1
688128000 6
686000000 3
685843200 48
682795008 1
680400000 33
680244480 5
677658240 3
677376000 44
675126900 2
674365440 2
672280000 1
672126336 2
672000000 12
671846400 21
666792000 30
663828480 1
663552000 21
661500000 4
661348800 22
660602880 2
658560000 7
658409472 3
656100000 12
653456160 2
653184000 99
650280960 12
648270000 5
648121824 2
648000000 22
645388800 1
645120000 43
644972544 1
642978000 20
642252800 1
640120320 11
640000000 2
637875000 4
637729200 2
637009920 5
635040000 74
634894848 3
632217600 10
630118440 4
630000000 8
629856000 30
627200000 19
627056640 23
625117500 7
622339200 8
622080000 59
620014500 5
619315200 15
617400000 9
617258880 20
614656000 6
614400000 5
612360000 59
612220032 3
609638400 51
607614210 2
607500000 2
605052000 4
604800000 45
604661760 10
602112000 10
600250000 1
600112800 25
600000000 1
597445632 1
597196800 26
595350000 12
595213920 9
594542592 1
592704000 26
590490000 10
589824000 5
588000000 5
587865600 69
585252864 1
583443000 6
583200000 27
580849920 2
580608000 76
578680200 8
578027520 3
576240000 2
576108288 3
576000000 21
574087500 3
573440000 6
571536000 82
568995840 17
567106596 1
567000000 16
566870400 25
566231040 1
564480000 29
564350976 4
562605750 1
561971200 3
560105280 5
560000000 6
559872000 60
558013050 1
557383680 14
555660000 19
555532992 2
553190400 7
552960000 28
551353635 1
551250000 2
551124000 40
550502400 3
548800000 5
548674560 32
546750000 3
544546800 6
544320000 108
544195584 3
541900800 37
540101520 14
540000000 9
537824000 4
537600000 17
537477120 18
535815000 17
535692528 3
533433600 43
531441000 2
530841600 8
529200000 26
529079040 25
526848000 11
525098700 4
525000000 1
524880000 44
522547200 67
520812180 4
520224768 3
518616000 10
518400000 56
516096000 25
514500000 1
514382400 48
512096256 5
512000000 6
510300000 23
510183360 6
509607936 1
508243680 1
508032000 97
506250000 1
505774080 4
504210000 1
504000000 27
503884800 47
501760000 10
501645312 3
500094000 21
497871360 5
497664000 60
496125000 6
496011600 11
495452160 6
493920000 26
493807104 6
492075000 3
491724800 2
491520000 4
490092120 3
490000000 4
489888000 132
487710720 26
486091368 1
486000000 26
484041600 4
483840000 90
483729408 3
482233500 12
481689600 7
480200000 1
480090240 27
480000000 4
478296900 2
477757440 14
476280000 67
476171136 4
474163200 26
472588830 1
472500000 3
472392000 26
471859200 2
470596000 1
470400000 27
470292480 39
468730962 1
466754400 22
466560000 83
464486400 48
463050000 9
462944160 21
460992000 13
460800000 34
459270000 18
459165024 1
458752000 4
457228800 89
455196672 2
453600000 94
453496320 16
451584000 51
450084600 11
450000000 3
448084224 5
448000000 10
447897600 46
446512500 2
446410440 6
445906944 1
444528000 55
442867500 2
442552320 10
442368000 29
441000000 16
440899200 61
439040000 16
438939648 7
437582250 1
437500000 1
437400000 28
435637440 4
435456000 168
434010150 3
433520640 9
432180000 10
432081216 6
432000000 25
430259200 1
430080000 11
429981696 1
428652000 52
426746880 33
425250000 7
425152800 10
424673280 4
423360000 124
423263232 5
421478400 7
420078960 10
420000000 6
419904000 96
418037760 39
416745000 9
416649744 4
414892800 24
414720000 83
413343000 19
412876800 17
411600000 17
411505920 44
410062500 1
409600000 5
408410100 3
408240000 121
408146688 1
406594944 1
406425600 88
405076140 4
405000000 1
403368000 1
403200000 73
403107840 26
401861250 2
401408000 9
400075200 62
400000000 2
398297088 1
398131200 35
396900000 32
396809280 26
395136000 39
393824025 1
393660000 31
393216000 4
392073696 1
392000000 11
391910400 124
390168576 4
388962000 17
388800000 74
387233280 2
387072000 89
385786800 37
385351680 1
384160000 6
384072192 10
384000000 7
382725000 11
382637520 1
382205952 3
381024000 145
379330560 26
378157500 2
378071064 2
378000000 35
377913600 35
376476800 1
376320000 35
376233984 14
375070500 12
373403520 19
373248000 104
372008700 11
371589120 24
370440000 39
370355328 8
368793600 12
368640000 30
367569090 1
367500000 1
367416000 118
367001600 1
365783040 66
364500000 17
363031200 5
362880000 182
362797056 1
361267200 39
360150000 3
360067680 34
360000000 12
358400000 15
358318080 32
357210000 55
357128352 1
355622400 83
354375000 1
354294000 10
354041856 3
353894400 15
352800000 55
352719360 53
351232000 15
350065800 13
350000000 1
349920000 100
348364800 109
347287500 2
347208120 11
346816512 1
345744000 25
345600000 76
344452500 8
344207360 1
344064000 27
343064484 1
343000000 4
342921600 142
341397504 4
340200000 73
340122240 11
338688000 131
337563450 5
337182720 4
336140000 3
336063168 5
336000000 25
335923200 89
334807830 1
334430208 4
333396000 62
331914240 11
331776000 80
330750000 15
330674400 61
330301440 4
329417200 1
329280000 32
329204736 16
328050000 12
327680000 4
326728080 3
326592000 261
325140480 38
324135000 6
324060912 8
324000000 33
322694400 5
322560000 117
322486272 1
321489000 39
321126400 2
320060160 67
320000000 7
318937500 3
318864600 8
318504960 15
317652300 2
317520000 143
317447424 14
316108800 46
315059220 5
315000000 14
314928000 78
314572800 1
313600000 14
313528320 87
312558750 4
311169600 36
311040000 145
310007250 1
309786624 2
309657600 54
308700000 23
308629440 46
307328000 6
307200000 19
306307575 1
306180000 101
306110016 3
304946208 1
304819200 185
303750000 2
303464448 6
302526000 4
302400000 139
302330880 32
301181440 1
301056000 47
300125000 1
300056400 44
298722816 6
298598400 97
297675000 14
297606960 17
297271296 2
296352000 96
295245000 3
295034880 4
294912000 23
294055272 1
294000000 23
293932800 205
292626432 11
291721500 9
291600000 74
290424960 8
290304000 259
289340100 20
289013760 8
288120000 15
288054144 10
288000000 42
287043750 1
286978140 1
286720000 15
286654464 5
285887070 1
285768000 194
284497920 47
283553298 1
283500000 29
283435200 38
283115520 3
282240000 119
282175488 26
280985600 8
280052640 23
280000000 3
279936000 162
278691840 55
277830000 41
277766496 16
276595200 38
276480000 87
275562000 69
275365888 1
275251200 10
274400000 9
274337280 111
273375000 3
272273400 4
272160000 272
272097792 8
271063296 1
270950400 119
270112500 1
270050760 19
270000000 5
268912000 2
268800000 58
268738560 54
267907500 12
267846264 1
266716800 123
265720500 5
265531392 7
265420800 57
264600000 50
264539520 86
263424000 50
262549350 4
262440000 81
262144000 1
261382464 2
261273600 270
260406090 1
260112384 5
259308000 37
259200000 123
258155520 2
258048000 102
257250000 3
257191200 106
256901120 3
256048128 22
256000000 6
255150000 47
255091680 8
254803968 1
254121840 1
254016000 291
252887040 12
252105000 1
252047376 5
252000000 58
251942400 125
251658240 1
250880000 33
250822656 25
250047000 40
248935680 38
248832000 191
248062500 3
248005800 28
247726080 16
246960000 64
246903552 28
246037500 2
245862400 7
245760000 29
245046060 5
245000000 3
244944000 276
243855360 88
243045684 4
243000000 30
242020800 11
241920000 243
241864704 9
241116750 6
240844800 24
240100000 5
240045120 44
240000000 9
239148450 4
238878720 38
238140000 120
238085568 13
237081600 113
236294415 1
236250000 5
236196000 46
235929600 15
235298000 1
235200000 47
235146240 123
234365481 1
233377200 30
233280000 220
232339968 1
232243200 202
231525000 7
231472080 38
231211008 3
230496000 29
230400000 76
229635000 38
229582512 3
229376000 11
228614400 281
227598336 15
226894500 4
226800000 167
226748160 39
225886080 1
225792000 159
225042300 16
225000000 2
224788480 3
224042112 8
224000000 19
223948800 156
223256250 2
223205220 4
222953472 9
222264000 125
221433750 1
221276160 17
221184000 85
220500000 24
220449600 168
219520000 30
219469824 31
218700000 38
217818720 9
217728000 448
216760320 40
216090000 17
216040608 9
216000000 55
215040000 80
214990848 11
214326000 130
213373440 91
212625000 11
212576400 18
212336640 10
211768200 1
211680000 219
211631616 27
210739200 39
210039480 25
210000000 15
209952000 191
209715200 1
209018880 136
208372500 12
208324872 7
207446400 63
207360000 229
206671500 22
206438400 62
205800000 18
205752960 135
204800000 8
204205050 4
204120000 257
204073344 8
203212800 277
202538070 4
202500000 4
202309632 2
201684000 4
201600000 177
201553920 74
200704000 32
200037600 109
200000000 2
199148544 10
199065600 162
198450000 49
198404640 54
198180864 4
197568000 116
196830000 23
196689920 1
196608000 14
196036848 2
196000000 17
195955200 387
195084288 29
194481000 15
194400000 141
193616640 9
193536000 288
192937500 1
192893400 55
192675840 5
192080000 9
192036096 32
192000000 33
191362500 13
191318760 3
191102976 4
190591380 1
190512000 355
189665280 60
189035532 2
189000000 63
188956800 101
188743680 5
188238400 3
188160000 122
188116992 42
187535250 4
186701760 43
186624000 298
186004350 2
185794560 63
185220000 86
185177664 21
184396800 24
184320000 92
183784545 1
183750000 2
183708000 199
183500800 7
182891520 176
182250000 14
181515600 16
181440000 385
181398528 13
180633600 104
180033840 48
180000000 22
179200000 23
179159040 89
178605000 68
178564176 1
177811200 209
177147000 13
177020928 7
176947200 47
176473500 1
176400000 113
176359680 163
176160768 1
175616000 24
175032900 14
175000000 2
174960000 194
174254976 5
174182400 430
173604060 13
173408256 10
172872000 40
172800000 171
172226250 3
172032000 57
171500000 5
171460800 270
170698752 29
170100000 99
170061120 35
169869312 1
169414560 2
169344000 341
168781725 2
168750000 2
168591360 13
168070000 1
168031584 13
168000000 41
167961600 225
167215104 17
166698000 102
165957120 37
165888000 225
165375000 10
165337200 86
165150720 20
164640000 61
164602368 47
164025000 8
163840000 8
163364040 7
163296000 568
162570240 131
162067500 4
162030456 7
162000000 66
161347200 10
161280000 274
161243136 19
160744500 38
160563200 12
160030080 137
160000000 5
159468750 1
159432300 3
159252480 43
158760000 263
158723712 27
158054400 134
157529610 5
157500000 15
157464000 166
157286400 6
156800000 32
156764160 237
156279375 1
156250000 1
155584800 54
155520000 328
155003625 1
154893312 7
154828800 189
154350000 29
154314720 108
153664000 14
153600000 57
153090000 104
153055008 6
152473104 1
152409600 483
151875000 4
151732224 11
151263000 8
151200000 220
151165440 96
150994944 1
150590720 2
150528000 91
150062500 1
150028200 66
150000000 2
149361408 22
149299200 266
148837500 9
148803480 25
148635648 7
148176000 171
147622500 4
147517440 12
147456000 80
147027636 1
147000000 23
146966400 376
146800640 5
146313216 51
145860750 5
145800000 119
145212480 20
145152000 592
144670050 13
144506880 40
144060000 17
144027072 21
144000000 60
143360000 34
143327232 21
142884000 289
142248960 157
141776649 1
141750000 30
141717600 59
141557760 7
141178800 1
141120000 273
141087744 55
140492800 18
140026320 35
140000000 7
139968000 373
139345920 198
138915000 37
138883248 13
138297600 53
138240000 238
137812500 2
137781000 64
137625600 38
137200000 17
137168640 308
136687500 4
136136700 5
136080000 494
136048896 10
135531648 2
135475200 323
135056250 1
135025380 16
135000000 18
134873088 3
134456000 3
134400000 125
134369280 143
133953750 8
133923132 1
133358400 241
132860250 3
132765696 12
132710400 152
132300000 97
132269760 119
132120576 5
131712000 98
131274675 3
131250000 3
131220000 103
131072000 2
130691232 5
130636800 607
130056192 35
129654000 41
129600000 253
129077760 3
129024000 285
128625000 4
128595600 172
128450560 3
128024064 60
128000000 25
127575000 49
127545840 7
127401984 8
127060920 3
127008000 551
126443520 53
126052500 3
126023688 12
126000000 89
125971200 242
125829120 1
125440000 69
125411328 63
125023500 39
125000000 1
124467840 57
124416000 473
124031250 1
124002900 24
123863040 55
123480000 115
123451776 57
123018750 1
122931200 13
122880000 61
122523030 3
122500000 4
122472000 424
121927680 281
121522842 2
121500000 41
121010400 10
120960000 536
120932352 28
120558375 1
120472576 1
120422400 70
120050000 4
120022560 118
120000000 18
119439360 130
119070000 148
119042784 17
118590192 1
118540800 251
118125000 4
118098000 49
118013952 1
117964800 42
117600000 80
117573120 344
116688600 41
116640000 354
116169984 8
116121600 473
115762500 11
115736040 50
115605504 11
115248000 43
115200000 158
114817500 30
114688000 22
114307200 527
113906250 1
113799168 39
113447250 4
113400000 228
113374080 60
113246208 3
112943040 2
112896000 370
112521150 20
112500000 1
112394240 3
112021056 18
112000000 32
111974400 382
111628125 1
111602610 2
111476736 44
111132000 221
110716875 2
110638080 40
110592000 182
110250000 29
110224800 219
110100480 12
109760000 43
109734912 87
109350000 33
108909360 24
108864000 905
108380160 140
108045000 16
108020304 20
108000000 80
107564800 12
107520000 192
107495424 37
107163000 125
106686720 225
106312500 8
106288200 21
106168320 59
105884100 2
105840000 369
105815808 71
105369600 75
105019740 27
105000000 15
104976000 332
104857600 2
104509440 384
104186250 10
104162436 2
103723200 102
103680000 480
103335750 6
103262208 1
103219200 152
102900000 21
102876480 266
102760448 1
102400000 19
102102525 1
102060000 328
102036672 12
101648736 2
101606400 665
101269035 1
101250000 6
101154816 12
100842000 6
100800000 277
100776960 170
100663296 1
100442349 1
100352000 49
100018800 160
100000000 1
99574272 25
99532800 332
99225000 45
99202320 79
99090432 13
98784000 230
98415000 36
98344960 6
98304000 44
98018424 4
98000000 28
97977600 728
97542144 58
97240500 20
97200000 218
96808320 11
96768000 681
96446700 52
96337920 20
96040000 26
96018048 62
96000000 47
95681250 3
95659380 5
95551488 21
95295690 2
95256000 569
94832640 153
94517766 4
94500000 65
94478400 142
94371840 10
94080000 222
94058496 102
93767625 3
93350880 82
93312000 590
92897280 210
92610000 76
92588832 36
92198400 44
92160000 208
91875000 3
91854000 250
91750400 9
91445760 454
91125000 7
90757800 8
90720000 738
90699264 35
90316800 266
90037500 3
90016920 64
90000000 27
89600000 73
89579520 202
89302500 49
89282088 13
88905600 369
88573500 14
88510464 9
88473600 146
88200000 157
88179840 278
88080384 1
87808000 46
87516450 10
87480000 239
87127488 6
87091200 951
86802030 11
86704128 37
86436000 62
86400000 270
86051840 2
86016000 150
85750000 4
85730400 441
85349376 53
85050000 120
85030560 37
84934656 8
84707280 9
84672000 704
84375000 1
84295680 30
84035000 4
84015792 14
84000000 95
83980800 422
83886080 1
83607552 77
83349000 93
82978560 79
82944000 506
82687500 8
82668600 75
82575360 51
82320000 105
82301184 94
82012500 3
81920000 29
81682020 6
81648000 927
81285120 343
81033750 6
81015228 4
81000000 78
80673600 10
80640000 536
80621568 51
80372250 17
80281600 23
80015040 235
80000000 11
79716150 5
79626240 137
79413075 1
79380000 346
79361856 31
79027200 258
78764805 1
78750000 8
78732000 180
78643200 14
78400000 69
78382080 518
77792400 97
77760000 558
77446656 8
77414400 504
77175000 22
77157360 152
77070336 3
76832000 34
76800000 86
76545000 104
76527504 6
76236552 3
76204800 897
75866112 35
75631500 6
75600000 326
75582720 135
75497472 1
75295360 2
75264000 233
75014100 54
75000000 4
74680704 35
74649600 585
74418750 6
74401740 18
74317824 41
74088000 297
73811250 4
73758720 22
73728000 194
73513818 2
73500000 30
73483200 579
73400320 3
73156608 129
72930375 1
72900000 107
72606240 23
72576000 1212
72335025 3
72253440 122
72030000 26
72013536 55
72000000 120
71680000 91
71663616 42
71442000 344
71124480 303
70875000 30
70858800 60
70778880 61
70589400 5
70560000 427
70543872 128
70246400 35
70013160 46
70000000 10
69984000 642
69672960 499
69457500 38
69441624 18
69148800 92
69120000 511
68890500 41
68841472 3
68812800 94
68600000 14
68584320 502
68343750 1
68068350 4
68040000 596
68024448 15
67765824 3
67737600 693
67512690 7
67500000 19
67436544 7
67228000 5
67200000 183
67184640 294
66976875 3
66961566 2
66679200 346
66382848 24
66355200 341
66150000 114
66134880 194
66060288 9
65856000 161
65610000 108
65536000 17
65345616 9
65318400 1273
65028096 80
64827000 47
64800000 318
64538880 7
64512000 582
64312500 2
64297800 183
64225280 7
64012032 93
64000000 30
63787500 31
63772920 10
63700992 21
63530460 3
63504000 909
63221760 125
63011844 5
63000000 101
62985600 385
62914560 8
62720000 110
62705664 126
62511750 20
62233920 118
62208000 838
62001450 11
61931520 199
61740000 120
61725888 92
61465600 24
61440000 126
61261515 1
61250000 5
61236000 545
60963840 623
60761421 1
60750000 37
60505200 21
60480000 897
60466176 52
60211200 175
60025000 2
60011280 166
60000000 28
59719680 272
59535000 149
59521392 25
59270400 439
59062500 4
59049000 67
59006976 6
58982400 95
58800000 123
58786560 566
58344300 36
58320000 499
58084992 12
58060800 1037
57881250 5
57868020 47
57802752 23
57624000 57
57600000 261
57408750 11
57344000 60
57153600 754
56899584 85
56700000 239
56687040 120
56623104 4
56471520 1
56448000 689
56260575 9
56250000 3
56197120 11
56010528 30
56000000 58
55987200 795
55738368 101
55566000 214
55319040 70
55296000 502
55125000 16
55112400 280
55050240 19
54880000 63
54867456 225
54675000 30
54454680 20
54432000 1425
54190080 327
54022500 9
54010152 22
54000000 128
53782400 5
53760000 314
53747712 76
53581500 93
53343360 341
53156250 1
53144100 16
53084160 135
52942050 3
52920000 506
52907904 113
52684800 175
52509870 14
52500000 16
52488000 386
52428800 10
52254720 789
52093125 1
52081218 5
51861600 137
51840000 747
51667875 4
51631104 2
51609600 360
51450000 29
51438240 312
51200000 42
51030000 319
51018336 17
50824368 2
50803200 1167
50625000 6
50577408 29
50421000 5
50400000 404
50388480 299
50331648 1
50176000 97
50009400 170
50000000 4
49787136 55
49766400 708
49612500 33
49601160 72
49545216 38
49392000 329
49218750 1
49207500 21
49172480 20
49152000 101
49009212 6
49000000 20
48988800 1136
48771072 172
48620250 15
48600000 265
48404160 24
48384000 1197
48223350 29
48168960 60
48020000 20
48009024 105
48000000 92
47840625 1
47775744 57
47647845 2
47628000 719
47416320 308
47250000 59
47239200 169
47185920 34
47059600 4
47040000 304
47029248 209
46675440 92
46656000 986
46448640 521
46305000 70
46294416 43
46099200 82
46080000 377
45937500 1
45927000 167
45875200 36
45722880 768
45562500 5
45378900 9
45360000 978
45349632 68
45177216 2
45158400 566
45008460 69
45000000 31
44957696 1
44800000 110
44789760 400
44651250 19
44641044 9
44452800 490
44286750 7
44255232 24
44236800 334
44100000 142
44089920 419
44040192 5
43904000 99
43758225 3
43740000 285
43563744 17
43545600 1682
43401015 4
43352064 67
43218000 70
43200000 412
43025920 9
43008000 309
42875000 7
42865200 453
42674688 120
42525000 94
42515280 40
42467328 23
42353640 3
42336000 992
42147840 77
42017500 1
42007896 18
42000000 94
41990400 691
41943040 2
41803776 181
41674500 87
41489280 117
41472000 1045
41343750 1
41334300 75
41287680 148
41160000 131
41150592 192
41006250 1
40960000 55
40841010 2
40824000 1150
40642560 738
40516875 1
40507614 4
40500000 71
40336800 18
40320000 805
40310784 87
40186125 4
40140800 57
40007520 280
40000000 14
39813120 312
39690000 302
39680928 70
39513600 407
39375000 4
39366000 179
39337984 5
39321600 45
39200000 96
39191040 966
38896200 99
38880000 775
38723328 16
38707200 1025
38587500 15
38578680 142
38535168 14
38416000 35
38400000 168
38272500 72
38263752 8
38118276 2
38102400 1272
37933056 82
37815750 8
37800000 397
37791360 245
37748736 2
37647680 1
37632000 414
37507050 39
37500000 5
37340352 46
37324800 1044
37200870 12
37158912 94
37044000 354
36905625 2
36879360 62
36864000 335
36756909 1
36750000 28
36741600 627
36700160 9
36578304 273
36450000 106
36303120 36
36288000 1862
36126720 249
36015000 23
36006768 61
36000000 139
35840000 138
35831808 89
35721000 273
35562240 444
35437500 19
35429400 48
35389440 113
35294700 2
35280000 544
35271936 203
35123200 83
35006580 36
35000000 8
34992000 841
34836480 900
34728750 17
34720812 16
34574400 130
34560000 777
34445250 27
34420736 1
34406400 178
34300000 21
34292160 591
34034175 2
34020000 623
34012224 33
33882912 2
33868800 1213
33756345 4
33750000 17
33718272 16
33614000 4
33600000 283
33592320 521
33339600 347
33191424 53
33177600 761
33075000 72
33067440 180
33030144 22
32928000 245
32805000 76
32768000 29
32672808 12
32659200 1774
32514048 148
32413500 27
32400000 454
32269440 23
32256000 1025
32156250 1
32148900 128
32112640 25
32006016 155
32000000 30
31893750 6
31886460 9
31850496 54
31765230 1
31752000 1157
31610880 269
31505922 7
31500000 120
31492800 436
31457280 13
31360000 170
31352832 316
31255875 4
31116960 127
31104000 1286
31000725 3
30965760 398
30870000 123
30862944 118
30732800 41
30720000 234
30625000 6
30618000 539
30481920 1073
30375000 32
30252600 22
30240000 1204
30233088 108
30105600 287
30012500 1
30005640 171
30000000 28
29859840 557
29767500 89
29760696 27
29635200 609
29531250 1
29524500 43
29503488 10
29491200 212
29400000 137
29393280 747
29360128 1
29172150 14
29160000 591
29042496 19
29030400 1917
28940625 1
28934010 22
28901376 54
28812000 69
28800000 401
28704375 2
28672000 114
28576800 922
28449792 171
28350000 247
28343520 108
28311552 20
28235760 3
28224000 953
28125000 1
28098560 26
28005264 40
28000000 51
27993600 1046
27869184 208
27783000 176
27659520 122
27648000 858
27562500 6
27556200 259
27525120 64
27440000 69
27433728 283
27337500 20
27227340 18
27216000 1778
27095040 620
27011250 5
27005076 17
27000000 141
26891200 13
26880000 497
26873856 135
26790750 37
26671680 461
26572050 6
26542080 297
26471025 1
26460000 504
26453952 140
26342400 261
26254935 1
26250000 11
26244000 448
26214400 18
26127360 1278
25930800 148
25920000 1020
25815552 11
25804800 694
25725000 20
25719120 316
25690112 1
25600000 74
25515000 215
25509168 12
25412184 2
25401600 1626
25312500 2
25288704 59
25210500 7
25200000 453
25194240 469
25165824 1
25088000 151
25004700 126
25000000 5
24893568 64
24883200 1240
24806250 10
24800580 46
24772608 78
24706290 1
24696000 405
24603750 9
24586240 31
24576000 178
24504606 3
24500000 22
24494400 1372
24385536 319
24310125 4
24300000 219
24202080 28
24192000 1857
24111675 12
24084480 106
24010000 20
24004512 127
24000000 85
23887872 101
23814000 667
23708160 482
23625000 49
23619600 184
23592960 54
23529800 1
23520000 423
23514624 310
23337720 84
23328000 1399
23224320 994
23152500 46
23147208 62
23049600 110
23040000 664
22963500 138
22937600 54
22861440 1021
22781250 1
22689450 8
22680000 1101
22674816 69
22588608 4
22579200 906
22504230 38
22500000 24
22478848 5
22400000 133
22394880 742
22325625 1
22320522 5
22226400 538
22143375 2
22127616 49
22118400 627
22050000 132
22044960 415
22020096 6
21952000 118
21875000 1
21870000 266
21781872 14
21772800 2513
21676032 146
21609000 50
21600000 489
21512960 6
21504000 535
21437500 2
21432600 371
21337344 201
21262500 61
21257640 39
21233664 48
21176820 1
21168000 1333
21073920 143
21008750 2
21003948 18
21000000 98
20995200 884
20971520 3
20901888 352
20837250 31
20744640 165
20736000 1514
20667150 32
20643840 286
20580000 130
20575296 216
20480000 57
20420505 6
20412000 1190
20321280 1177
20253807 3
20250000 68
20168400 19
20160000 1073
20155392 166
20070400 107
20003760 311
20000000 21
19906560 573
19845000 242
19840464 55
19756800 553
19687500 4
19683000 128
19668992 4
19660800 87
19600000 81
19595520 1341
19448100 66
19440000 947
19361664 15
19353600 1632
19293750 2
19289340 98
19267584 23
19208000 29
19200000 239
19136250 35
19131876 4
19059138 3
19051200 1454
18966528 156
18907875 1
18900000 391
18895680 266
18874368 7
18823840 2
18816000 593
18753525 12
18750000 1
18670176 77
18662400 1617
18600435 4
18579456 182
18522000 330
18439680 67
18432000 634
18375000 18
18370800 581
18350080 17
18289152 386
18225000 73
18151560 32
18144000 2372
18063360 469
18007500 5
18003384 52
18000000 156
17920000 188
17915904 167
17860500 197
17781120 619
17718750 5
17714700 41
17694720 213
17640000 572
17635968 245
17561600 81
17503290 25
17500000 6
17496000 874
17418240 1525
17364375 7
17360406 7
17287200 150
17280000 1119
17222625 3
17210368 1
17203200 380
17150000 21
17146080 692
17010000 564
17006112 38
16941456 3
16934400 1754
16875000 7
16859136 23
16807000 7
16800000 360
16796160 770
16777216 2
16669800 264
16595712 64
16588800 1221
16537500 48
16533720 167
16515072 53
16464000 309
16402500 43
16384000 57
16336404 6
16329600 2249
16257024 256
16206750 21
16200000 396
16134720 16
16128000 1477
16074450 63
16056320 51
16003008 184
16000000 47
15943230 2
15925248 131
15882615 1
15876000 1148
15805440 370
15750000 75
15746400 417
15728640 32
15680000 209
15676416 446
15558480 157
15552000 1880
15482880 775
15435000 91
15431472 115
15366400 52
15360000 312
15312500 1
15309000 412
15240960 1475
15187500 12
15126300 14
15120000 1296
15116544 107
15059072 1
15052800 502
15002820 109
15000000 23
14929920 917
14883750 31
14880348 10
14817600 707
14762250 10
14751744 12
14745600 403
14700000 129
14696640 894
14586075 8
14580000 508
14521248 17
14515200 2724
14467005 5
14450688 74
14406000 50
14400000 544
14336000 168
14288400 841
14224896 226
14175000 134
14171760 110
14155776 36
14117880 4
14112000 1187
14062500 1
14049280 48
14002632 36
14000000 56
13996800 1451
13934592 422
13891500 106
13829760 160
13824000 1396
13781250 5
13778100 147
13762560 118
13720000 96
13716864 391
13668750 6
13613670 13
13608000 2056
13547520 1032
13502538 8
13500000 112
13445600 9
13440000 701
13436928 230
13395375 6
13335840 546
13286025 3
13271040 495
13230000 405
13226976 146
13171200 333
13125000 5
13122000 369
13107200 28
13063680 1790
12965400 93
12960000 1263
12907776 5
12902400 1155
12862500 11
12859560 258
12845056 10
12800000 85
12757500 114
12754584 14
12706092 2
12700800 2000
12644352 99
12605250 1
12600000 442
12597120 572
12582912 2
12544000 234
12502350 58
12446784 84
12441600 1852
12403125 1
12400290 18
12386304 144
12348000 363
12301875 2
12293120 26
12288000 306
12250000 13
12247200 1366
12192768 466
12150000 184
12101040 34
12096000 2415
12042240 218
12005000 5
12002256 104
12000000 111
11943936 255
11907000 491
11854080 648
11812500 13
11809800 134
11796480 133
11764900 1
11760000 430
11757312 430
11668860 60
11664000 1566
11612160 1532
11576250 13
11573604 27
11524800 112
11520000 838
11481750 37
11468800 114
11430720 1174
11340000 976
11337408 63
11294304 1
11289600 1319
11252115 3
11250000 19
11239424 11
11200000 176
11197440 1083
11113200 526
11063808 66
11059200 970
11025000 84
11022480 427
11010048 14
10976000 143
10935000 137
10890936 14
10886400 3092
10838016 249
10804500 34
10800000 533
10756480 6
10752000 771
10716300 225
10668672 248
10631250 13
10628820 23
10616832 97
10584000 1428
10536960 214
10501974 12
10500000 68
10497600 921
10485760 8
10450944 624
10418625 4
10372320 178
10368000 1992
10333575 5
10321920 460
10290000 98
10287648 232
10240000 111
10206000 916
10160640 1620
10125000 40
10084200 13
10080000 1297
10077696 238
10035200 171
10001880 281
10000000 13
9953280 946
9922500 137
9920232 39
9878400 675
9843750 2
9841500 52
9834496 4
9830400 174
9800000 89
9797760 1579
9724050 23
9720000 930
9680832 17
9676800 2381
9646875 1
9644670 44
9633792 40
9604000 26
9600000 306
9568125 5
9565938 2
9525600 1408
9483264 204
9450000 299
9447840 248
9437184 13
9408000 746
9375000 4
9335088 45
9331200 2094
9289728 386
9261000 232
9219840 85
9216000 905
9187500 6
9185400 455
9175040 42
9144576 500
9112500 29
9075780 12
9072000 2593
9031680 669
9003750 2
9001692 36
9000000 139
8960000 257
8957952 307
8930250 63
8890560 692
8857350 10
8847360 386
8823675 1
8820000 505
8817984 311
8780800 133
8751645 6
8750000 8
8748000 829
8709120 2206
8680203 2
8643600 143
8640000 1339
8605184 3
8601600 578
8575000 14
8573040 637
8505000 338
8503056 36
8470728 1
8467200 2168
8437500 10
8429568 49
8403500 2
8400000 349
8398080 951
8334900 175
8297856 92
8294400 1847
8268750 9
8266860 98
8257536 81
8232000 297
8201250 11
8192000 83
8168202 5
8164800 2334
8128512 441
8103375 4
8100000 330
8067360 25
8064000 1905
8037225 13
8028160 75
8001504 192
8000000 55
7971615 2
7962624 205
7938000 875
7902720 490
7875000 50
7873200 403
7864320 67
7840000 189
7838208 659
7779240 99
7776000 2194
7741440 1220
7717500 52
7715736 87
7683200 50
7680000 453
7654500 203
7620480 1602
7593750 2
7563150 7
7560000 1288
7558272 137
7529536 2
7526400 726
7501410 41
7500000 22
7464960 1421
7441875 8
7440174 6
7408800 687
7381125 5
7375872 33
7372800 664
7350000 98
7348320 908
7340032 3
7290000 412
7260624 17
7257600 3413
7225344 170
7203000 36
7200000 493
7168000 236
7144200 614
7112448 316
7087500 58
7085880 76
7077888 61
7056000 1345
7024640 67
7001316 22
7000000 54
6998400 1597
6967296 597
6945750 45
6914880 154
6912000 1793
6889050 59
6881280 201
6860000 65
6858432 423
6806835 1
6804000 1616
6773760 1379
6751269 3
6750000 90
6722800 8
6720000 765
6718464 331
6667920 427
6635520 898
6615000 269
6613488 95
6585600 368
6562500 6
6561000 234
6553600 50
6531840 2261
6482700 60
6480000 1223
6453888 6
6451200 1674
6429780 173
6422528 14
6400000 125
6378750 33
6377292 7
6350400 1960
6322176 167
6300000 368
6298560 524
6291456 7
6272000 297
6251175 12
6250000 3
6223392 84
6220800 2537
6200145 7
6193152 261
6174000 301
6146560 35
6144000 447
6125000 14
6123600 1015
6096384 652
6075000 93
6050520 21
6048000 2708
6021120 305
6002500 6
6001128 106
6000000 84
5971968 329
5953500 264
5927040 690
5906250 4
5904900 67
5898240 251
5882450 2
5880000 392
5878656 512
5834430 24
5832000 1456
5806080 2113
5788125 2
5786802 23
5762400 96
5760000 1010
5740875 8
5734400 155
5715360 1132
5670000 679
5668704 84
5647152 3
5644800 1661
5625000 11
5619712 15
5600000 139
5598720 1430
5556600 354
5531904 70
5529600 1451
5512500 39
5511240 279
5505024 32
5488000 141
5467500 73
5445468 9
5443200 3313
5419008 364
5402250 17
5400000 474
5378240 13
5376000 997
5358150 103
5334336 286
5315625 2
5314410 4
5308416 165
5292000 1237
5268480 272
5250987 1
5250000 65
5248800 810
5242880 13
5225472 793
5186160 147
5184000 2409
5160960 757
5145000 59
5143824 175
5120000 153
5103000 617
5080320 1886
5062500 14
5042100 11
5040000 1280
5038848 261
5017600 220
5000940 143
5000000 6
4976640 1462
4961250 32
4960116 30
4941258 1
4939200 636
4921875 1
4920750 21
4917248 6
4915200 289
4900000 58
4898880 1564
4862025 12
4860000 748
4840416 17
4838400 3082
4822335 9
4816896 70
4802000 18
4800000 330
4762800 1110
4741632 281
4725000 185
4723920 195
4718592 34
4705960 1
4704000 832
4687500 1
4667544 61
4665600 2329
4644864 488
4630500 150
4609920 97
4608000 1332
4593750 3
4592700 236
4587520 72
4572288 613
4556250 10
4537890 9
4536000 2471
4515840 932
4501875 1
4500846 26
4500000 103
4480000 254
4478976 446
4465125 15
4445280 669
4428675 2
4423680 601
4410000 342
4408992 285
4390400 165
4375000 4
4374000 578
4354560 2697
4321800 117
4320000 1345
4302592 6
4300800 799
4287500 2
4286520 385
4252500 155
4251528 21
4235364 3
4233600 2065
4218750 3
4214784 63
4200000 320
4199040 989
4194304 3
4167450 76
4148928 85
4147200 2414
4134375 1
4133430 31
4128768 150
4116000 258
4096000 132
4082400 1903
4064256 628
4050000 221
4033680 22
4032000 2209
4014080 97
4000752 167
4000000 55
3981312 308
3969000 528
3951360 537
3937500 19
3936600 232
3932160 80
3920000 184
3919104 761
3889620 69
3888000 2085
3870720 1735
3858750 13
3857868 53
3841600 50
3840000 584
3827250 73
3810240 1657
3781575 5
3780000 1022
3779136 163
3763200 802
3750705 11
3750000 12
3732480 1711
3720087 1
3704400 513
3687936 31
3686400 882
3675000 50
3674160 703
3670016 4
3645000 219
3630312 10
3628800 3768
3612672 229
3601500 17
3600000 449
3584000 337
3572100 304
3556224 299
3543750 18
3542940 32
3538944 108
3529470 1
3528000 1136
3512320 76
3500658 13
3500000 32
3499200 1478
3483648 826
3472875 6
3457440 173
3456000 2126
3444525 10
3440640 322
3430000 34
3429216 377
3402000 1213
3386880 1709
3375000 50
3361400 6
3360000 792
3359232 409
3333960 300
3317760 1201
3307500 117
3306744 73
3292800 431
3280500 102
3276800 57
3265920 2364
3241350 27
3240000 1069
3226944 6
3225600 2116
3214890 61
3211264 13
3200000 113
3189375 7
3188646 2
3175200 1731
3161088 184
3150000 229
3149280 468
3145728 18
3136000 297
3111696 63
3110400 2807
3096576 373
3087000 201
3073280 38
3072000 593
3062500 4
3061800 666
3048192 716
3037500 49
3025260 16
3024000 2657
3010560 454
3000564 46
3000000 74
2985984 461
2976750 85
2963520 699
2952450 26
2949120 364
2941225 1
2940000 321
2939328 452
2917215 9
2916000 1163
2903040 2646
2893401 6
2881200 95
2880000 1065
2867200 248
2857680 833
2835000 385
2834352 68
2823576 3
2822400 1665
2812500 1
2809856 16
2800000 139
2799360 1485
2778300 192
2765952 71
2764800 1906
2756250 9
2755620 151
2752512 51
2744000 118
2733750 21
2722734 5
2721600 3058
2709504 458
2701125 1
2700000 339
2689120 4
2688000 1140
2679075 14
2667168 240
2657205 1
2654208 276
2646000 831
2634240 329
2625000 28
2624400 510
2621440 23
2612736 921
2593080 99
2592000 2374
2580480 1030
2572500 29
2571912 136
2560000 165
2551500 236
2540160 1837
2521050 2
2520000 1017
2519424 301
2508800 274
2500470 62
2500000 11
2488320 1748
2480625 6
2480058 10
2469600 546
2460375 3
2458624 7
2457600 365
2450000 37
2449440 1323
2430000 483
2420208 11
2419200 3385
2408448 102
2401000 19
2400000 289
2381400 662
2370816 319
2362500 64
2361960 123
2359296 63
2352980 2
2352000 685
2343750 1
2333772 41
2332800 2214
2322432 692
2315250 25
2304960 96
2304000 1469
2296350 102
2293760 98
2286144 570
2278125 1
2268945 1
2268000 1872
2257920 1115
2250423 5
2250000 56
2240000 280
2239488 546
2222640 468
2211840 856
2205000 202
2204496 185
2195200 155
2187500 3
2187000 340
2177280 2832
2160900 39
2160000 1147
2151296 3
2150400 1016
2143260 229
2126250 44
2125764 11
2117682 1
2116800 1897
2107392 96
2100000 221
2099520 896
2097152 1
2083725 14
2074464 96
2073600 2738
2066715 6
2064384 198
2058000 165
2048000 167
2041200 1366
2032128 736
2025000 124
2016840 12
2016000 2200
2007040 111
2000376 112
2000000 48
1990656 492
1984500 272
1975680 525
1968750 4
1968300 94
1966080 135
1960000 158
1959552 708
1944810 26
1944000 1713
1935360 2086
1929375 2
1928934 17
1920800 47
1920000 623
1913625 10
1905120 1320
1890000 665
1889568 127
1882384 1
1881600 886
1875000 6
1866240 1917
1852200 319
1843968 36
1843200 1259
1837500 29
1837080 439
1835008 18
1822500 93
1815156 6
1814400 3507
1806336 310
1800750 5
1800000 328
1792000 390
1786050 106
1778112 317
1771470 17
1769472 167
1764000 893
1756160 102
1750329 5
1750000 25
1749600 1134
1741824 1047
1728720 124
1728000 2141
1720320 472
1715000 24
1714608 292
1701000 692
1693440 1790
1687500 7
1680700 6
1680000 686
1679616 391
1666980 156
1658880 1607
1653750 41
1653372 39
1646400 319
1640250 22
1638400 115
1632960 2009
1620675 8
1620000 764
1613472 7
1612800 2321
1607445 14
1605632 25
1600000 93
1594323 1
1587600 1151
1580544 208
1575000 129
1574640 318
1572864 20
1568000 274
1555848 57
1555200 2772
1548288 535
1543500 96
1536640 34
1536000 693
1531250 1
1530900 293
1524096 731
1518750 11
1512630 5
1512000 2101
1505280 502
1500282 30
1500000 68
1492992 579
1488375 10
1481760 548
1476225 5
1474560 520
1470000 202
1469664 361
1458000 695
1451520 2907
1440600 53
1440000 1012
1433600 291
1428840 523
1417500 173
1417176 43
1411200 1576
1406250 1
1404928 24
1400000 111
1399680 1399
1389150 66
1382976 62
1382400 2204
1377810 50
1376256 82
1372000 94
1366875 5
1361367 1
1360800 2194
1354752 551
1350000 190
1344560 9
1344000 1209
1333584 199
1327104 375
1323000 426
1317120 337
1312500 11
1312200 293
1310720 39
1306368 957
1296540 52
1296000 2085
1290240 1265
1286250 11
1285956 79
1280000 181
1275750 79
1270080 1631
1265625 1
1260525 2
1260000 756
1259712 246
1254400 231
1250235 14
1250000 6
1244160 2100
1240029 2
1234800 354
1229312 13
1228800 479
1225000 25
1224720 898
1215000 243
1210104 12
1209600 3369
1204224 124
1200500 3
1200000 261
1190700 343
1185408 274
1181250 16
1180980 63
1179648 82
1176000 622
1166886 10
1166400 1872
1161216 837
1157625 8
1152480 70
1152000 1521
1148175 18
1146880 104
1143072 422
1134000 1148
1128960 1265
1125000 21
1120000 267
1119744 602
1111320 291
1105920 1121
1102500 104
1102248 135
1097600 142
1093750 1
1093500 135
1088640 2584
1080450 18
1080000 932
1075648 3
1075200 1078
1071875 1
1071630 64
1063125 6
1062882 3
1058400 1370
1053696 86
1050000 123
1049760 676
1048576 6
1037232 46
1036800 2814
1032192 290
1029000 91
1024000 165
1020600 750
1016064 752
1012500 41
1008420 12
1008000 1821
1003520 137
1000188 72
1000000 36
995328 559
992250 71
987840 461
984375 2
984150 30
983040 186
980000 119
979776 624
972405 4
972000 1189
967680 2299
964467 2
960400 17
960000 532
952560 930
945000 369
944784 88
940800 847
937500 1
933120 1910
926100 179
921984 41
921600 1416
918750 4
918540 222
917504 22
911250 30
907578 4
907200 2884
903168 354
900375 1
900000 251
896000 384
893025 14
889056 257
885735 2
884736 247
882000 559
878080 113
875000 9
874800 736
870912 1063
864360 67
864000 2037
860160 523
857500 12
857304 165
850500 288
846720 1528
843750 2
840350 1
840000 518
839808 344
833490 67
829440 1827
826875 5
826686 14
823200 258
820125 4
819200 100
816480 1500
810000 435
806736 6
806400 2292
802816 27
800000 83
793800 625
790272 197
787500 50
787320 188
786432 37
784000 227
777924 32
777600 2393
774144 616
771750 27
768320 35
768000 733
765450 89
762048 575
756000 1585
752640 614
750141 3
750000 33
746496 657
740880 380
737280 630
735000 112
734832 244
729000 378
725760 2708
720300 25
720000 820
716800 292
714420 312
708750 38
708588 17
705600 1194
702464 27
700000 82
699840 1115
694575 13
691488 43
691200 2274
688905 11
688128 97
686000 50
680400 1415
677376 591
675000 95
672280 3
672000 984
666792 114
663552 464
661500 216
658560 285
656250 2
656100 128
655360 31
653184 861
648270 24
648000 1610
645120 1418
643125 2
642978 28
640000 153
637875 12
635040 1239
630000 433
629856 176
627200 234
625000 1
622080 2100
617400 227
614656 14
614400 557
612500 1
612360 499
607500 115
605052 9
604800 2734
602112 145
600250 2
600000 160
595350 113
592704 258
590490 24
589824 108
588000 429
583443 1
583200 1272
580608 954
576240 62
576000 1470
573440 136
571536 307
567000 604
564480 1055
562500 6
560000 192
559872 512
555660 131
552960 1285
551250 24
551124 63
548800 114
546750 42
544320 2048
540225 5
540000 603
537824 1
537600 1047
535815 14
531441 1
529200 891
526848 109
525000 42
524880 428
524288 7
518616 27
518400 2476
516096 296
514500 42
512000 188
510300 319
508032 608
506250 9
504210 4
504000 1317
501760 168
500094 14
500000 17
497664 588
496125 8
493920 339
492075 10
491520 244
490000 57
489888 494
486000 687
483840 2206
480200 15
480000 504
476280 504
472500 120
472392 46
470400 679
468750 1
466560 1505
463050 60
460992 26
460800 1368
459375 1
459270 64
458752 27
455625 2
453789 1
453600 1972
451584 358
450000 104
448000 303
444528 141
442368 308
441000 280
439040 84
437500 2
437400 379
435456 993
432180 27
432000 1524
430080 574
428750 2
428652 67
425250 91
423360 1204
420000 309
419904 272
416745 11
414720 1722
413343 5
411600 143
409600 134
408240 979
405000 221
403368 3
403200 2020
401408 28
400000 83
396900 305
395136 156
393750 9
393660 65
393216 44
392000 173
388962 7
388800 1816
387072 688
385875 4
384160 19
384000 703
382725 17
381024 426
378000 886
376320 578
375000 12
373248 606
370440 203
368640 680
367500 37
367416 164
364500 134
362880 2219
360150 2
360000 580
358400 298
357210 76
354375 7
354294 4
352800 790
351232 21
350000 26
349920 736
345744 38
345600 2105
344064 126
343000 22
340200 726
338688 533
337500 36
336140 2
336000 805
333396 51
331776 511
330750 56
329280 201
328050 33
327680 39
326592 667
324135 4
324000 977
322560 1428
321489 8
320000 135
317520 846
315000 188
314928 138
313600 234
311040 1829
308700 91
307328 13
307200 628
306250 5
306180 212
303750 28
302526 1
302400 2046
301056 171
300000 92
297675 10
296352 170
295245 2
294912 164
294000 243
291600 722
290304 851
288120 28
288000 1174
286720 139
285768 166
283500 213
282240 901
280000 124
279936 450
277830 44
276480 1338
275625 3
275562 12
274400 74
273375 3
272160 1427
270000 328
268912 1
268800 946
264600 428
263424 95
262500 19
262440 216
262144 8
259308 10
259200 2018
258048 362
257250 16
256000 184
255150 79
254016 520
252105 2
252000 817
250880 157
250047 5
250000 7
248832 583
246960 216
245760 269
245000 33
244944 294
243000 338
241920 1904
240100 7
240000 348
238140 219
236250 27
236196 24
235200 486
233280 1110
231525 10
230496 26
230400 1294
229635 10
229376 28
226800 1117
225792 329
225000 38
224000 262
222264 91
221184 302
220500 110
219520 63
218700 122
217728 792
216090 10
216000 1090
215040 598
214375 3
214326 23
212625 17
211680 809
210000 167
209952 202
207360 1640
205800 92
204800 134
204120 500
202500 81
201684 2
201600 1573
200704 26
200000 31
198450 73
197568 117
196830 29
196608 47
196000 95
194481 1
194400 1116
193536 654
192080 8
192000 570
190512 277
189000 394
188160 441
187500 3
186624 574
185220 92
184320 706
183750 10
183708 70
182250 33
181440 1682
180000 329
179200 287
178605 11
177147 2
176400 451
175616 23
175000 13
174960 443
172872 20
172800 1695
172032 152
171500 8
170100 273
169344 449
168750 4
168070 1
168000 582
166698 14
165888 507
165375 3
164640 149
164025 4
163840 62
163296 457
162000 535
161280 1227
160000 106
158760 388
157500 68
157464 63
156800 166
155520 1396
154350 22
153664 5
153600 594
153090 64
151875 1
151263 1
151200 1319
150528 137
150000 66
148176 93
147456 176
147000 99
145800 340
145152 772
144060 16
144000 876
143360 140
142884 72
141750 56
141120 657
140000 88
139968 307
138915 7
138240 1237
137781 2
137200 36
136080 787
135000 139
134456 3
134400 784
132300 185
131712 66
131250 5
131220 77
131072 7
129654 3
129600 1381
129024 371
128625 3
128000 181
127575 10
127008 323
126000 461
125440 144
125000 2
124416 556
123480 102
122880 291
122500 16
122472 143
121500 103
120960 1536
120050 1
120000 211
119070 57
118125 2
118098 6
117600 345
116640 689
115248 14
115200 1083
114688 31
113400 470
112896 274
112500 17
112000 159
111132 48
110592 377
110250 26
109760 50
109350 29
108864 586
108045 2
108000 642
107520 587
107163 7
105840 458
105000 71
104976 125
103680 1317
102900 28
102400 130
102060 210
101250 17
100800 1052
100352 40
100000 32
99225 12
98784 97
98415 6
98304 58
98000 56
97200 529
96768 572
96040 3
96000 479
95256 136
94500 152
94080 338
93312 446
92610 26
92160 676
91875 1
91854 20
91125 4
90720 1019
90000 164
89600 221
88200 226
87808 19
87500 6
87480 195
86436 2
86400 1205
86016 129
85750 3
85050 71
84672 319
84000 327
83349 5
82944 489
82320 58
81920 51
81648 235
81000 257
80640 959
80000 75
79380 135
78750 13
78732 24
78400 113
77760 936
77175 2
76832 9
76800 481
76545 7
75600 678
75264 109
75000 14
74088 52
73728 162
73500 40
72900 118
72576 612
72030 3
72000 555
71680 134
71442 18
70875 13
70560 386
70000 37
69984 229
69120 1027
68600 18
68040 380
67500 41
67200 568
66150 41
65856 37
65610 24
65536 15
64827 2
64800 752
64512 310
64000 130
63504 166
63000 204
62720 97
62208 434
61740 33
61440 284
61250 4
61236 52
60750 27
60480 955
60000 104
59535 10
59049 2
58800 170
58320 380
57624 4
57600 818
57344 36
56700 221
56448 232
56250 4
56000 120
55566 12
55296 326
55125 3
54880 27
54675 4
54432 362
54000 290
53760 457
52920 231
52500 19
52488 54
51840 941
51450 11
51200 108
51030 45
50625 1
50400 583
50176 29
50000 13
49392 43
49152 62
49000 29
48600 263
48384 447
48020 2
48000 286
47628 47
47250 20
47040 246
46656 277
46305 2
46080 628
45927 2
45360 551
45000 69
44800 172
44100 81
43904 7
43750 1
43740 62
43218 2
43200 781
43008 134
42875 1
42525 4
42336 182
42000 165
41472 382
41160 33
40960 66
40824 125
40500 66
40320 674
40000 54
39690 45
39375 1
39366 5
39200 75
38880 611
38416 1
38400 365
37800 294
37632 84
37500 7
37044 15
36864 175
36750 10
36450 31
36288 367
36000 294
35840 113
35721 5
35280 225
35000 18
34992 113
34560 747
34300 10
34020 134
33750 11
33600 351
33075 4
32928 22
32805 5
32768 8
32400 388
32256 259
32000 91
31752 92
31500 72
31360 65
31104 327
30870 7
30720 226
30618 14
30375 3
30240 514
30000 55
29400 67
29160 172
28812 3
28800 561
28672 32
28350 39
28224 141
28125 1
28000 59
27648 254
27440 14
27216 197
27000 129
26880 356
26460 95
26250 1
26244 22
25920 606
25725 1
25600 101
25515 8
25200 287
25088 25
25000 4
24696 19
24576 57
24500 7
24300 98
24192 352
24010 1
24000 222
23814 16
23625 4
23520 116
23328 180
23040 452
22680 241
22500 21
22400 110
22050 29
21952 10
21870 12
21609 1
21600 436
21504 107
21168 96
21000 60
20736 300
20580 10
20480 43
20412 47
20250 20
20160 450
20000 18
19845 6
19683 2
19600 36
19440 253
19208 1
19200 275
18900 97
18816 74
18750 1
18522 7
18432 155
18225 4
18144 224
18000 132
17920 77
17640 75
17500 3
17496 47
17280 533
17150 2
17010 43
16807 1
16800 200
16464 17
16384 10
16200 193
16128 199
16000 55
15876 32
15750 14
15680 35
15552 208
15435 2
15360 199
15309 3
15120 281
15000 21
14700 25
14580 54
14400 317
14336 22
14175 4
14112 72
14000 30
13824 210
13720 6
13608 83
13500 38
13440 195
13230 29
13122 9
12960 340
12800 83
12600 124
12544 10
12500 3
12348 7
12288 53
12250 3
12150 29
12096 194
12000 88
11907 3
11760 72
11664 58
11520 321
11340 100
11250 3
11200 64
11025 4
10976 9
10935 1
10800 194
10752 65
10584 41
10500 18
10368 185
10290 5
10240 41
10206 11
10125 1
10080 234
10000 8
9800 9
9720 125
9600 173
9450 22
9408 36
9216 109
9072 101
9000 58
8960 67
8820 32
8748 18
8640 286
8575 1
8505 1
8400 92
8232 6
8192 11
8100 59
8064 135
8000 36
7938 9
7840 22
7776 106
7680 135
7560 126
7500 12
7350 7
7290 8
7200 178
7168 15
7056 47
7000 11
6912 152
6860 2
6804 21
6750 7
6720 139
6615 3
6561 2
6480 156
6400 49
6300 53
6272 5
6174 2
6144 45
6075 1
6048 131
6000 45
5880 30
5832 28
5760 222
5670 24
5625 1
5600 35
5488 3
5400 78
5376 59
5292 18
5250 6
5184 120
5145 1
5120 32
5103 4
5040 104
5000 2
4900 5
4860 25
4800 104
4725 3
4704 18
4608 95
4536 39
4500 15
4480 28
4410 9
4375 1
4374 2
4320 179
4200 32
4116 4
4096 8
4050 6
4032 64
4000 18
3969 1
3920 10
3888 53
3840 98
3780 44
3750 3
3675 1
3645 2
3600 66
3584 15
3528 16
3500 2
3456 96
3430 1
3402 10
3360 67
3240 62
3200 22
3150 2
3136 7
3087 1
3072 32
3024 51
3000 18
2940 7
2916 14
2880 109
2835 2
2800 14
2700 34
2688 32
2646 5
2592 56
2560 22
2520 41
2450 1
2430 13
2400 48
2352 11
2304 60
2268 15
2250 4
2240 16
2187 1
2160 72
2100 4
2048 9
2025 2
2016 36
2000 9
1960 3
1944 22
1920 61
1890 7
1800 26
1792 9
1764 8
1750 2
1728 39
1680 30
1620 20
1600 10
1575 2
1568 4
1536 21
1512 24
1500 2
1470 2
1458 3
1440 50
1400 4
1350 3
1344 21
1323 2
1296 21
1280 18
1260 7
1250 1
1215 1
1200 24
1176 7
1152 29
1134 4
1120 8
1080 29
1050 4
1024 2
1008 25
1000 2
980 1
972 3
960 26
945 3
900 9
896 4
882 2
864 19
840 7
810 4
800 12
784 2
768 13
756 5
720 27
700 1
672 8
648 8
640 3
630 3
600 4
588 1
576 13
560 4
540 8
525 1
512 4
504 6
486 2
480 16
448 3
432 6
420 8
400 1
392 1
384 11
360 10
336 4
324 3
320 2
300 3
288 6
280 3
270 2
240 7
216 5
192 4
180 3
160 2
144 6
128 1
126 2
120 1
108 1
96 1
90 1
80 1
72 1
60 3
54 1
48 2
32 1
6 1
