3050 1
3048 1
3038 1
3030 1
3029 1
3026 2
3025 1
3024 1
3022 3
3020 1
3019 1
3018 1
3017 1
3016 2
3014 3
3012 4
3011 4
3009 3
3008 1
3006 3
3005 2
3004 4
3003 3
3002 1
3001 6
3000 1
2999 5
2998 2
2997 4
2996 4
2995 6
2994 6
2993 4
2992 7
2991 10
2990 8
2989 5
2988 7
2987 5
2986 7
2985 6
2984 5
2983 12
2982 5
2981 7
2980 9
2979 14
2978 12
2977 5
2976 17
2975 16
2974 5
2973 11
2972 13
2971 14
2970 13
2969 23
2968 12
2967 21
2966 22
2965 26
2964 31
2963 24
2962 36
2961 23
2960 28
2959 38
2958 29
2957 40
2956 37
2955 42
2954 42
2953 46
2952 52
2951 54
2950 58
2949 45
2948 57
2947 63
2946 60
2945 56
2944 68
2943 72
2942 83
2941 72
2940 72
2939 87
2938 84
2937 101
2936 95
2935 87
2934 101
2933 114
2932 106
2931 130
2930 139
2929 128
2928 113
2927 133
2926 130
2925 154
2924 142
2923 168
2922 187
2921 188
2920 174
2919 207
2918 205
2917 213
2916 212
2915 238
2914 246
2913 260
2912 250
2911 255
2910 272
2909 269
2908 280
2907 331
2906 340
2905 319
2904 357
2903 392
2902 375
2901 371
2900 390
2899 395
2898 446
2897 452
2896 462
2895 465
2894 495
2893 500
2892 492
2891 541
2890 584
2889 556
2888 588
2887 623
2886 648
2885 640
2884 716
2883 718
2882 746
2881 789
2880 832
2879 855
2878 840
2877 906
2876 851
2875 917
2874 1003
2873 970
2872 1074
2871 1052
2870 1003
2869 1110
2868 1161
2867 1161
2866 1183
2865 1314
2864 1264
2863 1336
2862 1366
2861 1441
2860 1397
2859 1449
2858 1534
2857 1502
2856 1572
2855 1681
2854 1635
2853 1812
2852 1752
2851 1808
2850 1814
2849 1962
2848 2006
2847 2036
2846 2004
2845 2128
2844 2192
2843 2170
2842 2273
2841 2210
2840 2307
2839 2330
2838 2395
2837 2443
2836 2516
2835 2547
2834 2562
2833 2762
2832 2898
2831 2809
2830 2945
2829 2913
2828 2952
2827 2944
2826 3061
2825 3143
2824 3176
2823 3346
2822 3320
2821 3259
2820 3540
2819 3530
2818 3604
2817 3687
2816 3688
2815 3762
2814 3781
2813 3759
2812 3877
2811 3914
2810 3928
2809 4088
2808 4155
2807 4250
2806 4277
2805 4306
2804 4375
2803 4364
2802 4473
2801 4527
2800 4712
2799 4684
2798 4775
2797 4836
2796 4784
2795 4828
2794 4896
2793 4952
2792 5048
2791 5000
2790 5259
2789 5103
2788 5287
2787 5261
2786 5196
2785 5487
2784 5541
2783 5491
2782 5537
2781 5542
2780 5664
2779 5540
2778 5532
2777 5782
2776 5762
2775 5802
2774 5741
2773 5820
2772 5893
2771 5789
2770 5904
2769 5980
2768 5994
2767 6030
2766 6146
2765 6107
2764 5974
2763 6108
2762 6083
2761 6153
2760 6211
2759 6251
2758 6110
2757 6137
2756 6191
2755 6240
2754 6161
2753 6169
2752 6165
2751 6184
2750 6356
2749 6145
2748 6234
2747 6244
2746 6218
2745 6198
2744 6294
2743 6069
2742 5977
2741 6169
2740 6063
2739 6090
2738 6006
2737 6126
2736 6147
2735 6144
2734 6080
2733 6017
2732 5988
2731 5832
2730 5889
2729 5991
2728 5797
2727 5775
2726 5852
2725 5637
2724 5758
2723 5605
2722 5548
2721 5620
2720 5666
2719 5495
2718 5468
2717 5335
2716 5328
2715 5222
2714 5305
2713 5451
2712 5247
2711 5160
2710 5149
2709 5106
2708 4914
2707 4951
2706 4864
2705 4931
2704 4799
2703 4808
2702 4735
2701 4583
2700 4681
2699 4615
2698 4590
2697 4367
2696 4396
2695 4279
2694 4251
2693 4176
2692 4089
2691 3922
2690 3949
2689 3967
2688 3768
2687 3813
2686 3759
2685 3816
2684 3640
2683 3545
2682 3550
2681 3409
2680 3472
2679 3391
2678 3218
2677 3328
2676 3162
2675 3136
2674 3089
2673 2935
2672 2974
2671 2977
2670 2821
2669 2801
2668 2773
2667 2681
2666 2603
2665 2609
2664 2545
2663 2514
2662 2394
2661 2392
2660 2271
2659 2237
2658 2235
2657 2169
2656 2138
2655 2078
2654 1991
2653 2056
2652 1934
2651 1894
2650 1831
2649 1755
2648 1805
2647 1674
2646 1646
2645 1650
2644 1603
2643 1510
2642 1517
2641 1486
2640 1491
2639 1358
2638 1310
2637 1306
2636 1326
2635 1177
2634 1270
2633 1195
2632 1146
2631 1103
2630 1055
2629 1041
2628 981
2627 1042
2626 932
2625 920
2624 939
2623 867
2622 920
2621 843
2620 811
2619 767
2618 757
2617 756
2616 718
2615 709
2614 663
2613 620
2612 620
2611 589
2610 556
2609 587
2608 543
2607 538
2606 501
2605 508
2604 448
2603 439
2602 406
2601 398
2600 422
2599 392
2598 365
2597 354
2596 323
2595 325
2594 316
2593 322
2592 259
2591 288
2590 287
2589 259
2588 245
2587 231
2586 246
2585 235
2584 218
2583 219
2582 218
2581 191
2580 190
2579 209
2578 156
2577 154
2576 139
2575 154
2574 148
2573 131
2572 124
2571 121
2570 130
2569 98
2568 106
2567 91
2566 115
2565 108
2564 115
2563 91
2562 108
2561 98
2560 77
2559 74
2558 61
2557 59
2556 56
2555 61
2554 62
2553 50
2552 65
2551 45
2550 48
2549 47
2548 42
2547 43
2546 45
2545 25
2544 35
2543 31
2542 32
2541 27
2540 27
2539 26
2538 26
2537 33
2536 27
2535 14
2534 22
2533 21
2532 19
2531 18
2530 22
2529 13
2528 12
2527 19
2526 14
2525 9
2524 13
2523 15
2522 12
2521 7
2520 11
2519 9
2518 7
2517 10
2516 10
2515 9
2514 5
2513 4
2512 1
2511 9
2510 8
2509 9
2508 3
2507 3
2506 2
2505 8
2503 4
2502 2
2500 3
2499 3
2498 2
2497 1
2496 2
2495 5
2493 4
2491 4
2490 1
2489 1
2487 3
2486 2
2485 2
2484 1
2481 3
2479 2
2475 2
2471 3
2470 2
2467 1
2465 3
2456 1
2453 1
2451 1
