4410000000 1
4032000000 1
3888000000 1
3732480000 1
3674160000 1
3628800000 1
3348078300 1
3265920000 2
3188646000 1
3175200000 1
3149280000 1
3136000000 1
3072000000 1
2949120000 1
2939328000 1
2903040000 2
2893401000 1
2880000000 1
2857680000 1
2835000000 1
2834352000 1
2822400000 1
2799360000 2
2744000000 1
2720977920 1
2700000000 1
2678462640 1
2646000000 1
2624400000 1
2612736000 2
2592000000 2
2571912000 1
2540160000 3
2520000000 2
2519424000 3
2508800000 1
2488320000 2
2457600000 1
2449440000 2
2419200000 1
2381400000 1
2351462400 1
2332800000 1
2322432000 2
2314720800 1
2296350000 1
2286144000 1
2268000000 4
2239488000 3
2204496000 1
2187000000 1
2177280000 4
2150400000 1
2143260000 2
2125764000 1
2116800000 2
2099520000 1
2090188800 1
2073600000 2
2057529600 1
2048000000 1
2041200000 2
2032128000 2
2016000000 1
2000376000 4
1990656000 1
1984046400 1
1975680000 2
1968300000 1
1966080000 1
1959552000 4
1944810000 1
1944000000 2
1935360000 3
1928934000 1
1889568000 4
1881600000 3
1866240000 8
1857945600 2
1851776640 3
1843200000 1
1837080000 6
1828915200 1
1814400000 5
1786050000 1
1785641760 1
1778112000 4
1771470000 2
1769472000 1
1764000000 1
1763596800 4
1756160000 2
1749600000 2
1741824000 5
1728720000 2
1728000000 1
1720320000 1
1714608000 6
1701000000 1
1693440000 6
1680000000 1
1679616000 4
1666980000 2
1658880000 2
1653372000 1
1651507200 1
1646023680 3
1640250000 1
1638400000 1
1632960000 14
1625702400 2
1620304560 1
1620000000 3
1612431360 2
1607445000 4
1600300800 6
1592524800 2
1587600000 7
1580544000 3
1574640000 1
1572864000 1
1568000000 1
1567641600 6
1562436540 2
1555200000 8
1548288000 3
1543147200 5
1530900000 2
1530550080 1
1524096000 7
1512000000 6
1511654400 3
1500282000 1
1492992000 5
1488034800 4
1481760000 2
1481421312 1
1474560000 2
1470000000 1
1469664000 14
1463132160 3
1458274104 1
1458000000 5
1451520000 19
1446700500 1
1440270720 3
1440000000 2
1433600000 1
1428840000 9
1428513408 1
1422489600 1
1417500000 2
1417176000 4
1411200000 3
1410877440 6
1400263200 3
1400000000 1
1399680000 10
1393459200 6
1389150000 2
1388832480 1
1382400000 1
1377810000 2
1376256000 1
1371686400 7
1361367000 2
1360800000 13
1360488960 3
1354752000 1
1350253800 1
1350000000 1
1344000000 2
1343692800 4
1333584000 9
1327104000 6
1323000000 3
1322697600 7
1317120000 3
1312200000 5
1310720000 1
1306368000 19
1300561920 3
1296540000 1
1296000000 4
1290240000 5
1285956000 11
1280240640 4
1275750000 1
1275458400 3
1270080000 11
1264435200 1
1260000000 5
1259712000 10
1254400000 5
1254113280 3
1250235000 2
1249949232 1
1244678400 2
1244160000 9
1240029000 4
1238630400 2
1234800000 6
1234517760 4
1229312000 1
1224720000 18
1219276800 4
1215228420 1
1209600000 6
1209323520 2
1204224000 4
1200225600 5
1194393600 3
1190700000 8
1190427840 4
1185408000 2
1180980000 7
1179648000 1
1176000000 7
1175731200 18
1166886000 2
1166400000 14
1161216000 13
1157360400 7
1152000000 5
1148175000 1
1147912560 1
1143072000 20
1137991680 6
1134000000 15
1133740800 10
1128960000 10
1128701952 1
1125211500 1
1120000000 3
1119744000 14
1116026100 1
1114767360 1
1111320000 10
1111065984 3
1106380800 1
1105920000 4
1102500000 2
1102248000 12
1101004800 1
1097600000 1
1097349120 6
1093500000 2
1089093600 1
1088640000 31
1083801600 4
1080450000 1
1080203040 4
1080000000 5
1075648000 2
1075200000 4
1074954240 3
1071630000 4
1066867200 9
1062882000 2
1061683200 1
1058400000 13
1058158080 5
1053696000 1
1050197400 3
1049760000 19
1045094400 14
1041624360 2
1037232000 2
1036800000 16
1033357500 1
1032192000 4
1029000000 1
1028764800 11
1020600000 12
1016064000 24
1008189504 1
1008000000 8
1007769600 12
1004423490 1
1003520000 1
1003290624 2
1000188000 10
1000000000 1
995328000 12
992250000 3
992023200 5
990904320 1
987840000 15
987614208 1
984150000 4
983449600 2
983040000 3
980000000 1
979776000 36
975421440 3
972405000 1
972000000 9
968083200 1
967680000 15
964467000 7
963379200 1
960180480 5
960000000 3
956593800 2
952560000 24
952342272 1
948326400 3
945177660 1
945000000 4
944784000 8
940800000 6
940584960 12
933508800 4
933120000 33
928972800 12
926100000 1
925888320 5
921600000 9
918540000 20
918330048 2
914457600 29
907200000 27
906992640 7
903168000 7
900169200 9
900000000 2
896000000 4
895795200 8
893025000 1
891813888 1
889056000 17
885735000 2
885104640 1
884736000 7
882000000 5
881798400 31
878080000 4
877879296 1
875164500 5
874800000 16
871274880 2
870912000 28
868020300 3
864360000 4
864162432 1
864000000 8
860160000 3
857304000 22
853493760 1
850500000 8
850305600 6
849346560 2
846720000 24
846526464 6
842956800 2
840000000 3
839808000 20
836075520 8
833490000 9
833299488 2
829785600 1
829440000 21
826686000 10
825753600 2
823200000 5
823011840 9
820125000 1
816480000 57
812851200 19
810152280 1
810000000 3
806400000 21
806215680 8
803722500 3
802816000 3
800150400 18
796262400 6
793800000 19
793618560 12
790272000 20
787648050 1
787320000 18
786432000 1
784000000 6
783820800 39
780337152 2
777924000 8
777600000 21
774466560 1
774144000 25
771750000 1
771573600 22
768144384 3
768000000 3
765450000 11
765275040 1
764411904 1
762365520 1
762048000 46
758661120 1
756000000 24
755827200 19
752640000 10
752467968 2
750141000 5
746807040 5
746496000 31
744017400 8
743178240 4
740880000 13
740710656 2
737280000 7
734832000 44
731566080 11
729137052 1
729000000 4
726062400 1
725760000 65
725594112 1
723350250 1
722534400 10
720300000 2
720135360 9
720000000 7
716800000 3
716636160 6
714420000 29
714256704 1
711244800 12
708750000 1
708588000 8
707788800 3
705600000 23
705438720 15
702464000 2
700131600 11
699840000 40
696729600 30
694575000 3
694416240 4
691488000 8
691200000 25
688905000 7
688128000 6
686000000 4
685843200 33
682795008 2
680400000 45
680244480 4
677658240 2
677376000 42
675126900 3
674365440 1
672280000 1
672126336 2
672000000 12
671846400 32
668860416 1
666792000 21
663828480 2
663552000 10
661500000 3
661348800 32
658560000 8
658409472 5
656100000 4
653456160 2
653184000 88
650280960 5
648270000 5
648121824 2
648000000 14
645120000 34
644972544 2
642978000 28
640120320 24
640000000 2
637875000 1
637729200 4
637009920 2
635040000 62
634894848 3
632217600 7
630118440 1
630000000 8
629856000 25
627200000 10
627056640 21
624974616 1
622339200 15
622080000 42
620014500 8
619315200 13
617400000 9
617258880 19
614656000 1
614400000 9
612360000 47
609638400 51
607500000 1
604800000 50
604661760 12
602112000 12
600112800 22
600000000 3
597196800 24
595350000 8
595213920 9
594542592 1
592950960 1
592704000 24
590490000 5
589824000 9
588000000 7
587865600 56
585252864 1
583443000 4
583200000 36
580849920 1
580608000 89
578680200 13
578027520 5
576240000 3
576108288 1
576000000 20
574087500 1
573440000 5
571536000 89
568995840 12
567106596 1
567000000 21
566870400 19
564480000 55
564350976 7
562605750 1
561971200 1
560105280 7
560000000 2
559872000 44
557383680 17
555660000 21
555532992 4
553190400 14
552960000 30
551250000 2
551124000 40
548800000 7
548674560 32
546750000 5
544546800 5
544320000 124
544195584 1
541900800 30
540225000 1
540101520 11
540000000 4
537824000 1
537600000 26
537477120 15
535815000 17
535692528 1
533433600 52
531441000 3
531062784 1
530841600 14
529200000 26
529079040 24
526848000 12
525098700 8
524880000 39
522547200 80
520812180 2
520224768 3
518616000 12
518400000 53
516096000 22
514500000 1
514382400 42
513802240 1
512096256 3
512000000 2
510300000 30
510183360 5
509607936 1
508032000 89
505774080 4
504210000 1
504094752 1
504000000 33
503884800 39
501760000 9
501645312 6
500094000 17
497871360 6
497664000 51
496125000 1
496011600 9
495452160 7
493920000 33
493807104 4
492075000 2
491724800 1
491520000 9
490092120 1
490000000 3
489888000 113
487710720 32
486202500 1
486091368 1
486000000 22
484041600 2
483840000 96
483729408 1
482233500 7
481689600 7
480090240 22
480000000 5
477757440 3
476478450 1
476280000 68
476171136 5
474163200 36
472500000 4
472392000 30
471859200 1
470400000 17
470292480 43
468730962 1
466754400 14
466560000 77
464486400 51
463050000 5
462944160 29
460992000 4
460800000 34
459270000 26
458752000 4
457228800 109
455196672 5
453789000 2
453600000 85
453496320 15
451584000 39
450084600 17
450000000 4
448084224 2
448000000 6
447897600 62
446512500 3
446410440 6
445906944 3
444528000 58
442552320 8
442368000 23
441082908 1
441000000 14
440899200 80
440401920 2
439040000 12
438939648 9
437582250 3
437500000 1
437400000 38
435637440 5
435456000 158
434010150 1
433520640 14
432180000 6
432081216 6
432000000 31
430259200 1
430080000 28
429981696 2
428750000 1
428652000 70
426746880 24
425250000 8
425152800 11
424673280 1
423536400 1
423360000 99
423263232 5
421478400 5
420078960 7
420000000 5
419904000 81
419430400 1
418037760 45
416745000 4
416649744 1
414892800 22
414720000 64
413343000 19
412876800 13
411600000 5
411505920 62
410062500 1
409600000 3
408240000 141
408146688 4
406594944 1
406425600 80
405076140 2
405000000 3
403368000 3
403200000 74
403107840 23
401861250 1
401769396 1
401408000 4
400075200 65
400000000 2
398297088 3
398131200 37
396900000 37
396809280 22
396361728 1
395136000 39
393750000 1
393660000 36
393216000 5
392000000 5
391910400 143
390168576 7
388962000 19
388800000 66
387233280 1
387072000 107
385875000 3
385786800 40
385351680 2
384160000 3
384072192 9
384000000 12
382725000 13
382637520 5
381182760 5
381024000 158
379330560 16
378071064 1
378000000 35
377913600 44
377487360 1
376476800 1
376320000 29
376233984 9
375070500 14
373403520 19
373248000 113
372008700 5
371589120 17
370440000 38
370355328 5
368947264 1
368793600 8
368640000 32
367500000 3
367416000 125
367001600 4
365783040 80
364500000 14
363031200 7
362880000 204
362797056 10
361267200 30
360150000 2
360067680 26
360000000 16
358400000 15
358318080 28
357210000 45
357128352 3
355622400 70
354375000 1
354294000 14
354041856 2
353894400 13
352800000 45
352719360 71
351232000 12
350065800 9
350000000 1
349920000 120
348364800 130
347287500 3
347208120 17
346816512 3
345744000 34
345600000 61
344452500 5
344207360 1
344064000 16
343000000 3
342921600 126
341397504 8
340341750 4
340200000 79
340122240 16
339738624 1
338829120 2
338688000 131
337563450 1
337500000 2
337182720 2
336140000 2
336063168 6
336000000 28
335923200 85
334807830 2
334430208 6
333396000 64
331914240 7
331776000 71
330750000 8
330674400 46
330301440 1
329280000 27
329204736 22
328050000 9
327680000 2
326728080 4
326592000 267
325140480 33
324135000 6
324060912 2
324000000 41
322694400 5
322560000 103
322486272 11
321489000 36
321126400 5
320060160 46
320000000 4
318937500 1
318864600 3
318504960 16
317652300 2
317520000 150
317447424 12
316108800 37
315059220 5
315000000 7
314928000 90
314572800 1
313600000 22
313528320 75
312558750 1
311169600 30
311040000 150
310007250 1
309786624 1
309657600 59
308700000 19
308629440 54
307328000 6
307200000 21
306180000 92
306110016 1
304819200 178
303807105 1
303750000 2
303464448 6
302526000 4
302400000 135
302330880 26
301181440 1
301056000 54
300056400 41
298722816 7
298598400 78
297675000 14
297606960 13
297271296 5
296352000 99
295245000 7
295034880 1
294912000 31
294055272 4
294000000 21
293932800 183
293601280 1
292626432 21
291721500 6
291600000 71
290424960 6
290304000 251
289340100 7
289013760 11
288120000 9
288054144 7
288000000 41
286978140 2
286720000 4
286654464 8
285768000 182
284497920 43
283500000 31
283435200 38
283115520 6
282240000 138
282175488 20
280985600 6
280052640 21
280000000 6
279936000 182
279006525 1
278691840 55
277830000 32
277766496 7
276595200 34
276480000 88
275625000 1
275562000 63
275251200 10
274400000 12
274337280 107
273375000 1
272273400 7
272160000 275
272097792 5
270950400 120
270050760 24
270000000 10
268912000 2
268800000 51
268738560 61
267907500 16
266827932 1
266716800 104
265720500 3
265531392 1
265420800 35
264600000 64
264539520 63
263424000 41
262549350 3
262500000 3
262440000 79
261382464 3
261273600 290
260406090 3
260112384 11
259308000 38
259200000 140
258155520 1
258048000 97
257250000 5
257191200 130
256901120 1
256048128 24
256000000 4
255150000 49
255091680 8
254803968 2
254121840 2
254016000 269
253125000 1
252887040 21
252105000 2
252047376 6
252000000 48
251942400 88
250880000 36
250822656 20
250047000 31
250000000 2
248935680 30
248832000 162
248062500 1
248005800 29
247726080 19
246960000 71
246903552 30
246037500 3
245862400 8
245760000 16
245046060 1
245000000 3
244944000 263
243855360 109
243101250 1
243045684 1
243000000 24
242020800 10
241920000 275
241864704 5
241116750 6
240844800 26
240100000 3
240045120 63
240000000 15
238878720 42
238140000 125
238085568 14
237180384 1
237081600 93
236250000 5
236196000 53
236027904 3
235929600 4
235298000 1
235200000 53
235146240 139
233377200 43
233280000 185
232339968 4
232243200 166
231525000 14
231472080 42
231211008 3
230496000 24
230400000 65
229635000 28
229582512 3
229376000 20
228614400 298
227598336 6
226894500 2
226800000 169
226748160 38
225886080 1
225792000 162
225042300 17
225000000 5
224788480 3
224042112 13
224000000 16
223948800 178
223205220 5
222953472 8
222264000 111
221276160 13
221184000 96
220500000 23
220449600 169
220200960 4
219520000 23
219469824 21
218700000 33
217818720 19
217728000 461
216760320 47
216090000 12
216040608 10
216000000 60
215129600 4
215040000 88
214990848 11
214375000 1
214326000 99
213373440 77
212625000 9
212576400 17
212336640 9
211768200 5
211680000 229
211631616 24
210739200 25
210087500 1
210039480 10
210000000 10
209952000 189
209715200 1
209018880 127
208372500 9
208324872 8
207446400 53
207360000 210
206671500 16
206524416 1
206438400 45
205800000 25
205752960 139
204800000 13
204120000 215
204073344 4
203212800 268
202538070 4
202500000 10
202309632 1
201684000 6
201600000 160
201553920 65
200884698 1
200704000 26
200037600 112
200000000 1
199148544 7
199065600 120
198450000 51
198404640 41
198180864 2
197568000 131
196830000 30
196689920 3
196608000 15
196036848 6
196000000 9
195955200 366
195084288 18
194481000 27
194400000 136
193616640 5
193536000 319
192937500 2
192893400 48
192675840 10
192080000 11
192036096 31
192000000 27
191362500 16
191318760 4
191102976 7
190591380 1
190512000 322
189665280 53
189078750 1
189035532 4
189000000 56
188956800 98
188743680 2
188238400 2
188160000 99
188116992 34
187535250 9
187500000 1
186701760 41
186624000 300
186004350 2
185794560 63
185220000 67
185177664 28
184396800 31
184320000 85
183750000 3
183708000 195
183500800 7
182891520 227
182284263 1
182250000 14
181515600 14
181440000 427
181398528 18
180708864 1
180633600 129
180075000 1
180033840 44
180000000 13
179830784 1
179200000 30
179159040 79
178605000 50
178564176 7
177811200 171
177187500 2
177147000 12
177020928 6
176947200 42
176400000 128
176359680 192
176160768 1
175616000 31
175032900 12
175000000 1
174960000 191
174254976 3
174182400 426
173643750 2
173604060 14
173408256 14
172872000 42
172800000 148
172226250 1
172103680 1
172032000 65
171500000 4
171460800 271
170698752 24
170100000 111
170061120 34
169869312 5
169414560 1
169344000 372
168781725 3
168591360 20
168031584 7
168000000 37
167961600 212
167215104 30
166698000 100
165957120 48
165888000 231
165375000 14
165337200 86
165150720 21
164640000 53
164602368 46
164025000 9
163840000 17
163364040 4
163296000 521
162570240 130
162067500 4
162030456 6
162000000 58
161347200 9
161280000 230
161243136 18
160744500 38
160563200 18
160030080 115
160000000 6
159468750 1
159432300 8
159252480 45
158826150 1
158760000 259
158723712 28
158054400 110
157529610 7
157500000 11
157464000 154
157286400 10
156800000 37
156764160 240
155584800 55
155520000 294
154893312 3
154828800 195
154350000 28
154314720 97
154140672 3
153664000 16
153600000 60
153090000 122
153055008 3
152473104 1
152409600 483
151875000 1
151732224 15
151263000 9
151200000 263
151165440 86
150590720 1
150528000 113
150028200 56
150000000 2
149361408 16
149299200 247
148837500 20
148803480 22
148635648 17
148176000 212
147622500 4
147517440 13
147456000 77
147027636 1
147000000 31
146966400 354
146800640 2
146313216 49
145860750 5
145800000 120
145212480 18
145152000 618
144670050 7
144506880 36
144060000 18
144027072 30
144000000 73
143360000 48
143327232 19
142884000 276
142248960 144
141776649 1
141750000 25
141717600 73
141557760 11
141178800 1
141120000 304
141087744 47
140492800 20
140026320 39
140000000 11
139968000 353
139345920 196
138915000 48
138883248 16
138297600 54
138240000 216
137781000 75
137625600 34
137200000 16
137168640 255
136687500 7
136136700 12
136080000 461
136048896 8
135475200 319
135056250 1
135025380 23
135000000 22
134873088 4
134456000 6
134400000 125
134369280 154
133953750 2
133923132 2
133358400 210
132860250 2
132765696 10
132710400 145
132300000 96
132269760 128
132120576 1
131712000 95
131250000 1
131220000 93
131072000 6
130691232 8
130636800 651
130056192 28
129654000 45
129600000 231
129077760 5
129024000 252
128625000 1
128595600 166
128450560 2
128024064 45
128000000 20
127575000 42
127545840 20
127401984 14
127060920 2
127008000 549
126562500 1
126443520 57
126023688 10
126000000 87
125971200 239
125829120 2
125440000 52
125411328 51
125023500 48
125000000 1
124467840 78
124416000 435
124031250 1
124002900 34
123863040 64
123480000 106
123451776 54
122931200 15
122880000 65
122523030 1
122500000 5
122472000 490
121927680 305
121550625 2
121522842 3
121500000 38
121010400 18
120960000 548
120932352 32
120422400 80
120050000 6
120022560 112
120000000 14
119439360 121
119070000 154
119042784 12
118590192 1
118540800 253
118125000 2
118098000 43
118013952 3
117964800 44
117649000 1
117600000 100
117573120 290
116688600 51
116640000 347
116169984 4
116121600 534
115762500 6
115736040 46
115605504 5
115248000 35
115200000 140
114817500 25
114688000 32
114354828 2
114307200 553
113799168 27
113400000 209
113374080 72
113246208 1
112943040 3
112896000 391
112521150 17
112500000 1
112394240 3
112021056 29
112000000 32
111974400 434
111476736 46
111132000 189
110638080 36
110592000 222
110250000 19
110224800 250
110100480 11
109760000 50
109734912 87
109350000 40
108909360 19
108864000 897
108380160 165
108045000 20
108020304 22
108000000 97
107564800 6
107520000 166
107495424 31
107163000 113
106686720 221
106312500 6
106288200 20
106168320 40
105840000 397
105815808 64
105369600 92
105019740 24
105000000 9
104976000 309
104857600 6
104509440 355
104186250 5
104162436 5
103723200 117
103680000 458
103335750 8
103262208 2
103219200 163
102900000 22
102876480 248
102760448 1
102400000 21
102060000 319
102036672 10
101648736 1
101606400 578
101269035 3
101250000 7
101154816 17
100842000 4
100800000 298
100776960 173
100352000 58
100018800 166
100000000 2
99574272 26
99532800 299
99225000 50
99202320 56
99090432 8
98784000 248
98415000 23
98344960 6
98304000 43
98018424 2
98000000 17
97977600 707
97542144 79
97240500 31
97200000 203
96808320 18
96768000 709
96468750 2
96446700 53
96337920 23
96040000 18
96018048 75
96000000 56
95681250 6
95659380 2
95551488 25
95295690 1
95256000 614
94832640 144
94517766 4
94500000 57
94478400 162
94371840 16
94119200 1
94080000 210
94058496 95
93767625 2
93350880 76
93312000 581
93002175 1
92897280 232
92610000 82
92588832 40
92198400 51
92160000 213
91875000 2
91854000 211
91750400 21
91445760 422
91125000 15
90757800 12
90720000 688
90699264 28
90316800 290
90037500 1
90016920 69
90000000 24
89915392 1
89600000 78
89579520 187
89302500 50
89282088 7
88905600 358
88593750 1
88573500 12
88510464 12
88473600 133
88200000 154
88179840 306
87808000 44
87516450 10
87500000 3
87480000 257
87127488 13
87091200 827
86802030 12
86704128 30
86436000 67
86400000 288
86051840 5
86016000 180
85750000 7
85730400 401
85349376 70
85050000 112
85030560 40
84934656 11
84707280 7
84672000 685
84375000 1
84295680 41
84035000 1
84015792 16
84000000 84
83980800 434
83607552 72
83349000 126
82978560 67
82944000 533
82687500 4
82668600 71
82575360 50
82320000 99
82301184 106
82012500 8
81920000 18
81682020 18
81648000 904
81285120 362
81033750 4
81015228 7
81000000 80
80673600 16
80640000 502
80621568 47
80372250 15
80281600 28
80015040 221
80000000 7
79734375 1
79716150 5
79626240 139
79380000 331
79361856 47
79027200 242
78764805 4
78750000 14
78732000 181
78643200 23
78400000 48
78382080 565
77792400 89
77760000 567
77446656 8
77414400 489
77175000 23
77157360 137
77070336 5
76832000 17
76800000 105
76545000 117
76527504 3
76236552 3
76204800 925
75937500 1
75866112 29
75631500 3
75600000 348
75582720 150
75497472 3
75295360 1
75264000 263
75031250 1
75014100 53
75000000 1
74680704 40
74649600 550
74418750 2
74401740 20
74317824 37
74088000 264
73811250 6
73758720 25
73728000 202
73500000 27
73483200 601
73400320 4
73156608 124
72900000 134
72606240 27
72576000 1108
72335025 5
72253440 126
72030000 22
72013536 48
72000000 110
71680000 64
71663616 47
71442000 330
71124480 294
70875000 18
70858800 60
70778880 54
70589400 3
70560000 408
70543872 105
70312500 1
70246400 37
70013160 48
70000000 14
69984000 641
69672960 464
69457500 32
69441624 14
69148800 95
69120000 467
68890500 47
68841472 2
68812800 90
68600000 23
68584320 453
68068350 5
68040000 648
68024448 24
67737600 659
67512690 19
67500000 24
67436544 6
67228000 12
67200000 197
67184640 295
66961566 1
66679200 340
66382848 28
66355200 331
66150000 126
66134880 177
66060288 10
65883440 1
65856000 171
65625000 2
65610000 114
65536000 9
65345616 11
65318400 1093
65028096 76
64827000 53
64800000 366
64538880 9
64512000 541
64312500 4
64297800 178
64225280 8
64012032 98
64000000 20
63787500 20
63772920 8
63700992 30
63504000 935
63221760 137
63026250 1
63011844 5
63000000 83
62985600 355
62914560 8
62720000 113
62705664 155
62511750 21
62233920 114
62208000 832
62001450 9
61931520 191
61740000 156
61725888 83
61465600 18
61440000 106
61250000 6
61236000 592
60963840 610
60761421 1
60750000 36
60505200 28
60480000 863
60466176 54
60236288 1
60211200 202
60025000 2
60011280 157
60000000 21
59719680 274
59535000 139
59521392 24
59270400 427
59062500 5
59049000 57
59006976 9
58982400 99
58800000 146
58786560 550
58720256 1
58344300 36
58320000 527
58084992 8
58060800 1026
57881250 2
57868020 49
57802752 17
57624000 56
57600000 272
57408750 12
57395628 3
57344000 56
57177414 3
57153600 821
56899584 89
56723625 2
56700000 247
56687040 83
56623104 6
56471520 3
56448000 653
56260575 7
56250000 2
56197120 17
56010528 25
56000000 43
55987200 683
55738368 94
55566000 218
55319040 81
55296000 477
55125000 18
55112400 263
55050240 25
54880000 66
54867456 183
54675000 33
54454680 22
54432000 1428
54190080 366
54022500 15
54010152 32
54000000 120
53782400 9
53760000 318
53747712 81
53581500 85
53343360 370
53156250 1
53144100 14
53084160 146
52942050 1
52920000 520
52907904 107
52706752 1
52684800 164
52509870 12
52500000 11
52488000 400
52428800 3
52254720 828
52093125 3
52081218 2
51861600 142
51840000 746
51667875 2
51631104 3
51609600 378
51450000 33
51438240 319
51200000 48
51030000 304
51018336 7
50824368 2
50803200 1073
50625000 7
50577408 28
50421000 10
50400000 413
50388480 288
50331648 1
50176000 99
50009400 169
50000000 3
49787136 43
49766400 716
49612500 33
49601160 61
49545216 38
49412580 1
49392000 333
49207500 18
49172480 13
49152000 90
49009212 5
49000000 33
48988800 1189
48771072 141
48620250 6
48600000 258
48404160 33
48384000 1201
48223350 39
48168960 56
48020000 17
48009024 92
48000000 86
47840625 1
47775744 65
47628000 706
47416320 307
47250000 66
47239200 185
47185920 24
47040000 315
47029248 158
46675440 81
46656000 1039
46448640 502
46305000 75
46294416 46
46099200 78
46080000 369
45927000 192
45875200 28
45722880 755
45562500 7
45378900 13
45360000 995
45349632 49
45177216 1
45158400 514
45008460 53
45000000 24
44957696 2
44800000 108
44789760 439
44651250 9
44641044 8
44452800 540
44286750 8
44255232 27
44236800 327
44100000 156
44089920 400
44040192 4
43904000 81
43750000 2
43740000 259
43563744 12
43545600 1645
43401015 3
43352064 68
43218000 64
43200000 414
43025920 8
43008000 342
42875000 3
42865200 459
42674688 133
42525000 96
42515280 50
42467328 18
42353640 1
42336000 1095
42147840 63
42017500 1
42007896 19
42000000 86
41990400 736
41803776 204
41674500 80
41489280 137
41472000 894
41343750 2
41334300 66
41287680 144
41160000 133
41150592 190
41006250 1
40960000 49
40841010 5
40824000 1122
40642560 658
40516875 1
40507614 7
40500000 73
40336800 18
40320000 777
40310784 97
40186125 3
40140800 76
40007520 302
40000000 16
39813120 315
39690000 305
39680928 51
39530064 1
39513600 410
39375000 9
39366000 151
39337984 3
39321600 46
39200000 79
39191040 905
38896200 87
38880000 824
38723328 14
38707200 949
38587500 14
38578680 128
38535168 21
38416000 35
38400000 152
38272500 60
38263752 1
38102400 1355
37933056 88
37815750 5
37800000 380
37791360 191
37748736 6
37647680 2
37632000 416
37507050 47
37340352 43
37324800 1101
37209375 1
37200870 15
37158912 109
37044000 327
36905625 1
36879360 42
36864000 383
36756909 1
36750000 29
36741600 672
36700160 5
36578304 229
36450000 93
36303120 31
36288000 1868
36126720 253
36015000 15
36006768 68
36000000 153
35840000 147
35831808 110
35721000 283
35562240 446
35437500 13
35429400 59
35389440 110
35294700 1
35280000 576
35271936 172
35123200 69
35006580 36
35000000 15
34992000 850
34836480 895
34728750 15
34720812 10
34574400 145
34560000 796
34445250 28
34420736 2
34406400 204
34300000 20
34292160 621
34034175 3
34020000 690
34012224 26
33882912 2
33868800 1149
33756345 6
33750000 13
33718272 18
33614000 6
33600000 295
33592320 500
33554432 1
33339600 401
33191424 45
33177600 749
33075000 71
33067440 192
33030144 24
32928000 217
32805000 79
32768000 25
32672808 6
32659200 1792
32514048 178
32413500 45
32400000 410
32269440 16
32256000 989
32148900 124
32112640 21
32006016 157
32000000 31
31893750 8
31886460 4
31850496 49
31752000 1079
31610880 253
31505922 8
31500000 99
31492800 413
31457280 12
31360000 154
31352832 298
31255875 3
31250000 1
31116960 142
31104000 1310
31000725 1
30965760 407
30870000 137
30862944 107
30732800 33
30720000 228
30625000 1
30618000 503
30481920 1034
30375000 20
30252600 20
30240000 1214
30233088 87
30105600 318
30012500 1
30005640 146
30000000 21
29859840 597
29767500 80
29760696 25
29647548 1
29635200 624
29524500 22
29503488 6
29491200 192
29412250 1
29400000 153
29393280 848
29172150 23
29160000 613
29042496 21
29030400 1811
28934010 25
28901376 56
28812000 60
28800000 413
28704375 3
28697814 1
28672000 109
28588707 1
28576800 981
28449792 135
28350000 248
28343520 121
28311552 13
28235760 9
28224000 968
28098560 26
28005264 40
28000000 45
27993600 1109
27869184 215
27783000 203
27659520 130
27648000 871
27562500 15
27556200 228
27525120 60
27440000 71
27433728 271
27337500 12
27227340 18
27216000 1859
27095040 634
27011250 4
27005076 26
27000000 139
26891200 12
26880000 517
26873856 148
26790750 38
26671680 493
26572050 4
26542080 297
26471025 1
26460000 536
26453952 124
26342400 263
26254935 6
26250000 17
26244000 408
26214400 13
26127360 1334
26040609 3
25930800 146
25920000 1122
25815552 5
25804800 673
25725000 22
25719120 359
25690112 7
25600000 54
25515000 249
25509168 5
25412184 3
25401600 1630
25312500 3
25288704 59
25210500 6
25200000 429
25194240 455
25165824 1
25088000 173
25004700 98
25000000 3
24893568 93
24883200 1258
24806250 9
24800580 38
24772608 82
24706290 1
24696000 445
24603750 5
24586240 19
24576000 189
24504606 3
24500000 19
24494400 1386
24385536 304
24310125 2
24300000 228
24202080 37
24192000 1886
24111675 4
24084480 144
24010000 9
24004512 143
24000000 91
23887872 102
23814000 642
23708160 463
23625000 41
23619600 162
23592960 62
23529800 3
23520000 411
23514624 305
23337720 83
23328000 1403
23224320 974
23152500 55
23147208 42
23049600 110
23040000 613
22963500 107
22937600 61
22861440 1082
22781250 2
22689450 5
22680000 1124
22674816 64
22588608 1
22579200 869
22504230 29
22500000 25
22478848 6
22400000 154
22394880 741
22325625 3
22320522 4
22235661 1
22226400 613
22143375 1
22127616 42
22118400 584
22050000 109
22044960 447
22020096 8
21952000 121
21875000 1
21870000 244
21781872 19
21772800 2417
21676032 127
21609000 50
21600000 504
21512960 11
21504000 553
21437500 3
21432600 363
21337344 202
21262500 48
21257640 49
21233664 64
21176820 2
21168000 1335
21073920 119
21003948 10
21000000 86
20995200 882
20971520 5
20901888 338
20837250 43
20744640 164
20736000 1523
20667150 31
20643840 286
20580000 141
20575296 200
20480000 68
20420505 3
20412000 1127
20321280 1151
20253807 4
20250000 66
20168400 17
20160000 1092
20155392 142
20070400 94
20003760 293
20000000 13
19906560 600
19845000 227
19840464 59
19765032 1
19756800 573
19687500 5
19683000 121
19668992 3
19660800 93
19600000 84
19595520 1271
19448100 54
19440000 923
19361664 14
19353600 1686
19293750 7
19289340 112
19267584 29
19208000 37
19200000 236
19136250 19
19131876 4
19059138 2
19051200 1469
18966528 127
18900000 402
18895680 287
18874368 10
18823840 2
18816000 578
18753525 10
18750000 2
18670176 79
18662400 1551
18600435 4
18579456 180
18522000 322
18439680 78
18432000 650
18375000 16
18370800 596
18350080 23
18289152 436
18225000 58
18151560 11
18144000 2340
18063360 459
18007500 12
18003384 51
18000000 134
17920000 206
17915904 188
17860500 188
17781120 656
17718750 3
17714700 40
17694720 191
17640000 632
17635968 247
17561600 94
17503290 25
17500000 7
17496000 996
17418240 1592
17364375 2
17360406 10
17287200 149
17280000 1074
17222625 7
17210368 4
17203200 361
17150000 11
17146080 727
17010000 546
17006112 38
16941456 3
16934400 1691
16875000 7
16859136 21
16807000 4
16800000 321
16796160 730
16669800 283
16595712 60
16588800 1243
16537500 50
16533720 162
16515072 50
16464000 272
16402500 46
16384000 58
16336404 7
16329600 2172
16257024 294
16206750 12
16200000 415
16134720 24
16128000 1487
16074450 48
16056320 47
16003008 174
16000000 61
15946875 2
15943230 5
15925248 135
15876000 1095
15805440 391
15752961 3
15750000 61
15746400 462
15728640 34
15680000 181
15676416 506
15558480 139
15552000 1878
15482880 823
15435000 81
15431472 128
15366400 36
15360000 343
15312500 1
15309000 389
15240960 1413
15187500 2
15126300 16
15120000 1320
15116544 146
15059072 2
15052800 540
15006250 1
15002820 99
15000000 21
14929920 989
14883750 37
14880348 13
14817600 721
14762250 12
14751744 22
14745600 406
14700000 132
14696640 975
14680064 4
14586075 3
14580000 515
14521248 18
14515200 2784
14467005 10
14450688 93
14406000 49
14400000 485
14348907 1
14336000 163
14288400 838
14224896 222
14175000 132
14171760 115
14155776 32
14117880 5
14112000 1196
14049280 44
14002632 33
14000000 55
13996800 1445
13934592 396
13891500 114
13829760 145
13824000 1405
13781250 2
13778100 144
13762560 128
13720000 81
13716864 350
13668750 7
13613670 5
13608000 1989
13547520 1025
13502538 7
13500000 108
13445600 11
13440000 637
13436928 226
13395375 10
13335840 530
13286025 4
13271040 527
13230000 421
13226976 136
13176688 1
13171200 365
13125000 3
13122000 368
13107200 21
13063680 1778
12965400 109
12960000 1246
12907776 9
12902400 1154
12862500 15
12859560 257
12845056 8
12800000 94
12757500 118
12754584 13
12706092 2
12700800 1952
12656250 1
12644352 85
12605250 1
12600000 426
12597120 568
12582912 4
12544000 250
12502350 57
12446784 88
12441600 1810
12400290 20
12386304 139
12348000 407
12293120 35
12288000 322
12252303 1
12250000 16
12247200 1278
12192768 476
12150000 161
12101040 28
12096000 2496
12042240 205
12005000 4
12002256 108
12000000 115
11943936 204
11907000 460
11854080 674
11812500 15
11809800 113
11796480 129
11764900 2
11760000 481
11757312 461
11668860 67
11664000 1486
11612160 1512
11576250 23
11573604 37
11524800 114
11520000 881
11481750 38
11468800 107
11430720 1227
11344725 1
11340000 972
11337408 66
11289600 1309
11252115 3
11250000 18
11239424 5
11200000 150
11197440 1090
11160261 2
11113200 507
11063808 47
11059200 956
11025000 72
11022480 389
11010048 10
10976000 133
10935000 147
10890936 16
10886400 3101
10838016 248
10804500 43
10800000 557
10756480 12
10752000 778
10716300 257
10668672 235
10631250 12
10628820 24
10616832 101
10588410 2
10584000 1404
10536960 201
10501974 7
10500000 73
10497600 942
10485760 6
10450944 567
10418625 10
10372320 209
10368000 2031
10333575 8
10321920 518
10290000 111
10287648 233
10240000 119
10206000 943
10160640 1538
10125000 34
10084200 14
10080000 1178
10077696 240
10035200 181
10001880 238
10000000 13
9953280 981
9922500 143
9920232 54
9878400 634
9843750 1
9841500 53
9834496 5
9830400 151
9800000 86
9797760 1632
9724050 16
9720000 986
9680832 27
9676800 2453
9644670 36
9633792 43
9604000 34
9600000 277
9568125 2
9565938 2
9525600 1514
9483264 232
9450000 270
9447840 256
9437184 17
9408000 760
9375000 1
9335088 79
9331200 2083
9289728 312
9261000 209
9219840 101
9216000 962
9187500 8
9185400 417
9175040 35
9144576 543
9112500 24
9075780 23
9072000 2729
9031680 684
9003750 5
9001692 50
9000000 132
8960000 262
8957952 300
8930250 68
8890560 683
8859375 1
8857350 11
8847360 418
8820000 499
8817984 283
8780800 134
8751645 6
8750000 2
8748000 805
8709120 2192
8680203 1
8643600 123
8640000 1343
8605184 3
8601600 565
8575000 13
8573040 600
8505000 350
8503056 28
8470728 1
8467200 2091
8437500 2
8429568 44
8403500 9
8400000 345
8398080 992
8334900 157
8297856 110
8294400 1815
8268750 13
8266860 75
8257536 88
8232000 303
8201250 14
8192000 88
8168202 5
8164800 2299
8128512 477
8103375 3
8100000 334
8067360 28
8064000 1853
8037225 14
8028160 64
8001504 194
8000000 55
7962624 198
7938000 870
7902720 468
7875000 43
7873200 354
7864320 54
7840000 205
7838208 651
7779240 111
7776000 2124
7741440 1212
7717500 43
7715736 106
7683200 48
7680000 463
7654500 180
7620480 1700
7593750 3
7563150 6
7560000 1308
7558272 161
7526400 689
7501410 53
7500000 21
7464960 1341
7441875 5
7440174 9
7408800 684
7381125 1
7375872 27
7372800 592
7350000 94
7348320 870
7340032 5
7290000 379
7260624 17
7257600 3508
7225344 159
7203000 43
7200000 496
7168000 252
7144200 566
7112448 272
7087500 58
7085880 78
7077888 71
7058940 2
7056000 1291
7024640 72
7001316 30
7000000 47
6998400 1641
6967296 598
6945750 46
6914880 186
6912000 1854
6889050 54
6881280 224
6860000 57
6858432 430
6806835 3
6804000 1633
6773760 1387
6751269 6
6750000 73
6722800 7
6720000 808
6718464 362
6667920 443
6635520 926
6615000 249
6613488 126
6585600 440
6562500 4
6561000 207
6553600 51
6531840 2263
6482700 52
6480000 1290
6453888 11
6451200 1607
6431250 2
6429780 151
6422528 7
6400000 115
6378750 43
6377292 9
6353046 1
6350400 1963
6322176 147
6300000 365
6298560 571
6291456 11
6272000 279
6251175 11
6250000 3
6223392 75
6220800 2414
6200145 5
6193152 272
6174000 320
6146560 30
6144000 451
6125000 15
6123600 1063
6096384 654
6075000 106
6050520 19
6048000 2769
6021120 333
6002500 11
6001128 80
6000000 111
5971968 332
5953500 221
5927040 693
5906250 5
5904900 69
5898240 236
5882450 3
5880000 415
5878656 490
5834430 39
5832000 1387
5806080 2090
5786802 28
5762400 120
5760000 1031
5740875 4
5734400 163
5715360 1097
5670000 722
5668704 86
5647152 2
5644800 1633
5625000 14
5619712 19
5600000 161
5598720 1431
5556600 360
5531904 64
5529600 1466
5512500 35
5511240 276
5505024 38
5488000 122
5467500 49
5445468 9
5443200 3227
5419008 371
5402250 10
5400000 479
5378240 7
5376000 1015
5358150 103
5334336 314
5315625 2
5314410 6
5308416 177
5294205 1
5292000 1192
5268480 269
5250987 3
5250000 51
5248800 813
5242880 10
5225472 785
5186160 151
5184000 2312
5160960 756
5145000 66
5143824 219
5120000 130
5103000 620
5080320 1895
5062500 16
5042100 11
5040000 1230
5038848 264
5017600 230
5000940 147
5000000 8
4976640 1436
4961250 30
4960116 24
4939200 633
4920750 14
4917248 7
4915200 281
4900000 50
4898880 1662
4862025 6
4860000 772
4840416 13
4838400 3128
4822335 8
4816896 66
4802000 31
4800000 319
4782969 1
4762800 1195
4741632 301
4725000 161
4723920 210
4718592 37
4705960 1
4704000 829
4667544 62
4665600 2260
4644864 490
4630500 126
4609920 104
4608000 1185
4593750 1
4592700 215
4587520 49
4572288 597
4556250 7
4537890 6
4536000 2443
4515840 963
4500846 21
4500000 95
4480000 305
4478976 423
4465125 15
4445280 606
4428675 3
4423680 621
4410000 377
4408992 280
4390400 150
4375000 3
4374000 573
4354560 2718
4321800 93
4320000 1393
4302592 3
4300800 730
4287500 5
4286520 435
4252500 156
4251528 27
4235364 1
4233600 2103
4214784 68
4201750 2
4200000 268
4199040 1010
4194304 3
4167450 65
4148928 92
4147200 2428
4134375 1
4133430 33
4128768 123
4116000 247
4100625 2
4096000 134
4084101 1
4082400 1956
4064256 635
4050000 219
4033680 19
4032000 2140
4014080 95
4000752 174
4000000 42
3981312 347
3969000 576
3951360 559
3937500 10
3936600 245
3932160 105
3920000 182
3919104 730
3889620 60
3888000 2115
3870720 1729
3858750 12
3857868 44
3841600 47
3840000 546
3827250 70
3810240 1629
3780000 1013
3779136 164
3763200 832
3750705 5
3750000 9
3732480 1652
3720087 1
3704400 545
3687936 39
3686400 895
3675000 47
3674160 687
3670016 10
3645000 177
3630312 8
3628800 3865
3612672 241
3601500 17
3600000 494
3584000 337
3572100 305
3556224 315
3543750 22
3542940 57
3538944 118
3529470 1
3528000 1169
3512320 83
3500658 10
3500000 39
3499200 1483
3483648 849
3472875 11
3457440 128
3456000 2136
3444525 16
3440640 341
3430000 55
3429216 396
3402000 1207
3386880 1658
3375000 45
3361400 8
3360000 797
3359232 387
3333960 302
3317760 1303
3307500 125
3306744 99
3292800 416
3280500 101
3276800 77
3265920 2337
3241350 35
3240000 1103
3226944 9
3225600 2077
3215625 2
3214890 63
3211264 12
3200000 126
3189375 9
3188646 3
3175200 1616
3161088 184
3150000 214
3149280 500
3145728 16
3136000 298
3111696 87
3110400 2735
3096576 374
3087000 185
3073280 38
3072000 619
3062500 4
3061800 660
3048192 751
3037500 58
3025260 16
3024000 2626
3010560 422
3001250 3
3000564 43
3000000 86
2985984 488
2976750 74
2963520 682
2953125 2
2952450 17
2949120 357
2940000 332
2939328 479
2917215 4
2916000 1078
2903040 2689
2893401 5
2881200 98
2880000 1132
2867200 243
2857680 904
2835000 413
2834352 59
2823576 1
2822400 1653
2812500 5
2809856 18
2800000 146
2799360 1438
2778300 189
2765952 64
2764800 1954
2756250 16
2755620 157
2752512 46
2744000 106
2733750 22
2722734 4
2721600 3003
2709504 442
2701125 2
2700000 306
2689120 13
2688000 1196
2679075 16
2667168 211
2657205 3
2654208 274
2646000 830
2634240 273
2625000 19
2624400 565
2621440 16
2612736 922
2593080 103
2592000 2354
2580480 1090
2572500 20
2571912 141
2560000 180
2551500 262
2540160 1792
2531250 5
2521050 3
2520000 1012
2519424 279
2508800 288
2500470 53
2500000 7
2488320 1815
2480625 5
2480058 16
2469600 522
2460375 3
2458624 12
2457600 369
2450000 38
2449440 1309
2430000 449
2420208 12
2419200 3464
2408448 87
2401000 15
2400000 293
2381400 737
2370816 313
2362500 60
2361960 120
2359296 72
2352000 743
2333772 32
2332800 2180
2322432 741
2315250 38
2304960 93
2304000 1499
2296350 84
2293760 73
2286144 557
2278125 1
2268945 3
2268000 1922
2257920 1122
2250423 4
2250000 55
2240000 299
2239488 494
2222640 464
2211840 948
2205000 201
2204496 212
2195200 134
2187500 2
2187000 315
2177280 2895
2160900 58
2160000 1200
2151296 4
2150400 983
2143750 2
2143260 250
2126250 40
2125764 12
2117682 2
2116800 1847
2107392 77
2100000 208
2099520 869
2097152 3
2083725 16
2074464 76
2073600 2788
2066715 5
2064384 189
2058000 164
2048000 139
2041200 1398
2032128 681
2025000 99
2016840 13
2016000 2095
2007040 115
2000376 119
2000000 37
1990656 509
1984500 232
1975680 575
1968750 4
1968300 102
1966080 145
1960000 164
1959552 740
1944810 32
1944000 1794
1935360 2074
1929375 3
1928934 22
1920800 52
1920000 536
1913625 9
1905120 1331
1890000 598
1889568 129
1881600 937
1875000 5
1866240 1899
1852200 302
1843968 43
1843200 1178
1837500 21
1837080 429
1835008 12
1822500 94
1815156 6
1814400 3487
1806336 336
1800750 5
1800000 343
1792000 364
1786050 93
1778112 323
1771875 3
1771470 17
1769472 171
1764000 884
1756160 101
1750329 1
1750000 16
1749600 1136
1741824 985
1728720 116
1728000 2239
1720320 490
1715000 21
1714608 291
1701000 683
1693440 1671
1687500 19
1680700 1
1680000 670
1679616 407
1666980 144
1658880 1591
1653750 40
1653372 38
1646400 340
1640250 38
1638400 97
1632960 2027
1620675 5
1620000 762
1613472 5
1612800 2287
1607445 15
1605632 23
1600000 97
1587600 1133
1580544 188
1575000 125
1574640 343
1572864 26
1568000 302
1562500 1
1555848 58
1555200 2769
1548288 530
1543500 76
1536640 34
1536000 695
1531250 2
1530900 317
1524096 703
1518750 7
1512630 3
1512000 2178
1505280 494
1500282 23
1500000 45
1492992 569
1488375 17
1481760 580
1476225 3
1474560 476
1470000 207
1469664 412
1458000 733
1451520 2885
1440600 50
1440000 952
1433600 243
1428840 514
1417500 163
1417176 37
1411200 1489
1406250 1
1404928 16
1400000 91
1399680 1396
1389150 55
1382976 62
1382400 2268
1378125 1
1377810 53
1376256 76
1372000 86
1366875 2
1360800 2193
1354752 582
1350000 190
1344560 5
1344000 1182
1333584 193
1327104 343
1323000 468
1317120 326
1312500 11
1312200 328
1310720 24
1306368 987
1296540 46
1296000 2092
1290240 1256
1286250 10
1285956 67
1280000 196
1275750 75
1270080 1626
1265625 1
1260000 716
1259712 210
1254400 326
1250235 7
1250000 3
1244160 1968
1240029 5
1234800 348
1229312 11
1228800 483
1225000 21
1224720 889
1215000 255
1210104 6
1209600 3176
1204224 143
1200500 5
1200000 230
1190700 331
1185408 287
1181250 12
1180980 69
1179648 81
1176000 580
1166886 13
1166400 1812
1161216 912
1157625 5
1152480 80
1152000 1599
1148175 15
1146880 99
1143072 480
1134000 1186
1128960 1211
1125000 25
1120000 252
1119744 607
1111320 285
1105920 1234
1102500 92
1102248 120
1097600 133
1093750 1
1093500 122
1088640 2718
1080450 14
1080000 910
1075648 6
1075200 1179
1071875 1
1071630 93
1063125 9
1062882 3
1058400 1387
1053696 94
1050000 110
1049760 651
1048576 10
1037232 71
1036800 2786
1032192 296
1029000 94
1024000 203
1020600 806
1016064 691
1012500 54
1008420 8
1008000 1778
1003520 143
1000188 60
1000000 30
995328 537
992250 61
987840 467
984375 1
984150 20
983040 185
980000 105
979776 640
972405 6
972000 1233
967680 2277
964467 1
960400 24
960000 572
952560 948
945000 364
944784 86
940800 798
937500 1
933120 1807
926100 153
921984 40
921600 1320
918750 7
918540 206
917504 15
911250 22
907578 2
907200 2816
903168 321
900375 1
900000 212
896000 343
893025 27
889056 234
885735 1
884736 249
882000 569
878080 91
875000 5
874800 720
870912 993
864360 65
864000 2007
860160 519
857500 10
857304 149
850500 294
846720 1575
843750 3
840350 1
840000 539
839808 423
833490 64
829440 1751
826875 3
826686 15
823200 239
820125 9
819200 133
816480 1568
810000 468
806736 5
806400 2359
802816 26
800000 68
793800 644
790272 212
787500 40
787320 192
786432 42
784000 247
777924 24
777600 2375
774144 587
771750 25
768320 25
768000 743
765450 82
762048 594
759375 4
756315 3
756000 1510
752640 586
750141 4
750000 34
746496 663
740880 363
737280 609
735000 111
734832 249
729000 363
725760 2744
720300 29
720000 793
716800 354
714420 239
708750 44
708588 11
705600 1237
702464 16
700000 65
699840 1119
694575 11
691488 50
691200 2257
688905 7
688128 108
686000 51
680400 1408
677376 568
675000 87
672280 4
672000 1034
666792 97
663552 505
661500 211
658560 270
656250 3
656100 138
655360 48
653184 899
648270 22
648000 1581
645120 1412
643125 3
642978 33
640000 190
637875 12
635040 1242
630000 421
629856 202
627200 255
625000 3
622080 2001
617400 215
614656 11
614400 568
612500 9
612360 535
607500 102
605052 3
604800 2756
602112 138
600250 2
600000 183
595350 109
592704 227
590625 2
590490 14
589824 107
588000 391
583443 3
583200 1251
580608 986
576240 55
576000 1391
573440 121
571536 290
567000 624
564480 1125
562500 11
560000 210
559872 499
555660 99
552960 1352
551250 24
551124 56
548800 116
546750 38
544320 2096
540225 4
540000 612
537824 4
537600 1063
535815 11
531441 1
529200 921
526848 83
525000 61
524880 403
524288 4
518616 35
518400 2525
516096 345
514500 31
512000 187
510300 311
508032 652
506250 12
504210 2
504000 1346
501760 131
500094 24
500000 16
497664 641
496125 13
493920 310
492075 7
491520 262
490000 60
489888 455
486000 715
483840 2307
480200 18
480000 508
476280 507
472500 132
472392 55
470596 1
470400 728
466560 1536
463050 49
460992 24
460800 1402
459270 60
458752 13
455625 6
453600 1965
451584 382
450000 124
448000 318
444528 167
442368 318
441000 273
439040 109
437500 6
437400 377
435456 984
432180 30
432000 1569
430080 605
428750 6
428652 82
425250 82
423360 1253
421875 1
420000 327
419904 313
416745 10
414720 1804
413343 1
411600 167
409600 154
408240 987
405000 211
403368 5
403200 1912
401408 40
400000 72
396900 246
395136 160
393750 10
393660 76
393216 32
392000 183
388962 11
388800 1762
387072 641
385875 6
384160 23
384000 715
382725 15
381024 452
378000 855
376320 524
375000 16
373248 642
370440 208
368640 694
367500 37
367416 137
364500 152
362880 2320
360150 9
360000 524
358400 295
357210 73
354375 9
354294 4
352800 841
351232 28
350000 32
349920 757
345744 33
345600 2041
344064 125
343000 29
340200 736
338688 541
337500 36
336140 1
336000 786
333396 53
331776 498
330750 55
329280 214
328125 1
328050 29
327680 65
326592 652
324135 4
324000 1057
322560 1415
321489 1
320000 151
317520 735
315000 192
314928 124
313600 231
311040 1815
308700 96
307328 10
307200 574
306250 1
306180 214
303750 17
302526 3
302400 2025
301056 173
300000 119
297675 14
296352 155
295245 5
294912 167
294000 259
291600 738
290304 930
288120 26
288000 1218
286720 153
285768 180
283500 273
282240 921
281250 2
280000 118
279936 458
277830 51
276480 1343
275625 5
275562 23
274400 77
273375 7
272160 1402
270000 336
268912 2
268800 1016
264600 456
263424 68
262500 14
262440 190
262144 10
259308 14
259200 2010
258048 353
257250 14
256000 200
255150 100
254016 465
253125 2
252000 894
250880 150
250047 5
250000 7
248832 646
246960 206
245760 261
245000 24
244944 285
243000 369
241920 1931
240100 6
240000 345
238140 219
236250 23
236196 30
235200 491
233280 1127
231525 6
230496 20
230400 1313
229635 4
229376 21
226800 1152
225792 323
225000 51
224000 248
222264 92
221184 300
220500 108
219520 63
218750 1
218700 154
217728 809
216090 12
216000 1064
215040 624
214375 1
214326 31
212625 12
211680 788
210000 159
209952 191
207360 1650
205800 84
204800 130
204120 482
202500 73
201684 3
201600 1531
200704 44
200000 48
198450 80
197568 147
196875 1
196830 18
196608 33
196000 102
194481 2
194400 1111
193536 618
192080 4
192000 634
190512 277
189000 421
188160 448
187500 4
186624 607
185220 101
184320 737
183750 8
183708 70
182250 36
181440 1686
180075 1
180000 349
179200 242
178605 13
177147 1
176400 462
175616 27
175000 18
174960 457
172872 25
172800 1670
172032 131
171500 15
170100 280
169344 428
168750 4
168070 2
168000 527
166698 14
165888 500
165375 6
164640 113
164025 5
163840 63
163296 446
162000 512
161280 1270
160000 114
158760 373
157500 79
157464 47
156800 173
155520 1439
154350 30
153664 11
153600 585
153090 71
151875 3
151200 1253
150528 176
150000 45
148176 96
147456 148
147000 116
145800 351
145152 769
144060 5
144000 871
143360 145
142884 61
141750 66
141120 701
140000 63
139968 330
138915 8
138240 1159
137781 2
137200 30
136080 777
135000 150
134456 2
134400 782
132300 159
131712 69
131250 3
131220 85
131072 11
129654 8
129600 1358
129024 327
128625 3
128000 186
127575 17
127008 296
126000 502
125440 120
125000 3
124416 529
123480 86
122880 299
122500 16
122472 142
121500 116
120960 1487
120050 3
120000 199
119070 75
118125 4
118098 7
117600 332
116640 691
115248 17
115200 1149
114688 34
113400 566
112896 267
112500 22
112000 197
111132 39
110592 373
110250 31
109760 44
109350 38
108864 555
108045 3
108000 656
107520 513
107163 7
105840 430
105000 79
104976 135
103680 1371
102900 36
102400 127
102060 189
101250 20
100842 1
100800 1064
100352 38
100000 30
99225 9
98784 106
98415 7
98304 51
98000 63
97200 654
96768 572
96040 8
96000 446
95256 127
94500 158
94080 347
93750 1
93312 400
92610 26
92160 698
91875 1
91854 17
91125 10
90720 1046
90000 170
89600 231
88200 228
87808 14
87500 5
87480 194
86436 4
86400 1237
86016 137
85750 5
85050 65
84672 305
84375 1
84035 1
84000 347
83349 2
82944 476
82320 73
81920 64
81648 261
81000 242
80640 1019
80000 86
79380 144
78750 10
78732 20
78400 112
77760 910
77175 3
76832 2
76800 495
76545 13
75600 672
75264 119
75000 25
74088 51
73728 184
73500 47
72900 122
72576 604
72030 3
72000 543
71680 126
71442 32
70875 4
70560 397
70000 45
69984 202
69120 1055
68600 22
68040 410
67500 44
67228 1
67200 548
66150 44
65856 44
65625 1
65610 24
65536 15
64827 1
64800 785
64512 296
64000 105
63504 198
63000 214
62720 85
62208 450
61740 40
61440 286
61250 1
61236 60
60750 23
60480 959
60000 133
59535 5
59049 1
58800 155
58320 415
57624 6
57600 826
57344 31
56700 195
56448 218
56250 3
56000 115
55566 13
55296 308
55125 3
54880 30
54675 5
54432 391
54000 317
53760 463
52920 233
52500 20
52488 60
51840 1017
51450 4
51200 121
51030 37
50625 1
50400 677
50176 35
50000 15
49392 50
49152 64
49000 28
48600 271
48384 443
48020 3
48000 327
47628 50
47250 42
47040 216
46656 279
46305 1
46080 609
45927 4
45360 531
45000 74
44800 169
44100 76
43904 16
43740 67
43218 2
43200 764
43008 140
42525 12
42336 168
42000 151
41472 412
41160 38
40960 50
40824 126
40500 83
40320 731
40000 45
39690 49
39375 3
39366 5
39200 62
38880 565
38416 2
38400 406
37800 295
37632 97
37500 6
37044 13
36864 178
36750 15
36450 25
36288 382
36000 301
35840 103
35721 2
35280 216
35000 19
34992 92
34560 764
34300 7
34020 159
33750 8
33600 335
33075 4
32928 26
32805 4
32768 9
32400 397
32256 244
32000 86
31752 102
31500 63
31360 60
31104 319
30870 16
30720 226
30618 15
30375 6
30240 569
30000 46
29400 75
29160 154
28812 3
28800 544
28672 16
28350 44
28224 126
28000 65
27648 290
27440 23
27216 190
27000 148
26880 328
26460 79
26250 5
26244 15
25920 612
25725 1
25600 88
25515 6
25200 288
25088 23
25000 4
24696 27
24576 53
24500 7
24300 98
24192 304
24000 183
23814 12
23625 5
23520 110
23328 176
23040 479
22680 257
22500 32
22400 95
22050 25
21952 9
21870 15
21609 2
21600 430
21504 119
21168 111
21000 50
20736 276
20580 14
20480 54
20412 37
20250 17
20160 437
20000 19
19845 9
19600 32
19440 265
19200 249
18900 119
18816 59
18522 2
18432 147
18375 2
18225 3
18144 208
18000 138
17920 82
17640 103
17500 3
17496 45
17280 527
17010 37
16875 2
16800 189
16464 24
16384 14
16200 174
16128 186
16000 58
15876 29
15750 22
15680 35
15552 240
15435 1
15360 192
15309 1
15120 276
15000 23
14700 22
14580 61
14400 352
14336 28
14175 7
14112 90
14000 32
13824 218
13720 11
13608 62
13500 43
13440 221
13230 16
13122 5
12960 343
12800 72
12600 123
12544 25
12348 10
12288 51
12250 4
12150 19
12096 209
12000 107
11907 3
11760 60
11664 87
11520 342
11340 90
11250 4
11200 58
11025 2
10976 7
10935 2
10800 191
10752 89
10584 39
10500 18
10368 197
10290 1
10240 49
10206 7
10125 3
10080 238
10000 7
9800 9
9720 104
9600 190
9450 21
9408 44
9261 1
9216 117
9072 108
9000 57
8960 69
8820 32
8748 14
8640 281
8505 4
8400 93
8232 5
8192 7
8100 53
8064 124
8000 35
7938 11
7840 24
7776 103
7680 129
7560 135
7500 4
7350 4
7290 17
7200 172
7168 19
7056 45
7000 16
6912 146
6860 2
6804 26
6750 10
6720 125
6615 4
6561 1
6480 135
6400 52
6300 44
6272 8
6174 2
6144 55
6125 2
6075 4
6048 114
6000 44
5880 22
5832 36
5760 209
5670 22
5625 1
5600 28
5400 71
5376 54
5292 19
5250 3
5184 104
5120 31
5040 126
5000 4
4900 5
4860 30
4800 113
4725 3
4704 20
4608 96
4536 48
4500 21
4480 25
4410 9
4374 4
4320 140
4200 31
4096 6
4050 13
4032 73
4000 14
3969 3
3920 7
3888 46
3840 98
3780 32
3750 2
3675 1
3645 1
3600 76
3584 18
3528 17
3456 97
3402 10
3375 1
3360 50
3240 60
3200 24
3150 8
3136 10
3087 1
3072 31
3024 52
3000 20
2940 8
2916 11
2880 118
2800 14
2700 21
2688 34
2646 5
2592 64
2560 23
2520 42
2430 7
2400 41
2352 12
2304 49
2268 12
2250 5
2240 12
2187 1
2160 68
2100 8
2048 5
2025 2
2016 37
2000 3
1960 1
1944 18
1920 63
1890 14
1875 1
1800 33
1792 7
1764 8
1728 59
1701 2
1680 25
1620 11
1600 22
1568 1
1536 22
1512 20
1500 3
1470 3
1458 1
1440 62
1400 5
1350 6
1344 18
1323 1
1296 29
1280 9
1260 9
1250 1
1215 1
1200 17
1176 2
1152 46
1134 7
1120 10
1080 27
1050 4
1029 1
1024 9
1008 21
1000 2
980 1
972 4
960 25
945 2
900 5
896 1
882 1
864 38
840 15
810 5
800 4
784 1
768 14
756 8
750 2
720 26
675 2
672 13
648 9
640 13
630 1
600 14
588 1
576 13
560 1
540 8
512 5
504 8
500 2
486 2
480 16
448 2
432 12
420 5
400 3
384 4
378 2
360 7
336 6
324 4
320 5
300 4
294 1
288 4
280 1
270 1
256 3
252 4
240 5
225 1
224 1
216 3
210 1
200 2
192 4
180 2
175 1
160 2
144 4
140 1
135 1
128 1
126 1
120 1
105 1
96 5
84 1
72 1
64 1
20 3
16 1
