3054 1
3052 1
3050 1
3049 1
3043 1
3036 3
3035 1
3033 1
3032 2
3030 1
3027 1
3023 2
3021 1
3020 1
3018 1
3017 1
3016 1
3015 1
3014 1
3012 1
3011 2
3010 1
3009 1
3008 3
3007 2
3006 4
3005 4
3004 5
3003 2
3002 2
3001 1
3000 3
2999 4
2998 2
2997 3
2996 3
2995 6
2994 5
2993 4
2992 6
2991 5
2990 9
2989 4
2988 5
2987 6
2986 11
2985 9
2984 8
2983 14
2982 7
2981 12
2980 13
2979 14
2978 17
2977 8
2976 14
2975 8
2974 13
2973 14
2972 18
2971 12
2970 15
2969 22
2968 22
2967 17
2966 26
2965 27
2964 25
2963 22
2962 25
2961 32
2960 27
2959 26
2958 47
2957 33
2956 37
2955 42
2954 40
2953 45
2952 35
2951 45
2950 34
2949 47
2948 65
2947 58
2946 56
2945 66
2944 76
2943 65
2942 67
2941 62
2940 69
2939 82
2938 80
2937 101
2936 94
2935 95
2934 122
2933 122
2932 111
2931 128
2930 132
2929 146
2928 149
2927 129
2926 141
2925 168
2924 154
2923 153
2922 169
2921 183
2920 173
2919 191
2918 193
2917 216
2916 225
2915 233
2914 223
2913 239
2912 265
2911 245
2910 251
2909 273
2908 276
2907 330
2906 286
2905 305
2904 334
2903 363
2902 378
2901 400
2900 434
2899 449
2898 452
2897 469
2896 483
2895 477
2894 544
2893 536
2892 521
2891 574
2890 569
2889 638
2888 634
2887 639
2886 663
2885 691
2884 685
2883 708
2882 818
2881 762
2880 788
2879 836
2878 843
2877 922
2876 849
2875 929
2874 978
2873 978
2872 993
2871 1031
2870 1081
2869 1129
2868 1139
2867 1251
2866 1230
2865 1245
2864 1299
2863 1323
2862 1420
2861 1419
2860 1407
2859 1528
2858 1499
2857 1563
2856 1618
2855 1572
2854 1716
2853 1793
2852 1785
2851 1724
2850 1905
2849 1862
2848 1973
2847 1939
2846 1998
2845 2082
2844 2132
2843 2167
2842 2242
2841 2339
2840 2310
2839 2319
2838 2456
2837 2453
2836 2500
2835 2496
2834 2651
2833 2658
2832 2814
2831 2875
2830 2920
2829 2939
2828 2907
2827 3032
2826 3061
2825 3159
2824 3192
2823 3311
2822 3368
2821 3450
2820 3428
2819 3497
2818 3491
2817 3645
2816 3647
2815 3761
2814 3764
2813 3869
2812 3913
2811 3982
2810 4096
2809 4102
2808 4143
2807 4107
2806 4149
2805 4350
2804 4434
2803 4425
2802 4482
2801 4504
2800 4521
2799 4620
2798 4724
2797 4794
2796 4878
2795 4771
2794 4851
2793 4991
2792 5109
2791 5132
2790 5016
2789 5142
2788 5116
2787 5224
2786 5355
2785 5299
2784 5445
2783 5643
2782 5545
2781 5607
2780 5599
2779 5508
2778 5807
2777 5608
2776 5631
2775 5841
2774 5592
2773 5853
2772 5904
2771 5889
2770 5888
2769 5892
2768 6025
2767 6014
2766 6057
2765 6181
2764 5990
2763 5938
2762 6058
2761 6209
2760 6153
2759 6148
2758 6033
2757 6106
2756 6042
2755 6282
2754 6229
2753 6125
2752 6322
2751 6341
2750 6115
2749 6192
2748 6283
2747 6204
2746 6198
2745 6141
2744 6192
2743 6113
2742 6089
2741 6145
2740 6090
2739 6130
2738 6237
2737 6143
2736 6155
2735 6124
2734 5917
2733 5965
2732 6080
2731 6015
2730 5936
2729 5930
2728 5787
2727 5768
2726 5897
2725 5639
2724 5847
2723 5590
2722 5634
2721 5536
2720 5378
2719 5530
2718 5429
2717 5494
2716 5342
2715 5336
2714 5308
2713 5288
2712 5251
2711 5226
2710 5115
2709 5140
2708 5058
2707 4943
2706 4900
2705 4849
2704 4731
2703 4746
2702 4638
2701 4660
2700 4524
2699 4549
2698 4467
2697 4379
2696 4485
2695 4394
2694 4202
2693 4147
2692 4135
2691 4025
2690 4005
2689 3900
2688 3854
2687 3969
2686 3755
2685 3669
2684 3570
2683 3579
2682 3573
2681 3453
2680 3453
2679 3434
2678 3176
2677 3216
2676 3250
2675 3128
2674 3073
2673 3022
2672 3018
2671 2986
2670 2816
2669 2732
2668 2723
2667 2774
2666 2609
2665 2519
2664 2565
2663 2455
2662 2418
2661 2399
2660 2302
2659 2230
2658 2275
2657 2163
2656 2089
2655 2097
2654 2068
2653 1972
2652 1938
2651 1844
2650 1822
2649 1749
2648 1727
2647 1687
2646 1705
2645 1615
2644 1695
2643 1543
2642 1417
2641 1475
2640 1444
2639 1379
2638 1359
2637 1407
2636 1298
2635 1259
2634 1233
2633 1197
2632 1114
2631 1101
2630 1045
2629 1086
2628 1072
2627 993
2626 955
2625 915
2624 859
2623 947
2622 856
2621 808
2620 818
2619 830
2618 751
2617 737
2616 705
2615 679
2614 645
2613 674
2612 607
2611 545
2610 584
2609 536
2608 567
2607 545
2606 451
2605 493
2604 460
2603 478
2602 448
2601 400
2600 422
2599 391
2598 377
2597 389
2596 343
2595 320
2594 307
2593 339
2592 325
2591 313
2590 284
2589 251
2588 241
2587 263
2586 230
2585 220
2584 237
2583 186
2582 184
2581 216
2580 215
2579 176
2578 167
2577 159
2576 162
2575 171
2574 151
2573 134
2572 141
2571 135
2570 125
2569 135
2568 120
2567 115
2566 91
2565 97
2564 79
2563 81
2562 82
2561 94
2560 81
2559 58
2558 79
2557 68
2556 70
2555 70
2554 59
2553 50
2552 50
2551 43
2550 48
2549 48
2548 22
2547 48
2546 42
2545 44
2544 35
2543 32
2542 30
2541 31
2540 36
2539 29
2538 19
2537 28
2536 22
2535 18
2534 25
2533 23
2532 21
2531 22
2530 19
2529 9
2528 9
2527 19
2526 15
2525 9
2524 8
2523 15
2522 8
2521 18
2520 7
2519 17
2518 6
2517 7
2516 5
2515 11
2514 10
2513 5
2512 4
2511 10
2510 6
2509 5
2508 5
2507 9
2506 5
2504 5
2503 2
2502 6
2501 4
2500 3
2499 3
2498 2
2497 2
2496 2
2495 2
2494 4
2493 1
2492 2
2491 3
2490 3
2489 3
2488 1
2487 1
2486 2
2484 2
2483 2
2482 1
2481 1
2479 1
2478 1
2476 2
2474 2
2467 1
2465 1
2458 1
2456 1
2454 1
2448 1
2445 1
2423 1
