5184000000 1
4800000000 1
4199040000 1
4032000000 1
3936600000 1
3732480000 1
3499200000 1
3276800000 1
3175200000 1
3149280000 1
2985984000 2
2976069600 1
2939328000 1
2916000000 3
2903040000 3
2880000000 1
2869781400 1
2857680000 1
2799360000 1
2778300000 1
2744000000 1
2721600000 3
2720977920 1
2646000000 1
2645395200 2
2624400000 2
2612736000 2
2592000000 1
2571912000 3
2551500000 1
2540160000 2
2520000000 2
2500470000 1
2488320000 3
2469600000 1
2449440000 3
2430000000 2
2419200000 1
2361960000 1
2352000000 2
2332800000 1
2322432000 2
2304000000 1
2296350000 1
2286144000 2
2268000000 1
2267481600 1
2222640000 1
2204496000 5
2177280000 5
2160000000 1
2143260000 2
2116800000 2
2116316160 2
2099520000 2
2073600000 3
2066715000 2
2058000000 1
2057529600 3
2048000000 1
2041200000 3
2040733440 1
2032128000 3
2016000000 2
2015539200 1
2000376000 2
1990656000 1
1984500000 2
1984046400 2
1959552000 6
1944000000 3
1935360000 3
1905120000 3
1889568000 1
1866240000 4
1851776640 2
1843200000 5
1837080000 3
1835008000 1
1828915200 3
1814400000 8
1792000000 1
1791590400 1
1786050000 1
1771470000 1
1764000000 2
1763596800 8
1749600000 1
1741824000 4
1728000000 2
1714608000 3
1701000000 2
1700611200 2
1693440000 3
1679616000 5
1658880000 2
1653372000 1
1646400000 1
1646023680 3
1632960000 9
1625702400 2
1620000000 1
1612800000 1
1612431360 1
1607445000 2
1600300800 4
1587600000 4
1587237120 1
1580544000 1
1574640000 4
1567641600 4
1555848000 2
1555200000 7
1548288000 2
1543147200 1
1536000000 1
1530900000 3
1530550080 2
1524096000 8
1512000000 4
1511654400 5
1505280000 2
1500282000 1
1492992000 8
1481760000 2
1476225000 1
1474560000 2
1469664000 15
1458000000 6
1451520000 12
1445068800 3
1440270720 2
1433600000 1
1428840000 8
1422489600 3
1417176000 3
1415577600 2
1411200000 4
1410877440 2
1400263200 1
1400000000 1
1399680000 4
1393459200 4
1389150000 2
1382976000 1
1382400000 4
1377810000 2
1371686400 10
1360800000 8
1360488960 1
1354752000 4
1344000000 2
1343692800 3
1333584000 5
1327104000 3
1323000000 2
1322697600 8
1317120000 1
1312200000 2
1306368000 11
1302030450 1
1296540000 1
1296000000 4
1290240000 1
1285956000 14
1275458400 3
1274019840 1
1270080000 16
1264435200 3
1260236880 1
1260000000 1
1259712000 14
1254400000 3
1254113280 3
1250235000 2
1244678400 5
1244160000 8
1240029000 1
1238630400 2
1234800000 3
1234517760 6
1229312000 1
1228800000 2
1224720000 15
1219276800 4
1215228420 1
1215000000 1
1210104000 2
1209600000 13
1209323520 1
1204224000 1
1200225600 8
1194393600 6
1190700000 4
1190427840 2
1185408000 4
1180980000 3
1179648000 1
1176000000 2
1175731200 10
1170505728 1
1166886000 1
1166400000 11
1161216000 14
1157360400 3
1152480000 1
1152000000 4
1148175000 2
1146880000 2
1143072000 25
1137991680 3
1134000000 12
1133740800 5
1128960000 11
1125211500 3
1123942400 1
1119744000 12
1111320000 13
1111065984 1
1106380800 2
1105920000 4
1102500000 2
1102248000 18
1097349120 6
1093500000 1
1089093600 1
1088640000 39
1083801600 5
1080450000 1
1080000000 6
1075648000 1
1075200000 4
1074954240 2
1071630000 8
1066867200 11
1062882000 2
1061683200 3
1058400000 10
1058158080 8
1053696000 2
1050197400 2
1049760000 12
1045094400 18
1037232000 4
1036800000 14
1033357500 2
1032192000 1
1028764800 15
1024000000 1
1020600000 21
1016064000 23
1011548160 1
1008000000 8
1007769600 16
1003520000 1
1000188000 9
995742720 3
995328000 9
992250000 2
992023200 10
987840000 9
980000000 3
979776000 37
975421440 9
972405000 2
972000000 5
967680000 16
967458816 1
964467000 3
960400000 1
960180480 7
960000000 1
952560000 22
952342272 2
948326400 8
945000000 3
944784000 16
940800000 7
940584960 6
933508800 2
933120000 24
930021750 1
928972800 9
926100000 2
925888320 8
921984000 2
921600000 7
918540000 25
918330048 1
914457600 28
907578000 1
907200000 35
906992640 2
903168000 19
900169200 5
896168448 1
896000000 3
895795200 8
893025000 3
892820880 2
889056000 19
885735000 3
884736000 6
882000000 4
881798400 20
878080000 3
877879296 1
875164500 4
874800000 17
871274880 1
870912000 49
864360000 5
864000000 7
860160000 3
857304000 34
853493760 4
850500000 5
850305600 3
846720000 35
846526464 2
840157920 4
840000000 1
839808000 27
836075520 5
833490000 5
833299488 1
829785600 7
829440000 26
826686000 5
825753600 2
823200000 9
823011840 11
820125000 1
816820200 1
816480000 45
816293376 1
812851200 18
810000000 3
809238528 1
806400000 19
806215680 3
803722500 2
802816000 2
800150400 26
800000000 2
796262400 5
793800000 17
793618560 4
790272000 13
787500000 2
787320000 16
784000000 7
783820800 44
780337152 1
777924000 8
777600000 23
774466560 1
774144000 33
771750000 1
771573600 15
770703360 1
768320000 1
768144384 2
768000000 5
765450000 5
765275040 1
762365520 1
762048000 52
758661120 2
756315000 1
756000000 13
755827200 20
752640000 11
752467968 2
750141000 10
746807040 2
746496000 23
744017400 3
743178240 5
740880000 11
737280000 4
735138180 1
734832000 51
731566080 15
729000000 8
726062400 2
725760000 46
725594112 1
722534400 7
720135360 6
720000000 6
716800000 6
716636160 2
714420000 25
714256704 2
711244800 27
708750000 1
708588000 9
705600000 27
705438720 21
702464000 3
700131600 5
700000000 2
699840000 48
696729600 34
694575000 3
694416240 5
693633024 1
691488000 7
691200000 25
688905000 4
688128000 4
686000000 1
685843200 38
682795008 1
680683500 2
680400000 47
680244480 9
677376000 42
675126900 2
672280000 1
672126336 2
672000000 5
671846400 22
669615660 2
668860416 3
666792000 24
663828480 5
663552000 26
661500000 8
661348800 27
660602880 1
658560000 8
658409472 1
656100000 10
653456160 1
653184000 86
650280960 7
648270000 2
648121824 1
648000000 16
645388800 1
645120000 23
642978000 24
642252800 2
640120320 16
640000000 2
637875000 2
637729200 2
637009920 3
635304600 1
635040000 74
634894848 2
632217600 11
630118440 4
630000000 2
629856000 33
627200000 7
627056640 25
625117500 1
624974616 2
622339200 5
622080000 38
620014500 1
619315200 10
617400000 14
617258880 32
614656000 2
614400000 5
612500000 2
612360000 53
609638400 44
607500000 2
605052000 2
604800000 53
604661760 7
602112000 14
600112800 23
600000000 1
597445632 1
597196800 23
595350000 14
595213920 4
592704000 28
590490000 4
589824000 4
588000000 8
587865600 70
585252864 2
583443000 4
583200000 38
580849920 1
580608000 83
578680200 14
578027520 4
576240000 2
576108288 2
576000000 16
574087500 2
573956280 1
573440000 2
571774140 1
571536000 89
568995840 14
567000000 21
566870400 22
566231040 1
564480000 42
564350976 1
562605750 2
561971200 2
560105280 13
560000000 4
559872000 59
558013050 1
557383680 21
555660000 24
555532992 6
553190400 11
552960000 29
551250000 3
551124000 39
550502400 4
548800000 5
548674560 32
546750000 8
544546800 4
544320000 80
544195584 1
541900800 27
540225000 3
540101520 8
540000000 4
537824000 2
537600000 23
537477120 10
535815000 8
535692528 2
533433600 37
531441000 3
530841600 11
529420500 1
529200000 31
529079040 28
526848000 14
525098700 3
524880000 39
524288000 2
522764928 1
522547200 85
520812180 5
520224768 1
518616000 18
518400000 65
516678750 1
516311040 2
516096000 23
514500000 1
514382400 49
512096256 6
512000000 2
510300000 26
510183360 6
509607936 1
508032000 100
506250000 1
505774080 5
504094752 3
504000000 32
503884800 52
501760000 5
500094000 15
500000000 1
497871360 7
497664000 74
496125000 1
496011600 20
495452160 8
493920000 36
493807104 11
492075000 6
491724800 2
491520000 9
490092120 1
490000000 3
489888000 113
487710720 40
486202500 5
486091368 1
486000000 15
484041600 4
483840000 92
483729408 1
482233500 10
481689600 7
480200000 2
480090240 28
480000000 4
478296900 1
477757440 8
476280000 66
476171136 9
474163200 31
472588830 2
472500000 3
472392000 24
470596000 1
470400000 19
470292480 34
466754400 18
466560000 89
464679936 1
464486400 43
463050000 8
462944160 20
460992000 8
460800000 25
459270000 28
459165024 2
458752000 2
457228800 91
455625000 1
455196672 2
453789000 2
453600000 83
453496320 14
451584000 45
450084600 11
450000000 3
448084224 2
448000000 12
447897600 51
446512500 1
446410440 4
444528000 60
442552320 3
442368000 24
441082908 2
441000000 17
440899200 69
439040000 6
438939648 9
437582250 3
437400000 24
435637440 4
435456000 157
434010150 1
433520640 9
432180000 5
432081216 4
432000000 30
430080000 16
429981696 6
428750000 1
428652000 59
426746880 33
425329947 1
425250000 6
425152800 6
424673280 3
423536400 2
423360000 86
423263232 13
421478400 4
420078960 4
420000000 7
419904000 97
418037760 41
416745000 8
416649744 1
414892800 17
414720000 67
413343000 13
413048832 1
412876800 15
411600000 13
411505920 65
409600000 7
408410100 2
408240000 145
408146688 2
406425600 84
405076140 5
405000000 5
404619264 1
403368000 1
403200000 55
403107840 28
401861250 1
401408000 10
400075200 53
400000000 2
398297088 4
398131200 28
396900000 29
396809280 29
395300640 1
395136000 40
393750000 1
393660000 22
393379840 2
393216000 7
392073696 2
392000000 7
391910400 136
390168576 6
388962000 14
388800000 73
387072000 109
385875000 3
385786800 31
384160000 5
384072192 5
384000000 9
382725000 14
382637520 5
382205952 3
381182760 1
381024000 170
379330560 15
378157500 1
378071064 3
378000000 25
377913600 42
376476800 1
376320000 43
376233984 6
375070500 8
375000000 1
373403520 20
373248000 98
372008700 2
371589120 19
370440000 37
370355328 7
368793600 11
368640000 31
367569090 3
367500000 2
367416000 125
367001600 1
365783040 73
364500000 14
363031200 7
362880000 183
362797056 5
361267200 33
360067680 22
360000000 11
358400000 16
358318080 16
357210000 44
357128352 3
355622400 76
354375000 1
354294000 8
353894400 12
352800000 49
352719360 90
351232000 16
350065800 11
350000000 2
349920000 102
348509952 2
348364800 132
347287500 4
347208120 8
346816512 2
345744000 32
345600000 66
344452500 9
344373768 1
344207360 1
344064000 7
343064484 1
343000000 7
342921600 135
341397504 7
340200000 88
340122240 21
338829120 1
338688000 147
337563450 3
337500000 2
337182720 1
336140000 2
336063168 8
336000000 25
335923200 72
334807830 1
334430208 6
333396000 59
331914240 14
331776000 76
330750000 9
330674400 58
330301440 4
329280000 38
329204736 13
328050000 15
327680000 3
326728080 3
326592000 236
325140480 46
324135000 6
324060912 5
324000000 37
322694400 4
322560000 115
322486272 3
321489000 48
321126400 5
320060160 48
320000000 4
318937500 3
318864600 7
318504960 12
317652300 1
317520000 156
317447424 20
316108800 37
315059220 7
315000000 18
314928000 92
314572800 1
313600000 21
313528320 71
312558750 2
312487308 2
311169600 26
311040000 122
310007250 2
309657600 70
308700000 18
308629440 50
308281344 2
307328000 10
307200000 30
306180000 71
306110016 1
304946208 2
304819200 190
303464448 2
302526000 2
302400000 132
302330880 37
301056000 41
300125000 1
300056400 48
300000000 1
298722816 8
298598400 93
297675000 15
297606960 18
297271296 3
296352000 115
295245000 10
295034880 2
294912000 23
294055272 1
294000000 20
293932800 196
293601280 2
292626432 16
291721500 7
291600000 72
290424960 8
290304000 213
289340100 18
289013760 10
288120000 11
288054144 14
288000000 40
286978140 1
286720000 16
286654464 5
285768000 192
284497920 44
283500000 27
283435200 37
283115520 3
282357600 4
282240000 132
282175488 15
280985600 6
280052640 19
280000000 9
279936000 168
278691840 65
277830000 50
277766496 12
276595200 32
276480000 91
275562000 59
275251200 10
274400000 6
274337280 107
273375000 7
272273400 6
272160000 257
272097792 7
270950400 116
270112500 1
270050760 15
270000000 12
268912000 6
268800000 66
268738560 41
267907500 10
267846264 2
266716800 124
265720500 1
265531392 3
265420800 34
264600000 76
264539520 72
263424000 39
262549350 3
262500000 2
262440000 75
262144000 5
261382464 3
261273600 268
260406090 2
260112384 9
259308000 38
259200000 145
258155520 2
258048000 75
257250000 4
257191200 101
256901120 1
256048128 15
256000000 7
255150000 51
255091680 10
254121840 2
254016000 291
252887040 29
252047376 4
252000000 43
251942400 105
250880000 33
250822656 19
250047000 23
250000000 1
248935680 27
248832000 172
248062500 5
248005800 23
247726080 32
246960000 74
246903552 30
246037500 4
245862400 1
245760000 16
245046060 3
245000000 6
244944000 261
243855360 103
243101250 1
243045684 4
243000000 37
242020800 9
241920000 242
241864704 15
241116750 7
240844800 22
240100000 2
240045120 49
240000000 8
238878720 43
238140000 108
238085568 8
237081600 107
236250000 2
236196000 66
236027904 1
235929600 10
235298000 3
235200000 52
235146240 161
233377200 37
233280000 208
232339968 3
232243200 192
231525000 11
231472080 46
231211008 1
230592040 1
230496000 14
230400000 65
229635000 35
229582512 1
229376000 7
228709656 1
228614400 300
227598336 15
226894500 3
226800000 163
226748160 37
226492416 1
225886080 1
225792000 141
225042300 21
225000000 4
224042112 6
224000000 20
223948800 171
223256250 1
223205220 5
222953472 13
222264000 137
221276160 16
221184000 77
220541454 1
220500000 30
220449600 147
220200960 5
219520000 29
219469824 32
218791125 1
218700000 36
217818720 13
217728000 426
216760320 55
216090000 8
216040608 11
216000000 62
215129600 2
215040000 79
214990848 8
214375000 1
214326000 113
213373440 96
212625000 13
212576400 16
212336640 22
211768200 2
211680000 219
211631616 23
210739200 41
210039480 20
210000000 10
209952000 201
209715200 1
209018880 152
208372500 9
208324872 4
207446400 54
207360000 255
206671500 17
206524416 3
206438400 70
205885750 1
205800000 23
205752960 156
204800000 5
204205050 3
204120000 258
204073344 6
203297472 1
203212800 286
202538070 6
202500000 20
202309632 3
201684000 6
201600000 137
201553920 73
200930625 1
200704000 19
200037600 113
200000000 5
199148544 9
199065600 128
198450000 54
198404640 58
198180864 2
197568000 125
196875000 1
196830000 37
196608000 16
196036848 4
196000000 10
195955200 388
195084288 15
194481000 24
194400000 150
193616640 9
193536000 300
192893400 62
192675840 10
192080000 10
192036096 32
192000000 37
191362500 7
191318760 2
191102976 4
190512000 345
189665280 71
189035532 2
189000000 46
188956800 103
188743680 2
188238400 1
188160000 110
188116992 49
187535250 8
186701760 54
186624000 324
186004350 4
185794560 61
185220000 84
185177664 21
184396800 25
184320000 88
183784545 1
183750000 2
183708000 174
183500800 6
182891520 198
182250000 14
181515600 10
181440000 454
181398528 13
180633600 121
180075000 2
180033840 64
180000000 26
179200000 35
179159040 101
178605000 58
178564176 5
177811200 172
177147000 17
177020928 6
176947200 53
176400000 99
176359680 155
175616000 33
175032900 18
175000000 1
174960000 172
174254976 5
174182400 394
173643750 1
173604060 11
173408256 8
172872000 54
172800000 142
172226250 3
172186884 3
172032000 71
171532242 1
171500000 4
171460800 278
170698752 27
170100000 116
170061120 30
169869312 3
169414560 1
169344000 369
168781725 3
168750000 4
168591360 18
168070000 3
168031584 15
168000000 48
167961600 224
167215104 19
166698000 99
165957120 35
165888000 226
165375000 9
165337200 94
165150720 26
164640000 68
164602368 41
164025000 10
163840000 13
163364040 8
163296000 552
162570240 157
162067500 11
162030456 4
162000000 67
161347200 8
161280000 257
161243136 22
160744500 38
160563200 9
160030080 125
160000000 9
159468750 1
159432300 5
159252480 57
158826150 1
158760000 287
158723712 22
158054400 123
157529610 8
157500000 16
157464000 143
157286400 6
156800000 43
156764160 266
156279375 1
156243654 1
155584800 68
155520000 318
154893312 6
154828800 199
154350000 16
154314720 99
154140672 2
153664000 26
153600000 50
153090000 122
153055008 2
152409600 467
151732224 13
151263000 4
151200000 224
151165440 81
150994944 1
150528000 99
150028200 59
150000000 6
149361408 13
149299200 235
148837500 12
148803480 15
148635648 12
148176000 196
147622500 4
147517440 13
147456000 68
147027636 2
147000000 31
146966400 359
146800640 2
146313216 51
145860750 5
145800000 107
145212480 8
145152000 597
144670050 9
144506880 31
144060000 18
144027072 22
144000000 73
143360000 30
143327232 7
142884000 310
142248960 127
141776649 1
141750000 30
141717600 56
141557760 11
141178800 2
141120000 240
141087744 45
140492800 8
140026320 36
140000000 11
139968000 382
139345920 200
138915000 52
138883248 22
138297600 68
138240000 232
137812500 1
137781000 58
137682944 1
137625600 29
137200000 21
137168640 271
136136700 11
136080000 457
136048896 20
135531648 1
135475200 267
135025380 20
135000000 11
134873088 4
134456000 4
134400000 114
134369280 143
133953750 5
133358400 219
132860250 3
132765696 10
132710400 144
132300000 100
132269760 123
132120576 3
131712000 97
131274675 2
131220000 106
131072000 8
130691232 5
130636800 632
130203045 1
130056192 32
129654000 48
129600000 208
129077760 3
129024000 266
128625000 6
128595600 179
128450560 5
128024064 48
128000000 16
127575000 41
127545840 9
127401984 12
127060920 4
127008000 580
126443520 59
126052500 2
126023688 11
126000000 90
125971200 214
125829120 1
125440000 54
125411328 56
125023500 39
124467840 54
124416000 472
124031250 1
124002900 27
123863040 78
123531450 1
123480000 116
123451776 56
122931200 17
122880000 69
122523030 1
122500000 3
122472000 424
121927680 293
121522842 1
121500000 31
121010400 13
120960000 519
120932352 26
120422400 78
120050000 2
120022560 107
120000000 11
119439360 122
119070000 139
119042784 32
118540800 248
118125000 7
118098000 64
118013952 1
117964800 29
117600000 92
117573120 327
116688600 33
116640000 372
116169984 8
116121600 483
115762500 4
115736040 57
115605504 8
115248000 44
115200000 137
114817500 20
114791256 1
114688000 24
114354828 2
114307200 572
113799168 27
113447250 2
113400000 205
113374080 77
113246208 1
112943040 2
112896000 348
112521150 18
112500000 3
112394240 6
112021056 22
112000000 46
111974400 375
111628125 1
111602610 1
111476736 39
111132000 216
110638080 42
110592000 224
110270727 1
110250000 27
110224800 242
110100480 11
109760000 40
109734912 100
109350000 53
108909360 15
108864000 867
108380160 147
108045000 14
108020304 27
108000000 103
107564800 9
107520000 201
107495424 27
107163000 121
106686720 233
106312500 5
106288200 19
106168320 46
105884100 1
105840000 381
105815808 63
105369600 67
105019740 22
105000000 18
104976000 327
104857600 1
104509440 391
104186250 5
104162436 5
103723200 80
103680000 428
103335750 8
103262208 1
103219200 176
102900000 32
102876480 226
102760448 1
102400000 32
102102525 1
102060000 345
102036672 6
101648736 3
101606400 623
101269035 2
101250000 6
101154816 12
100842000 4
100800000 259
100776960 187
100663296 2
100352000 48
100018800 130
100000000 1
99574272 20
99532800 339
99225000 61
99202320 82
99090432 11
98825160 1
98784000 251
98437500 1
98415000 34
98344960 3
98304000 42
98018424 4
98000000 27
97977600 747
97542144 76
97240500 37
97200000 208
96808320 21
96768000 665
96446700 45
96337920 27
96040000 9
96018048 72
96000000 55
95681250 1
95659380 3
95551488 24
95256000 553
94832640 161
94517766 1
94500000 68
94478400 140
94371840 7
94119200 3
94080000 216
94058496 104
93767625 1
93350880 76
93312000 632
92897280 236
92610000 75
92588832 39
92198400 53
92160000 195
91875000 2
91854000 228
91750400 21
91445760 435
91125000 14
90757800 15
90720000 679
90699264 27
90354432 2
90316800 268
90037500 1
90016920 56
90000000 35
89915392 1
89600000 64
89579520 203
89302500 41
89282088 12
88942644 1
88905600 352
88573500 12
88510464 16
88473600 136
88200000 132
88179840 301
88080384 1
87808000 54
87516450 12
87500000 2
87480000 230
87127488 9
87091200 895
86802030 11
86704128 32
86436000 63
86400000 282
86051840 6
86016000 160
85750000 6
85730400 439
85349376 65
85050000 136
85030560 33
84934656 3
84707280 4
84672000 718
84375000 1
84295680 35
84035000 1
84015792 9
84000000 58
83980800 434
83607552 70
83349000 91
82978560 76
82944000 521
82687500 6
82668600 96
82575360 61
82320000 106
82301184 98
82012500 8
81920000 26
81682020 9
81648000 895
81285120 347
81033750 7
81015228 9
81000000 79
80673600 14
80640000 529
80621568 40
80372250 19
80281600 29
80015040 244
80000000 10
79716150 1
79626240 108
79380000 339
79361856 43
79027200 244
78764805 3
78750000 13
78732000 173
78675968 2
78643200 20
78400000 79
78382080 543
78121827 1
77792400 98
77760000 613
77446656 3
77414400 474
77175000 21
77157360 142
77070336 3
76832000 27
76800000 112
76545000 99
76527504 7
76204800 881
75866112 36
75631500 6
75600000 352
75582720 149
75497472 1
75295360 1
75264000 255
75014100 59
75000000 1
74680704 42
74649600 547
74418750 4
74401740 16
74317824 33
74088000 307
73811250 2
73758720 31
73728000 178
73500000 32
73483200 578
73400320 5
73156608 136
72930375 2
72900000 117
72606240 20
72576000 1206
72335025 4
72253440 117
72030000 21
72013536 54
72000000 77
71680000 75
71663616 34
71442000 340
71124480 262
70875000 23
70858800 76
70778880 38
70589400 3
70560000 449
70543872 123
70246400 39
70013160 36
70000000 16
69984000 616
69672960 413
69457500 32
69441624 17
69148800 91
69120000 472
68906250 1
68890500 40
68812800 70
68600000 27
68584320 459
68068350 4
68040000 627
68024448 25
67765824 2
67737600 693
67512690 10
67500000 16
67436544 6
67228000 5
67200000 211
67184640 276
66976875 1
66961566 2
66679200 322
66382848 25
66355200 316
66150000 99
66134880 189
66060288 9
65856000 183
65625000 1
65610000 107
65536000 20
65345616 13
65318400 1195
65028096 77
64827000 42
64800000 370
64538880 15
64512000 529
64312500 2
64297800 185
64225280 9
64012032 94
64000000 23
63787500 25
63772920 17
63700992 17
63530460 1
63504000 884
63221760 147
63011844 6
63000000 96
62985600 335
62914560 6
62720000 88
62705664 145
62511750 20
62233920 123
62208000 881
62001450 7
61931520 194
61740000 127
61725888 83
61465600 26
61440000 124
61250000 2
61236000 580
60963840 575
60761421 1
60750000 39
60505200 20
60480000 832
60466176 47
60236288 1
60211200 166
60025000 2
60011280 180
60000000 27
59719680 271
59535000 167
59521392 28
59295096 1
59270400 439
59062500 5
59049000 47
59006976 10
58982400 108
58824500 1
58800000 145
58786560 518
58720256 1
58344300 42
58320000 534
58084992 10
58060800 1042
57881250 2
57868020 46
57802752 17
57624000 62
57600000 228
57408750 16
57395628 1
57344000 58
57153600 840
56899584 93
56700000 256
56687040 99
56623104 5
56471520 1
56448000 645
56260575 3
56250000 2
56197120 16
56010528 43
56000000 40
55987200 707
55801305 1
55738368 112
55566000 223
55319040 75
55296000 451
55125000 25
55112400 279
55050240 30
54880000 54
54867456 149
54675000 34
54454680 15
54432000 1468
54190080 343
54022500 11
54010152 18
54000000 128
53782400 10
53760000 304
53747712 82
53581500 83
53343360 404
53156250 3
53144100 22
53084160 114
52920000 518
52907904 108
52684800 147
52509870 16
52500000 10
52488000 385
52428800 5
52254720 722
52093125 2
52081218 2
51861600 152
51840000 784
51667875 1
51631104 2
51609600 343
51450000 24
51438240 340
51200000 47
51030000 339
51018336 11
50803200 1128
50625000 4
50577408 28
50421000 6
50400000 414
50388480 303
50331648 1
50176000 107
50009400 161
50000000 2
49787136 56
49766400 669
49612500 35
49601160 65
49545216 25
49412580 1
49392000 337
49207500 21
49172480 19
49152000 89
49009212 3
49000000 29
48988800 1109
48771072 153
48620250 10
48600000 268
48404160 22
48384000 1225
48223350 27
48168960 61
48020000 12
48009024 99
48000000 87
47840625 2
47829690 4
47775744 55
47647845 2
47628000 665
47416320 318
47258883 2
47250000 65
47239200 186
47185920 30
47059600 2
47040000 306
47029248 200
46675440 84
46656000 999
46448640 521
46305000 68
46294416 54
46099200 78
46080000 354
45927000 206
45875200 36
45722880 757
45562500 2
45378900 13
45360000 967
45349632 50
45177216 1
45158400 559
45018750 1
45008460 54
45000000 19
44957696 1
44800000 120
44789760 426
44651250 13
44641044 6
44452800 511
44286750 7
44255232 21
44236800 352
44100000 150
44089920 443
44040192 6
43904000 93
43758225 4
43750000 2
43740000 270
43563744 17
43545600 1657
43401015 7
43352064 76
43218000 83
43200000 408
43025920 13
43008000 349
42875000 7
42865200 443
42674688 121
42525000 110
42515280 40
42467328 26
42353640 5
42336000 1047
42187500 2
42147840 74
42017500 1
42007896 23
42000000 91
41990400 695
41943040 3
41803776 191
41674500 78
41489280 133
41472000 952
41343750 1
41334300 78
41287680 134
41160000 126
41150592 175
41006250 3
40960000 47
40841010 5
40824000 1198
40642560 755
40507614 5
40500000 84
40336800 18
40320000 831
40310784 111
40186125 6
40140800 56
40007520 326
40000000 14
39858075 1
39813120 323
39690000 319
39680928 76
39530064 1
39513600 414
39375000 7
39366000 197
39337984 3
39321600 52
39200000 77
39191040 937
38896200 104
38880000 795
38723328 8
38707200 979
38587500 16
38578680 149
38535168 10
38416000 48
38400000 164
38281250 1
38272500 59
38263752 5
38102400 1235
37933056 90
37815750 3
37800000 390
37791360 221
37748736 4
37647680 2
37632000 412
37507050 30
37500000 2
37340352 53
37324800 1021
37200870 9
37158912 74
37044000 308
36905625 1
36879360 50
36864000 377
36756909 2
36750000 26
36741600 699
36700160 6
36578304 267
36450000 113
36303120 31
36288000 1861
36126720 284
36015000 14
36006768 63
36000000 145
35840000 136
35831808 111
35721000 290
35562240 486
35437500 14
35429400 58
35389440 115
35294700 4
35280000 534
35271936 197
35123200 59
35006580 44
35000000 14
34992000 880
34836480 953
34728750 11
34720812 17
34574400 173
34560000 752
34445250 14
34420736 4
34406400 188
34300000 24
34292160 631
34034175 4
34020000 667
34012224 30
33882912 6
33868800 1094
33756345 4
33750000 20
33718272 14
33614000 6
33600000 261
33592320 501
33339600 344
33191424 46
33177600 654
33075000 86
33067440 185
33030144 18
32928000 250
32805000 81
32768000 34
32672808 13
32659200 1899
32514048 182
32413500 26
32400000 422
32269440 20
32256000 980
32156250 1
32148900 123
32112640 29
32006016 144
32000000 48
31893750 3
31886460 6
31850496 49
31765230 3
31752000 1117
31610880 244
31505922 4
31500000 104
31492800 404
31457280 8
31360000 146
31352832 312
31255875 2
31250000 1
31116960 153
31104000 1350
31000725 4
30965760 385
30870000 123
30862944 116
30732800 40
30720000 228
30618000 529
30481920 1041
30375000 27
30252600 24
30240000 1157
30233088 87
30105600 347
30012500 2
30005640 167
30000000 33
29859840 557
29767500 83
29760696 13
29647548 1
29635200 625
29531250 1
29524500 29
29503488 15
29491200 196
29400000 147
29393280 743
29172150 19
29160000 592
29042496 22
29030400 1780
28934010 26
28901376 53
28812000 65
28800000 334
28704375 2
28697814 1
28672000 124
28576800 897
28449792 147
28350000 240
28343520 124
28311552 11
28235760 5
28224000 973
28125000 3
28098560 33
28005264 39
28000000 56
27993600 1201
27869184 203
27783000 181
27659520 141
27648000 867
27562500 10
27556200 227
27525120 52
27440000 53
27433728 313
27337500 18
27227340 15
27216000 1865
27095040 706
27011250 10
27005076 26
27000000 139
26891200 9
26880000 520
26873856 144
26790750 35
26671680 491
26572050 5
26542080 282
26460000 526
26453952 134
26353376 1
26342400 250
26254935 4
26250000 15
26244000 454
26214400 13
26127360 1302
26040609 2
25930800 150
25920000 1085
25815552 5
25804800 703
25725000 25
25719120 317
25690112 5
25600000 65
25515000 243
25509168 13
25401600 1643
25312500 2
25288704 52
25210500 5
25200000 443
25194240 443
25165824 3
25088000 140
25004700 123
25000000 5
24893568 72
24883200 1267
24806250 5
24800580 50
24772608 73
24696000 392
24603750 2
24586240 19
24576000 195
24504606 3
24500000 22
24494400 1347
24385536 306
24310125 3
24300000 247
24202080 30
24192000 1878
24111675 3
24084480 120
24010000 7
24004512 104
24000000 110
23914845 1
23887872 141
23814000 683
23708160 470
23625000 36
23619600 192
23592960 60
23529800 1
23520000 407
23514624 329
23337720 91
23328000 1340
23224320 943
23152500 50
23147208 52
23049600 103
23040000 607
22963500 119
22937600 68
22861440 1067
22781250 4
22689450 10
22680000 1023
22674816 83
22588608 2
22579200 960
22509375 1
22504230 29
22500000 29
22478848 2
22400000 170
22394880 726
22325625 5
22320522 4
22226400 566
22143375 1
22127616 41
22118400 546
22050000 142
22044960 438
22020096 6
21952000 120
21870000 242
21781872 19
21772800 2489
21676032 128
21609000 56
21600000 548
21512960 7
21504000 567
21437500 2
21432600 395
21337344 194
21262500 40
21257640 37
21233664 54
21176820 2
21168000 1259
21073920 130
21008750 1
21003948 14
21000000 84
20995200 864
20971520 1
20901888 370
20837250 43
20744640 167
20736000 1476
20671875 1
20667150 33
20643840 246
20580000 120
20575296 244
20480000 89
20412000 1163
20321280 1120
20253807 3
20250000 71
20168400 16
20160000 1180
20155392 159
20070400 124
20003760 316
20000000 18
19906560 560
19845000 220
19840464 65
19756800 538
19687500 5
19683000 119
19668992 4
19660800 90
19600000 72
19595520 1329
19448100 68
19440000 981
19361664 14
19353600 1729
19293750 10
19289340 91
19267584 24
19208000 40
19200000 242
19136250 20
19131876 7
19059138 1
19051200 1555
18966528 148
18907875 1
18900000 378
18895680 280
18874368 9
18823840 2
18816000 592
18753525 1
18750000 3
18670176 58
18662400 1538
18600435 2
18579456 185
18522000 329
18439680 73
18432000 617
18375000 18
18370800 645
18350080 16
18289152 426
18225000 70
18151560 26
18144000 2378
18063360 479
18007500 7
18003384 52
18000000 134
17920000 199
17915904 186
17860500 175
17781120 644
17718750 4
17714700 39
17694720 228
17640000 630
17635968 258
17561600 100
17503290 21
17500000 20
17496000 917
17418240 1604
17364375 3
17360406 8
17287200 139
17280000 1113
17222625 1
17210368 1
17203200 386
17150000 19
17146080 678
17010000 562
17006112 32
16941456 4
16934400 1631
16875000 8
16859136 31
16807000 5
16800000 354
16796160 770
16777216 1
16669800 309
16595712 74
16588800 1237
16537500 38
16533720 175
16515072 50
16464000 277
16402500 49
16384000 68
16336404 10
16329600 2275
16257024 311
16206750 20
16200000 427
16134720 30
16128000 1584
16074450 55
16056320 40
16003008 185
16000000 43
15943230 2
15925248 128
15876000 1055
15805440 354
15750000 74
15746400 428
15728640 30
15680000 172
15676416 462
15558480 159
15552000 1793
15482880 799
15435000 100
15431472 98
15366400 51
15360000 365
15312500 1
15309000 416
15240960 1445
15187500 12
15126300 11
15120000 1301
15116544 107
15052800 461
15002820 106
15000000 26
14929920 910
14883750 28
14880348 16
14817600 698
14762250 11
14751744 16
14745600 386
14700000 132
14696640 935
14680064 5
14586075 5
14580000 528
14521248 24
14515200 2781
14467005 6
14450688 84
14406000 58
14400000 513
14336000 187
14288400 819
14224896 209
14175000 141
14171760 111
14155776 35
14117880 5
14112000 1253
14049280 56
14002632 35
14000000 44
13996800 1406
13934592 392
13891500 109
13829760 154
13824000 1351
13781250 2
13778100 139
13762560 128
13720000 64
13716864 375
13668750 2
13613670 4
13608000 1960
13547520 1024
13505625 1
13502538 8
13500000 107
13445600 13
13440000 659
13436928 219
13395375 9
13335840 544
13286025 2
13271040 532
13230000 422
13226976 140
13171200 359
13125000 9
13122000 362
13107200 20
13063680 1869
12965400 104
12960000 1278
12907776 11
12902400 1132
12862500 11
12859560 272
12845056 7
12800000 79
12757500 127
12754584 7
12706092 1
12700800 1937
12644352 83
12605250 4
12600000 445
12597120 544
12582912 9
12544000 226
12502350 62
12500000 2
12446784 81
12441600 1861
12403125 2
12400290 20
12386304 145
12348000 433
12301875 1
12293120 33
12288000 319
12252303 1
12250000 18
12247200 1389
12192768 488
12150000 187
12101040 29
12096000 2465
12042240 202
12005000 7
12002256 128
12000000 122
11943936 226
11907000 442
11854080 670
11812500 22
11809800 137
11796480 134
11764900 1
11760000 410
11757312 435
11668860 70
11664000 1523
11612160 1600
11576250 13
11573604 24
11524800 119
11520000 770
11481750 48
11468800 98
11430720 1194
11344725 1
11340000 979
11337408 86
11294304 4
11289600 1291
11252115 9
11250000 18
11239424 9
11200000 174
11197440 1065
11160261 1
11113200 526
11063808 54
11059200 999
11025000 85
11022480 468
11010048 21
10976000 138
10935000 138
10890936 14
10886400 2993
10838016 212
10804500 39
10800000 526
10756480 16
10752000 819
10718750 1
10716300 210
10668672 285
10631250 14
10628820 29
10616832 94
10584000 1375
10536960 197
10501974 16
10500000 77
10497600 940
10485760 4
10450944 541
10418625 9
10372320 197
10368000 2090
10333575 4
10321920 442
10290000 89
10287648 246
10240000 109
10206000 966
10160640 1542
10125000 25
10084200 13
10080000 1234
10077696 233
10035200 163
10001880 249
10000000 13
9953280 1000
9922500 123
9920232 41
9878400 687
9843750 3
9841500 74
9834496 5
9830400 170
9800000 86
9797760 1550
9724050 21
9720000 908
9680832 17
9676800 2378
9646875 1
9644670 41
9633792 30
9604000 24
9600000 303
9568125 3
9565938 2
9529569 1
9525600 1480
9483264 212
9450000 285
9447840 263
9437184 26
9411920 1
9408000 736
9335088 66
9331200 2046
9289728 336
9261000 207
9219840 109
9216000 961
9187500 8
9185400 418
9175040 33
9144576 497
9112500 42
9075780 12
9072000 2557
9031680 722
9003750 4
9001692 40
9000000 119
8960000 267
8957952 317
8930250 77
8890560 692
8857350 22
8847360 418
8820000 518
8817984 296
8780800 150
8751645 4
8750000 10
8748000 784
8709120 2220
8680203 4
8643600 138
8640000 1278
8601600 533
8575000 15
8573040 628
8505000 328
8503056 23
8470728 5
8467200 2019
8437500 2
8429568 38
8403500 3
8400000 339
8398080 922
8388608 2
8334900 178
8297856 74
8294400 1934
8268750 14
8266860 111
8257536 84
8232000 280
8201250 10
8192000 100
8168202 3
8164800 2222
8128512 491
8103375 2
8100000 365
8067360 17
8064000 1951
8037225 12
8028160 59
8001504 193
8000000 42
7971615 1
7962624 237
7938000 830
7902720 473
7875000 41
7873200 369
7864320 48
7840000 202
7838208 617
7812500 1
7779240 109
7776000 2171
7741440 1215
7717500 54
7715736 103
7683200 57
7680000 466
7656250 1
7654500 191
7620480 1681
7593750 2
7563150 7
7560000 1292
7558272 168
7529536 2
7526400 672
7503125 1
7501410 50
7500000 13
7464960 1343
7441875 3
7440174 4
7408800 649
7381125 1
7375872 23
7372800 641
7350000 120
7348320 903
7340032 2
7290000 390
7260624 16
7257600 3324
7225344 161
7203000 42
7200000 495
7168000 220
7144200 576
7112448 310
7087500 68
7085880 61
7077888 59
7058940 4
7056000 1307
7024640 60
7001316 30
7000000 56
6998400 1609
6967296 580
6945750 45
6914880 190
6912000 1840
6890625 1
6889050 47
6881280 226
6860000 69
6858432 424
6834375 2
6806835 3
6804000 1732
6773760 1320
6751269 6
6750000 70
6722800 8
6720000 696
6718464 321
6667920 452
6635520 859
6615000 235
6613488 119
6585600 387
6561000 241
6553600 53
6531840 2279
6482700 65
6480000 1228
6453888 9
6451200 1602
6431250 3
6429780 178
6422528 13
6400000 110
6378750 31
6377292 7
6353046 4
6350400 2047
6322176 135
6302625 1
6300000 349
6298560 560
6291456 8
6272000 306
6251175 10
6250000 1
6223392 82
6220800 2509
6200145 1
6193152 266
6174000 266
6146560 38
6144000 448
6125000 10
6123600 1042
6096384 637
6075000 90
6050520 24
6048000 2815
6021120 342
6002500 6
6001128 93
6000000 81
5971968 358
5953500 228
5927040 751
5906250 1
5904900 68
5898240 222
5882450 1
5880000 390
5878656 467
5834430 33
5832000 1441
5806080 2199
5788125 2
5786802 18
5762400 116
5760000 1090
5740875 9
5734400 168
5715360 1112
5670000 760
5668704 76
5647152 1
5644800 1595
5625000 7
5619712 16
5600000 168
5598720 1411
5556600 308
5531904 72
5529600 1502
5512500 33
5511240 312
5505024 41
5488000 145
5467500 61
5445468 7
5443200 3365
5419008 349
5402250 14
5400000 446
5378240 9
5376000 1040
5358150 79
5334336 311
5314410 14
5308416 164
5294205 1
5292000 1221
5268480 267
5250000 55
5248800 787
5242880 8
5225472 767
5186160 164
5184000 2333
5160960 735
5145000 58
5143824 213
5120000 150
5103000 576
5080320 1866
5062500 8
5042100 15
5040000 1200
5038848 286
5017600 226
5000940 179
5000000 11
4976640 1404
4961250 43
4960116 26
4939200 635
4920750 17
4917248 13
4915200 267
4900000 52
4898880 1562
4862025 1
4860000 738
4840416 19
4838400 3128
4822335 6
4816896 68
4802000 27
4800000 338
4762800 1108
4741632 248
4725000 170
4723920 202
4718592 29
4705960 1
4704000 829
4667544 44
4665600 2349
4644864 520
4630500 116
4609920 118
4608000 1229
4593750 4
4592700 246
4587520 58
4572288 586
4556250 6
4537890 10
4536000 2423
4515840 868
4500846 21
4500000 81
4480000 280
4478976 447
4465125 10
4445280 618
4428675 2
4423680 635
4410000 357
4408992 259
4390400 139
4375000 3
4374000 553
4354560 2701
4321800 94
4320000 1378
4302592 4
4300800 788
4287500 6
4286520 469
4252500 183
4251528 15
4235364 2
4233600 2190
4214784 60
4201750 1
4200000 301
4199040 993
4194304 4
4167450 70
4148928 67
4147200 2442
4134375 1
4133430 36
4128768 141
4116000 262
4096000 132
4084101 2
4082400 1981
4064256 596
4050000 212
4033680 16
4032000 2171
4014080 85
4000752 169
4000000 61
3981312 307
3969000 558
3951360 547
3937500 19
3936600 220
3932160 91
3920000 194
3919104 718
3889620 65
3888000 2104
3870720 1690
3858750 19
3857868 55
3841600 44
3840000 564
3827250 55
3810240 1610
3796875 1
3781575 2
3780000 994
3779136 149
3764768 1
3763200 831
3750705 10
3750000 11
3732480 1789
3720087 1
3704400 527
3687936 46
3686400 878
3675000 55
3674160 721
3670016 8
3645000 199
3630312 16
3628800 3794
3612672 217
3601500 19
3600000 473
3584000 342
3572100 279
3556224 348
3543750 19
3542940 41
3538944 121
3528000 1121
3512320 75
3500658 13
3500000 38
3499200 1395
3483648 840
3472875 8
3457440 160
3456000 2146
3444525 13
3440640 304
3430000 52
3429216 389
3402000 1271
3386880 1680
3375000 36
3361400 7
3360000 805
3359232 430
3333960 324
3317760 1248
3307500 112
3306744 88
3292800 425
3281250 1
3280500 104
3276800 60
3265920 2322
3241350 30
3240000 1083
3226944 12
3225600 2010
3214890 79
3211264 19
3200000 105
3189375 7
3188646 3
3175200 1624
3161088 174
3150000 246
3149280 472
3145728 11
3136000 326
3111696 71
3110400 2826
3096576 400
3087000 175
3073280 35
3072000 601
3062500 4
3061800 680
3048192 697
3037500 42
3025260 15
3024000 2576
3010560 464
3001250 1
3000564 56
3000000 96
2985984 458
2976750 78
2963520 699
2952450 26
2949120 349
2940000 276
2939328 483
2917215 12
2916000 1110
2903040 2647
2893401 3
2881200 82
2880000 1079
2867200 218
2857680 883
2835000 387
2834352 46
2823576 3
2822400 1690
2812500 2
2809856 12
2800000 142
2799360 1472
2778300 207
2765952 79
2764800 1966
2756250 11
2755620 141
2752512 63
2744000 124
2733750 21
2722734 6
2721600 2978
2709504 493
2701125 1
2700000 321
2689120 11
2688000 1198
2679075 19
2667168 252
2657205 3
2654208 262
2646000 840
2634240 318
2625000 23
2624400 593
2621440 27
2612736 963
2593080 112
2592000 2343
2580480 1027
2572500 22
2571912 127
2560000 163
2551500 261
2540160 1847
2531250 2
2521050 6
2520000 997
2519424 264
2508800 282
2500470 73
2500000 6
2488320 1849
2480625 3
2480058 11
2469600 539
2460375 6
2458624 12
2457600 334
2450000 41
2449440 1304
2430000 471
2420208 7
2419200 3311
2408448 107
2401000 18
2400000 299
2381400 748
2370816 295
2362500 64
2361960 122
2359296 50
2352000 753
2333772 15
2332800 2204
2322432 717
2315250 44
2304960 98
2304000 1486
2296350 83
2293760 79
2286144 544
2268945 3
2268000 1875
2257920 1128
2250423 3
2250000 66
2240000 288
2239488 555
2222640 496
2211840 907
2205000 233
2204496 221
2195200 141
2187500 4
2187000 350
2177280 2842
2160900 64
2160000 1209
2151296 4
2150400 994
2143750 5
2143260 224
2126250 40
2125764 12
2117682 1
2116800 1896
2107392 78
2100875 1
2100000 245
2099520 814
2097152 7
2083725 16
2074464 71
2073600 2831
2066715 7
2064384 223
2058000 151
2048000 163
2041200 1397
2032128 715
2025000 87
2016840 11
2016000 2171
2007040 124
2000376 104
2000000 37
1990656 437
1984500 279
1975680 542
1968750 4
1968300 110
1966080 147
1960000 150
1959552 763
1944810 30
1944000 1765
1935360 2063
1929375 3
1928934 28
1920800 45
1920000 607
1913625 15
1905120 1356
1890000 626
1889568 137
1882384 1
1881600 881
1875000 2
1866240 1903
1852200 329
1843968 48
1843200 1176
1837500 20
1837080 413
1835008 15
1822500 99
1815156 5
1814400 3581
1806336 296
1800750 9
1800000 338
1792000 371
1786050 130
1778112 297
1771875 3
1771470 12
1769472 190
1764000 854
1756160 87
1750329 3
1750000 15
1749600 1108
1741824 988
1728720 104
1728000 2307
1720320 453
1715000 28
1714608 299
1701000 732
1693440 1705
1687500 14
1680700 2
1680000 645
1679616 418
1666980 158
1658880 1609
1653750 37
1653372 42
1646400 331
1640250 34
1638400 97
1632960 2064
1620675 3
1620000 798
1613472 6
1612800 2269
1607445 16
1605632 31
1600000 122
1587600 1162
1580544 196
1575000 114
1574640 335
1572864 18
1568000 235
1555848 61
1555200 2763
1548288 528
1543500 98
1536640 40
1536000 666
1531250 1
1530900 319
1524096 720
1518750 7
1512000 2220
1505280 478
1500282 23
1500000 58
1492992 636
1488375 18
1481760 552
1476225 4
1474560 495
1470000 207
1469664 381
1458000 677
1451520 2806
1440600 44
1440000 995
1433600 267
1428840 527
1417500 151
1417176 39
1411788 3
1411200 1591
1406250 1
1404928 21
1400000 102
1399680 1353
1389150 74
1382976 54
1382400 2178
1378125 1
1377810 55
1376256 91
1372000 88
1366875 2
1361367 1
1360800 2197
1354752 546
1350000 184
1344560 8
1344000 1214
1333584 179
1327104 366
1323000 485
1317120 289
1312500 13
1312200 316
1310720 31
1306368 1004
1296540 63
1296000 2084
1290240 1297
1286250 11
1285956 72
1280000 188
1275750 102
1270080 1654
1265625 1
1260000 723
1259712 226
1254400 292
1250235 10
1250000 4
1244160 1969
1240029 5
1234800 373
1229312 11
1228800 498
1225000 21
1224720 887
1215000 251
1210104 8
1209600 3322
1204224 105
1200500 8
1200000 236
1190700 305
1185408 301
1181250 19
1180980 77
1179648 77
1176000 598
1166886 15
1166400 1825
1161216 880
1157625 7
1152480 72
1152000 1537
1148175 17
1146880 107
1143072 448
1134000 1217
1128960 1170
1125000 24
1120000 266
1119744 573
1111320 276
1105920 1108
1102500 88
1102248 123
1097600 137
1093500 132
1088640 2637
1080450 18
1080000 928
1075648 2
1075200 1113
1071630 78
1063125 5
1062882 1
1058841 1
1058400 1381
1053696 97
1050000 99
1049760 664
1048576 7
1037232 47
1036800 2784
1032192 249
1029000 93
1024000 199
1020600 782
1016064 713
1012500 43
1008420 12
1008000 1849
1003520 128
1000188 48
1000000 30
995328 537
992250 74
987840 501
984375 1
984150 34
983040 191
980000 94
979776 642
972405 9
972000 1244
967680 2297
964467 7
960400 25
960000 552
952560 963
945000 358
944784 90
940800 835
937500 1
933120 1817
926100 134
921984 35
921600 1350
918750 4
918540 232
917504 23
911250 34
907578 2
907200 2836
903168 365
900000 213
896000 341
893025 18
889056 256
885735 3
884736 262
882000 586
878080 94
875000 6
874800 703
870912 1064
864360 76
864000 1966
860160 548
857500 11
857304 167
850500 301
846720 1561
843750 2
840000 540
839808 364
833490 60
829440 1852
826875 5
826686 18
823200 264
820125 1
819200 128
816480 1578
810000 422
806736 5
806400 2268
802816 27
800000 100
793800 622
790272 210
787500 57
787320 168
786432 30
784000 222
777924 17
777600 2438
774144 624
771750 16
768320 31
768000 721
765450 92
762048 641
759375 4
756315 2
756000 1534
752640 591
750141 2
750000 29
746496 634
740880 336
737280 591
735000 101
734832 289
729000 379
725760 2742
720300 22
720000 783
716800 295
714420 227
708750 43
708588 20
705600 1190
702464 27
700000 69
699840 1081
694575 17
691488 61
691200 2275
688905 12
688128 105
686000 47
680400 1388
677376 575
675000 85
672000 1020
666792 128
663552 454
661500 183
658560 252
656250 4
656100 138
655360 49
653184 872
648270 30
648000 1574
645120 1416
643125 1
642978 27
640000 188
637875 12
635040 1206
630000 421
629856 172
627200 255
625000 1
622080 2007
617400 205
614656 17
614400 554
612500 8
612360 475
607500 85
605052 10
604800 2866
602112 153
600250 5
600000 191
595350 106
592704 236
590625 2
590490 18
589824 124
588000 455
583443 3
583200 1316
580608 974
576240 48
576000 1463
573440 137
571536 315
567000 570
564480 1081
562500 11
560000 219
559872 585
555660 154
552960 1256
551250 20
551124 60
548800 112
546750 41
544320 2063
540225 4
540000 635
537824 2
537600 1090
535815 15
531441 2
529200 879
526848 85
525000 45
524880 454
524288 3
518616 35
518400 2532
516096 369
514500 24
512000 210
510300 330
508032 635
506250 13
504210 4
504000 1380
501760 170
500094 17
500000 17
497664 629
496125 11
493920 349
492075 2
491520 235
490000 56
489888 494
486000 691
483840 2252
480200 25
480000 454
476280 509
472500 126
472392 50
470400 727
468750 1
466560 1504
463050 51
460992 32
460800 1357
459375 1
459270 60
458752 21
453600 1916
451584 362
450000 122
448000 326
444528 154
442368 271
441000 258
439040 83
437400 393
435456 967
432180 26
432000 1564
430080 583
428750 3
428652 71
425250 81
423360 1266
420000 317
419904 326
416745 10
414720 1874
413343 2
411600 167
409600 152
408240 957
405000 195
403368 4
403200 1985
401408 30
400000 63
396900 271
395136 166
393750 9
393660 77
393216 50
392000 185
388962 9
388800 1785
387072 683
385875 5
384160 21
384000 744
382725 12
381024 443
378000 861
376320 520
375000 9
373248 672
370440 182
368640 697
367500 42
367416 153
364500 133
362880 2330
360150 4
360000 558
358400 309
357210 69
354375 5
354294 4
352800 785
351232 16
350000 26
349920 789
345744 45
345600 2144
344064 131
343000 17
340200 742
338688 528
337500 38
336140 1
336000 796
333396 57
331776 492
330750 43
329280 196
328050 34
327680 50
326592 694
324135 3
324000 1079
322560 1370
321489 6
320000 137
317520 742
315000 209
314928 96
313600 219
312500 2
311040 1758
308700 86
307328 8
307200 586
306250 2
306180 230
303750 30
302400 2049
301056 169
300000 90
297675 9
296352 166
295245 4
294912 128
294000 243
291600 740
290304 895
288120 26
288000 1222
286720 169
285768 181
283500 225
282240 927
281250 1
280000 150
279936 445
277830 39
276480 1361
275625 2
275562 25
274400 72
273375 2
272160 1366
270000 363
268800 981
264600 405
263424 80
262500 23
262440 204
262144 11
259308 15
259200 1935
258048 385
257250 9
256000 197
255150 104
254016 490
252105 1
252000 858
250880 145
250047 9
250000 6
248832 655
246960 195
245760 283
245000 28
244944 319
243000 320
241920 1826
240100 1
240000 330
238140 222
236250 44
236196 18
235200 496
233280 1115
231525 5
230496 25
230400 1296
229635 6
229376 31
226800 1150
225792 333
225000 48
224000 255
222264 76
221184 362
220500 111
219520 74
218750 1
218700 129
217728 901
216090 12
216000 1172
215040 571
214375 1
214326 22
212625 7
211680 829
210000 168
209952 206
207360 1671
205800 84
204800 130
204120 515
202500 79
201684 2
201600 1563
200704 45
200000 44
198450 83
197568 103
196875 1
196830 18
196608 46
196000 107
194481 3
194400 1113
193536 675
192080 13
192000 580
190512 279
189000 441
188160 428
187500 2
186624 560
185220 95
184320 753
183750 12
183708 64
182250 50
181440 1739
180075 2
180000 359
179200 246
178605 5
177147 2
176400 455
175616 20
175000 20
174960 460
172872 25
172800 1726
172032 130
171500 13
170100 286
169344 450
168750 8
168070 1
168000 569
166698 23
165888 534
165375 9
164640 123
164025 8
163840 65
163296 424
162000 518
161280 1284
160000 110
158760 369
157500 72
157464 63
156800 150
155520 1473
154350 24
153664 13
153600 587
153090 71
151875 2
151200 1291
150528 158
150000 46
148176 96
147456 217
147000 105
145800 291
145152 758
144060 13
144000 853
143360 135
142884 91
141750 72
141120 600
140625 1
140000 76
139968 368
138915 10
138240 1253
137781 4
137200 33
136080 791
135000 134
134456 1
134400 817
132300 152
131712 70
131250 6
131220 87
131072 15
129654 10
129600 1455
129024 380
128000 172
127575 19
127008 366
126000 459
125440 109
125000 7
124416 559
123480 97
122880 287
122500 9
122472 158
121500 118
120960 1533
120050 2
120000 206
119070 68
118125 2
118098 7
117600 318
116640 723
115248 14
115200 1129
114688 26
113400 562
112896 274
112500 26
112000 163
111132 33
110592 363
110250 33
109760 60
109350 36
108864 574
108045 1
108000 671
107520 540
107163 6
105840 440
105000 84
104976 108
103680 1251
102900 24
102400 138
102060 193
101250 11
100842 1
100800 1041
100352 34
100000 20
99225 13
98784 82
98415 6
98304 56
98000 58
97200 590
96768 566
96040 7
96000 464
95256 134
94500 146
94080 354
93750 2
93312 441
92610 23
92160 673
91875 1
91854 17
91125 4
90720 1061
90000 163
89600 215
88200 218
87808 16
87500 6
87480 194
86436 11
86400 1220
86016 160
85750 6
85050 75
84672 306
84375 1
84000 331
83349 5
82944 473
82320 67
81920 68
81648 267
81000 227
80640 982
80000 75
79380 151
78750 12
78732 23
78400 99
77760 911
77175 4
76832 6
76800 493
76545 13
75600 665
75264 123
75000 23
74088 41
73728 157
73500 38
72900 114
72576 571
72030 5
72000 537
71680 134
71442 25
70875 7
70560 390
70000 45
69984 204
69120 1046
68600 14
68040 371
67500 40
67200 554
66150 47
65856 53
65610 20
65536 14
64827 5
64800 780
64512 344
64000 127
63504 182
63000 220
62720 85
62500 1
62208 472
61740 45
61440 280
61250 4
61236 71
60750 20
60480 951
60000 132
59535 16
59049 2
58800 159
58320 348
57624 5
57600 881
57344 30
56700 195
56448 236
56250 2
56000 116
55566 8
55296 310
55125 4
54880 27
54675 5
54432 339
54000 316
53760 433
52920 207
52500 18
52488 53
51840 981
51450 6
51200 99
51030 42
50625 4
50400 595
50176 32
50000 7
49392 46
49152 64
49000 21
48600 259
48384 403
48020 8
48000 312
47628 54
47250 26
47040 236
46656 294
46305 4
46080 585
45927 3
45360 546
45000 80
44800 174
44100 74
43904 8
43740 78
43218 2
43200 771
43008 120
42525 4
42336 187
42000 164
41472 444
41160 31
40960 59
40824 109
40500 69
40320 688
40000 39
39690 35
39375 2
39366 4
39200 68
38880 517
38416 3
38400 399
37800 299
37632 87
37500 11
37044 20
36864 147
36750 15
36450 26
36288 380
36015 1
36000 284
35840 115
35721 5
35280 228
35000 13
34992 109
34560 777
34300 7
34020 148
33750 11
33600 353
33075 12
32928 24
32805 4
32768 12
32400 399
32256 246
32000 74
31752 95
31500 71
31360 58
31104 322
30870 5
30720 233
30618 11
30375 3
30240 575
30000 57
29400 76
29160 163
28812 6
28800 568
28672 35
28350 50
28224 134
28000 64
27648 286
27440 14
27216 180
27000 146
26880 325
26460 86
26250 5
26244 30
25920 610
25725 1
25600 79
25515 10
25200 318
25088 38
25000 3
24696 17
24576 70
24500 10
24300 72
24192 323
24010 1
24000 181
23814 15
23625 5
23520 105
23328 179
23040 429
22680 244
22500 23
22400 100
22050 15
21952 13
21870 14
21600 412
21504 108
21168 110
21000 60
20736 332
20580 15
20480 47
20412 56
20250 21
20160 428
20000 29
19845 4
19600 26
19440 259
19208 2
19200 248
18900 102
18816 69
18522 6
18432 128
18375 3
18225 3
18144 203
18000 148
17920 93
17640 99
17500 7
17496 50
17280 537
17010 32
16875 2
16800 187
16464 17
16384 11
16200 183
16128 187
16000 69
15876 30
15750 14
15680 39
15552 210
15435 3
15360 196
15120 282
15000 22
14700 29
14580 52
14400 326
14336 18
14175 3
14112 67
14000 34
13824 223
13720 6
13608 81
13500 55
13440 207
13230 24
13122 5
12960 310
12800 73
12600 109
12544 13
12348 7
12288 70
12250 2
12150 20
12096 206
12000 100
11907 2
11760 65
11664 83
11520 343
11340 76
11250 2
11200 71
11025 1
10976 5
10935 3
10800 173
10752 88
10584 42
10500 24
10368 190
10290 2
10240 29
10206 15
10125 2
10080 231
10000 7
9800 15
9720 106
9604 2
9600 181
9450 32
9408 54
9261 2
9216 113
9072 100
9000 62
8960 56
8820 26
8750 1
8748 15
8640 284
8505 3
8400 97
8232 4
8192 10
8100 47
8064 141
8000 33
7938 8
7875 1
7840 24
7776 97
7680 155
7560 119
7500 4
7350 6
7290 11
7200 179
7168 13
7056 42
7000 8
6912 148
6860 4
6804 23
6750 5
6720 122
6615 2
6480 154
6400 34
6300 28
6272 11
6250 1
6174 2
6144 43
6075 4
6048 120
6000 44
5880 37
5832 32
5760 208
5670 15
5600 35
5488 3
5400 76
5376 51
5292 14
5250 4
5184 97
5145 1
5120 26
5103 3
5040 111
5000 3
4900 3
4860 42
4800 86
4725 3
4704 24
4608 74
4536 60
4500 19
4480 31
4410 4
4374 4
4320 176
4200 24
4096 8
4050 17
4032 89
4000 16
3969 2
3920 8
3888 47
3840 105
3780 41
3645 1
3600 78
3584 20
3528 19
3500 1
3456 87
3402 4
3375 1
3360 70
3240 61
3200 23
3150 11
3136 8
3072 26
3024 43
3000 16
2940 8
2916 12
2880 106
2835 2
2800 22
2700 26
2688 33
2646 8
2625 1
2592 61
2560 28
2520 42
2450 2
2430 8
2400 58
2352 11
2304 59
2268 14
2240 19
2205 1
2160 76
2100 11
2058 1
2048 9
2016 37
2000 6
1960 3
1944 19
1920 58
1890 5
1800 23
1792 12
1764 3
1728 58
1701 1
1680 22
1620 22
1600 15
1568 5
1536 16
1512 20
1500 5
1470 1
1458 2
1440 54
1400 7
1372 1
1350 12
1344 14
1296 25
1280 17
1260 13
1215 1
1200 19
1176 3
1152 37
1134 6
1120 8
1080 27
1050 1
1024 8
1008 19
1000 1
980 3
972 6
960 40
945 1
900 6
896 5
882 1
864 22
840 9
810 2
800 8
784 1
768 14
756 3
750 1
729 1
720 18
700 2
675 1
672 6
648 9
640 4
600 6
588 3
576 18
567 1
560 2
540 7
504 9
486 1
480 13
450 2
448 1
432 4
420 1
405 1
400 3
384 12
378 2
360 5
350 1
336 4
324 3
320 7
300 3
288 7
270 1
256 3
252 1
240 6
225 1
224 5
216 2
200 1
192 3
180 3
168 2
162 1
160 2
150 2
144 1
120 1
112 2
108 2
96 2
90 2
72 1
60 1
54 1
50 1
40 1
36 1
