4199040000 1
4082400000 2
3674160000 1
3645000000 1
3584000000 1
3402000000 1
3359232000 1
3348078300 1
3317760000 2
3225600000 1
3175200000 1
3149280000 2
3024000000 1
2985984000 1
2949120000 1
2939328000 2
2916000000 2
2903040000 2
2834352000 1
2799360000 2
2778300000 1
2764800000 1
2755620000 3
2700000000 1
2645395200 1
2592000000 2
2580480000 2
2540160000 1
2520000000 1
2519424000 3
2500470000 1
2488320000 1
2480058000 1
2469600000 1
2449440000 1
2419200000 2
2381400000 1
2352000000 1
2351462400 2
2314720800 1
2304000000 1
2286144000 2
2268000000 2
2257920000 1
2239488000 2
2232052200 1
2222640000 2
2211840000 2
2205000000 1
2204496000 1
2177280000 8
2150400000 1
2149908480 1
2143260000 2
2125764000 1
2116316160 1
2099520000 5
2090188800 2
2073600000 3
2066715000 1
2064384000 2
2057529600 2
2040733440 1
2032128000 1
2016000000 2
2015539200 3
2007040000 1
2000376000 2
1984500000 1
1984046400 2
1975680000 2
1968300000 2
1959552000 5
1944000000 1
1935360000 3
1928934000 1
1920800000 1
1905120000 4
1890000000 1
1889568000 3
1881600000 1
1866240000 6
1852200000 1
1851776640 1
1837080000 4
1828915200 5
1814400000 5
1800338400 2
1800000000 1
1786050000 2
1785641760 2
1778112000 4
1764000000 2
1763596800 4
1756160000 2
1749600000 2
1741824000 3
1736040600 1
1728000000 2
1720320000 2
1714608000 6
1701000000 2
1700611200 2
1693440000 4
1680000000 2
1679616000 9
1666980000 3
1658880000 3
1638400000 2
1632960000 13
1625702400 5
1620000000 2
1612800000 4
1612431360 3
1607445000 1
1600300800 1
1592524800 1
1587600000 5
1587237120 1
1580544000 1
1574640000 2
1568000000 2
1567641600 1
1555200000 2
1548288000 4
1543147200 4
1536000000 1
1530900000 2
1524096000 12
1512000000 2
1511654400 2
1505280000 1
1492992000 2
1481760000 1
1474560000 2
1469664000 13
1463132160 4
1458000000 4
1451520000 15
1451188224 1
1446700500 1
1440000000 2
1433600000 1
1433272320 1
1428840000 8
1428513408 1
1422489600 2
1417176000 5
1411200000 6
1410877440 5
1406192886 1
1400263200 4
1399680000 10
1393459200 5
1389150000 3
1388832480 2
1382976000 1
1382400000 5
1372000000 1
1371686400 3
1360800000 8
1360488960 1
1354752000 6
1350253800 3
1344000000 4
1343692800 5
1333584000 4
1327104000 3
1323000000 1
1322697600 9
1317120000 2
1312200000 5
1310720000 1
1306368000 19
1302030450 1
1296000000 7
1290240000 4
1285956000 5
1280240640 2
1275750000 4
1275458400 2
1274019840 1
1270080000 10
1269789696 1
1264435200 2
1260000000 1
1259712000 14
1254400000 1
1254113280 2
1250235000 5
1244678400 2
1244160000 9
1240029000 2
1238630400 3
1234800000 3
1234517760 2
1228800000 1
1224720000 15
1224440064 1
1219276800 9
1215228420 1
1215000000 1
1210104000 1
1209600000 8
1209323520 3
1200225600 5
1194393600 3
1190700000 3
1190427840 1
1185408000 5
1180980000 4
1176000000 1
1175731200 17
1166886000 1
1166400000 8
1161216000 13
1157360400 6
1152480000 1
1152000000 5
1148175000 2
1143072000 20
1137991680 2
1134000000 6
1133740800 7
1128960000 18
1125211500 2
1120210560 2
1120000000 5
1119744000 14
1116026100 1
1114767360 2
1111320000 4
1106380800 3
1105920000 3
1102248000 15
1097349120 3
1093500000 2
1088640000 37
1088391168 1
1083801600 5
1080450000 1
1080203040 3
1080000000 4
1075200000 3
1074954240 2
1071630000 4
1066867200 9
1062882000 1
1061683200 3
1058400000 15
1058158080 4
1053696000 1
1050197400 2
1049760000 14
1045094400 14
1041624360 1
1037232000 2
1036800000 18
1032192000 7
1028764800 12
1024192512 1
1024000000 1
1020600000 14
1020366720 2
1016064000 23
1012690350 1
1008000000 5
1007769600 10
1004423490 1
1003520000 2
1003290624 1
1000188000 12
995742720 1
995328000 11
992250000 2
992023200 7
987840000 10
984150000 1
983040000 2
980184240 1
980000000 1
979776000 34
975421440 3
972405000 1
972182736 1
972000000 11
967680000 21
967458816 1
964467000 3
960400000 2
960180480 3
952560000 22
952342272 2
948326400 7
945000000 1
944784000 6
940800000 4
940584960 9
933508800 6
933120000 20
928972800 5
926100000 2
925888320 8
921984000 2
921600000 8
918540000 10
914457600 27
911250000 1
907200000 36
906992640 3
903168000 11
900169200 11
896000000 4
895795200 11
893025000 2
892820880 4
889056000 26
885735000 2
884736000 9
882165816 1
882000000 7
881798400 21
878080000 1
877879296 4
875164500 2
874800000 19
871274880 1
870912000 49
868020300 3
867041280 1
864162432 5
864000000 14
860160000 4
857304000 32
853493760 7
850500000 9
850305600 5
849346560 1
846720000 28
846526464 1
842956800 1
840157920 2
840000000 4
839808000 24
836075520 6
833490000 9
829785600 6
829440000 26
826686000 8
825753600 4
823200000 4
823011840 13
819200000 3
816820200 2
816480000 56
816293376 2
812851200 20
810152280 2
810000000 4
806400000 14
806215680 5
802816000 1
800150400 20
797161500 1
796594176 2
796262400 5
793800000 20
793618560 11
790272000 7
787648050 2
787500000 1
787320000 12
786759680 1
784000000 2
783820800 44
780337152 2
777924000 7
777600000 26
774466560 1
774144000 19
771750000 1
771573600 20
768320000 4
768000000 2
765450000 8
765275040 1
762048000 44
756000000 20
755827200 18
752953600 1
752640000 13
752467968 2
750141000 5
746807040 3
746496000 37
744017400 4
743178240 7
740880000 13
740710656 3
737587200 2
737280000 8
735138180 2
734832000 44
731566080 18
729000000 10
726062400 3
725760000 40
725594112 1
723350250 2
722534400 9
720135360 6
720000000 3
716800000 6
716636160 6
714420000 32
714256704 3
711244800 27
708750000 5
708588000 10
707788800 3
705600000 23
705438720 17
702464000 1
700131600 4
700000000 3
699840000 35
696729600 36
694575000 3
694416240 7
691488000 5
691200000 26
688905000 3
688128000 2
686000000 1
685843200 37
682795008 2
680400000 40
680244480 4
677376000 45
675126900 5
672280000 1
672000000 7
671846400 32
666792000 19
663828480 3
663552000 19
661624362 1
661500000 12
661348800 26
660602880 1
658560000 10
658409472 5
656100000 12
653184000 88
650280960 15
648270000 1
648121824 2
648000000 26
645388800 1
645120000 31
644972544 1
642978000 16
640120320 15
640000000 4
637729200 5
637009920 2
635304600 1
635040000 46
634894848 1
632217600 13
630118440 3
630000000 11
629856000 36
627200000 9
627056640 21
625117500 1
622339200 7
622080000 42
620014500 1
619315200 8
617400000 6
617258880 18
614656000 5
614400000 5
612360000 42
612220032 1
609638400 70
607614210 1
607500000 5
605052000 2
604800000 46
604661760 10
602112000 8
600112800 28
597445632 1
597196800 27
595350000 10
595213920 8
594542592 1
592704000 37
590490000 3
589824000 4
588110544 1
588000000 5
587865600 61
585252864 4
583443000 4
583200000 46
580849920 2
580608000 70
578680200 11
578027520 5
576240000 3
576108288 8
576000000 10
574087500 2
573956280 2
573440000 10
573308928 1
571774140 1
571536000 88
568995840 10
567000000 19
566870400 20
566231040 1
564715200 1
564480000 52
564350976 4
562605750 1
561971200 3
560105280 8
560000000 3
559872000 70
557383680 17
555660000 23
555532992 4
553190400 12
552960000 32
551124000 38
550502400 1
548800000 8
548674560 27
546750000 4
544546800 3
544320000 108
544195584 2
541900800 26
540101520 7
540000000 9
537824000 1
537600000 13
537477120 11
535815000 14
535692528 2
533433600 47
531441000 1
530841600 17
529200000 31
529079040 24
526848000 12
525098700 2
524880000 43
522764928 1
522547200 89
520812180 4
518616000 8
518400000 56
516096000 25
514500000 3
514382400 71
512096256 8
512000000 6
510300000 26
510183360 4
508243680 1
508032000 107
506250000 1
505774080 3
504094752 1
504000000 24
503884800 34
501760000 8
501645312 3
500094000 23
497871360 8
497664000 43
496125000 4
496011600 18
495452160 6
493920000 33
493807104 5
491724800 1
491520000 7
490092120 5
490000000 2
489888000 109
487710720 29
486091368 1
486000000 17
484041600 4
483840000 85
482233500 8
481689600 6
480200000 1
480090240 27
480000000 3
477757440 7
476280000 76
476171136 3
474163200 37
472588830 1
472500000 3
472392000 38
471859200 3
470596000 1
470400000 26
470292480 36
466754400 7
466560000 71
464486400 61
463050000 4
462944160 25
462422016 1
460992000 7
460800000 21
459270000 30
459165024 1
458752000 3
457419312 1
457228800 93
455196672 4
453789000 3
453600000 81
453496320 23
451584000 48
450084600 15
448084224 3
448000000 8
447897600 51
446512500 2
446410440 4
445906944 5
444528000 57
442867500 1
442552320 4
442368000 29
441000000 12
440899200 78
440401920 1
439040000 9
438939648 18
437400000 26
435637440 5
435456000 157
434010150 4
433520640 11
432180000 8
432081216 4
432000000 28
430259200 3
430080000 27
428652000 70
426746880 23
425250000 12
425152800 16
424673280 4
423536400 1
423360000 88
423263232 10
421478400 10
420078960 9
420000000 3
419904000 91
419430400 2
418037760 40
416745000 17
416649744 3
414892800 15
414720000 80
413343000 20
412876800 14
411600000 14
411505920 65
409600000 2
408410100 1
408240000 122
406425600 92
405076140 7
405000000 5
403368000 1
403200000 78
403107840 23
401408000 7
400075200 58
398297088 6
398131200 39
396900000 25
396809280 14
396361728 1
395300640 1
395136000 56
393750000 1
393660000 23
393379840 1
393216000 3
392000000 15
391910400 138
390168576 5
388962000 14
388800000 64
387233280 2
387072000 88
385875000 1
385786800 22
385351680 5
384160000 7
384072192 13
384000000 10
382725000 13
382637520 3
382205952 4
381024000 163
379330560 19
378000000 35
377913600 54
376476800 1
376320000 36
376233984 9
375070500 10
375000000 1
373403520 20
373248000 109
372008700 5
371589120 18
370440000 37
370355328 15
368793600 3
368640000 30
367569090 1
367500000 4
367416000 115
367001600 3
365783040 54
364500000 10
363031200 10
362880000 192
362797056 3
361267200 36
360150000 2
360067680 35
360000000 7
359661568 1
358400000 11
358318080 19
357210000 45
357128352 3
355622400 80
354375000 1
354294000 24
353894400 12
352947000 1
352800000 72
352719360 57
351232000 11
350065800 12
350000000 3
349920000 101
348509952 1
348364800 136
347287500 3
347208120 11
346816512 2
345744000 23
345600000 65
344452500 6
344207360 1
344064000 16
343064484 1
343000000 2
342921600 127
341397504 10
340200000 68
340122240 20
338688000 151
337563450 2
337182720 6
336140000 1
336063168 2
336000000 20
335923200 88
334430208 10
333396000 63
331914240 8
331776000 66
330812181 1
330750000 8
330674400 63
329280000 25
329204736 15
328050000 10
327680000 1
326728080 3
326592000 266
325140480 42
324135000 16
324060912 2
324000000 45
322694400 2
322560000 100
322486272 7
321489000 37
321126400 5
320060160 56
320000000 3
318937500 2
318864600 4
318504960 9
317520000 149
317447424 18
316108800 48
315059220 5
315000000 15
314928000 76
314572800 2
313600000 17
313528320 67
312558750 1
312487308 1
311169600 35
311040000 144
310007250 3
309786624 1
309657600 85
308700000 24
308629440 42
308281344 1
307328000 6
307200000 15
306307575 2
306250000 2
306180000 75
306110016 3
304946208 1
304819200 190
303807105 1
303750000 1
303464448 4
302526000 5
302400000 119
302330880 49
301327047 1
301056000 45
300056400 54
300000000 1
298722816 10
298598400 91
297675000 19
297606960 17
297271296 2
296352000 104
295245000 8
295034880 2
294912000 16
294122500 1
294055272 2
294000000 16
293932800 177
292626432 16
291721500 9
291600000 81
290424960 10
290304000 236
289340100 11
289013760 18
288120000 11
288054144 16
288000000 48
287043750 1
286720000 17
286654464 5
285768000 170
284497920 52
283553298 2
283500000 30
283435200 45
283115520 5
282240000 133
282175488 15
280985600 8
280052640 26
280000000 5
279936000 173
278691840 42
277830000 46
277766496 9
276595200 35
276480000 89
275625000 2
275562000 58
275251200 14
274400000 11
274337280 114
273375000 4
272273400 7
272160000 262
272097792 1
271063296 1
270950400 115
270112500 4
270050760 12
270000000 12
268912000 6
268800000 52
268738560 45
267907500 10
267846264 1
266716800 125
265420800 46
264600000 63
264539520 74
264241152 1
263533760 1
263424000 36
262549350 6
262500000 1
262440000 82
262144000 1
261382464 1
261273600 258
260406090 3
260112384 11
259308000 31
259200000 124
258155520 3
258048000 88
257250000 2
257191200 100
256901120 2
256048128 19
256000000 8
255150000 31
255091680 7
254121840 1
254016000 309
252887040 22
252105000 2
252047376 6
252000000 50
251942400 113
251658240 3
250880000 25
250822656 19
250047000 36
248935680 25
248832000 165
248062500 4
248005800 23
247726080 18
246960000 71
246903552 21
246037500 1
245862400 3
245760000 16
245046060 3
245000000 4
244944000 297
243855360 118
243101250 3
243045684 2
243000000 32
242020800 7
241920000 223
241864704 11
241116750 6
240945152 1
240844800 26
240100000 3
240045120 71
240000000 11
238878720 36
238140000 144
238085568 9
237081600 114
236294415 1
236250000 4
236196000 58
236027904 2
235929600 14
235298000 1
235200000 60
235146240 124
234365481 1
233377200 27
233280000 196
232339968 3
232243200 181
231525000 11
231472080 43
231211008 2
230496000 23
230400000 76
229635000 30
229376000 17
228614400 259
227812500 1
227598336 7
226894500 4
226800000 169
226748160 34
226492416 1
225886080 1
225792000 177
225042300 23
225000000 2
224788480 2
224042112 12
224000000 17
223948800 152
223256250 1
223205220 4
222953472 11
222264000 134
221433750 1
221276160 20
221184000 88
220541454 1
220500000 18
220449600 155
220200960 1
219520000 22
219469824 35
218700000 40
217818720 11
217728000 455
217005075 3
216760320 59
216090000 12
216040608 11
216000000 56
215129600 5
215040000 83
214990848 6
214326000 119
213373440 88
212625000 7
212576400 10
212336640 19
211768200 2
211680000 233
211631616 43
210739200 27
210039480 10
210000000 17
209952000 191
209715200 2
209018880 162
208372500 13
208324872 5
207446400 67
207360000 226
206671500 17
206524416 2
206438400 50
205800000 22
205752960 140
204800000 7
204205050 7
204120000 228
204073344 3
203212800 280
202538070 3
202500000 13
202309632 4
201684000 3
201600000 137
201553920 80
200884698 1
200704000 26
200037600 122
200000000 3
199148544 10
199065600 113
198450000 57
198404640 55
198180864 3
197650320 1
197568000 136
196875000 1
196830000 30
196689920 2
196608000 14
196036848 6
196000000 16
195955200 339
195084288 25
194481000 27
194400000 139
193616640 12
193536000 295
192937500 2
192893400 56
192675840 12
192080000 6
192036096 28
192000000 26
191362500 5
191318760 2
191102976 4
190591380 1
190512000 380
189665280 60
189035532 1
189000000 73
188956800 91
188743680 4
188238400 1
188160000 89
188116992 26
187535250 5
187500000 1
186701760 44
186624000 328
186004350 5
185794560 77
185220000 55
185177664 28
184396800 26
184320000 81
183784545 1
183750000 2
183708000 170
183500800 6
182891520 187
182250000 12
181515600 22
181440000 422
181398528 12
180708864 1
180633600 113
180075000 7
180033840 42
180000000 21
179200000 48
179159040 86
178605000 59
178564176 7
177811200 189
177187500 1
177147000 20
177020928 2
176947200 51
176473500 1
176400000 106
176359680 156
175616000 24
175032900 15
175000000 1
174960000 185
174254976 8
174182400 380
173643750 2
173604060 18
173408256 7
172872000 38
172800000 145
172226250 7
172186884 1
172103680 3
172032000 67
171500000 1
171460800 290
170698752 22
170170875 1
170100000 102
170061120 29
169869312 4
169414560 3
169344000 390
168781725 1
168750000 1
168591360 20
168031584 15
168000000 48
167961600 229
167215104 27
166698000 103
165957120 48
165888000 228
165375000 8
165337200 94
165150720 23
164640000 48
164602368 50
164025000 10
163840000 9
163364040 11
163296000 550
162570240 135
162067500 9
162030456 9
162000000 53
161347200 6
161280000 269
161243136 16
160744500 52
160563200 18
160030080 107
160000000 6
159468750 2
159432300 2
159252480 52
158760000 232
158723712 26
158054400 121
157529610 8
157500000 8
157464000 135
157286400 7
156800000 32
156764160 240
156243654 1
155584800 70
155520000 330
154893312 4
154828800 202
154350000 33
154314720 100
154140672 1
153664000 14
153600000 47
153125000 1
153090000 141
153055008 4
152409600 448
151875000 2
151732224 12
151263000 8
151200000 231
151165440 99
150528000 109
150062500 1
150028200 68
150000000 2
149361408 9
149299200 235
148837500 10
148803480 28
148635648 12
148237740 1
148176000 197
147517440 14
147456000 69
147027636 3
147000000 27
146966400 407
146800640 1
146313216 54
145860750 6
145800000 105
145212480 14
145152000 615
144670050 11
144506880 44
144060000 18
144027072 25
144000000 62
143360000 42
143327232 12
142884000 294
142248960 130
141776649 1
141750000 35
141717600 68
141557760 17
141120000 252
141087744 61
140492800 12
140026320 45
140000000 12
139968000 387
139345920 199
138915000 46
138883248 17
138297600 63
138240000 242
137812500 1
137781000 76
137625600 34
137200000 26
137168640 271
136687500 1
136136700 3
136080000 470
136048896 6
135475200 300
135056250 1
135025380 19
135000000 19
134873088 1
134456000 5
134400000 96
134369280 131
133953750 4
133923132 1
133358400 232
132860250 2
132765696 16
132710400 151
132300000 97
132269760 124
132120576 1
131712000 106
131250000 1
131220000 80
131072000 8
130691232 4
130636800 635
130056192 24
129654000 24
129600000 215
129077760 6
129024000 256
128625000 3
128595600 180
128450560 6
128024064 57
128000000 16
127575000 35
127545840 14
127401984 2
127060920 3
127008000 562
126562500 1
126443520 62
126052500 1
126023688 8
126000000 74
125971200 209
125829120 1
125440000 59
125411328 70
125023500 46
124467840 65
124416000 433
124031250 1
124002900 24
123863040 66
123480000 114
123451776 54
123018750 1
122931200 15
122880000 59
122523030 6
122500000 6
122472000 468
121927680 283
121522842 3
121500000 36
121010400 14
120960000 494
120932352 23
120472576 1
120422400 75
120050000 5
120022560 118
120000000 15
119439360 109
119070000 154
119042784 16
118590192 1
118540800 244
118125000 1
118098000 55
118013952 2
117964800 28
117600000 109
117573120 279
116688600 34
116640000 367
116169984 8
116121600 545
115762500 6
115736040 53
115605504 8
115248000 40
115200000 166
114817500 32
114791256 1
114688000 31
114307200 591
113799168 32
113447250 2
113400000 239
113374080 85
113246208 2
112943040 2
112896000 346
112521150 17
112500000 3
112394240 8
112021056 23
112000000 26
111974400 395
111602610 7
111476736 25
111132000 186
110638080 48
110592000 217
110250000 28
110224800 246
110100480 8
109760000 44
109734912 92
109350000 42
108909360 21
108864000 893
108380160 149
108045000 11
108020304 20
108000000 107
107564800 8
107520000 165
107495424 30
107163000 122
106686720 213
106312500 4
106288200 17
106168320 54
105884100 2
105840000 371
105815808 70
105369600 77
105019740 12
105000000 11
104976000 300
104857600 4
104509440 379
104186250 9
104162436 4
103723200 103
103680000 436
103335750 4
103262208 1
103219200 146
102900000 25
102876480 244
102760448 1
102400000 20
102102525 1
102060000 332
102036672 8
101648736 1
101606400 610
101269035 3
101250000 2
101154816 15
100842000 7
100800000 249
100776960 164
100352000 57
100018800 146
100000000 5
99574272 22
99532800 336
99225000 46
99202320 69
99090432 12
98784000 230
98415000 29
98344960 5
98304000 36
98018424 5
98000000 24
97977600 670
97542144 71
97240500 14
97200000 221
96808320 6
96768000 672
96446700 66
96337920 24
96040000 15
96018048 55
96000000 66
95681250 4
95659380 3
95551488 23
95295690 2
95256000 588
94832640 131
94517766 2
94500000 64
94478400 155
94371840 12
94119200 1
94080000 206
94058496 90
93767625 1
93350880 75
93312000 595
93002175 1
92897280 199
92610000 86
92588832 48
92198400 49
92160000 204
91854000 242
91750400 12
91445760 468
91125000 19
90757800 22
90720000 778
90699264 35
90316800 282
90037500 2
90016920 71
90000000 22
89915392 1
89600000 60
89579520 221
89302500 37
89282088 5
88905600 354
88573500 7
88510464 8
88473600 126
88200000 150
88179840 314
88080384 3
87808000 58
87516450 10
87480000 260
87127488 10
87091200 871
86802030 9
86704128 29
86436000 71
86400000 267
86051840 5
86016000 159
85750000 2
85730400 385
85349376 69
85050000 119
85030560 40
84934656 6
84707280 5
84672000 661
84375000 1
84295680 31
84035000 1
84015792 17
84000000 85
83980800 450
83886080 1
83607552 82
83349000 112
82978560 72
82944000 514
82687500 6
82668600 88
82575360 56
82320000 105
82301184 109
82012500 8
81920000 23
81682020 4
81648000 856
81285120 344
81033750 2
81015228 8
81000000 87
80673600 9
80640000 534
80621568 39
80372250 12
80281600 32
80015040 218
80000000 21
79716150 1
79626240 144
79413075 1
79380000 336
79361856 36
79027200 268
78750000 12
78732000 171
78643200 23
78400000 59
78382080 557
78121827 2
77792400 87
77760000 547
77446656 1
77414400 483
77175000 25
77157360 130
77070336 3
76832000 30
76800000 99
76545000 92
76527504 6
76236552 1
76204800 903
75937500 1
75866112 39
75631500 6
75600000 357
75582720 155
75264000 221
75031250 1
75014100 64
75000000 3
74680704 39
74649600 534
74418750 4
74401740 20
74317824 45
74088000 307
73811250 3
73758720 24
73728000 170
73500000 32
73483200 577
73400320 2
73156608 113
72930375 3
72900000 132
72606240 23
72576000 1191
72335025 3
72253440 127
72030000 24
72013536 46
72000000 127
71680000 67
71663616 42
71442000 317
71124480 271
70875000 29
70858800 66
70778880 47
70560000 404
70543872 105
70246400 36
70013160 41
70000000 15
69984000 618
69672960 477
69457500 30
69441624 24
69148800 100
69120000 437
68890500 47
68841472 2
68812800 100
68600000 30
68584320 493
68068350 3
68040000 663
68024448 22
67737600 636
67512690 10
67500000 12
67436544 12
67228000 11
67200000 213
67184640 301
66961566 2
66679200 308
66382848 24
66355200 348
66150000 91
66134880 162
66060288 8
65856000 176
65610000 116
65536000 19
65345616 4
65318400 1196
65028096 69
64827000 35
64800000 332
64538880 9
64512000 576
64312500 2
64297800 163
64225280 10
64012032 102
64000000 23
63787500 12
63772920 22
63700992 22
63530460 1
63504000 917
63221760 108
63011844 4
63000000 116
62985600 317
62914560 2
62720000 108
62705664 140
62511750 26
62233920 103
62208000 884
62001450 16
61931520 193
61740000 120
61725888 81
61465600 27
61440000 118
61250000 4
61236000 596
60963840 614
60761421 2
60750000 33
60505200 26
60480000 932
60466176 49
60236288 1
60211200 164
60025000 2
60011280 121
60000000 24
59719680 271
59535000 160
59521392 21
59295096 1
59270400 441
59062500 2
59049000 53
59006976 6
58982400 110
58824500 2
58800000 123
58786560 593
58344300 42
58320000 525
58084992 10
58060800 1061
57881250 3
57868020 39
57802752 20
57624000 56
57600000 244
57408750 12
57395628 1
57344000 65
57153600 807
56899584 80
56700000 243
56687040 97
56623104 7
56471520 4
56448000 650
56260575 4
56250000 1
56197120 17
56010528 31
56000000 51
55987200 765
55801305 1
55738368 98
55566000 218
55319040 59
55296000 484
55125000 21
55112400 270
55050240 19
54880000 51
54867456 209
54675000 33
54454680 13
54432000 1379
54190080 340
54022500 9
54010152 23
54000000 125
53782400 7
53760000 319
53747712 56
53581500 75
53343360 392
53156250 2
53144100 13
53084160 136
52942050 1
52920000 473
52907904 126
52684800 152
52509870 8
52500000 12
52488000 392
52428800 5
52254720 727
52081218 3
51861600 122
51840000 713
51667875 1
51631104 2
51609600 360
51450000 27
51438240 337
51380224 1
51200000 38
51030000 308
51018336 11
50824368 5
50803200 1127
50625000 4
50577408 31
50421000 11
50400000 388
50388480 344
50176000 113
50009400 154
50000000 1
49787136 55
49766400 705
49612500 29
49601160 68
49545216 35
49412580 1
49392000 332
49207500 19
49172480 12
49152000 93
49009212 6
49000000 28
48988800 1099
48771072 168
48620250 16
48600000 247
48404160 29
48384000 1250
48223350 31
48168960 70
48020000 23
48009024 101
48000000 66
47775744 58
47628000 681
47416320 292
47258883 1
47250000 50
47239200 185
47185920 28
47059600 1
47040000 315
47029248 214
46675440 105
46656000 997
46448640 532
46305000 77
46294416 38
46099200 85
46080000 401
45937500 1
45927000 199
45875200 33
45722880 727
45562500 8
45378900 9
45360000 1022
45349632 47
45177216 2
45158400 566
45018750 1
45008460 67
45000000 28
44957696 4
44800000 104
44789760 435
44651250 21
44641044 3
44452800 508
44286750 6
44255232 28
44236800 315
44100000 158
44089920 402
44040192 9
43904000 72
43758225 6
43750000 1
43740000 292
43563744 14
43545600 1670
43401015 2
43352064 75
43218000 63
43200000 403
43025920 7
43008000 355
42875000 1
42865200 436
42674688 140
42525000 93
42515280 44
42467328 20
42353640 2
42336000 1084
42187500 1
42147840 93
42017500 4
42007896 19
42000000 104
41990400 724
41943040 3
41803776 186
41674500 70
41489280 123
41472000 966
41343750 1
41334300 67
41287680 129
41160000 126
41150592 183
41006250 1
40960000 53
40841010 5
40824000 1145
40642560 718
40516875 1
40507614 3
40500000 88
40336800 19
40320000 758
40310784 92
40186125 3
40140800 59
40007520 284
40000000 13
39858075 1
39813120 313
39690000 308
39680928 61
39530064 1
39513600 398
39375000 7
39366000 162
39337984 4
39321600 46
39200000 77
39191040 851
38896200 81
38880000 844
38723328 6
38707200 961
38587500 17
38578680 154
38535168 10
38416000 29
38400000 153
38272500 71
38263752 6
38118276 4
38102400 1249
37933056 80
37815750 2
37800000 397
37791360 239
37748736 2
37647680 2
37632000 426
37507050 31
37500000 5
37340352 52
37324800 1031
37209375 1
37200870 12
37158912 109
37059435 1
37044000 337
36879360 49
36864000 370
36756909 2
36750000 22
36741600 693
36700160 9
36578304 263
36450000 108
36303120 25
36288000 1831
36126720 250
36015000 20
36006768 58
36000000 134
35840000 121
35831808 112
35721000 260
35562240 484
35437500 12
35429400 40
35389440 97
35294700 1
35280000 560
35271936 196
35123200 65
35006580 32
35000000 11
34992000 833
34836480 910
34728750 7
34720812 18
34574400 142
34560000 781
34445250 20
34420736 4
34406400 190
34300000 21
34292160 663
34020000 679
34012224 33
33882912 3
33868800 1162
33756345 2
33750000 22
33718272 10
33614000 5
33600000 278
33592320 517
33480783 1
33339600 383
33191424 51
33177600 734
33075000 68
33067440 203
33030144 17
32928000 242
32805000 81
32768000 40
32672808 9
32659200 1842
32514048 163
32413500 23
32400000 421
32269440 11
32256000 968
32148900 138
32112640 22
32006016 159
32000000 33
31893750 11
31886460 12
31850496 56
31765230 1
31752000 1160
31610880 219
31505922 1
31500000 83
31492800 480
31457280 17
31360000 139
31352832 263
31255875 4
31116960 143
31104000 1297
31000725 2
30965760 427
30870000 122
30862944 124
30732800 38
30720000 229
30625000 4
30618000 530
30481920 1005
30375000 22
30252600 23
30240000 1203
30233088 91
30118144 2
30105600 322
30012500 4
30005640 128
30000000 27
29859840 525
29767500 75
29760696 27
29647548 1
29635200 629
29524500 37
29503488 13
29491200 203
29400000 157
29393280 846
29360128 2
29172150 20
29160000 553
29042496 13
29030400 1806
28940625 1
28934010 17
28901376 54
28812000 61
28800000 376
28704375 1
28697814 1
28672000 126
28576800 934
28449792 125
28350000 222
28343520 106
28311552 14
28235760 3
28224000 919
28125000 2
28098560 28
28005264 38
28000000 50
27993600 1100
27869184 233
27783000 208
27659520 123
27648000 900
27562500 7
27556200 244
27525120 48
27440000 72
27433728 284
27337500 16
27227340 13
27216000 1885
27095040 620
27011250 2
27005076 20
27000000 138
26891200 7
26880000 485
26873856 156
26790750 33
26671680 472
26572050 5
26542080 293
26460000 513
26453952 149
26353376 2
26342400 271
26254935 7
26250000 14
26244000 464
26214400 10
26127360 1297
26040609 2
25930800 144
25920000 1055
25815552 6
25804800 738
25725000 23
25719120 369
25690112 3
25600000 69
25515000 209
25509168 10
25412184 4
25401600 1686
25312500 1
25288704 63
25210500 4
25200000 468
25194240 445
25088000 156
25004700 132
25000000 8
24893568 74
24883200 1193
24806250 13
24800580 43
24772608 80
24696000 407
24603750 7
24586240 27
24576000 183
24504606 4
24500000 24
24494400 1344
24385536 316
24310125 3
24300000 239
24202080 33
24192000 1824
24111675 5
24084480 130
24010000 15
24004512 128
24000000 88
23887872 99
23814000 661
23708160 489
23625000 41
23619600 163
23592960 75
23529800 1
23520000 416
23514624 316
23337720 80
23328000 1390
23224320 937
23152500 56
23147208 53
23049600 110
23040000 641
22963500 124
22937600 65
22861440 1047
22689450 5
22680000 1112
22674816 58
22588608 1
22579200 925
22504230 30
22500000 24
22478848 7
22400000 153
22394880 773
22325625 3
22320522 5
22226400 577
22127616 42
22118400 595
22050000 138
22044960 429
22020096 11
21952000 112
21875000 1
21870000 218
21781872 16
21772800 2394
21676032 145
21609000 62
21600000 519
21512960 9
21504000 498
21437500 2
21432600 414
21337344 227
21262500 39
21257640 36
21233664 51
21176820 4
21168000 1369
21073920 130
21003948 11
21000000 94
20995200 850
20971520 9
20901888 317
20837250 43
20744640 180
20736000 1504
20671875 1
20667150 32
20643840 282
20580000 127
20575296 265
20480000 85
20420505 3
20412000 1181
20321280 1126
20253807 1
20250000 54
20168400 25
20160000 1046
20155392 168
20070400 103
20003760 289
20000000 15
19906560 597
19845000 235
19840464 58
19756800 556
19687500 1
19683000 111
19668992 5
19660800 92
19600000 80
19595520 1332
19448100 69
19440000 978
19361664 14
19353600 1640
19293750 9
19289340 101
19267584 24
19208000 48
19200000 261
19136250 32
19131876 4
19051200 1525
18966528 160
18907875 1
18900000 337
18895680 265
18874368 8
18823840 2
18816000 638
18753525 9
18750000 2
18670176 62
18662400 1561
18600435 3
18579456 184
18522000 319
18439680 75
18432000 615
18375000 9
18370800 599
18350080 21
18289152 436
18225000 71
18151560 21
18144000 2505
18063360 445
18007500 9
18003384 51
18000000 126
17920000 183
17915904 203
17860500 184
17781120 634
17718750 7
17714700 34
17694720 220
17647350 1
17640000 566
17635968 247
17561600 100
17503290 24
17500000 15
17496000 902
17418240 1494
17364375 6
17360406 6
17287200 152
17280000 1051
17222625 6
17210368 3
17203200 390
17150000 22
17146080 722
17010000 542
17006112 41
16941456 3
16934400 1640
16875000 6
16859136 30
16807000 4
16800000 334
16796160 738
16777216 1
16669800 296
16595712 76
16588800 1247
16537500 34
16533720 143
16515072 48
16464000 294
16402500 38
16384000 63
16336404 9
16329600 2254
16257024 297
16206750 17
16200000 433
16134720 27
16128000 1493
16074450 69
16056320 45
16003008 192
16000000 41
15946875 2
15943230 5
15925248 133
15876000 1087
15805440 396
15752961 1
15750000 75
15746400 434
15728640 21
15680000 191
15676416 448
15625000 1
15558480 146
15552000 1828
15482880 782
15435000 94
15431472 117
15366400 46
15360000 345
15309000 392
15240960 1432
15187500 5
15126300 9
15120000 1387
15116544 130
15052800 517
15006250 2
15002820 126
15000000 28
14929920 976
14883750 27
14880348 13
14817600 731
14762250 9
14751744 17
14745600 383
14700000 164
14696640 914
14680064 1
14586075 7
14580000 523
14521248 19
14515200 2730
14467005 3
14450688 72
14406000 55
14400000 468
14336000 194
14288400 848
14224896 248
14175000 128
14171760 110
14155776 37
14117880 2
14112000 1182
14062500 1
14049280 44
14002632 32
14000000 44
13996800 1512
13934592 361
13891500 145
13829760 139
13824000 1363
13781250 1
13778100 146
13762560 139
13720000 68
13716864 378
13668750 6
13613670 8
13608000 1940
13547520 998
13505625 2
13502538 8
13500000 113
13445600 9
13440000 664
13436928 252
13395375 5
13335840 516
13286025 1
13271040 585
13230000 438
13226976 152
13171200 353
13125000 6
13122000 339
13107200 33
13063680 1869
12965400 107
12960000 1248
12907776 13
12902400 1166
12862500 8
12859560 274
12845056 3
12800000 89
12757500 131
12754584 11
12706092 4
12700800 1987
12644352 87
12605250 1
12600000 456
12597120 544
12582912 1
12544000 236
12502350 71
12446784 88
12441600 1921
12400290 27
12386304 138
12348000 372
12301875 1
12293120 32
12288000 294
12252303 1
12250000 13
12247200 1351
12192768 468
12150000 196
12101040 30
12096000 2317
12042240 215
12005000 11
12002256 113
12000000 109
11943936 195
11907000 463
11854080 694
11812500 15
11809800 145
11796480 127
11764900 2
11760000 397
11757312 441
11668860 62
11664000 1508
11612160 1561
11576250 22
11573604 37
11524800 103
11520000 887
11481750 45
11468800 114
11430720 1221
11344725 1
11340000 1031
11337408 77
11294304 1
11289600 1359
11252115 5
11250000 18
11239424 11
11200000 159
11197440 1108
11113200 507
11063808 46
11059200 988
11025000 82
11022480 425
11010048 17
10976000 138
10935000 163
10890936 15
10886400 3025
10838016 255
10804500 25
10800000 569
10756480 14
10752000 811
10716300 241
10668672 268
10631250 13
10628820 21
10616832 95
10588410 2
10584000 1353
10536960 207
10501974 11
10500000 85
10497600 920
10485760 10
10450944 518
10418625 2
10372320 199
10368000 2095
10333575 5
10321920 527
10290000 84
10287648 230
10240000 118
10206000 924
10160640 1605
10125000 33
10084200 10
10080000 1245
10077696 210
10035200 187
10001880 245
10000000 13
9953280 935
9922500 125
9920232 57
9878400 614
9843750 1
9841500 52
9834496 4
9830400 178
9800000 75
9797760 1585
9724050 34
9720000 910
9680832 16
9676800 2365
9646875 3
9644670 51
9633792 55
9604000 32
9600000 288
9568125 4
9565938 1
9525600 1480
9483264 216
9450000 287
9447840 265
9437184 23
9411920 3
9408000 779
9335088 77
9331200 2142
9289728 336
9261000 243
9219840 100
9216000 891
9187500 8
9185400 393
9175040 39
9144576 521
9112500 29
9075780 28
9072000 2680
9031680 700
9003750 5
9001692 41
9000000 131
8960000 266
8957952 307
8930250 58
8890560 659
8859375 1
8857350 20
8847360 407
8820000 501
8817984 285
8780800 138
8751645 6
8750000 12
8748000 820
8709120 2213
8680203 3
8643600 146
8640000 1304
8605184 8
8601600 545
8575000 16
8573040 645
8505000 367
8503056 26
8470728 5
8467200 2059
8437500 5
8429568 41
8403500 5
8400000 353
8398080 869
8388608 2
8334900 173
8297856 99
8294400 1786
8268750 11
8266860 92
8257536 101
8232000 292
8201250 14
8192000 100
8168202 3
8164800 2336
8128512 440
8103375 3
8100000 366
8067360 24
8064000 2011
8037225 12
8028160 56
8001504 210
8000000 52
7962624 195
7938000 884
7902720 492
7875000 52
7873200 345
7864320 67
7840000 211
7838208 630
7779240 115
7776000 2124
7741440 1215
7717500 49
7715736 98
7683200 69
7680000 473
7656250 1
7654500 220
7620480 1559
7563150 5
7560000 1363
7558272 135
7529536 2
7526400 670
7501410 52
7500000 18
7464960 1291
7441875 2
7440174 9
7408800 677
7375872 31
7372800 665
7350000 92
7348320 851
7340032 9
7290000 400
7260624 14
7257600 3522
7225344 136
7203000 50
7200000 458
7168000 279
7144200 619
7112448 277
7087500 52
7085880 75
7077888 67
7058940 4
7056000 1347
7024640 77
7001316 24
7000000 51
6998400 1596
6967296 616
6945750 48
6914880 173
6912000 1880
6890625 1
6889050 49
6881280 214
6860000 68
6858432 414
6806835 2
6804000 1793
6773760 1431
6751269 5
6750000 66
6722800 8
6720000 759
6718464 333
6667920 434
6635520 917
6615000 243
6613488 128
6585600 381
6562500 4
6561000 230
6553600 48
6531840 2294
6482700 65
6480000 1293
6453888 6
6451200 1732
6431250 5
6429780 184
6422528 9
6400000 93
6378750 35
6377292 3
6353046 4
6350400 2066
6322176 130
6300000 377
6298560 564
6291456 6
6272000 272
6251175 5
6250000 2
6223392 85
6220800 2519
6200145 2
6193152 242
6174000 318
6146560 33
6144000 446
6125000 6
6123600 1089
6096384 619
6075000 92
6050520 21
6048000 2762
6021120 336
6002500 2
6001128 79
6000000 99
5971968 348
5953500 249
5927040 713
5906250 5
5904900 80
5898240 220
5882450 2
5880000 430
5878656 502
5834430 28
5832000 1420
5806080 2186
5788125 6
5786802 12
5762400 111
5760000 1070
5740875 13
5734400 165
5715360 1106
5670000 729
5668704 78
5647152 1
5644800 1620
5625000 9
5619712 10
5600000 159
5598720 1488
5556600 369
5531904 91
5529600 1439
5512500 47
5511240 290
5505024 33
5488000 141
5467500 66
5445468 10
5443200 3260
5419008 405
5402250 14
5400000 437
5378240 13
5376000 987
5358150 89
5334336 290
5315625 2
5314410 10
5308416 162
5294205 3
5292000 1211
5268480 248
5250987 3
5250000 58
5248800 806
5242880 13
5225472 746
5186160 142
5184000 2302
5160960 752
5145000 60
5143824 201
5120000 148
5103000 579
5080320 1871
5062500 12
5042100 11
5040000 1259
5038848 245
5017600 207
5000940 145
5000000 10
4976640 1439
4961250 34
4960116 31
4939200 596
4920750 19
4917248 8
4915200 285
4900000 74
4898880 1513
4862025 7
4860000 784
4840416 16
4838400 3025
4822335 10
4816896 60
4802000 28
4800000 282
4762800 1137
4741632 265
4725000 155
4723920 213
4718592 40
4705960 2
4704000 754
4667544 50
4665600 2345
4644864 516
4630500 116
4609920 96
4608000 1165
4593750 2
4592700 258
4587520 56
4572288 618
4556250 11
4537890 6
4536000 2495
4515840 923
4500846 20
4500000 80
4480000 303
4478976 405
4465125 10
4445280 632
4428675 1
4423680 618
4410000 352
4408992 254
4390400 157
4375000 1
4374000 557
4354560 2721
4321800 113
4320000 1372
4302592 4
4300800 803
4287500 7
4286520 401
4252500 176
4251528 19
4235364 1
4233600 2068
4218750 3
4214784 71
4200000 275
4199040 952
4194304 3
4167450 75
4148928 84
4147200 2387
4134375 2
4133430 41
4128768 123
4116000 220
4100625 1
4096000 147
4084101 1
4082400 2025
4064256 639
4050000 192
4033680 18
4032000 2123
4014080 105
4000752 203
4000000 43
3981312 346
3969000 555
3951360 586
3937500 16
3936600 208
3932160 85
3920000 216
3919104 720
3889620 76
3888000 2130
3870720 1757
3858750 20
3857868 53
3841600 33
3840000 558
3827250 68
3810240 1665
3796875 2
3781575 1
3780000 1002
3779136 145
3763200 875
3750705 8
3750000 9
3732480 1672
3704400 558
3687936 28
3686400 867
3675000 71
3674160 693
3670016 8
3645000 192
3630312 20
3628800 3755
3612672 205
3601500 26
3600000 486
3584000 339
3572100 312
3556224 338
3543750 18
3542940 36
3538944 119
3528000 1146
3512320 81
3500658 9
3500000 41
3499200 1456
3483648 789
3472875 2
3457440 153
3456000 2077
3444525 13
3440640 322
3430000 36
3429216 365
3402000 1217
3386880 1618
3375000 30
3361400 4
3360000 814
3359232 456
3333960 327
3317760 1227
3307500 113
3306744 80
3292800 401
3280500 122
3276800 78
3265920 2255
3241350 30
3240000 1072
3226944 15
3225600 2150
3214890 82
3211264 30
3200000 106
3189375 5
3188646 2
3176523 2
3175200 1650
3161088 179
3150000 230
3149280 501
3145728 17
3136000 317
3111696 74
3110400 2881
3096576 386
3087000 204
3073280 42
3072000 600
3062500 2
3061800 656
3048192 744
3037500 42
3025260 12
3024000 2548
3010560 464
3001250 1
3000564 49
3000000 83
2985984 417
2976750 89
2963520 710
2953125 3
2952450 21
2949120 356
2941225 1
2940000 300
2939328 476
2917215 15
2916000 1091
2903040 2782
2893401 2
2881200 79
2880000 1053
2867200 193
2857680 817
2835000 426
2834352 60
2823576 5
2822400 1679
2809856 9
2800000 129
2799360 1432
2778300 194
2765952 70
2764800 1879
2756250 14
2755620 143
2752512 59
2744000 106
2733750 17
2722734 7
2721600 3012
2709504 461
2701125 3
2700000 309
2689120 7
2688000 1165
2679075 17
2667168 254
2657205 3
2654208 250
2646000 844
2634240 320
2625000 27
2624400 575
2621440 19
2612736 941
2593080 97
2592000 2441
2580480 1013
2572500 19
2571912 151
2560000 152
2551500 282
2540160 1861
2531250 3
2521050 7
2520000 1032
2519424 284
2508800 251
2500470 71
2500000 7
2488320 1835
2480625 10
2480058 9
2469600 539
2460375 6
2458624 15
2457600 377
2450000 36
2449440 1295
2430000 474
2420208 6
2419200 3460
2408448 99
2401000 23
2400000 285
2381400 726
2370816 292
2362500 79
2361960 121
2359296 67
2352980 1
2352000 731
2333772 26
2332800 2194
2322432 780
2315250 49
2304960 102
2304000 1437
2296350 73
2293760 86
2286144 574
2268945 1
2268000 1873
2257920 1171
2250423 2
2250000 47
2240000 300
2239488 520
2222640 450
2211840 893
2205000 212
2204496 190
2195200 147
2187500 1
2187000 321
2177280 2824
2160900 47
2160000 1172
2151296 7
2150400 975
2143750 3
2143260 203
2126250 38
2125764 14
2116800 1967
2109375 1
2107392 82
2100875 1
2100000 223
2099520 876
2097152 3
2083725 20
2074464 82
2073600 2862
2066715 7
2064384 220
2058000 148
2048000 160
2041200 1337
2032128 691
2025000 101
2016840 12
2016000 2151
2007040 129
2000376 118
2000000 35
1990656 459
1984500 249
1975680 564
1968750 2
1968300 86
1966080 152
1960000 146
1959552 737
1944810 27
1944000 1735
1935360 2097
1929375 3
1928934 29
1920800 44
1920000 566
1913625 7
1905120 1360
1890000 665
1889568 129
1881600 876
1875000 4
1866240 1845
1852200 309
1843968 45
1843200 1119
1837500 16
1837080 409
1835008 18
1822500 90
1815156 7
1814400 3527
1806336 281
1800750 11
1800000 369
1792000 357
1786050 134
1778112 298
1771470 20
1769472 190
1764000 881
1756160 78
1750329 4
1750000 19
1749600 1076
1741824 988
1728720 98
1728000 2204
1720320 430
1715000 21
1714608 260
1701000 700
1693440 1709
1687500 17
1680700 1
1680000 709
1679616 476
1666980 144
1658880 1598
1653750 22
1653372 35
1646400 323
1640250 22
1638400 85
1632960 2040
1620675 7
1620000 782
1613472 9
1612800 2352
1607445 9
1605632 26
1600000 102
1587600 1192
1580544 214
1575000 93
1574640 342
1572864 24
1568000 299
1555848 61
1555200 2862
1548288 515
1543500 90
1536640 32
1536000 734
1530900 342
1524096 689
1518750 15
1512630 1
1512000 2158
1505280 517
1500282 16
1500000 51
1492992 604
1488375 14
1481760 556
1476225 5
1474560 490
1470000 165
1469664 393
1458000 701
1451520 2943
1440600 43
1440000 1023
1433600 238
1428840 544
1417500 186
1417176 27
1411788 1
1411200 1466
1406250 1
1404928 25
1400000 105
1399680 1374
1389150 66
1382976 59
1382400 2179
1377810 41
1376256 96
1372000 84
1366875 2
1360800 2238
1354752 592
1350000 207
1344560 12
1344000 1127
1333584 163
1327104 376
1323000 459
1317120 289
1312500 19
1312200 279
1310720 35
1306368 934
1296540 72
1296000 2156
1290240 1267
1286250 14
1285956 66
1280000 168
1275750 82
1270080 1590
1260000 728
1259712 241
1254400 288
1250235 16
1250000 2
1244160 1915
1240029 5
1234800 368
1229312 13
1228800 492
1225000 26
1224720 949
1215000 270
1210104 5
1209600 3360
1204224 122
1200500 4
1200000 229
1190700 318
1185408 276
1181250 14
1180980 60
1179648 92
1176490 1
1176000 570
1166886 16
1166400 1775
1161216 872
1157625 2
1152480 72
1152000 1418
1148175 8
1146880 99
1143072 496
1134000 1196
1128960 1183
1125000 19
1120000 278
1119744 554
1111320 279
1105920 1158
1102500 66
1102248 136
1097600 138
1093500 117
1088640 2702
1080450 19
1080000 913
1075200 1091
1071630 76
1063125 9
1062882 5
1058400 1392
1053696 102
1050000 124
1049760 656
1048576 5
1037232 59
1036800 2944
1032192 287
1029000 80
1024000 208
1020600 761
1016064 717
1012500 33
1008420 5
1008000 1779
1003520 154
1000188 55
1000000 30
995328 567
992250 86
987840 482
984375 1
984150 33
983040 212
980000 127
979776 684
972405 5
972000 1216
967680 2323
964467 4
960400 27
960000 544
952560 980
945000 335
944784 76
940800 861
933120 1831
926100 161
921984 31
921600 1397
918750 11
918540 183
917504 17
911250 21
907578 5
907200 2800
903168 329
900000 219
896000 391
893025 8
889056 219
885735 2
884736 250
882000 543
878080 101
875000 8
874800 675
870912 1076
864360 60
864000 2013
860160 541
857500 8
857304 159
850500 307
846720 1524
840350 1
840000 498
839808 387
833490 68
829440 1765
826875 4
826686 21
823200 252
820125 4
819200 119
816480 1612
810000 453
806736 6
806400 2322
802816 31
800000 94
793800 601
790272 206
787500 42
787320 189
786432 37
784000 233
777924 23
777600 2406
774144 637
771750 24
768320 22
768000 697
765450 99
762048 578
759375 2
756315 1
756000 1592
752640 572
750141 3
750000 28
746496 675
740880 372
737280 633
735000 100
734832 293
729000 357
725760 2719
720300 19
720000 781
716800 300
714420 248
708750 34
708588 12
705894 2
705600 1195
702464 28
700000 53
699840 1144
694575 14
691488 46
691200 2240
688905 9
688128 117
686000 58
680400 1453
677376 574
675000 76
672280 5
672000 1040
666792 105
663552 450
661500 190
658560 284
656250 3
656100 172
655360 38
653184 860
648270 15
648000 1612
645120 1425
643125 1
642978 29
640000 158
637875 13
635040 1235
630000 461
629856 183
627200 286
625000 1
622080 2070
617400 214
614656 12
614400 554
612500 2
612360 502
607500 94
605052 7
604800 2746
602112 155
600250 2
600000 146
595350 97
592704 236
590625 3
590490 16
589824 138
588000 396
583443 3
583200 1178
580608 1025
576240 55
576000 1432
573440 148
571536 290
567000 598
564480 1136
562500 7
560000 199
559872 543
555660 126
552960 1340
551250 24
551124 62
548800 106
546750 34
544320 2112
540225 3
540000 597
537824 2
537600 1103
535815 8
531441 2
529200 848
526848 93
525000 63
524880 420
524288 5
518616 46
518400 2523
516096 330
514500 42
512000 178
510300 330
508032 651
506250 2
504210 3
504000 1374
501760 173
500094 21
500000 16
497664 632
496125 9
493920 335
492075 4
491520 246
490000 61
489888 445
486000 698
483840 2232
480200 12
480000 468
476280 460
472500 137
472392 42
470400 719
466560 1540
463050 52
460992 28
460800 1422
459270 63
458752 24
455625 2
453789 1
453600 1895
451584 369
450000 120
448000 326
444528 148
442368 283
441000 284
439040 98
437500 2
437400 345
435456 968
432180 28
432000 1602
430080 624
428750 2
428652 77
425250 65
423360 1252
420000 332
419904 338
416745 5
414720 1872
413343 3
411600 153
409600 134
408240 983
405000 223
403368 3
403200 1970
401408 28
400000 79
396900 285
395136 155
393750 7
393660 74
393216 43
392000 178
388962 10
388800 1815
387072 687
385875 1
384160 25
384000 726
382725 12
381024 439
378000 877
376320 518
375000 10
373248 635
370440 187
368640 723
367500 40
367416 166
364500 156
362880 2314
360150 10
360000 561
358400 335
357210 83
354375 5
354294 4
352800 853
351232 26
350000 35
349920 805
345744 37
345600 2138
344064 136
343000 26
340200 682
338688 511
337500 31
336140 1
336000 751
333396 58
331776 513
330750 51
329280 172
328125 1
328050 33
327680 66
326592 670
324135 7
324000 996
322560 1434
321489 5
320000 156
317520 766
315000 195
314928 108
313600 242
311040 1771
308700 98
307328 6
307200 594
306250 3
306180 212
303750 18
302526 1
302400 2005
301056 146
300000 96
297675 27
296352 184
295245 4
294912 138
294000 253
291600 718
290304 894
288120 32
288000 1167
286720 130
285768 169
283500 230
282240 907
280000 116
279936 438
277830 46
276480 1311
275625 5
275562 20
274400 73
273375 3
272160 1421
270000 312
268912 1
268800 977
264600 433
263424 102
262500 23
262440 215
262144 10
259308 16
259200 1935
258048 380
257250 11
256000 185
255150 73
254016 514
253125 2
252000 860
250880 139
250047 5
250000 8
248832 658
246960 202
245760 269
245000 29
244944 286
243000 323
241920 2059
240100 6
240000 352
238140 235
236250 33
236196 25
235200 513
233280 1157
231525 4
230496 25
230400 1277
229635 5
229376 30
226800 1085
225792 340
225000 57
224000 270
222264 108
221184 317
220500 105
219520 60
218750 1
218700 130
217728 800
216090 7
216000 1152
215040 612
214326 35
212625 6
211680 799
210000 159
209952 193
207360 1645
205800 80
204800 130
204120 440
202500 69
201684 4
201600 1523
200704 28
200000 47
198450 81
197568 118
196875 1
196830 30
196608 49
196000 112
194481 2
194400 1136
193536 637
192080 9
192000 584
190512 277
189000 431
188160 439
187500 7
186624 566
185220 77
184320 753
183750 6
183708 58
182250 30
181440 1702
180000 314
179200 257
178605 19
177147 1
176400 504
175616 26
175000 16
174960 426
172872 24
172800 1701
172032 130
171500 10
170100 262
169344 419
168750 11
168000 541
166698 16
165888 475
165375 8
164640 138
164025 4
163840 64
163296 444
162000 557
161280 1313
160000 114
158760 384
157500 71
157464 57
156800 178
155520 1378
154350 40
153664 1
153600 591
153090 71
151875 4
151200 1288
150528 154
150000 44
148176 96
147456 164
147000 104
145800 351
145152 786
144060 13
144000 857
143360 142
142884 72
141750 79
141120 676
140000 70
139968 325
138915 8
138240 1319
137781 2
137200 43
136080 815
135000 123
134400 755
132300 196
131712 66
131250 3
131220 89
131072 20
129654 5
129600 1351
129024 384
128625 2
128000 164
127575 12
127008 313
126000 480
125440 115
125000 2
124416 567
123480 111
122880 277
122500 5
122472 146
121500 108
120960 1517
120050 3
120000 245
119070 64
118125 5
118098 5
117600 304
116640 775
115248 8
115200 1154
114688 36
113400 525
112896 295
112500 12
112000 181
111132 40
110592 364
110250 33
109760 43
109350 31
108864 622
108000 630
107520 538
107163 2
105840 468
105000 95
104976 128
103680 1368
102900 29
102400 152
102060 182
101250 12
100842 1
100800 1065
100352 29
100000 14
99225 5
98784 81
98415 2
98304 55
98000 62
97200 619
96768 588
96040 6
96000 472
95256 132
94500 147
94080 333
93750 1
93312 425
92610 14
92160 704
91875 2
91854 25
91125 1
90720 1060
90000 146
89600 255
88200 198
87808 12
87500 3
87480 221
86436 9
86400 1299
86016 120
85750 2
85050 86
84672 314
84000 311
83349 4
82944 471
82320 70
81920 67
81648 275
81000 217
80640 999
80000 88
79380 173
78750 8
78732 19
78400 119
77760 936
77175 1
76832 2
76800 469
76545 7
75600 659
75264 112
75000 13
74088 50
73728 176
73500 41
72900 125
72576 514
72030 5
72000 529
71680 118
71442 16
70875 4
70560 417
70000 33
69984 199
69120 1012
68600 32
68040 386
67500 45
67200 564
66150 53
65856 49
65625 1
65610 27
65536 7
64800 794
64512 335
64000 146
63504 188
63000 195
62720 94
62500 1
62208 442
61740 36
61440 278
61250 3
61236 73
60750 29
60480 998
60000 130
59535 8
58800 174
58320 372
57624 9
57600 854
57344 26
56700 184
56448 219
56250 2
56000 123
55566 14
55296 301
55125 1
54880 36
54675 3
54432 350
54000 374
53760 440
52920 210
52500 24
52488 43
51840 944
51450 10
51200 120
51030 43
50625 1
50400 555
50176 26
50000 6
49392 40
49152 59
49000 32
48600 273
48384 426
48020 2
48000 326
47628 50
47250 40
47040 241
46656 277
46305 3
46080 601
45927 2
45360 559
45000 82
44800 184
44100 65
43904 12
43750 1
43740 59
43218 3
43200 794
43008 132
42525 7
42336 174
42000 142
41472 386
41160 31
40960 52
40824 124
40500 100
40320 676
40000 41
39690 47
39366 6
39200 74
38880 528
38416 6
38400 365
37800 296
37632 106
37500 6
37044 21
36864 203
36750 12
36450 25
36288 398
36015 3
36000 306
35840 110
35721 2
35280 215
35000 9
34992 112
34560 782
34300 6
34020 139
33750 11
33600 360
33075 7
32928 31
32805 1
32768 13
32400 375
32256 266
32000 91
31752 84
31500 78
31360 60
31104 317
30870 10
30720 229
30618 11
30375 4
30240 613
30000 63
29400 62
29160 147
28812 3
28800 592
28672 24
28350 47
28224 134
28000 74
27783 1
27648 282
27440 18
27216 217
27000 141
26880 308
26460 83
26250 5
26244 21
25920 643
25600 74
25515 9
25200 270
25088 21
25000 4
24696 18
24576 55
24500 12
24300 84
24192 331
24000 177
23814 15
23625 1
23520 138
23328 148
23040 475
22680 212
22500 24
22400 97
22050 23
21952 9
21870 20
21600 431
21504 113
21168 97
21000 64
20736 289
20580 16
20480 44
20412 45
20250 22
20160 428
20000 29
19845 4
19683 1
19600 36
19440 279
19200 266
18900 99
18816 71
18750 3
18522 3
18432 139
18375 1
18225 1
18144 218
18000 140
17920 80
17640 84
17500 3
17496 47
17280 562
17150 3
17010 36
16875 2
16800 200
16464 24
16384 9
16200 164
16128 201
16000 52
15876 37
15750 25
15680 34
15552 225
15435 1
15360 198
15309 1
15120 280
15000 27
14700 28
14580 49
14406 1
14400 336
14336 22
14175 6
14112 96
14000 25
13824 212
13720 5
13608 72
13500 28
13440 219
13230 20
13122 7
12960 389
12800 71
12600 126
12544 15
12500 2
12348 7
12288 52
12250 4
12150 19
12096 187
12000 95
11907 2
11760 69
11664 87
11520 306
11340 89
11250 6
11200 62
11025 6
10976 3
10935 5
10800 204
10752 82
10584 43
10500 19
10368 203
10290 3
10240 38
10206 15
10125 2
10080 232
10000 13
9800 10
9720 117
9600 166
9450 29
9408 49
9261 1
9216 82
9072 114
9000 52
8960 61
8820 22
8750 1
8748 14
8640 321
8575 1
8505 10
8400 92
8232 12
8192 10
8100 53
8064 133
8000 37
7938 14
7875 2
7840 20
7776 96
7680 149
7560 110
7500 6
7350 8
7290 11
7200 181
7168 11
7056 36
7000 10
6912 154
6860 2
6804 19
6750 8
6720 125
6615 9
6480 147
6400 47
6300 41
6272 7
6174 1
6144 45
6048 99
6000 39
5880 23
5832 35
5760 256
5670 10
5600 38
5488 1
5400 85
5376 60
5292 17
5250 4
5184 115
5120 32
5103 4
5040 111
5000 7
4900 3
4860 34
4800 102
4725 2
4704 23
4608 62
4536 46
4500 15
4480 37
4410 13
4374 4
4320 176
4200 31
4116 2
4096 10
4050 14
4032 74
4000 13
3969 2
3920 9
3888 44
3840 81
3780 29
3750 2
3675 1
3600 69
3584 7
3528 17
3500 1
3456 92
3430 1
3402 13
3375 1
3360 61
3240 67
3200 18
3150 8
3136 3
3072 35
3024 44
3000 17
2940 6
2916 12
2880 102
2835 2
2800 17
2744 1
2700 27
2688 41
2646 3
2592 55
2560 29
2520 52
2450 1
2430 8
2401 1
2400 28
2352 9
2304 61
2268 7
2250 4
2240 12
2205 1
2160 82
2100 7
2048 8
2025 1
2016 36
2000 5
1960 2
1944 15
1920 70
1890 6
1875 1
1800 35
1792 14
1764 4
1750 2
1728 39
1701 1
1680 28
1620 26
1600 13
1575 3
1568 6
1536 11
1512 12
1500 9
1470 2
1458 3
1440 51
1400 2
1350 4
1344 19
1296 22
1280 17
1260 17
1215 6
1200 11
1176 3
1152 29
1134 3
1120 8
1080 27
1050 1
1024 7
1008 24
1000 2
972 4
960 23
945 1
900 6
896 3
882 1
864 33
840 11
810 6
800 3
784 2
768 14
756 8
729 1
720 23
700 2
675 2
672 4
648 16
640 4
630 2
600 6
576 22
567 1
560 5
540 3
512 1
504 6
486 1
480 7
450 2
448 2
441 1
432 6
420 2
405 2
400 2
384 11
360 2
350 1
336 3
324 5
320 2
300 1
288 8
280 1
270 1
252 2
240 1
224 3
216 3
210 1
200 1
192 4
180 1
168 1
160 4
144 5
135 1
120 2
108 3
96 3
84 2
80 1
72 2
64 2
24 2
