3078 1
3062 2
3051 1
3047 1
3046 1
3041 2
3038 3
3035 1
3033 2
3031 2
3030 1
3028 3
3027 1
3024 1
3023 1
3022 1
3021 1
3019 2
3017 1
3016 1
3015 4
3014 2
3013 2
3012 2
3011 1
3010 3
3009 4
3008 1
3007 2
3006 2
3005 5
3003 3
3002 3
3000 4
2999 9
2998 7
2997 6
2996 1
2995 8
2994 6
2993 4
2992 5
2991 6
2990 2
2989 6
2988 6
2987 5
2986 3
2985 7
2984 3
2983 10
2982 7
2981 6
2980 12
2979 15
2978 21
2977 7
2976 8
2975 13
2974 22
2973 17
2972 19
2971 12
2970 14
2969 24
2968 11
2967 27
2966 25
2965 23
2964 17
2963 25
2962 22
2961 29
2960 22
2959 36
2958 36
2957 46
2956 35
2955 43
2954 44
2953 47
2952 39
2951 49
2950 55
2949 43
2948 55
2947 54
2946 65
2945 64
2944 84
2943 75
2942 70
2941 89
2940 67
2939 83
2938 83
2937 83
2936 76
2935 106
2934 90
2933 102
2932 101
2931 122
2930 127
2929 120
2928 131
2927 129
2926 154
2925 131
2924 152
2923 174
2922 170
2921 174
2920 185
2919 190
2918 196
2917 239
2916 211
2915 243
2914 218
2913 259
2912 252
2911 268
2910 290
2909 295
2908 290
2907 302
2906 333
2905 337
2904 349
2903 344
2902 395
2901 370
2900 373
2899 411
2898 472
2897 451
2896 468
2895 490
2894 483
2893 547
2892 583
2891 571
2890 593
2889 583
2888 604
2887 630
2886 651
2885 685
2884 670
2883 714
2882 739
2881 776
2880 826
2879 816
2878 815
2877 850
2876 903
2875 969
2874 958
2873 1000
2872 960
2871 1054
2870 1091
2869 1119
2868 1178
2867 1186
2866 1215
2865 1273
2864 1282
2863 1326
2862 1303
2861 1371
2860 1437
2859 1419
2858 1496
2857 1598
2856 1590
2855 1704
2854 1665
2853 1741
2852 1809
2851 1815
2850 1869
2849 1917
2848 1949
2847 1968
2846 1988
2845 2088
2844 2149
2843 2121
2842 2344
2841 2223
2840 2336
2839 2409
2838 2486
2837 2430
2836 2489
2835 2585
2834 2614
2833 2655
2832 2740
2831 2713
2830 2910
2829 2843
2828 3028
2827 3024
2826 3101
2825 3194
2824 3214
2823 3195
2822 3324
2821 3352
2820 3346
2819 3557
2818 3597
2817 3612
2816 3616
2815 3662
2814 3798
2813 3783
2812 3798
2811 3833
2810 3923
2809 4156
2808 4063
2807 4227
2806 4237
2805 4379
2804 4477
2803 4549
2802 4469
2801 4348
2800 4510
2799 4672
2798 4777
2797 4674
2796 4799
2795 4853
2794 4866
2793 5039
2792 4900
2791 5042
2790 5071
2789 5160
2788 5279
2787 5175
2786 5349
2785 5282
2784 5372
2783 5337
2782 5437
2781 5513
2780 5648
2779 5640
2778 5692
2777 5692
2776 5893
2775 5851
2774 5718
2773 5964
2772 5701
2771 5780
2770 5999
2769 5851
2768 5866
2767 6049
2766 6125
2765 6055
2764 6099
2763 6183
2762 6034
2761 6138
2760 6156
2759 6068
2758 6359
2757 6125
2756 6211
2755 6241
2754 6186
2753 6209
2752 6265
2751 6143
2750 6250
2749 6162
2748 6226
2747 6338
2746 6114
2745 6175
2744 6199
2743 6145
2742 6126
2741 6153
2740 6231
2739 6171
2738 5962
2737 6018
2736 6122
2735 6160
2734 6096
2733 5993
2732 6003
2731 5761
2730 6035
2729 5909
2728 5833
2727 5886
2726 5832
2725 5634
2724 5776
2723 5584
2722 5829
2721 5644
2720 5602
2719 5539
2718 5437
2717 5458
2716 5332
2715 5214
2714 5292
2713 5209
2712 5126
2711 5062
2710 5060
2709 4963
2708 5037
2707 4865
2706 4900
2705 4777
2704 4812
2703 4813
2702 4775
2701 4625
2700 4622
2699 4618
2698 4480
2697 4453
2696 4362
2695 4309
2694 4178
2693 4222
2692 4096
2691 4090
2690 4052
2689 4039
2688 3863
2687 3878
2686 3855
2685 3878
2684 3731
2683 3640
2682 3498
2681 3425
2680 3390
2679 3523
2678 3311
2677 3183
2676 3279
2675 3243
2674 3077
2673 2961
2672 3006
2671 2814
2670 2814
2669 2856
2668 2751
2667 2734
2666 2697
2665 2612
2664 2516
2663 2473
2662 2430
2661 2346
2660 2290
2659 2313
2658 2219
2657 2153
2656 2099
2655 2015
2654 2089
2653 1998
2652 1948
2651 1860
2650 1898
2649 1833
2648 1735
2647 1678
2646 1728
2645 1654
2644 1610
2643 1607
2642 1583
2641 1486
2640 1467
2639 1397
2638 1341
2637 1355
2636 1273
2635 1247
2634 1211
2633 1127
2632 1148
2631 1166
2630 1087
2629 1040
2628 1017
2627 1023
2626 924
2625 930
2624 962
2623 931
2622 835
2621 874
2620 820
2619 806
2618 726
2617 736
2616 670
2615 672
2614 691
2613 662
2612 607
2611 568
2610 538
2609 541
2608 532
2607 516
2606 467
2605 486
2604 481
2603 470
2602 435
2601 421
2600 421
2599 373
2598 349
2597 351
2596 341
2595 344
2594 338
2593 317
2592 317
2591 294
2590 273
2589 251
2588 244
2587 240
2586 235
2585 234
2584 206
2583 202
2582 218
2581 189
2580 193
2579 187
2578 170
2577 162
2576 141
2575 154
2574 175
2573 144
2572 122
2571 143
2570 123
2569 125
2568 114
2567 118
2566 88
2565 102
2564 85
2563 95
2562 82
2561 83
2560 81
2559 75
2558 63
2557 75
2556 66
2555 64
2554 61
2553 53
2552 53
2551 57
2550 51
2549 44
2548 48
2547 35
2546 38
2545 41
2544 37
2543 24
2542 31
2541 19
2540 47
2539 29
2538 37
2537 25
2536 37
2535 22
2534 24
2533 12
2532 21
2531 19
2530 16
2529 20
2528 12
2527 12
2526 8
2525 10
2524 7
2523 11
2522 7
2521 7
2520 6
2519 7
2518 13
2517 6
2516 10
2515 4
2514 6
2513 6
2512 7
2511 4
2510 7
2509 6
2508 5
2507 1
2506 5
2505 2
2504 6
2503 2
2502 9
2501 4
2500 3
2499 3
2498 3
2497 4
2495 2
2494 3
2493 1
2492 1
2491 3
2490 3
2489 1
2488 3
2486 1
2484 1
2482 1
2478 2
2476 1
2474 1
2472 2
2471 1
2470 1
2469 1
2467 1
2466 1
2463 1
2462 1
2460 1
2420 1
