3062 1
3049 1
3046 2
3038 1
3037 1
3032 1
3029 2
3027 1
3021 1
3020 2
3019 1
3014 3
3013 2
3012 2
3011 2
3010 2
3009 4
3008 1
3007 1
3006 1
3005 6
3004 3
3003 3
3002 2
3001 3
3000 5
2998 3
2997 5
2996 2
2995 3
2994 5
2993 5
2992 6
2991 4
2990 4
2989 8
2988 11
2987 3
2986 5
2985 5
2984 8
2983 6
2982 5
2981 15
2980 15
2979 14
2978 8
2977 4
2976 12
2975 14
2974 16
2973 16
2972 18
2971 13
2970 17
2969 13
2968 12
2967 19
2966 21
2965 26
2964 19
2963 25
2962 29
2961 30
2960 26
2959 36
2958 31
2957 47
2956 38
2955 32
2954 40
2953 42
2952 36
2951 50
2950 49
2949 46
2948 49
2947 53
2946 62
2945 58
2944 63
2943 72
2942 80
2941 74
2940 71
2939 86
2938 85
2937 79
2936 101
2935 92
2934 108
2933 112
2932 109
2931 116
2930 131
2929 135
2928 136
2927 131
2926 150
2925 157
2924 138
2923 174
2922 146
2921 187
2920 177
2919 193
2918 192
2917 211
2916 270
2915 218
2914 251
2913 245
2912 266
2911 249
2910 278
2909 256
2908 331
2907 296
2906 320
2905 307
2904 319
2903 375
2902 385
2901 406
2900 382
2899 432
2898 491
2897 438
2896 441
2895 493
2894 488
2893 532
2892 550
2891 596
2890 590
2889 605
2888 599
2887 641
2886 643
2885 647
2884 687
2883 757
2882 810
2881 762
2880 849
2879 773
2878 869
2877 849
2876 915
2875 962
2874 975
2873 997
2872 1020
2871 1041
2870 1055
2869 1193
2868 1171
2867 1219
2866 1207
2865 1230
2864 1203
2863 1280
2862 1373
2861 1389
2860 1423
2859 1477
2858 1498
2857 1546
2856 1538
2855 1539
2854 1698
2853 1720
2852 1816
2851 1840
2850 1829
2849 1876
2848 2033
2847 1997
2846 2001
2845 2081
2844 2199
2843 2198
2842 2217
2841 2264
2840 2371
2839 2275
2838 2484
2837 2460
2836 2556
2835 2506
2834 2702
2833 2613
2832 2644
2831 2813
2830 2921
2829 2884
2828 3038
2827 3069
2826 3110
2825 3140
2824 3178
2823 3209
2822 3369
2821 3302
2820 3485
2819 3394
2818 3524
2817 3581
2816 3701
2815 3766
2814 3850
2813 3673
2812 3852
2811 3942
2810 4020
2809 4130
2808 4124
2807 4116
2806 4239
2805 4293
2804 4388
2803 4346
2802 4496
2801 4534
2800 4505
2799 4546
2798 4735
2797 4789
2796 4779
2795 4773
2794 4987
2793 4860
2792 5218
2791 5085
2790 5138
2789 5226
2788 5263
2787 5074
2786 5397
2785 5314
2784 5373
2783 5396
2782 5507
2781 5487
2780 5582
2779 5488
2778 5771
2777 5737
2776 5654
2775 5651
2774 5775
2773 5906
2772 5812
2771 5893
2770 5902
2769 5911
2768 5962
2767 6156
2766 6098
2765 5973
2764 6020
2763 6098
2762 6083
2761 6197
2760 6150
2759 6163
2758 6115
2757 6149
2756 6097
2755 6209
2754 6256
2753 6128
2752 6147
2751 6292
2750 6229
2749 6287
2748 6126
2747 6135
2746 6184
2745 6129
2744 6140
2743 6180
2742 6143
2741 5977
2740 6058
2739 6244
2738 6045
2737 6081
2736 5984
2735 6098
2734 6104
2733 5977
2732 5920
2731 5917
2730 6100
2729 5973
2728 5915
2727 6065
2726 5802
2725 5744
2724 5708
2723 5645
2722 5656
2721 5698
2720 5520
2719 5518
2718 5453
2717 5461
2716 5415
2715 5312
2714 5273
2713 5253
2712 5124
2711 5198
2710 5228
2709 5176
2708 4968
2707 4983
2706 4844
2705 4822
2704 4904
2703 4648
2702 4662
2701 4684
2700 4606
2699 4637
2698 4456
2697 4434
2696 4324
2695 4344
2694 4264
2693 4208
2692 4237
2691 3958
2690 4005
2689 4008
2688 3955
2687 3770
2686 3857
2685 3663
2684 3680
2683 3626
2682 3614
2681 3570
2680 3528
2679 3272
2678 3378
2677 3283
2676 3240
2675 3163
2674 3083
2673 3028
2672 3053
2671 2900
2670 2916
2669 2787
2668 2744
2667 2668
2666 2622
2665 2557
2664 2468
2663 2498
2662 2444
2661 2339
2660 2310
2659 2339
2658 2229
2657 2180
2656 2168
2655 2137
2654 2084
2653 1941
2652 1965
2651 1893
2650 1799
2649 1801
2648 1712
2647 1745
2646 1691
2645 1606
2644 1609
2643 1508
2642 1462
2641 1424
2640 1430
2639 1404
2638 1346
2637 1289
2636 1295
2635 1277
2634 1247
2633 1146
2632 1161
2631 1081
2630 1030
2629 1059
2628 1024
2627 1007
2626 965
2625 924
2624 928
2623 885
2622 853
2621 851
2620 835
2619 764
2618 727
2617 742
2616 686
2615 692
2614 630
2613 645
2612 623
2611 586
2610 619
2609 586
2608 529
2607 494
2606 504
2605 495
2604 444
2603 437
2602 439
2601 420
2600 381
2599 382
2598 361
2597 400
2596 379
2595 335
2594 314
2593 311
2592 342
2591 316
2590 298
2589 297
2588 275
2587 268
2586 264
2585 221
2584 224
2583 209
2582 200
2581 191
2580 189
2579 161
2578 154
2577 145
2576 138
2575 150
2574 155
2573 140
2572 148
2571 120
2570 154
2569 119
2568 104
2567 105
2566 97
2565 98
2564 104
2563 81
2562 86
2561 83
2560 86
2559 76
2558 72
2557 69
2556 80
2555 61
2554 51
2553 49
2552 57
2551 50
2550 61
2549 42
2548 37
2547 56
2546 39
2545 32
2544 25
2543 29
2542 30
2541 26
2540 19
2539 31
2538 22
2537 30
2536 28
2535 22
2534 21
2533 21
2532 23
2531 14
2530 23
2529 16
2528 12
2527 11
2526 18
2525 14
2524 10
2523 8
2522 12
2521 13
2520 8
2519 14
2518 6
2517 4
2516 5
2515 6
2514 10
2513 4
2512 8
2511 5
2510 8
2509 8
2508 7
2507 6
2506 4
2505 6
2504 3
2503 3
2502 3
2501 5
2500 3
2499 2
2498 5
2496 2
2495 6
2494 1
2491 1
2490 1
2489 2
2488 2
2487 1
2486 1
2485 1
2484 1
2483 4
2482 1
2479 1
2477 3
2475 1
2471 1
2468 1
2456 1
2446 1
