3061 1
3053 1
3038 1
3037 1
3033 1
3032 1
3031 1
3030 1
3028 1
3027 1
3025 2
3024 1
3020 1
3019 1
3015 2
3014 3
3012 3
3011 1
3010 1
3009 1
3008 1
3007 1
3006 2
3005 2
3004 1
3003 3
3002 2
3001 4
3000 2
2999 5
2998 1
2997 3
2996 5
2995 4
2994 2
2993 3
2992 4
2991 4
2990 7
2989 9
2988 9
2987 6
2986 7
2985 6
2984 11
2983 9
2982 16
2981 10
2980 5
2979 13
2978 12
2977 17
2976 17
2975 17
2974 18
2973 13
2972 21
2971 20
2970 24
2969 18
2968 19
2967 19
2966 21
2965 19
2964 21
2963 25
2962 23
2961 36
2960 17
2959 35
2958 38
2957 30
2956 44
2955 25
2954 31
2953 32
2952 40
2951 43
2950 36
2949 60
2948 52
2947 53
2946 45
2945 51
2944 53
2943 69
2942 60
2941 69
2940 67
2939 68
2938 87
2937 100
2936 94
2935 126
2934 93
2933 95
2932 109
2931 112
2930 127
2929 123
2928 137
2927 183
2926 118
2925 172
2924 162
2923 160
2922 161
2921 187
2920 179
2919 193
2918 208
2917 218
2916 193
2915 212
2914 241
2913 251
2912 241
2911 243
2910 263
2909 314
2908 285
2907 325
2906 349
2905 365
2904 370
2903 348
2902 393
2901 378
2900 405
2899 434
2898 426
2897 452
2896 481
2895 471
2894 508
2893 510
2892 514
2891 515
2890 597
2889 605
2888 601
2887 631
2886 685
2885 709
2884 694
2883 725
2882 796
2881 791
2880 787
2879 831
2878 833
2877 893
2876 879
2875 942
2874 919
2873 974
2872 1063
2871 1028
2870 1037
2869 1105
2868 1122
2867 1146
2866 1237
2865 1219
2864 1248
2863 1281
2862 1375
2861 1390
2860 1466
2859 1528
2858 1483
2857 1606
2856 1562
2855 1584
2854 1630
2853 1642
2852 1762
2851 1699
2850 1789
2849 1869
2848 1997
2847 2008
2846 2019
2845 2066
2844 2173
2843 2196
2842 2243
2841 2274
2840 2400
2839 2347
2838 2497
2837 2459
2836 2564
2835 2621
2834 2654
2833 2809
2832 2783
2831 2883
2830 2907
2829 2955
2828 3045
2827 3039
2826 3113
2825 3006
2824 3266
2823 3300
2822 3290
2821 3375
2820 3453
2819 3521
2818 3621
2817 3502
2816 3611
2815 3735
2814 3761
2813 3905
2812 3872
2811 4024
2810 4054
2809 3988
2808 4115
2807 4218
2806 4332
2805 4392
2804 4434
2803 4438
2802 4639
2801 4421
2800 4548
2799 4570
2798 4724
2797 4722
2796 4839
2795 4966
2794 4881
2793 4966
2792 4977
2791 5001
2790 5071
2789 5120
2788 5330
2787 5323
2786 5425
2785 5372
2784 5402
2783 5402
2782 5444
2781 5414
2780 5726
2779 5625
2778 5595
2777 5668
2776 5704
2775 5717
2774 5847
2773 5839
2772 5771
2771 5941
2770 5981
2769 5912
2768 5958
2767 6062
2766 5930
2765 6118
2764 6047
2763 6092
2762 6227
2761 6166
2760 6178
2759 6127
2758 6245
2757 6114
2756 6190
2755 6195
2754 6177
2753 6227
2752 6179
2751 6302
2750 6325
2749 6062
2748 6242
2747 6092
2746 6199
2745 6272
2744 6176
2743 6250
2742 6086
2741 6202
2740 6260
2739 6052
2738 5994
2737 6199
2736 6124
2735 6213
2734 5981
2733 5963
2732 5997
2731 5997
2730 5849
2729 5786
2728 5809
2727 5785
2726 5858
2725 5793
2724 5647
2723 5683
2722 5642
2721 5586
2720 5545
2719 5464
2718 5456
2717 5481
2716 5436
2715 5259
2714 5387
2713 5264
2712 5201
2711 5176
2710 5069
2709 5034
2708 5131
2707 4979
2706 4974
2705 4777
2704 4750
2703 4711
2702 4693
2701 4609
2700 4657
2699 4397
2698 4525
2697 4549
2696 4283
2695 4370
2694 4387
2693 4162
2692 4189
2691 4139
2690 3894
2689 3978
2688 3894
2687 3836
2686 3785
2685 3787
2684 3567
2683 3745
2682 3559
2681 3448
2680 3363
2679 3367
2678 3234
2677 3248
2676 3103
2675 3012
2674 3060
2673 2987
2672 3000
2671 2827
2670 2877
2669 2726
2668 2773
2667 2640
2666 2732
2665 2515
2664 2559
2663 2483
2662 2368
2661 2350
2660 2337
2659 2363
2658 2236
2657 2187
2656 2082
2655 2061
2654 2034
2653 1991
2652 1901
2651 1987
2650 1845
2649 1850
2648 1749
2647 1645
2646 1713
2645 1672
2644 1544
2643 1538
2642 1422
2641 1565
2640 1389
2639 1298
2638 1386
2637 1348
2636 1259
2635 1259
2634 1207
2633 1165
2632 1121
2631 1083
2630 1071
2629 1018
2628 996
2627 987
2626 957
2625 937
2624 889
2623 938
2622 835
2621 784
2620 799
2619 737
2618 811
2617 693
2616 709
2615 689
2614 650
2613 636
2612 619
2611 591
2610 563
2609 567
2608 565
2607 524
2606 514
2605 456
2604 495
2603 466
2602 419
2601 423
2600 414
2599 412
2598 354
2597 363
2596 328
2595 341
2594 302
2593 292
2592 326
2591 293
2590 259
2589 265
2588 251
2587 257
2586 240
2585 249
2584 217
2583 191
2582 226
2581 201
2580 187
2579 185
2578 170
2577 165
2576 175
2575 147
2574 139
2573 143
2572 134
2571 105
2570 119
2569 121
2568 103
2567 105
2566 105
2565 98
2564 92
2563 92
2562 104
2561 85
2560 87
2559 75
2558 77
2557 73
2556 69
2555 63
2554 53
2553 45
2552 45
2551 49
2550 51
2549 51
2548 39
2547 39
2546 38
2545 37
2544 33
2543 27
2542 24
2541 27
2540 26
2539 31
2538 29
2537 25
2536 34
2535 27
2534 18
2533 17
2532 26
2531 25
2530 14
2529 16
2528 7
2527 14
2526 15
2525 12
2524 13
2523 6
2522 6
2521 11
2520 10
2519 10
2518 9
2517 8
2516 1
2515 8
2514 4
2513 5
2512 6
2511 7
2510 5
2509 5
2508 2
2507 3
2506 3
2505 2
2504 5
2503 5
2502 4
2501 3
2500 4
2499 5
2498 2
2497 1
2496 1
2495 2
2494 4
2493 5
2492 4
2491 2
2490 1
2489 3
2487 1
2486 1
2484 1
2483 2
2481 2
2480 3
2479 1
2478 1
2477 3
2476 1
2475 1
2471 1
2469 1
2461 1
2460 1
2457 1
2456 1
2452 1
2426 1
