3059 1
3053 1
3051 1
3040 1
3034 1
3032 1
3029 1
3028 1
3027 1
3026 1
3025 1
3023 2
3018 1
3016 2
3015 2
3014 3
3013 2
3012 4
3011 2
3010 4
3009 2
3007 3
3006 4
3005 2
3004 2
3003 5
3002 3
3001 3
2999 1
2998 3
2997 5
2996 5
2995 7
2994 4
2993 5
2992 2
2991 4
2990 3
2989 4
2988 10
2987 5
2986 8
2985 1
2984 9
2983 9
2982 10
2981 8
2980 12
2979 18
2978 8
2977 13
2976 15
2975 18
2974 8
2973 11
2972 13
2971 14
2970 17
2969 18
2968 19
2967 18
2966 19
2965 28
2964 26
2963 25
2962 21
2961 29
2960 29
2959 22
2958 22
2957 39
2956 27
2955 41
2954 26
2953 45
2952 47
2951 39
2950 45
2949 55
2948 61
2947 47
2946 73
2945 62
2944 63
2943 56
2942 76
2941 83
2940 69
2939 82
2938 80
2937 92
2936 87
2935 82
2934 89
2933 116
2932 118
2931 109
2930 102
2929 111
2928 125
2927 150
2926 128
2925 153
2924 163
2923 164
2922 167
2921 190
2920 168
2919 201
2918 203
2917 197
2916 272
2915 254
2914 207
2913 249
2912 262
2911 261
2910 276
2909 281
2908 305
2907 318
2906 325
2905 332
2904 363
2903 340
2902 390
2901 427
2900 405
2899 426
2898 434
2897 473
2896 481
2895 498
2894 484
2893 537
2892 531
2891 613
2890 569
2889 614
2888 653
2887 667
2886 652
2885 682
2884 726
2883 678
2882 798
2881 795
2880 724
2879 834
2878 844
2877 858
2876 885
2875 902
2874 1018
2873 1009
2872 1008
2871 1114
2870 1080
2869 1137
2868 1147
2867 1241
2866 1258
2865 1235
2864 1300
2863 1277
2862 1361
2861 1385
2860 1441
2859 1490
2858 1527
2857 1534
2856 1604
2855 1615
2854 1704
2853 1768
2852 1732
2851 1815
2850 1775
2849 1960
2848 1906
2847 2006
2846 2028
2845 2050
2844 2058
2843 2126
2842 2131
2841 2287
2840 2380
2839 2399
2838 2417
2837 2539
2836 2470
2835 2621
2834 2642
2833 2618
2832 2824
2831 2868
2830 2884
2829 2952
2828 3042
2827 3085
2826 3129
2825 3127
2824 3164
2823 3161
2822 3257
2821 3417
2820 3449
2819 3430
2818 3614
2817 3515
2816 3646
2815 3723
2814 3804
2813 3859
2812 3962
2811 4019
2810 3888
2809 4129
2808 4033
2807 4209
2806 4312
2805 4325
2804 4335
2803 4412
2802 4515
2801 4577
2800 4708
2799 4656
2798 4650
2797 4689
2796 4839
2795 4847
2794 4909
2793 5046
2792 5090
2791 5150
2790 5118
2789 5168
2788 5089
2787 5269
2786 5342
2785 5437
2784 5357
2783 5451
2782 5557
2781 5531
2780 5642
2779 5489
2778 5619
2777 5884
2776 5719
2775 5847
2774 5867
2773 5779
2772 5847
2771 5759
2770 6048
2769 5918
2768 5949
2767 5958
2766 6076
2765 6009
2764 6099
2763 6123
2762 5984
2761 5986
2760 6056
2759 6110
2758 6260
2757 6072
2756 6213
2755 6199
2754 6057
2753 6187
2752 6235
2751 6133
2750 6022
2749 6236
2748 6255
2747 6158
2746 6137
2745 6166
2744 6179
2743 6121
2742 6003
2741 6079
2740 6319
2739 5988
2738 6210
2737 5992
2736 6129
2735 6072
2734 6025
2733 5984
2732 5997
2731 6026
2730 5869
2729 5978
2728 5958
2727 5696
2726 5746
2725 5720
2724 5845
2723 5702
2722 5702
2721 5631
2720 5619
2719 5567
2718 5408
2717 5437
2716 5495
2715 5259
2714 5328
2713 5379
2712 5166
2711 5200
2710 5141
2709 4996
2708 4996
2707 5064
2706 4899
2705 4839
2704 4797
2703 4662
2702 4749
2701 4748
2700 4649
2699 4593
2698 4472
2697 4480
2696 4447
2695 4463
2694 4212
2693 4159
2692 4140
2691 4038
2690 4032
2689 3942
2688 3849
2687 3828
2686 3764
2685 3716
2684 3650
2683 3578
2682 3505
2681 3367
2680 3441
2679 3330
2678 3293
2677 3360
2676 3129
2675 3065
2674 3129
2673 3046
2672 2948
2671 2946
2670 2865
2669 2745
2668 2832
2667 2738
2666 2636
2665 2614
2664 2595
2663 2412
2662 2461
2661 2332
2660 2268
2659 2222
2658 2284
2657 2140
2656 2018
2655 2019
2654 2120
2653 1905
2652 1893
2651 1860
2650 1818
2649 1770
2648 1808
2647 1713
2646 1656
2645 1625
2644 1638
2643 1537
2642 1515
2641 1488
2640 1416
2639 1392
2638 1303
2637 1366
2636 1251
2635 1257
2634 1183
2633 1156
2632 1140
2631 1085
2630 1088
2629 1073
2628 1000
2627 1006
2626 929
2625 984
2624 870
2623 862
2622 860
2621 853
2620 833
2619 769
2618 743
2617 721
2616 723
2615 643
2614 682
2613 640
2612 612
2611 575
2610 608
2609 563
2608 563
2607 515
2606 528
2605 491
2604 449
2603 469
2602 442
2601 423
2600 403
2599 388
2598 374
2597 357
2596 356
2595 324
2594 291
2593 304
2592 290
2591 301
2590 311
2589 289
2588 278
2587 230
2586 208
2585 244
2584 232
2583 219
2582 216
2581 183
2580 180
2579 195
2578 163
2577 170
2576 162
2575 138
2574 142
2573 150
2572 133
2571 135
2570 122
2569 117
2568 109
2567 102
2566 102
2565 106
2564 89
2563 87
2562 79
2561 73
2560 70
2559 90
2558 89
2557 86
2556 60
2555 73
2554 43
2553 60
2552 57
2551 51
2550 43
2549 47
2548 49
2547 53
2546 45
2545 42
2544 31
2543 36
2542 27
2541 32
2540 19
2539 22
2538 28
2537 27
2536 32
2535 31
2534 26
2533 26
2532 11
2531 20
2530 23
2529 16
2528 19
2527 7
2526 18
2525 16
2524 8
2523 14
2522 11
2521 6
2520 8
2519 14
2518 8
2517 10
2516 7
2515 7
2514 5
2513 7
2512 5
2511 8
2510 8
2509 4
2508 4
2507 4
2506 4
2505 6
2504 3
2503 7
2502 5
2501 1
2500 2
2499 4
2498 3
2497 2
2496 4
2495 1
2494 4
2493 2
2492 5
2491 2
2490 5
2489 2
2488 1
2487 2
2486 1
2485 1
2483 2
2482 1
2480 3
2477 1
2476 1
2475 1
2474 2
2471 1
2468 1
2464 1
2433 1
