5248800000 1
5040000000 1
4032000000 1
3456000000 1
3265920000 1
3225600000 1
3149280000 1
3024000000 1
3023308800 1
2949120000 1
2939328000 1
2916000000 1
2857680000 1
2778300000 2
2721600000 3
2654208000 1
2645395200 1
2624400000 1
2612736000 3
2592000000 1
2571912000 1
2551500000 1
2540160000 2
2520000000 1
2508800000 2
2488320000 4
2469600000 1
2449440000 2
2419200000 1
2388787200 1
2381400000 1
2352000000 1
2351462400 2
2332800000 2
2322432000 2
2314720800 2
2304000000 1
2296350000 2
2293760000 1
2286144000 5
2268000000 3
2267481600 1
2257920000 1
2250423000 1
2239488000 2
2204496000 2
2177280000 4
2160000000 1
2150400000 1
2143260000 4
2125764000 1
2116800000 1
2090188800 1
2073600000 3
2066715000 1
2057529600 4
2041200000 6
2032128000 4
2016000000 2
2015539200 1
2007040000 1
2000376000 2
1990656000 2
1984046400 1
1960000000 1
1959552000 2
1944810000 1
1944000000 2
1935360000 4
1928934000 2
1920000000 1
1905120000 5
1889568000 2
1866240000 4
1857945600 1
1852200000 1
1851776640 1
1843200000 1
1837080000 5
1828915200 4
1814400000 9
1813985280 1
1806336000 1
1800338400 3
1800000000 2
1791590400 1
1786050000 1
1778112000 4
1771470000 2
1764000000 2
1763596800 4
1756160000 1
1750329000 1
1749600000 5
1741824000 7
1728720000 1
1720320000 1
1714608000 5
1701000000 1
1700611200 2
1693440000 4
1679616000 7
1666980000 1
1658880000 7
1653372000 3
1651507200 1
1646023680 1
1632960000 8
1625702400 2
1620000000 3
1612800000 4
1612431360 1
1607445000 2
1600300800 2
1594323000 1
1587600000 6
1587237120 3
1574640000 1
1572864000 1
1567641600 7
1555848000 1
1555200000 6
1548288000 1
1543147200 7
1536000000 3
1530900000 3
1524096000 7
1512000000 5
1511654400 8
1505280000 3
1500282000 1
1492992000 5
1488034800 2
1474560000 4
1469664000 11
1463132160 4
1458000000 1
1451520000 10
1451188224 1
1446700500 1
1440270720 1
1434890700 1
1433272320 1
1428840000 12
1422489600 3
1417500000 1
1417176000 2
1415577600 1
1411200000 7
1400263200 2
1399680000 10
1393459200 1
1389150000 1
1382976000 2
1382400000 6
1377810000 4
1372000000 1
1371686400 7
1360800000 12
1360488960 1
1354752000 7
1350253800 1
1344000000 3
1343692800 3
1333584000 5
1327104000 2
1323000000 2
1322697600 7
1312200000 4
1306368000 19
1302030450 1
1300561920 1
1296000000 2
1290240000 4
1285956000 10
1284505600 1
1280240640 1
1275750000 2
1275458400 2
1270080000 16
1264435200 3
1260236880 2
1259712000 8
1254400000 2
1254113280 2
1250235000 1
1244678400 2
1244160000 8
1240029000 1
1238630400 4
1234800000 1
1234517760 6
1228800000 2
1224720000 11
1219276800 9
1210104000 1
1209600000 12
1204224000 2
1200225600 12
1200000000 2
1194393600 5
1190700000 1
1190427840 5
1185408000 4
1180980000 3
1179648000 1
1176000000 2
1175731200 15
1166886000 1
1166400000 12
1161216000 15
1157360400 1
1152480000 1
1152000000 6
1148175000 1
1146880000 4
1143072000 25
1137991680 1
1134000000 6
1133740800 5
1132462080 1
1128960000 12
1128701952 2
1120210560 1
1119744000 15
1116026100 1
1114767360 3
1111320000 7
1111065984 2
1106380800 5
1105920000 6
1102707270 1
1102248000 18
1097600000 2
1097349120 4
1093500000 1
1089093600 1
1088640000 30
1083801600 3
1080203040 2
1080000000 3
1075200000 5
1074954240 2
1071630000 8
1066867200 8
1061683200 1
1058400000 10
1058158080 4
1053696000 2
1049760000 15
1045094400 15
1041624360 2
1036800000 21
1032192000 7
1028764800 14
1020600000 14
1016064000 27
1008189504 1
1008000000 9
1007769600 10
1003520000 1
1000188000 12
995742720 2
995328000 15
992250000 1
992023200 6
990904320 1
987840000 6
987614208 2
984150000 2
983040000 1
980000000 3
979776000 31
975421440 1
972405000 2
972000000 7
967680000 19
967458816 3
964467000 5
960180480 5
960000000 2
956593800 1
952560000 27
948326400 8
945177660 1
945000000 1
944784000 11
940800000 5
940584960 12
937461924 1
933508800 6
933120000 25
928972800 5
926100000 5
925888320 5
921984000 2
921600000 8
918540000 16
914457600 22
911250000 1
910393344 2
907200000 19
906992640 3
903168000 12
900169200 8
900000000 1
896000000 2
895795200 13
893025000 2
892820880 2
889056000 13
884736000 7
882000000 6
881798400 20
878080000 2
877879296 1
875164500 1
874800000 16
871274880 2
870912000 61
868020300 2
864360000 4
864162432 1
864000000 10
860518400 1
860160000 1
857304000 28
853493760 6
850500000 5
850305600 9
849346560 1
847072800 1
846720000 27
842956800 3
840157920 1
840000000 2
839808000 11
836075520 7
833490000 6
833299488 3
829785600 2
829440000 21
826686000 13
825753600 3
823200000 4
823011840 19
819200000 1
816480000 46
816293376 1
812851200 22
810152280 5
810000000 7
806736000 1
806400000 24
806215680 3
803722500 2
803538792 1
802816000 7
800150400 17
800000000 2
796262400 4
793800000 19
793618560 9
790272000 14
787648050 1
787320000 15
784000000 3
783820800 37
780337152 3
777924000 4
777600000 24
774144000 25
771750000 5
771573600 20
768144384 3
768000000 3
765450000 8
765275040 3
762048000 46
758661120 2
756000000 13
755827200 18
752640000 5
752467968 2
750141000 3
746807040 5
746496000 39
744017400 4
743178240 3
740880000 11
740710656 1
738112500 1
737587200 1
737280000 8
735138180 1
735000000 1
734832000 34
731566080 15
729000000 8
726062400 2
725760000 62
722534400 8
720300000 1
720135360 8
720000000 10
716800000 6
716636160 6
714420000 21
714256704 1
711244800 20
708588000 8
707788800 2
705600000 25
705438720 15
702464000 1
700131600 2
700000000 1
699840000 31
696729600 32
694575000 2
694416240 6
691488000 5
691200000 20
688905000 5
688414720 1
688128000 7
686000000 1
685843200 40
682795008 1
680683500 1
680400000 39
680244480 9
677376000 44
675126900 3
674365440 1
672280000 1
672126336 2
672000000 8
671846400 35
669615660 1
668860416 3
666792000 16
663828480 1
663552000 23
661500000 5
661348800 25
660602880 2
658560000 3
658409472 2
656100000 9
653456160 1
653184000 72
650280960 13
648270000 2
648121824 2
648000000 17
645120000 31
644972544 1
642978000 15
640120320 13
640000000 4
637875000 6
637729200 5
637009920 1
635040000 52
634894848 2
632217600 14
630118440 2
630000000 5
629856000 28
627200000 9
627056640 19
625117500 1
622339200 17
622080000 45
620014500 6
619315200 19
617400000 8
617258880 26
614656000 2
614400000 9
612615150 2
612360000 48
609638400 48
607500000 2
605052000 3
604800000 55
604661760 24
602112000 8
600112800 21
600000000 2
597445632 1
597196800 30
595350000 9
595213920 10
592704000 27
590490000 4
590069760 1
589824000 4
588000000 6
587865600 58
585252864 1
583443000 7
583200000 21
580849920 6
580608000 75
578680200 14
578027520 4
576240000 5
576108288 6
576000000 11
573440000 7
573308928 1
571536000 85
568995840 14
567106596 1
567000000 23
566870400 11
566231040 3
564715200 1
564480000 35
564350976 3
561971200 2
560105280 5
560000000 2
559872000 60
558013050 3
557383680 13
555660000 24
555532992 4
553190400 5
552960000 33
551353635 1
551250000 1
551124000 25
550502400 2
548800000 5
548674560 38
546750000 3
544546800 3
544320000 103
544195584 2
542126592 1
541900800 22
540225000 2
540101520 13
540000000 8
537824000 1
537600000 23
537477120 12
535815000 14
535692528 1
533433600 40
531441000 3
530841600 14
529200000 38
529079040 28
528482304 1
526848000 11
525098700 1
524880000 48
524288000 1
522547200 85
520812180 5
520224768 1
518616000 19
518400000 43
516096000 36
514596726 1
514382400 78
512096256 4
512000000 2
510300000 31
510183360 5
508243680 2
508032000 84
506250000 2
504094752 1
504000000 23
503884800 46
501760000 10
501645312 11
500094000 28
500000000 1
497871360 10
497664000 47
496125000 2
496011600 12
495452160 5
493920000 38
493807104 2
492075000 3
491724800 1
491520000 9
490092120 3
490000000 5
489888000 124
487710720 28
486202500 1
486091368 2
486000000 20
484041600 4
483840000 82
483729408 4
482233500 9
481689600 6
480200000 1
480090240 16
480000000 11
477757440 5
476280000 67
476171136 5
474163200 40
472500000 2
472392000 35
471859200 2
470596000 1
470400000 27
470292480 46
466754400 10
466560000 85
464486400 48
463050000 8
462944160 13
460992000 8
460800000 30
459270000 26
459165024 2
458752000 7
457228800 92
455196672 6
453789000 2
453600000 89
453496320 16
451584000 42
450084600 15
450000000 3
449576960 1
448084224 2
448000000 10
447897600 43
446512500 3
446410440 7
444528000 63
442867500 2
442552320 6
442368000 20
441000000 18
440899200 75
440401920 3
439040000 8
438939648 7
437582250 1
437400000 22
435637440 8
435456000 175
434010150 4
433520640 9
432180000 13
432081216 3
432000000 30
430259200 2
430080000 22
429981696 7
428652000 83
426746880 35
425250000 10
425152800 14
424673280 4
423536400 1
423360000 101
423263232 9
421478400 9
420175000 1
420078960 4
420000000 7
419904000 78
418037760 43
416745000 19
416649744 5
414892800 25
414720000 68
413343000 10
412876800 6
411600000 10
411505920 50
410062500 2
409600000 6
408410100 1
408240000 143
408146688 4
406425600 78
405076140 7
405000000 7
404619264 1
403368000 3
403200000 89
403107840 26
401861250 3
401769396 2
401408000 12
400241898 1
400075200 51
400000000 1
398580750 1
398297088 4
398131200 34
396900000 31
396809280 15
395136000 47
393660000 20
393216000 6
392073696 2
392000000 8
391910400 148
390168576 5
388962000 10
388800000 68
387233280 3
387072000 92
385875000 1
385786800 36
385351680 4
384160000 7
384072192 8
384000000 14
382725000 11
382637520 3
382205952 1
381024000 165
379330560 19
378157500 1
378071064 2
378000000 34
377913600 38
376320000 44
376233984 14
375070500 7
373403520 21
373248000 110
372008700 6
371589120 19
370440000 34
370355328 9
368793600 12
368640000 37
367569090 2
367500000 1
367416000 132
367001600 1
365783040 55
364568526 3
364500000 19
363031200 7
362880000 191
362797056 3
361417728 1
361267200 34
360150000 1
360067680 24
360000000 15
359661568 1
358400000 15
358318080 18
357210000 38
357128352 1
355622400 83
354375000 1
354294000 13
354041856 2
353894400 8
352800000 67
352719360 69
351232000 8
350065800 17
350000000 1
349920000 104
348509952 2
348364800 128
347287500 1
347208120 11
346816512 2
345744000 25
345600000 58
344452500 4
344064000 19
343000000 1
342921600 145
341397504 4
340200000 85
340122240 15
338829120 1
338688000 133
337563450 2
337500000 2
337182720 6
336140000 2
336063168 9
336000000 27
335923200 104
334807830 1
334430208 4
333396000 78
331914240 9
331776000 77
330750000 9
330674400 61
330301440 1
329280000 32
329204736 13
328050000 10
327680000 1
326728080 4
326592000 255
325140480 48
324135000 6
324060912 5
324000000 35
322694400 4
322560000 118
322486272 5
321489000 39
321126400 2
320060160 51
320000000 3
318937500 1
318864600 2
318504960 22
317652300 1
317520000 139
317447424 12
316108800 33
315059220 7
315000000 7
314928000 84
314703872 1
313600000 17
313528320 97
312558750 2
312487308 2
311169600 31
311040000 133
309786624 1
309657600 57
308700000 21
308629440 72
307328000 2
307200000 25
306180000 86
306110016 2
304946208 1
304819200 200
303750000 2
303464448 2
302526000 4
302400000 121
302330880 26
301056000 43
300056400 47
300000000 1
298722816 4
298598400 88
297675000 15
297606960 13
297271296 5
296352000 96
295245000 8
295034880 2
294912000 20
294122500 1
294055272 1
294000000 16
293932800 199
293601280 1
292626432 12
291721500 6
291600000 61
290424960 5
290304000 234
289340100 9
289013760 10
288120000 14
288054144 8
288000000 34
286720000 15
286654464 7
285768000 191
284497920 52
283553298 2
283500000 29
283435200 50
283115520 6
282240000 134
282175488 12
280985600 5
280052640 24
280000000 5
279936000 154
278691840 61
277830000 38
277766496 5
276595200 30
276480000 89
275625000 1
275562000 72
275251200 9
274400000 8
274337280 113
273375000 2
272273400 5
272160000 250
272097792 4
270950400 114
270112500 2
270050760 18
270000000 14
268912000 1
268800000 61
268738560 47
267907500 12
267846264 3
266716800 123
265720500 5
265531392 5
265420800 37
264710250 1
264600000 68
264539520 81
264241152 3
263533760 1
263424000 49
262549350 4
262440000 81
262144000 3
261382464 2
261273600 222
260406090 2
260112384 10
259308000 29
259200000 107
258155520 3
258048000 111
257250000 1
257191200 120
256901120 1
256048128 29
256000000 7
255150000 37
255091680 8
254121840 2
254016000 270
252887040 23
252047376 4
252000000 52
251942400 115
250880000 33
250822656 23
250047000 39
248935680 27
248832000 175
248062500 1
248005800 22
247726080 21
246960000 60
246903552 23
245862400 8
245760000 25
245046060 2
245000000 2
244944000 251
243855360 112
243101250 1
243000000 24
242020800 13
241920000 216
241864704 12
241116750 3
240844800 33
240100000 4
240045120 63
240000000 5
238878720 37
238140000 145
238085568 7
237081600 103
236250000 4
236196000 47
235929600 8
235298000 1
235200000 50
235146240 128
234365481 1
233377200 31
233280000 195
232339968 1
232243200 175
231525000 14
231472080 37
231211008 2
230496000 28
230400000 77
229635000 25
229582512 1
229376000 11
228709656 2
228614400 299
227598336 10
226894500 1
226800000 190
226748160 49
226492416 1
225886080 4
225792000 155
225042300 19
225000000 2
224788480 1
224042112 7
224000000 20
223948800 157
223205220 7
222953472 17
222264000 150
221433750 1
221276160 15
221184000 79
220500000 20
220449600 165
220200960 5
219520000 16
219469824 29
218700000 46
217818720 9
217728000 411
217005075 3
216760320 40
216090000 8
216040608 11
216000000 57
215129600 3
215040000 86
214990848 9
214375000 1
214326000 110
213373440 96
212625000 8
212576400 14
212336640 19
211768200 1
211680000 244
211631616 26
210739200 24
210087500 1
210039480 11
210000000 12
209952000 180
209715200 1
209018880 122
208372500 15
208324872 1
207446400 52
207360000 219
206671500 19
206524416 1
206438400 52
205800000 21
205752960 135
205520896 2
204800000 14
204205050 1
204120000 243
204073344 8
203212800 273
202538070 6
202500000 7
202309632 4
201684000 6
201600000 151
201553920 76
201326592 1
200704000 25
200037600 130
200000000 3
199148544 11
199065600 128
198450000 46
198404640 40
198180864 1
197568000 123
196830000 31
196689920 2
196608000 21
196036848 3
196000000 9
195955200 363
195084288 23
194481000 33
194400000 137
193616640 10
193536000 317
192893400 50
192675840 6
192080000 6
192036096 31
192000000 27
191362500 10
191318760 2
191102976 6
190512000 389
189665280 64
189078750 1
189035532 3
189000000 44
188956800 100
188743680 8
188238400 1
188160000 97
188116992 33
187535250 9
186701760 51
186624000 290
186004350 5
185794560 76
185220000 67
185177664 34
184396800 24
184320000 95
183784545 1
183750000 2
183708000 188
183500800 4
182891520 212
182284263 1
182250000 18
181515600 11
181440000 404
181398528 9
180633600 112
180075000 1
180033840 47
180000000 18
179830784 1
179200000 31
179159040 83
178605000 51
178564176 12
177885288 1
177811200 206
177187500 3
177147000 6
177020928 3
176947200 47
176400000 100
176359680 167
175616000 23
175032900 16
174960000 168
174254976 3
174182400 426
173643750 2
173604060 13
173408256 5
172872000 38
172800000 136
172226250 3
172032000 76
171532242 1
171500000 3
171460800 281
170698752 18
170100000 107
170061120 31
169414560 1
169344000 400
168750000 2
168591360 9
168070000 1
168031584 11
168000000 48
167961600 221
167215104 28
166698000 94
165957120 49
165888000 228
165375000 9
165337200 92
165150720 18
164640000 61
164602368 51
164025000 14
163840000 8
163364040 5
163296000 529
162570240 148
162067500 4
162030456 12
162000000 77
161347200 15
161280000 262
161243136 18
160744500 24
160563200 19
160030080 145
160000000 5
159468750 1
159432300 8
159252480 56
158826150 1
158760000 252
158723712 23
158054400 104
157529610 3
157500000 14
157464000 127
157286400 4
156800000 40
156764160 241
156279375 1
156243654 1
155584800 60
155520000 322
155003625 1
154893312 1
154828800 211
154350000 24
154314720 121
154140672 3
153664000 14
153600000 50
153090000 108
153055008 3
152473104 2
152409600 511
151875000 2
151732224 13
151263000 8
151200000 223
151165440 80
150994944 1
150528000 116
150028200 64
150000000 7
149361408 16
149299200 244
148837500 10
148803480 15
148635648 15
148237740 1
148176000 184
147622500 13
147517440 10
147456000 68
147000000 29
146966400 364
146313216 39
145860750 3
145800000 112
145212480 13
145152000 539
144670050 8
144506880 49
144060000 12
144027072 21
144000000 59
143360000 48
143327232 15
142884000 280
142248960 138
141776649 1
141750000 27
141717600 51
141557760 14
141178800 2
141120000 274
141087744 53
140492800 12
140026320 45
140000000 16
139968000 352
139345920 204
138915000 43
138883248 16
138297600 59
138240000 256
137781000 77
137625600 42
137200000 23
137168640 271
136136700 4
136080000 470
136048896 12
135531648 2
135475200 317
135056250 1
135025380 21
135000000 14
134873088 1
134456000 2
134400000 103
134369280 128
133953750 12
133923132 2
133358400 219
132860250 2
132765696 14
132710400 141
132300000 108
132269760 107
131712000 89
131250000 1
131220000 120
131072000 5
130691232 7
130636800 612
130056192 26
129654000 53
129600000 221
129077760 8
129024000 246
128625000 5
128595600 163
128450560 4
128024064 37
128000000 14
127575000 37
127545840 14
127401984 11
127060920 2
127008000 561
126443520 54
126023688 3
126000000 68
125971200 229
125829120 3
125440000 56
125411328 68
125023500 44
125000000 2
124467840 68
124416000 438
124031250 2
124002900 23
123863040 78
123480000 110
123451776 55
122931200 18
122880000 48
122523030 2
122500000 8
122472000 452
121927680 275
121522842 1
121500000 37
121010400 20
120960000 512
120932352 20
120558375 3
120422400 74
120050000 5
120022560 115
120000000 20
119439360 104
119070000 149
119042784 18
118540800 248
118125000 6
118098000 57
118013952 1
117964800 44
117600000 94
117573120 326
116688600 47
116640000 384
116169984 6
116121600 497
115762500 5
115736040 47
115605504 12
115248000 41
115200000 153
114817500 21
114791256 1
114688000 32
114354828 1
114307200 576
113799168 35
113400000 260
113374080 47
112943040 2
112896000 333
112521150 6
112500000 3
112394240 11
112021056 16
112000000 38
111974400 357
111602610 5
111476736 39
111132000 207
110716875 1
110638080 33
110592000 208
110250000 27
110224800 255
110100480 7
109760000 44
109734912 84
109350000 42
108909360 17
108864000 893
108380160 162
108045000 12
108020304 16
108000000 83
107564800 1
107520000 180
107495424 31
107163000 134
106686720 224
106312500 2
106288200 24
106168320 52
105884100 4
105840000 358
105815808 53
105369600 53
105019740 17
105000000 14
104976000 318
104857600 2
104509440 384
104186250 5
104162436 6
103723200 109
103680000 450
103335750 5
103262208 3
103219200 153
102900000 33
102876480 233
102400000 31
102060000 312
102036672 9
101606400 636
101269035 1
101250000 11
101154816 13
100842000 3
100800000 268
100776960 163
100352000 44
100018800 165
100000000 5
99574272 24
99532800 336
99225000 32
99202320 59
99090432 11
98784000 203
98415000 23
98344960 3
98304000 39
98018424 4
98000000 14
97977600 695
97542144 71
97240500 16
97200000 216
96808320 14
96768000 654
96468750 1
96446700 51
96337920 25
96040000 13
96018048 65
96000000 59
95681250 2
95659380 3
95551488 22
95256000 594
94832640 157
94539375 1
94517766 3
94500000 80
94478400 139
94371840 13
94119200 1
94080000 206
94058496 106
93767625 2
93350880 66
93312000 635
93002175 3
92897280 194
92610000 102
92588832 32
92198400 61
92160000 196
91875000 1
91854000 241
91750400 7
91445760 424
91125000 20
90757800 11
90720000 731
90699264 31
90316800 283
90037500 1
90016920 73
90000000 34
89600000 62
89579520 218
89302500 47
89282088 7
88905600 365
88573500 6
88510464 9
88473600 128
88200000 152
88179840 291
88080384 1
87808000 46
87516450 15
87500000 1
87480000 283
87127488 8
87091200 936
86802030 9
86704128 30
86436000 62
86400000 285
86113125 1
86051840 7
86016000 155
85750000 6
85730400 433
85349376 66
85050000 108
85030560 37
84934656 5
84707280 3
84672000 664
84375000 1
84295680 34
84035000 3
84015792 18
84000000 84
83980800 469
83886080 2
83607552 87
83349000 105
82978560 76
82944000 523
82687500 5
82668600 77
82575360 58
82320000 90
82301184 101
82012500 6
81920000 21
81682020 10
81648000 951
81285120 356
81033750 1
81015228 7
81000000 69
80673600 15
80640000 525
80621568 36
80372250 24
80281600 28
80015040 226
80000000 11
79734375 1
79716150 2
79626240 150
79380000 327
79361856 42
79027200 280
78764805 2
78750000 10
78732000 193
78675968 2
78643200 16
78400000 71
78382080 542
78121827 2
77792400 89
77760000 565
77446656 10
77414400 459
77175000 28
77157360 134
77070336 11
76832000 25
76800000 101
76545000 109
76527504 1
76236552 1
76204800 896
75866112 36
75631500 11
75600000 344
75582720 142
75497472 1
75295360 1
75264000 267
75014100 66
75000000 4
74680704 27
74649600 543
74418750 8
74401740 17
74317824 41
74088000 283
73811250 2
73758720 28
73728000 167
73513818 2
73500000 36
73483200 559
73400320 5
73156608 139
72900000 126
72606240 20
72576000 1226
72335025 1
72253440 104
72030000 19
72013536 62
72000000 121
71680000 82
71663616 48
71442000 348
71124480 284
70875000 28
70858800 60
70778880 56
70589400 3
70560000 403
70543872 105
70246400 40
70013160 42
70000000 11
69984000 629
69672960 451
69457500 32
69441624 26
69148800 101
69120000 478
68890500 58
68841472 1
68812800 95
68600000 26
68584320 450
68343750 1
68068350 2
68040000 622
68024448 27
67765824 2
67737600 678
67512690 13
67500000 20
67436544 8
67228000 5
67200000 199
67184640 289
66976875 2
66679200 356
66382848 23
66355200 349
66150000 85
66134880 177
66060288 8
65856000 170
65610000 112
65536000 13
65345616 9
65318400 1182
65028096 86
64827000 56
64800000 337
64538880 8
64512000 544
64312500 6
64297800 176
64225280 12
64012032 95
64000000 29
63787500 32
63772920 12
63700992 21
63530460 2
63504000 889
63221760 135
63011844 14
63000000 107
62985600 366
62914560 4
62720000 93
62705664 153
62511750 23
62233920 121
62208000 890
62001450 10
61931520 177
61740000 134
61725888 97
61465600 19
61440000 116
61250000 4
61236000 574
60963840 558
60761421 2
60750000 42
60505200 12
60480000 833
60466176 71
60211200 192
60025000 7
60011280 154
60000000 21
59719680 255
59535000 153
59521392 17
59295096 2
59270400 436
59062500 3
59049000 52
59006976 7
58982400 110
58824500 2
58800000 133
58786560 591
58344300 44
58320000 467
58084992 7
58060800 1057
57881250 2
57868020 34
57802752 18
57624000 62
57600000 286
57408750 10
57395628 1
57344000 62
57177414 1
57153600 795
56899584 86
56723625 1
56700000 244
56687040 114
56623104 3
56471520 4
56448000 685
56260575 7
56250000 2
56197120 12
56010528 37
56000000 45
55987200 732
55801305 3
55738368 103
55566000 211
55319040 67
55296000 500
55125000 8
55112400 248
55050240 28
54880000 66
54867456 143
54675000 29
54454680 13
54432000 1403
54190080 309
54022500 9
54010152 20
54000000 118
53782400 9
53760000 325
53747712 68
53581500 98
53343360 343
53144100 16
53084160 142
52920000 501
52907904 112
52684800 140
52509870 9
52500000 17
52488000 391
52428800 9
52254720 719
52093125 1
52081218 3
51861600 139
51840000 767
51667875 2
51631104 1
51609600 354
51450000 23
51438240 351
51380224 2
51200000 39
51030000 311
51018336 15
50824368 1
50803200 1177
50625000 6
50577408 27
50421000 3
50400000 379
50388480 345
50331648 1
50176000 105
50009400 168
50000000 5
49787136 34
49766400 705
49612500 36
49601160 70
49545216 32
49392000 337
49207500 20
49172480 15
49152000 106
49009212 7
49000000 18
48988800 1146
48771072 179
48620250 21
48600000 233
48404160 28
48384000 1237
48223350 37
48168960 60
48020000 17
48009024 76
48000000 86
47829690 6
47775744 58
47647845 1
47628000 693
47416320 309
47250000 60
47239200 180
47185920 29
47040000 320
47029248 217
46675440 92
46656000 952
46448640 504
46305000 70
46294416 59
46099200 85
46080000 365
45927000 188
45875200 48
45722880 731
45562500 4
45378900 17
45360000 982
45349632 45
45177216 2
45158400 503
45018750 1
45008460 60
45000000 29
44957696 2
44800000 92
44789760 457
44651250 21
44641044 9
44452800 531
44286750 5
44255232 33
44236800 323
44100000 168
44089920 389
44040192 6
43904000 88
43758225 4
43750000 1
43740000 282
43563744 11
43545600 1606
43401015 2
43352064 55
43218000 67
43200000 417
43025920 10
43008000 330
42875000 4
42865200 429
42674688 141
42525000 90
42515280 47
42467328 17
42353640 5
42336000 1019
42147840 66
42017500 2
42007896 15
42000000 85
41990400 711
41943040 1
41803776 203
41674500 73
41489280 135
41472000 930
41343750 1
41334300 51
41287680 133
41160000 134
41150592 182
41006250 1
40960000 39
40841010 5
40824000 1092
40642560 629
40516875 1
40507614 2
40500000 72
40336800 26
40320000 832
40310784 89
40186125 2
40140800 72
40007520 308
40000000 15
39813120 294
39690000 294
39680928 52
39513600 394
39375000 11
39366000 166
39337984 3
39321600 43
39200000 79
39191040 954
38896200 102
38880000 859
38723328 5
38707200 959
38587500 11
38578680 141
38535168 7
38416000 26
38400000 159
38272500 82
38263752 4
38118276 1
38102400 1269
37933056 85
37815750 3
37800000 403
37791360 249
37748736 4
37632000 430
37507050 32
37500000 2
37340352 52
37324800 1088
37200870 9
37158912 91
37044000 329
36879360 42
36864000 367
36750000 23
36741600 684
36700160 7
36578304 276
36450000 99
36303120 29
36288000 1827
36126720 230
36015000 18
36006768 66
36000000 148
35840000 139
35831808 105
35721000 261
35562240 471
35437500 15
35429400 64
35389440 101
35294700 2
35280000 572
35271936 201
35123200 78
35006580 38
35000000 14
34992000 842
34836480 935
34728750 15
34720812 9
34574400 158
34560000 739
34445250 32
34406400 198
34300000 24
34292160 647
34034175 4
34020000 658
34012224 27
33882912 6
33868800 1171
33756345 7
33750000 14
33718272 18
33614000 3
33600000 280
33592320 523
33480783 1
33339600 370
33191424 49
33177600 676
33075000 70
33067440 201
33030144 15
32941720 2
32928000 224
32812500 1
32805000 76
32768000 24
32672808 7
32659200 1842
32514048 160
32413500 35
32400000 426
32269440 23
32256000 994
32156250 1
32148900 123
32112640 16
32006016 157
32000000 51
31893750 8
31886460 9
31850496 65
31765230 4
31752000 1105
31610880 222
31505922 2
31500000 96
31492800 424
31457280 17
31360000 134
31352832 277
31255875 3
31116960 141
31104000 1373
31000725 5
30965760 419
30870000 122
30862944 127
30732800 53
30720000 191
30625000 1
30618000 506
30481920 975
30375000 16
30252600 23
30240000 1167
30233088 102
30105600 327
30012500 3
30005640 142
30000000 37
29859840 544
29767500 82
29760696 26
29635200 627
29531250 2
29524500 37
29503488 10
29491200 211
29400000 155
29393280 827
29360128 2
29172150 25
29160000 568
29042496 14
29030400 1804
28934010 28
28901376 33
28812000 75
28800000 384
28704375 1
28697814 1
28672000 119
28588707 1
28576800 940
28449792 131
28350000 233
28343520 122
28311552 20
28235760 5
28224000 1016
28125000 1
28098560 31
28005264 43
28000000 70
27993600 1110
27869184 214
27783000 203
27659520 130
27648000 887
27562500 4
27556200 226
27525120 52
27440000 69
27433728 297
27337500 17
27227340 20
27216000 1893
27095040 634
27011250 4
27005076 19
27000000 119
26891200 12
26880000 508
26873856 132
26790750 31
26671680 485
26572050 3
26542080 285
26471025 1
26460000 488
26453952 137
26342400 228
26254935 4
26250000 13
26244000 426
26214400 11
26127360 1356
26040609 1
25930800 142
25920000 1021
25815552 4
25804800 711
25725000 30
25719120 330
25690112 2
25600000 68
25515000 239
25509168 16
25412184 5
25401600 1683
25312500 3
25288704 53
25210500 6
25200000 491
25194240 432
25165824 3
25088000 161
25004700 119
25000000 5
24893568 86
24883200 1249
24806250 10
24800580 48
24772608 65
24696000 447
24603750 7
24586240 28
24576000 160
24504606 5
24500000 20
24494400 1332
24385536 325
24310125 3
24300000 247
24202080 33
24192000 1937
24111675 5
24084480 146
24010000 13
24004512 117
24000000 85
23914845 2
23887872 117
23814000 684
23708160 509
23625000 42
23619600 190
23592960 71
23529800 1
23520000 373
23514624 304
23337720 116
23328000 1318
23224320 955
23152500 44
23147208 58
23049600 99
23040000 636
22963500 132
22937600 58
22861440 1088
22781250 2
22689450 5
22680000 1056
22674816 70
22588608 3
22579200 959
22504230 31
22500000 24
22478848 4
22400000 129
22394880 768
22325625 2
22320522 2
22226400 562
22143375 1
22127616 39
22118400 585
22050000 129
22044960 470
22020096 11
21952000 134
21875000 1
21870000 236
21781872 18
21772800 2482
21676032 165
21609000 60
21600000 531
21512960 7
21504000 528
21437500 1
21432600 329
21337344 218
21262500 45
21257640 39
21233664 55
21176820 4
21168000 1288
21073920 136
21003948 18
21000000 90
20995200 900
20971520 5
20901888 315
20837250 33
20744640 140
20736000 1501
20667150 33
20643840 276
20580000 128
20575296 236
20503125 1
20480000 76
20420505 3
20412000 1136
20321280 1124
20253807 2
20250000 65
20168400 17
20160000 1106
20155392 162
20070400 132
20003760 308
20000000 14
19906560 609
19845000 253
19840464 59
19756800 551
19687500 1
19683000 125
19668992 6
19660800 83
19600000 90
19595520 1337
19448100 78
19440000 927
19361664 22
19353600 1711
19293750 3
19289340 96
19267584 22
19208000 42
19200000 244
19136250 23
19131876 5
19059138 3
19051200 1521
18966528 126
18900000 398
18895680 293
18874368 6
18823840 3
18816000 621
18753525 14
18750000 2
18670176 68
18662400 1574
18600435 6
18579456 195
18522000 311
18439680 73
18432000 591
18375000 11
18370800 598
18350080 17
18289152 401
18225000 78
18151560 24
18144000 2407
18063360 476
18007500 11
18003384 69
18000000 153
17920000 207
17915904 176
17860500 175
17781120 617
17718750 3
17714700 30
17694720 252
17647350 1
17640000 584
17635968 256
17561600 107
17503290 25
17500000 13
17496000 885
17418240 1630
17364375 1
17360406 15
17287200 154
17280000 1117
17222625 2
17210368 2
17203200 330
17150000 28
17146080 722
17010000 563
17006112 34
16941456 3
16934400 1656
16875000 4
16859136 25
16807000 5
16800000 344
16796160 766
16669800 271
16595712 62
16588800 1260
16537500 40
16533720 159
16515072 44
16464000 280
16402500 42
16384000 66
16336404 7
16329600 2229
16257024 312
16206750 17
16200000 441
16134720 20
16128000 1528
16078125 1
16074450 60
16056320 39
16003008 223
16000000 53
15946875 2
15943230 2
15925248 132
15876000 1087
15805440 394
15752961 4
15750000 73
15746400 495
15728640 29
15680000 201
15676416 485
15558480 152
15552000 1848
15482880 756
15435000 85
15431472 119
15366400 54
15360000 329
15312500 1
15309000 384
15240960 1393
15187500 7
15126300 12
15120000 1302
15116544 120
15052800 520
15006250 1
15002820 92
15000000 22
14929920 917
14883750 28
14880348 14
14817600 722
14765625 1
14762250 9
14751744 22
14745600 385
14700000 140
14696640 933
14680064 2
14586075 4
14580000 519
14521248 13
14515200 2712
14467005 5
14450688 97
14406000 61
14400000 510
14336000 195
14288400 847
14224896 242
14175000 143
14171760 113
14155776 38
14117880 2
14112000 1249
14062500 1
14049280 40
14002632 35
14000000 69
13996800 1454
13934592 458
13891500 123
13829760 159
13824000 1343
13781250 5
13778100 145
13762560 135
13720000 73
13716864 393
13668750 7
13613670 2
13608000 2030
13547520 1067
13502538 13
13500000 109
13445600 13
13440000 669
13436928 220
13395375 5
13335840 529
13286025 2
13271040 556
13230000 398
13226976 138
13171200 370
13125000 7
13122000 366
13107200 25
13063680 1796
12965400 123
12960000 1259
12907776 12
12902400 1109
12862500 11
12859560 308
12845056 7
12800000 107
12757500 110
12754584 9
12706092 1
12700800 2010
12644352 80
12605250 2
12600000 466
12597120 575
12582912 5
12544000 207
12502350 49
12500000 2
12446784 86
12441600 1951
12403125 1
12400290 26
12386304 137
12348000 359
12301875 1
12293120 30
12288000 305
12252303 2
12250000 22
12247200 1348
12192768 522
12150000 162
12101040 34
12096000 2522
12042240 204
12005000 6
12002256 131
12000000 109
11943936 229
11907000 448
11854080 622
11812500 18
11809800 114
11796480 128
11760000 449
11757312 433
11668860 65
11664000 1584
11612160 1523
11576250 14
11573604 32
11524800 125
11520000 883
11481750 64
11468800 119
11430720 1173
11344725 2
11340000 1030
11337408 71
11294304 3
11289600 1291
11252115 6
11250000 16
11239424 3
11200000 141
11197440 1098
11160261 1
11113200 567
11063808 56
11059200 1054
11025000 84
11022480 412
11010048 12
10976000 127
10935000 150
10890936 9
10886400 3129
10838016 266
10804500 33
10800000 553
10756480 10
10752000 806
10716300 207
10668672 250
10631250 13
10628820 32
10616832 96
10584000 1411
10536960 182
10501974 9
10500000 60
10497600 919
10485760 8
10450944 567
10418625 7
10372320 158
10368000 2082
10333575 8
10321920 480
10290000 102
10287648 230
10240000 106
10206000 1028
10160640 1633
10125000 31
10084200 14
10080000 1269
10077696 228
10035200 172
10001880 257
10000000 22
9953280 1004
9922500 99
9920232 52
9878400 664
9841500 83
9834496 5
9830400 143
9800000 65
9797760 1560
9724050 24
9720000 929
9680832 20
9676800 2399
9646875 2
9644670 47
9633792 42
9604000 44
9600000 300
9568125 7
9565938 1
9525600 1461
9483264 198
9450000 276
9447840 234
9437184 27
9411920 5
9408000 726
9375000 1
9335088 73
9331200 1981
9289728 322
9261000 243
9219840 110
9216000 927
9187500 6
9185400 449
9175040 33
9144576 544
9112500 34
9075780 12
9072000 2630
9031680 722
9003750 4
9001692 28
9000000 127
8960000 229
8957952 296
8930250 70
8890560 707
8857350 10
8847360 385
8820000 543
8817984 278
8780800 127
8751645 7
8750000 15
8748000 773
8709120 2114
8680203 2
8643600 141
8640000 1311
8605184 1
8601600 539
8575000 9
8573040 655
8505000 380
8503056 32
8467200 2000
8437500 1
8429568 33
8403500 4
8400000 333
8398080 951
8388608 1
8334900 192
8297856 84
8294400 1873
8268750 12
8266860 92
8257536 83
8232000 317
8201250 18
8192000 103
8168202 6
8164800 2376
8128512 463
8103375 2
8100000 308
8067360 15
8064000 1877
8037225 17
8028160 58
8001504 206
8000000 43
7971615 2
7962624 233
7938000 837
7902720 495
7875000 43
7873200 380
7864320 63
7840000 203
7838208 588
7779240 106
7776000 2146
7741440 1167
7717500 58
7715736 97
7683200 57
7680000 433
7654500 180
7620480 1649
7593750 1
7563150 3
7560000 1258
7558272 141
7526400 758
7501410 53
7500000 26
7464960 1386
7441875 4
7440174 1
7408800 683
7375872 32
7372800 588
7350000 84
7348320 889
7340032 8
7290000 363
7260624 18
7257600 3391
7225344 134
7203000 36
7200000 504
7168000 257
7144200 598
7112448 309
7087500 62
7085880 63
7077888 69
7058940 4
7056000 1321
7024640 55
7001316 24
7000000 53
6998400 1592
6967296 611
6945750 44
6914880 159
6912000 1830
6889050 45
6881280 229
6860000 59
6858432 414
6834375 1
6804000 1725
6773760 1428
6750000 70
6722800 8
6720000 785
6718464 356
6667920 434
6635520 872
6615000 256
6613488 136
6585600 379
6561000 217
6553600 46
6531840 2270
6482700 71
6480000 1256
6453888 13
6451200 1619
6431250 5
6429780 163
6422528 13
6400000 116
6378750 47
6377292 4
6353046 1
6350400 1994
6322176 127
6300000 347
6298560 538
6291456 6
6272000 296
6251175 12
6223392 101
6220800 2485
6200145 6
6193152 278
6174000 297
6146560 33
6144000 439
6125000 5
6123600 1041
6096384 627
6075000 114
6050520 28
6048000 2737
6021120 349
6002500 3
6001128 87
6000000 102
5971968 339
5953500 254
5927040 693
5906250 5
5904900 69
5898240 228
5882450 1
5880000 393
5878656 523
5834430 30
5832000 1438
5806080 2165
5788125 2
5786802 17
5762400 99
5760000 1035
5740875 5
5734400 159
5715360 1099
5670000 713
5668704 77
5647152 1
5644800 1591
5625000 6
5619712 13
5600000 183
5598720 1350
5556600 385
5531904 73
5529600 1399
5512500 25
5511240 295
5505024 36
5488000 135
5467500 66
5445468 7
5443200 3376
5419008 352
5402250 11
5400000 473
5378240 15
5376000 1073
5358150 90
5334336 291
5314410 6
5308416 157
5294205 1
5292000 1142
5268480 280
5250987 1
5250000 54
5248800 753
5242880 6
5225472 822
5186160 142
5184000 2339
5160960 758
5145000 58
5143824 220
5120000 161
5103000 603
5080320 1803
5062500 13
5042100 7
5040000 1258
5038848 279
5017600 223
5000940 141
5000000 15
4976640 1363
4961250 39
4960116 37
4939200 628
4920750 17
4917248 6
4915200 254
4900000 59
4898880 1585
4862025 5
4860000 715
4840416 21
4838400 2970
4822335 6
4816896 68
4802000 25
4800000 298
4762800 1143
4741632 246
4725000 158
4723920 217
4718592 24
4704000 844
4667544 49
4665600 2300
4644864 532
4630500 126
4609920 100
4608000 1239
4593750 4
4592700 238
4587520 59
4572288 544
4556250 9
4537890 8
4536000 2417
4515840 943
4500846 25
4500000 104
4480000 266
4478976 416
4465125 7
4445280 657
4428675 2
4423680 585
4410000 378
4408992 258
4390400 141
4375000 2
4374000 572
4354560 2732
4321800 89
4320000 1363
4302592 3
4300800 817
4287500 4
4286520 424
4252500 177
4251528 13
4235364 2
4233600 2096
4218750 1
4214784 71
4201750 5
4200000 260
4199040 1008
4194304 1
4167450 72
4148928 93
4147200 2491
4134375 2
4133430 33
4128768 133
4116000 254
4096000 142
4084101 2
4082400 1917
4064256 629
4050000 219
4033680 21
4032000 2266
4014080 86
4000752 162
4000000 51
3981312 334
3969000 523
3951360 536
3937500 19
3936600 227
3932160 91
3920000 190
3919104 773
3889620 68
3888000 2050
3870720 1701
3858750 13
3857868 52
3841600 71
3840000 577
3827250 53
3810240 1622
3781575 4
3780000 1046
3779136 149
3764768 3
3763200 829
3750705 12
3750000 11
3732480 1764
3720087 2
3704400 495
3687936 36
3686400 877
3675000 40
3674160 723
3670016 8
3645000 225
3630312 23
3628800 3792
3612672 237
3601500 24
3600000 434
3584000 311
3572100 314
3556224 304
3543750 18
3542940 45
3538944 121
3529470 1
3528000 1173
3512320 78
3500658 11
3500000 43
3499200 1438
3483648 821
3472875 12
3457440 168
3456000 2244
3444525 7
3440640 335
3430000 44
3429216 387
3402000 1244
3386880 1697
3375000 38
3361400 7
3360000 772
3359232 390
3333960 298
3317760 1290
3307500 116
3306744 93
3292800 405
3281250 1
3280500 110
3276800 56
3265920 2197
3241350 24
3240000 1110
3226944 10
3225600 2127
3215625 2
3214890 63
3211264 12
3200000 85
3189375 5
3188646 3
3176523 1
3175200 1687
3161088 182
3150000 215
3149280 484
3145728 16
3136000 317
3111696 71
3110400 2751
3096576 390
3087000 176
3073280 43
3072000 629
3062500 5
3061800 691
3048192 730
3037500 42
3025260 11
3024000 2725
3010560 468
3001250 4
3000564 61
3000000 66
2985984 497
2976750 79
2963520 694
2953125 3
2952450 20
2949120 393
2940000 293
2939328 497
2917215 3
2916000 1088
2903040 2743
2893401 2
2881200 75
2880000 1118
2867200 218
2857680 844
2835000 416
2834352 52
2823576 1
2822400 1646
2812500 5
2809856 26
2800000 139
2799360 1496
2778300 200
2765952 78
2764800 1787
2756250 11
2755620 166
2752512 58
2744000 119
2733750 23
2722734 4
2721600 2966
2709504 471
2701125 3
2700000 312
2689120 8
2688000 1182
2679075 17
2667168 272
2654208 251
2646000 824
2634240 346
2625000 25
2624400 542
2621440 21
2612736 878
2593080 100
2592000 2409
2580480 1043
2572500 30
2571912 158
2560000 186
2551500 251
2540160 1912
2531250 2
2521050 5
2520000 973
2519424 257
2508800 284
2500470 61
2500000 9
2488320 1737
2480625 9
2480058 14
2469600 517
2460375 1
2458624 4
2457600 406
2450000 22
2449440 1293
2430000 503
2420208 21
2419200 3418
2408448 96
2401000 18
2400000 296
2381400 674
2370816 268
2362500 63
2361960 126
2359296 58
2352980 1
2352000 745
2333772 33
2332800 2100
2322432 714
2315250 39
2304960 95
2304000 1463
2296350 87
2293760 97
2286144 581
2268945 3
2268000 1923
2257920 1043
2250423 4
2250000 44
2240000 267
2239488 500
2222640 476
2211840 904
2205000 221
2204496 214
2195200 143
2187000 303
2177280 2879
2160900 59
2160000 1136
2151296 4
2150400 995
2143260 219
2126250 51
2125764 6
2116800 1864
2107392 78
2100000 204
2099520 868
2097152 2
2083725 14
2074464 82
2073600 2757
2066715 5
2064384 195
2058000 165
2048000 162
2041200 1411
2032128 720
2025000 107
2016840 14
2016000 2138
2007040 115
2000376 109
2000000 46
1990656 445
1984500 249
1975680 514
1968750 5
1968300 102
1966080 126
1960000 145
1959552 738
1944810 29
1944000 1714
1935360 2122
1929375 3
1928934 22
1920800 36
1920000 647
1913625 15
1905120 1373
1890000 639
1889568 128
1882384 1
1881600 946
1875000 10
1866240 1857
1852200 309
1843968 41
1843200 1179
1837500 24
1837080 430
1835008 16
1822500 79
1815156 5
1814400 3501
1806336 266
1800750 6
1800000 348
1792000 334
1786050 99
1778112 277
1771875 1
1771470 16
1769472 167
1764000 870
1756160 94
1750329 2
1750000 21
1749600 1109
1741824 952
1728720 110
1728000 2245
1720320 423
1715000 27
1714608 303
1701000 723
1693440 1760
1687500 13
1680700 2
1680000 697
1679616 428
1666980 166
1658880 1595
1653750 34
1653372 57
1646400 327
1640250 30
1638400 95
1632960 2016
1620675 5
1620000 790
1613472 10
1612800 2439
1607445 9
1605632 27
1600000 97
1594323 1
1587600 1145
1580544 215
1575000 109
1574640 344
1572864 19
1568000 293
1555848 52
1555200 2744
1548288 532
1543500 94
1536640 37
1536000 686
1531250 1
1530900 317
1524096 690
1518750 13
1512630 5
1512000 2229
1505280 533
1500282 29
1500000 55
1492992 583
1488375 13
1481760 563
1476225 5
1474560 532
1470000 200
1469664 435
1458000 789
1451520 2955
1440600 45
1440000 996
1433600 314
1428840 511
1417500 163
1417176 22
1411788 1
1411200 1540
1404928 26
1400000 117
1399680 1417
1389150 60
1382976 61
1382400 2152
1377810 57
1376256 82
1372000 93
1366875 5
1361367 1
1360800 2228
1354752 574
1350000 205
1344560 7
1344000 1161
1333584 186
1327104 381
1323000 484
1317120 293
1312500 8
1312200 283
1310720 28
1306368 969
1296540 36
1296000 2069
1290240 1265
1286250 7
1285956 69
1280000 186
1275750 86
1270080 1664
1260000 683
1259712 228
1254400 281
1250235 14
1250000 3
1244160 1998
1240029 1
1234800 377
1229312 12
1228800 501
1225000 18
1224720 946
1215000 257
1210104 6
1209600 3215
1204224 134
1200500 6
1200000 230
1190700 292
1185408 261
1181250 12
1180980 59
1179648 89
1176000 601
1166886 17
1166400 1822
1161216 899
1157625 2
1152480 82
1152000 1514
1148175 11
1146880 101
1143072 436
1134000 1191
1128960 1209
1125000 20
1120000 279
1119744 579
1111320 260
1105920 1151
1102500 91
1102248 120
1097600 148
1093750 1
1093500 138
1088640 2584
1080450 16
1080000 925
1075648 2
1075200 1149
1071630 80
1063125 8
1062882 5
1058841 1
1058400 1451
1053696 92
1050000 126
1049760 642
1048576 5
1037232 64
1036800 2854
1032192 255
1029000 100
1024000 176
1020600 773
1016064 723
1012500 34
1008420 7
1008000 1812
1003520 159
1000188 52
1000000 27
995328 552
992250 80
987840 478
984150 29
983040 180
980000 96
979776 635
972405 6
972000 1243
967680 2281
964467 7
960400 28
960000 552
952560 934
945000 324
944784 82
940800 865
937500 3
933120 1817
926100 154
921984 31
921600 1303
918750 4
918540 202
917504 15
911250 22
907578 5
907200 2880
903168 367
900375 3
900000 239
896000 340
893025 19
889056 241
885735 2
884736 249
882000 545
878080 93
875000 16
874800 749
870912 1102
864360 60
864000 2040
860160 558
857500 8
857304 173
850500 302
846720 1526
843750 1
840000 557
839808 390
833490 56
829440 1800
826875 11
826686 14
823200 233
820125 3
819200 120
816480 1543
810000 450
806736 4
806400 2281
802816 28
800000 89
793800 608
790272 187
787500 42
787320 155
786432 29
784000 220
777924 28
777600 2407
774144 665
771750 21
768320 23
768000 770
765450 99
762048 631
759375 2
756315 2
756000 1507
752640 535
750141 4
750000 33
746496 645
740880 368
737280 632
735000 103
734832 249
729000 364
725760 2635
720300 17
720000 796
716800 289
714420 243
708750 44
708588 15
705600 1225
702464 23
700000 52
699840 1147
694575 11
691488 51
691200 2233
688905 9
688128 122
686000 42
680400 1408
677376 596
675000 91
672280 6
672000 1046
666792 105
663552 468
661500 183
658560 266
656250 1
656100 115
655360 43
653184 876
648270 24
648000 1624
645120 1423
643125 1
642978 29
640000 162
637875 14
635040 1215
630000 466
629856 171
627200 267
625000 3
622080 2023
617400 215
614656 15
614400 548
612500 9
612360 502
607500 82
605052 3
604800 2792
602112 154
600250 4
600000 160
595350 95
592704 222
590625 3
590490 22
589824 138
588245 1
588000 410
583443 2
583200 1237
580608 945
576240 44
576000 1419
573440 124
571536 292
567000 624
564480 1117
562500 6
560000 192
559872 546
555660 139
552960 1283
551250 28
551124 69
548800 125
546750 42
544320 2104
540225 1
540000 604
537824 2
537600 1092
535815 15
529200 856
526848 88
525000 49
524880 433
524288 6
518616 35
518400 2540
516096 358
514500 40
512000 207
510300 323
508032 631
506250 11
504210 1
504000 1378
501760 135
500094 16
500000 9
497664 609
496125 9
493920 345
492075 7
491520 242
490000 53
489888 505
486000 739
483840 2246
480200 14
480000 458
476280 531
472500 134
472392 36
470400 735
466560 1509
463050 44
460992 33
460800 1352
459270 63
458752 26
455625 3
453789 1
453600 1951
451584 336
450000 127
448000 351
444528 145
442368 284
441000 310
439040 89
437500 2
437400 319
435456 959
432180 37
432000 1569
430080 607
428750 4
428652 93
425250 63
423360 1186
420000 345
419904 285
416745 13
414720 1915
413343 3
411600 163
409600 140
408240 998
405000 205
403368 4
403200 2016
401408 47
400000 72
396900 297
395136 186
393750 8
393660 80
393216 38
392000 179
388962 14
388800 1706
387072 664
385875 3
384160 19
384000 701
382725 12
381024 422
378000 965
376320 554
375000 10
373248 653
370440 193
368640 733
367500 33
367416 154
364500 151
362880 2267
360150 9
360000 556
358400 302
357210 73
354375 7
354294 2
352800 807
351232 27
350000 37
349920 726
345744 40
345600 2090
344064 126
343000 23
340200 706
338688 525
337500 31
336000 850
333396 52
331776 525
330750 58
329280 210
328050 34
327680 47
326592 711
324135 4
324000 1069
322560 1405
321489 8
320000 162
317520 748
315000 188
314928 115
313600 226
311040 1747
308700 82
307328 9
307200 630
306250 2
306180 226
303750 20
302526 2
302400 2055
301056 144
300125 1
300000 106
297675 15
296352 175
295245 4
294912 162
294000 232
291600 752
290304 942
288120 23
288000 1189
286720 141
285768 191
283500 232
282240 880
280000 151
279936 438
277830 47
276480 1399
275625 2
275562 18
274400 65
273375 3
272160 1444
270000 325
268912 1
268800 1015
264600 495
263424 80
262500 23
262440 208
262144 5
259308 16
259200 2036
258048 378
257250 14
256000 205
255150 112
254016 524
252105 1
252000 874
250880 145
250047 2
250000 12
248832 678
246960 229
245760 284
245000 29
244944 264
243000 337
241920 1962
240100 6
240000 354
238140 203
236250 28
236196 26
235200 511
233280 1125
231525 6
230496 22
230400 1336
229635 7
229376 33
226800 1119
225792 376
225000 62
224000 239
222264 84
221184 334
220500 112
219520 58
218750 2
218700 142
217728 801
216090 6
216000 1042
215040 585
214375 2
214326 19
212625 20
211680 848
210000 158
209952 189
207360 1653
205800 74
204800 138
204120 486
202500 76
201684 1
201600 1479
200704 40
200000 45
198450 80
197568 107
196830 21
196608 49
196000 108
194481 1
194400 1105
193536 620
192080 15
192000 619
190512 254
189000 389
188160 463
187500 4
186624 559
185220 92
184320 730
183750 10
183708 66
182250 34
181440 1694
180075 2
180000 331
179200 261
178605 14
177147 1
176400 459
175616 25
175000 9
174960 443
172872 12
172800 1707
172032 159
171500 13
170100 267
169344 428
168750 11
168070 2
168000 582
166698 10
165888 489
165375 11
164640 141
164025 8
163840 50
163296 438
162000 512
161280 1271
160000 125
158760 375
157500 67
157464 59
156800 168
156250 1
155520 1435
154350 24
153664 11
153600 570
153090 51
151875 1
151263 2
151200 1274
150528 149
150000 42
148176 84
147456 188
147000 113
145800 320
145152 741
144060 16
144000 877
143360 125
142884 91
141750 55
141120 629
140625 1
140000 95
139968 313
138915 11
138240 1235
137781 4
137200 29
136080 845
135000 149
134400 772
132300 200
131712 61
131250 3
131220 97
131072 9
129654 7
129600 1305
129024 339
128625 1
128000 171
127575 10
127008 347
126000 499
125440 109
125000 3
124416 538
123480 91
122880 277
122500 13
122472 167
121500 110
120960 1481
120050 2
120000 209
119070 63
118125 10
118098 4
117600 289
116640 760
115248 15
115200 1146
114688 29
113400 530
112896 299
112500 14
112000 183
111132 27
110592 367
110250 29
109760 40
109350 38
108864 560
108045 4
108000 669
107520 537
107163 8
105840 470
105000 90
104976 118
103680 1349
102900 31
102400 146
102060 167
101250 17
100800 1072
100352 24
100000 15
99225 8
98784 85
98415 7
98304 67
98000 48
97200 578
96768 560
96040 4
96000 447
95256 115
94500 148
94080 344
93750 2
93312 410
92610 21
92160 717
91875 3
91854 18
91125 3
90720 1017
90000 182
89600 230
88200 227
87808 18
87500 7
87480 221
86436 10
86400 1277
86016 136
85750 2
85050 74
84672 324
84375 1
84000 297
83349 2
82944 481
82320 96
81920 68
81648 240
81000 259
80640 963
80000 59
79380 140
78750 14
78732 22
78400 112
77760 979
77175 1
76832 4
76800 521
76545 7
75600 710
75264 107
75000 15
74088 40
73728 187
73500 42
72900 128
72576 552
72030 4
72000 543
71680 139
71442 22
70875 9
70560 394
70000 45
69984 191
69120 1060
68600 14
68040 371
67500 43
67228 1
67200 554
66150 44
65856 57
65610 21
65536 14
64800 817
64512 331
64000 117
63504 208
63000 203
62720 86
62500 3
62208 457
61740 46
61440 267
61250 2
61236 65
60750 26
60480 1027
60000 114
59535 10
58800 175
58320 386
57624 7
57600 843
57344 38
56700 187
56448 226
56250 3
56000 123
55566 13
55296 338
55125 3
54880 27
54675 5
54432 329
54000 302
53760 453
52920 246
52500 19
52488 59
51840 991
51450 8
51200 123
51030 54
50625 5
50400 601
50176 28
50000 7
49392 46
49152 63
49000 29
48600 248
48384 406
48020 4
48000 327
47628 56
47250 39
47040 212
46656 290
46305 4
46080 614
45927 1
45360 553
45000 52
44800 173
44100 73
43904 16
43750 1
43740 77
43218 2
43200 830
43008 152
42525 3
42336 192
42000 169
41472 399
41160 40
40960 61
40824 105
40500 76
40320 723
40000 48
39690 38
39375 3
39366 3
39200 70
38880 610
38416 4
38400 364
37800 289
37632 92
37500 8
37044 21
36864 160
36750 7
36450 34
36288 391
36000 264
35840 93
35721 1
35280 217
35000 19
34992 102
34560 779
34300 4
34020 130
33750 10
33600 343
33075 5
32928 24
32805 2
32768 13
32400 407
32256 300
32000 103
31752 86
31500 75
31360 73
31250 1
31104 316
30870 14
30720 233
30625 1
30618 20
30375 5
30240 586
30000 53
29400 79
29160 178
28812 3
28800 561
28672 27
28350 41
28224 136
28000 55
27783 3
27648 282
27440 9
27216 216
27000 141
26880 295
26460 74
26250 8
26244 20
25920 593
25725 1
25600 92
25515 7
25200 286
25088 26
25000 3
24696 33
24576 57
24500 5
24300 91
24192 334
24000 173
23814 17
23625 2
23520 123
23328 168
23040 478
22680 257
22500 28
22400 103
22050 22
21952 3
21875 1
21870 26
21609 1
21600 447
21504 100
21168 112
21000 59
20736 287
20580 11
20480 51
20412 34
20250 11
20160 409
20000 26
19845 7
19683 1
19600 31
19440 284
19208 2
19200 270
18900 76
18816 57
18750 2
18522 7
18432 148
18225 1
18144 225
18000 139
17920 83
17640 104
17500 7
17496 47
17280 522
17150 4
17010 39
16875 1
16800 199
16464 15
16384 11
16200 152
16128 201
16000 50
15876 34
15750 13
15680 34
15552 200
15435 3
15360 196
15309 2
15120 285
15000 16
14700 38
14580 50
14406 3
14400 300
14336 18
14175 7
14112 75
14000 25
13824 223
13720 9
13608 75
13500 42
13440 227
13230 18
13122 9
12960 344
12800 77
12600 136
12544 20
12500 3
12348 12
12288 55
12150 14
12096 193
12000 104
11907 6
11760 73
11664 78
11520 321
11340 76
11250 5
11200 60
11025 2
10976 3
10935 3
10800 227
10752 80
10584 57
10500 13
10368 207
10290 4
10240 56
10206 11
10125 2
10080 228
10000 12
9800 10
9720 115
9604 1
9600 181
9450 34
9408 30
9261 1
9216 113
9072 119
9000 51
8960 56
8820 27
8750 1
8748 13
8640 296
8505 5
8400 93
8232 6
8192 13
8100 54
8064 122
8000 28
7938 10
7875 2
7840 16
7776 125
7680 153
7560 116
7500 6
7350 2
7290 16
7200 165
7168 15
7056 45
7000 12
6912 142
6860 2
6804 26
6750 8
6720 134
6615 3
6561 1
6480 189
6400 52
6300 54
6272 9
6174 3
6144 29
6125 1
6075 2
6048 107
6000 47
5880 22
5832 35
5760 231
5670 16
5625 1
5600 36
5488 2
5400 73
5376 51
5292 27
5250 6
5184 93
5145 1
5120 24
5040 97
5000 3
4900 6
4860 25
4800 84
4725 2
4704 24
4608 82
4536 35
4500 19
4480 40
4410 10
4374 6
4320 150
4200 54
4116 2
4096 8
4050 11
4032 84
4000 15
3920 6
3888 50
3840 81
3780 33
3750 2
3675 2
3645 2
3600 79
3584 16
3528 19
3500 2
3456 94
3402 3
3360 72
3240 65
3200 33
3150 7
3136 5
3087 1
3072 41
3024 57
3000 13
2940 9
2916 16
2880 96
2835 3
2800 12
2744 3
2700 26
2688 34
2646 2
2625 1
2592 60
2560 8
2520 42
2500 3
2430 8
2400 61
2352 12
2304 58
2268 14
2250 4
2240 15
2205 1
2187 1
2160 75
2100 7
2048 6
2016 45
2000 2
1960 4
1944 22
1920 49
1890 7
1800 39
1792 6
1764 12
1750 1
1728 41
1680 28
1620 19
1600 14
1575 1
1568 3
1536 19
1512 23
1500 4
1470 2
1458 4
1440 58
1400 10
1350 7
1344 18
1296 26
1280 13
1260 13
1250 1
1200 19
1176 1
1152 33
1134 4
1120 8
1080 33
1050 1
1024 3
1008 17
1000 4
980 1
972 1
960 23
900 9
896 8
882 1
864 26
840 8
810 4
800 8
784 1
768 17
756 5
750 1
735 3
720 26
700 2
675 1
672 7
648 10
640 9
630 1
625 1
600 11
588 1
576 17
560 6
540 10
512 4
504 6
500 1
480 18
450 1
448 2
432 10
420 4
405 2
400 2
384 8
378 2
360 7
336 4
324 3
320 7
300 1
294 2
288 7
270 2
256 1
252 2
240 4
224 1
216 1
200 1
192 3
180 2
144 3
140 1
128 1
120 3
112 1
108 1
96 2
90 1
72 1
64 1
60 1
54 1
36 1
27 1
24 1
16 1
