4665600000 1
3888000000 1
3826375200 1
3779136000 2
3674160000 1
3628800000 2
3499200000 2
3456000000 1
3359232000 1
3317760000 1
3306744000 1
3265920000 3
3240000000 1
3175200000 1
3149280000 1
3136000000 1
3110400000 1
3061800000 1
2939328000 2
2903040000 1
2880000000 1
2857680000 1
2834352000 1
2799360000 2
2764800000 1
2646000000 1
2645395200 1
2612736000 1
2571912000 3
2551500000 2
2520000000 2
2519424000 1
2500470000 1
2480058000 1
2469600000 1
2449440000 2
2430000000 1
2419200000 2
2380855680 1
2351462400 1
2332800000 5
2314720800 1
2296350000 2
2295825120 1
2286144000 3
2268000000 3
2267481600 1
2239488000 2
2222640000 1
2211840000 1
2204496000 6
2177280000 3
2160000000 1
2143260000 2
2125764000 1
2116800000 3
2116316160 2
2099520000 4
2090188800 1
2073600000 1
2057529600 1
2032128000 3
2016000000 1
2007040000 1
2000376000 1
1984500000 1
1968300000 1
1960000000 1
1959552000 4
1944810000 1
1944000000 3
1935360000 5
1928934000 1
1911029760 1
1905120000 6
1889568000 2
1866240000 2
1852200000 1
1843200000 2
1837080000 10
1828915200 2
1814400000 5
1806336000 3
1800000000 1
1792000000 2
1778112000 3
1771470000 2
1764000000 1
1763596800 3
1749600000 2
1741824000 6
1728000000 1
1714608000 6
1701000000 1
1700611200 1
1693440000 4
1680000000 1
1679616000 4
1658880000 1
1653372000 4
1646023680 2
1632960000 10
1625702400 1
1620000000 3
1612800000 7
1612431360 1
1600300800 3
1587600000 4
1587237120 3
1580544000 2
1574640000 2
1567641600 2
1562436540 1
1555848000 2
1555200000 3
1543147200 4
1530900000 2
1524096000 11
1512000000 8
1511654400 9
1505280000 2
1492992000 6
1488034800 2
1481760000 4
1474560000 1
1469664000 10
1463132160 1
1458000000 2
1451520000 11
1446700500 1
1445068800 4
1440270720 1
1440000000 1
1433600000 2
1428840000 8
1428513408 2
1422489600 2
1417176000 8
1411200000 3
1410877440 3
1400263200 1
1399680000 10
1393459200 1
1388832480 1
1382976000 2
1382400000 4
1377810000 4
1371686400 12
1361367000 2
1360800000 14
1354752000 5
1344000000 4
1343692800 2
1333584000 7
1327104000 4
1322697600 4
1317120000 1
1312200000 4
1306368000 23
1300561920 1
1296243648 1
1296000000 6
1290240000 11
1285956000 9
1275750000 2
1275458400 1
1270080000 19
1260236880 1
1260000000 1
1259712000 10
1254113280 3
1250235000 1
1249949232 1
1244678400 2
1244160000 13
1240029000 2
1238630400 1
1234800000 2
1234517760 7
1229312000 1
1228800000 1
1225230300 1
1224720000 15
1219276800 12
1215228420 1
1215000000 2
1209600000 8
1209323520 1
1204224000 1
1200225600 6
1194393600 3
1190700000 9
1190427840 2
1185408000 1
1180980000 4
1179648000 1
1176000000 5
1175731200 11
1170505728 1
1166400000 15
1161216000 13
1157360400 3
1156055040 1
1152480000 2
1152000000 6
1148175000 4
1143072000 23
1134000000 10
1133740800 5
1128960000 7
1128701952 3
1125211500 1
1123942400 1
1120210560 2
1119744000 13
1116026100 2
1114767360 3
1111320000 8
1106380800 3
1105920000 7
1102500000 2
1102248000 12
1097600000 2
1097349120 5
1093500000 1
1089093600 1
1088640000 25
1083801600 2
1080203040 5
1080000000 1
1075200000 1
1074954240 2
1071630000 8
1066867200 9
1062882000 1
1061683200 1
1058400000 13
1058158080 5
1053696000 2
1049760000 17
1048576000 2
1045094400 19
1041624360 4
1037232000 2
1036800000 19
1033357500 1
1032192000 9
1028764800 16
1020600000 10
1016064000 14
1012500000 1
1008000000 7
1007769600 15
1003290624 1
1000188000 10
1000000000 1
995742720 2
995328000 11
992250000 4
992023200 10
990904320 1
987840000 7
984150000 3
983449600 1
983040000 1
980184240 2
979776000 35
975421440 3
972000000 9
968083200 2
967680000 18
967458816 1
964467000 3
960180480 8
956593800 1
955514880 1
952560000 23
948326400 2
945000000 1
944784000 4
940800000 3
940584960 6
933508800 3
933120000 23
928972800 7
926100000 4
925888320 2
921984000 1
921600000 11
918540000 15
914457600 19
911250000 1
907578000 3
907200000 29
906992640 5
903168000 11
900169200 6
900000000 1
896000000 2
895795200 11
893025000 3
889056000 20
885735000 2
885104640 3
884736000 6
882000000 5
881798400 28
878080000 1
877879296 4
875164500 1
874800000 9
871274880 1
870912000 44
868020300 1
864360000 8
864162432 2
864000000 7
860518400 1
860160000 11
859963392 1
857661210 1
857304000 30
853493760 4
850500000 4
850305600 6
846720000 20
846526464 3
842956800 1
840157920 3
840000000 5
839808000 24
836075520 5
833490000 6
833299488 2
829785600 3
829440000 24
826686000 7
823200000 1
823011840 14
819200000 2
816820200 1
816480000 55
812851200 23
810152280 4
810000000 4
806736000 1
806400000 27
806215680 8
802816000 1
800150400 17
800000000 1
797161500 1
796262400 7
793800000 21
793618560 12
790272000 13
787320000 12
784000000 5
783820800 40
781218270 1
780337152 2
777924000 6
777600000 22
774466560 1
774144000 24
771750000 3
771573600 9
768320000 1
768000000 2
765450000 10
765275040 1
762048000 58
758661120 1
756315000 1
756142128 1
756000000 19
755827200 11
752640000 7
750141000 7
746807040 4
746496000 35
744017400 3
743178240 5
740880000 15
740710656 3
737587200 1
737280000 14
735000000 1
734832000 56
734003200 2
731566080 12
729137052 1
729000000 3
725760000 59
725594112 2
723350250 1
722534400 7
720135360 6
720000000 4
716800000 4
716636160 6
714420000 27
714256704 3
711244800 27
708750000 1
708588000 5
707788800 2
705600000 25
705438720 13
702464000 5
700131600 3
700000000 1
699840000 53
696729600 21
694575000 2
694416240 6
691488000 6
691200000 25
688905000 6
688747536 2
688128000 8
686000000 1
685843200 49
680683500 1
680400000 27
680244480 5
677376000 37
675126900 1
674365440 2
672126336 1
672000000 8
671846400 24
669615660 1
668860416 1
666792000 24
663828480 3
663552000 17
661500000 4
661348800 25
658560000 4
658409472 4
656100000 15
655360000 1
653456160 3
653184000 78
650280960 6
648270000 3
648000000 19
645388800 2
645120000 22
644972544 2
642978000 20
642252800 1
640120320 14
640000000 4
637875000 1
637729200 4
637009920 2
635040000 54
634894848 5
632217600 8
630118440 3
630000000 10
629856000 29
629145600 1
627200000 2
627056640 19
625117500 3
624974616 1
622339200 10
622080000 68
620014500 4
619315200 10
617400000 10
617258880 17
614656000 1
614400000 7
612360000 50
612220032 2
609638400 53
607500000 2
606928896 3
605052000 2
604800000 36
604661760 10
602112000 9
600250000 1
600112800 22
600000000 1
597445632 1
597196800 20
595350000 11
595213920 9
592950960 1
592704000 30
590490000 9
590069760 1
589824000 5
588000000 13
587865600 74
585252864 4
583443000 5
583200000 28
580849920 2
580608000 69
578680200 12
578027520 5
576240000 4
576108288 3
576000000 18
573440000 6
573308928 2
571536000 74
568995840 7
567106596 2
567000000 16
566870400 15
566231040 1
564480000 39
564350976 7
562605750 2
561971200 3
560105280 4
560000000 6
559872000 58
558013050 1
557383680 7
555660000 23
555532992 5
553190400 7
552960000 25
551124000 33
550502400 5
548800000 5
548674560 35
546750000 5
544546800 7
544320000 99
544195584 1
541900800 22
540225000 1
540101520 7
540000000 2
537824000 1
537600000 28
537477120 12
535815000 13
535692528 2
533433600 50
531441000 6
531062784 1
530841600 10
529200000 45
529079040 22
526848000 9
525098700 5
524880000 45
522764928 1
522547200 93
520812180 4
520224768 4
518616000 12
518400000 47
516311040 1
516096000 31
514500000 4
514382400 61
512096256 2
512000000 3
510300000 28
510183360 6
508032000 105
505774080 2
504094752 3
504000000 31
503884800 36
503316480 2
501760000 11
501645312 4
500094000 30
497871360 8
497664000 50
496125000 3
496011600 15
495452160 3
493920000 32
493807104 12
492075000 5
491724800 1
491520000 5
490092120 3
490000000 1
489888000 126
487710720 30
486091368 3
486000000 16
484041600 4
483840000 96
483729408 5
482233500 6
481689600 9
480200000 3
480090240 25
480000000 7
478296900 1
477757440 17
476280000 76
476171136 6
474163200 38
472588830 1
472500000 5
472392000 29
470400000 8
470292480 50
466754400 10
466560000 82
464679936 1
464486400 60
463050000 8
462944160 16
460992000 7
460800000 34
459270000 25
458752000 4
457419312 1
457228800 114
455196672 5
453789000 1
453600000 75
453496320 16
451584000 55
450084600 12
450000000 3
449576960 1
448084224 5
448000000 8
447897600 49
446512500 1
446410440 4
445906944 1
444528000 66
442867500 1
442552320 3
442368000 22
441082908 1
441000000 8
440899200 75
439040000 6
438939648 12
437582250 1
437400000 29
435637440 5
435456000 175
434010150 1
433520640 12
432180000 11
432081216 3
432000000 30
430467210 1
430259200 1
430080000 21
429981696 2
428750000 2
428652000 54
426746880 33
425250000 15
425152800 10
424673280 5
423360000 112
423263232 5
421478400 5
420175000 2
420078960 12
420000000 10
419904000 79
418037760 42
416745000 16
416649744 1
414892800 25
414720000 66
413343000 13
412876800 9
411600000 7
411505920 47
410062500 1
409600000 4
408410100 3
408240000 132
408146688 3
406425600 87
405076140 2
405000000 6
404619264 2
403200000 55
403107840 14
401861250 1
401769396 1
401408000 10
400075200 65
400000000 2
398297088 4
398131200 36
396900000 29
396809280 28
395136000 54
393750000 1
393660000 25
393216000 4
392073696 1
392000000 7
391910400 134
390168576 8
388962000 13
388800000 81
387233280 2
387072000 94
385786800 39
385351680 4
384160000 6
384072192 10
384000000 11
382725000 13
382637520 2
382205952 2
381024000 146
379330560 14
378071064 2
378000000 46
377913600 49
377487360 1
376320000 50
376233984 10
375070500 11
373403520 12
373248000 105
372008700 1
371589120 19
370440000 47
370355328 8
368793600 9
368640000 35
367569090 1
367500000 3
367416000 129
367001600 3
365783040 69
364500000 13
363031200 8
362880000 184
362797056 2
361267200 43
360150000 1
360067680 19
360000000 12
358400000 14
358318080 36
357210000 34
357128352 4
355622400 84
354294000 11
354041856 3
353894400 13
352947000 1
352800000 58
352719360 69
351232000 8
350065800 8
350000000 4
349920000 103
348509952 2
348364800 117
347287500 1
347208120 14
345744000 22
345600000 70
344452500 9
344373768 1
344207360 1
344064000 19
343000000 1
342921600 130
341397504 8
340341750 1
340200000 81
340122240 24
339738624 1
338829120 2
338688000 128
337563450 3
337500000 1
337182720 4
336140000 4
336063168 9
336000000 32
335923200 83
334807830 1
334430208 9
333396000 60
331914240 12
331776000 80
330750000 15
330674400 64
330301440 4
329280000 34
329204736 14
328050000 13
327680000 10
326728080 7
326592000 273
325140480 48
324135000 5
324060912 3
324000000 45
322694400 5
322560000 112
322486272 6
321489000 31
321126400 3
320060160 64
320000000 6
318864600 5
318504960 14
317520000 153
317447424 7
316240512 1
316108800 47
315059220 1
315000000 14
314928000 87
314572800 2
313600000 19
313528320 94
312558750 2
311169600 38
311040000 130
310007250 2
309657600 78
308700000 27
308629440 50
307328000 6
307200000 23
306307575 1
306180000 98
306110016 1
304819200 172
303807105 1
303464448 1
302526000 4
302400000 117
302330880 38
301181440 1
301056000 36
300056400 52
300000000 2
298722816 4
298598400 77
297675000 12
297606960 10
297271296 4
296475480 1
296352000 91
295245000 13
295034880 5
294912000 26
294055272 2
294000000 17
293932800 192
292626432 13
291721500 7
291600000 76
290424960 12
290304000 231
289340100 17
289013760 9
288120000 11
288054144 15
288000000 48
287043750 1
286720000 21
286654464 4
285887070 1
285768000 195
284497920 47
283553298 2
283500000 38
283435200 49
283115520 3
282240000 122
282175488 15
281250000 1
280985600 8
280052640 23
280000000 5
279936000 184
278691840 60
277830000 33
277766496 15
276595200 27
276480000 93
275625000 2
275562000 71
275251200 8
274400000 13
274337280 120
272273400 11
272160000 261
272097792 8
271063296 1
270950400 120
270050760 12
270000000 12
269746176 2
268912000 2
268800000 66
268738560 46
267907500 13
266716800 134
265720500 4
265531392 5
265420800 56
264600000 76
264539520 81
263424000 38
262549350 6
262440000 72
262144000 3
261382464 4
261273600 265
260112384 7
259308000 27
259200000 130
258155520 5
258048000 99
257250000 4
257191200 112
256901120 4
256048128 18
256000000 10
255150000 44
255091680 5
254803968 4
254121840 5
254016000 269
252887040 13
252047376 1
252000000 67
251942400 103
250880000 22
250822656 19
250047000 46
248935680 32
248832000 187
248062500 1
248005800 28
247726080 19
246960000 67
246903552 17
245862400 9
245760000 22
245046060 7
245000000 2
244944000 273
243855360 118
243101250 2
243045684 1
243000000 36
242020800 10
241920000 237
241864704 10
241116750 8
240844800 22
240100000 3
240045120 63
240000000 12
239148450 1
238878720 41
238140000 139
238085568 12
237081600 96
236250000 5
236196000 40
235929600 12
235298000 1
235200000 55
235146240 127
233377200 29
233280000 205
232339968 2
232243200 160
231525000 15
231472080 39
231211008 1
230496000 30
230400000 83
229635000 42
229376000 11
228614400 306
227598336 11
226894500 2
226800000 142
226748160 38
225792000 161
225042300 14
225000000 3
224788480 5
224042112 8
224000000 18
223948800 170
223205220 4
222953472 7
222264000 143
221433750 1
221276160 21
221184000 86
220500000 16
220449600 172
220200960 4
219520000 20
219469824 36
218700000 37
217818720 13
217728000 427
216760320 52
216090000 14
216040608 9
216000000 49
215129600 5
215040000 73
214990848 11
214326000 102
213373440 97
212625000 13
212576400 14
212336640 15
211680000 229
211631616 32
210739200 26
210087500 1
210039480 8
210000000 8
209952000 165
209715200 1
209018880 145
208372500 17
208324872 4
207446400 41
207360000 199
206671500 15
206438400 62
205800000 24
205752960 138
204800000 7
204205050 4
204120000 252
204073344 3
203212800 252
202538070 5
202500000 5
201684000 6
201600000 151
201553920 77
200704000 23
200037600 125
200000000 1
199148544 17
199065600 124
198450000 51
198404640 49
198180864 3
197568000 113
196875000 1
196830000 38
196689920 1
196608000 16
196036848 2
196000000 17
195955200 342
195084288 28
194481000 31
194400000 124
193616640 11
193536000 288
192937500 1
192893400 45
192675840 14
192080000 9
192036096 29
192000000 34
191362500 2
191318760 6
191102976 6
190591380 1
190512000 357
189665280 50
189078750 1
189035532 4
189000000 72
188956800 98
188743680 2
188238400 1
188160000 99
188116992 30
187535250 10
186701760 33
186624000 248
186004350 5
185794560 71
185220000 74
185177664 19
184396800 19
184320000 102
183784545 2
183750000 2
183708000 164
183500800 8
182891520 211
182250000 10
181515600 10
181440000 399
181398528 10
180633600 126
180075000 3
180033840 38
180000000 20
179200000 33
179159040 85
178605000 50
178564176 5
177811200 181
177147000 15
177020928 5
176947200 45
176400000 102
176359680 162
175616000 25
175032900 13
175000000 3
174960000 159
174254976 2
174182400 373
173643750 1
173604060 15
173408256 6
172872000 43
172800000 140
172226250 1
172103680 1
172032000 57
171500000 2
171460800 310
170698752 25
170100000 115
170061120 29
169869312 1
169414560 1
169344000 340
168750000 1
168591360 9
168070000 4
168031584 8
168000000 60
167961600 196
167772160 1
167215104 31
166698000 81
165957120 39
165888000 222
165375000 6
165337200 72
165150720 23
164708600 1
164640000 52
164602368 51
164025000 16
163840000 12
163364040 19
163296000 568
162570240 131
162067500 4
162030456 4
162000000 64
161347200 9
161280000 261
161243136 19
160744500 29
160563200 11
160030080 132
160000000 7
159468750 1
159432300 1
159252480 56
158760000 241
158723712 30
158054400 115
157529610 6
157500000 9
157464000 139
157286400 4
156800000 45
156764160 269
156279375 1
156243654 1
155584800 55
155520000 321
154893312 3
154828800 201
154350000 18
154314720 91
154140672 2
153664000 17
153600000 34
153125000 1
153090000 112
153055008 3
152473104 2
152409600 429
151875000 1
151732224 15
151263000 6
151200000 243
151165440 91
150994944 1
150590720 1
150528000 104
150028200 73
150000000 4
149361408 15
149299200 254
148837500 13
148803480 16
148635648 13
148176000 191
147622500 6
147517440 10
147456000 64
147027636 3
147000000 30
146966400 370
146800640 5
146313216 54
145860750 4
145800000 107
145212480 6
145152000 623
144670050 3
144506880 49
144060000 8
144027072 27
144000000 65
143360000 56
143327232 11
142884000 295
142248960 140
141750000 35
141717600 68
141557760 8
141178800 4
141120000 262
141087744 43
140625000 1
140492800 18
140026320 35
140000000 7
139968000 347
139345920 198
138915000 50
138883248 15
138297600 68
138240000 244
137781000 80
137625600 35
137200000 16
137168640 261
136687500 2
136136700 3
136080000 468
136048896 10
135531648 1
135475200 312
135056250 2
135025380 13
135000000 23
134873088 3
134456000 4
134400000 114
134369280 141
133953750 6
133923132 2
133358400 223
132860250 1
132765696 10
132710400 154
132300000 120
132269760 130
132120576 4
131712000 91
131250000 3
131220000 131
131072000 12
130691232 5
130636800 702
130203045 1
130056192 20
129654000 55
129600000 192
129077760 1
129024000 278
128625000 2
128595600 180
128450560 2
128024064 43
128000000 18
127575000 36
127545840 12
127401984 8
127060920 2
127008000 522
126443520 57
126052500 1
126023688 11
126000000 85
125971200 228
125829120 2
125440000 61
125411328 62
125023500 31
124467840 50
124416000 443
124002900 21
123863040 82
123480000 113
123451776 44
123018750 1
122931200 13
122880000 57
122523030 4
122472000 453
121927680 267
121522842 3
121500000 46
121010400 18
120960000 478
120932352 25
120558375 1
120422400 77
120050000 4
120022560 122
120000000 25
119439360 122
119070000 163
119042784 20
118540800 260
118125000 3
118098000 59
118013952 4
117964800 31
117649000 2
117600000 108
117573120 303
116688600 38
116640000 366
116169984 8
116121600 477
115762500 8
115736040 47
115605504 8
115248000 47
115200000 149
114817500 30
114791256 1
114688000 30
114307200 565
113799168 32
113447250 2
113400000 235
113374080 78
113246208 2
112943040 3
112896000 381
112521150 15
112500000 3
112394240 3
112021056 17
112000000 30
111974400 390
111602610 2
111476736 35
111132000 207
110716875 1
110638080 49
110592000 248
110250000 31
110224800 245
110100480 9
109760000 44
109734912 85
109350000 41
108909360 18
108864000 945
108380160 144
108045000 22
108020304 15
108000000 107
107564800 10
107520000 165
107495424 32
107163000 111
106686720 219
106312500 4
106288200 16
106168320 51
105884100 3
105840000 400
105815808 74
105369600 84
105019740 15
105000000 13
104976000 284
104857600 2
104509440 366
104186250 10
104162436 10
103723200 92
103680000 442
103335750 7
103262208 2
103219200 147
102900000 25
102876480 239
102760448 1
102400000 17
102102525 1
102060000 306
102036672 6
101648736 1
101606400 628
101250000 14
101154816 12
100842000 8
100800000 238
100776960 159
100352000 50
100018800 158
100000000 2
99574272 25
99532800 312
99225000 47
99202320 75
99090432 11
98784000 231
98437500 1
98415000 35
98344960 9
98304000 40
98018424 4
98000000 26
97977600 718
97542144 64
97240500 30
97200000 210
96808320 23
96768000 653
96468750 1
96446700 52
96337920 33
96040000 16
96018048 61
96000000 54
95681250 2
95551488 17
95295690 1
95256000 568
94832640 151
94539375 1
94517766 2
94500000 71
94478400 178
94371840 8
94119200 2
94080000 196
94058496 101
93767625 2
93750000 2
93350880 73
93312000 598
92897280 204
92610000 112
92588832 43
92198400 54
92160000 223
91854000 224
91750400 14
91445760 417
91125000 13
90757800 13
90720000 748
90699264 31
90354432 2
90316800 294
90037500 2
90016920 46
90000000 30
89915392 1
89600000 55
89579520 205
89302500 49
89282088 8
88942644 1
88905600 385
88573500 12
88510464 9
88473600 125
88200000 155
88179840 303
88080384 5
87808000 44
87516450 6
87500000 1
87480000 260
87127488 12
87091200 877
86802030 15
86704128 34
86436000 63
86400000 299
86051840 3
86016000 161
85750000 5
85730400 430
85349376 83
85050000 109
85030560 39
84934656 8
84707280 8
84672000 688
84375000 1
84295680 34
84035000 2
84015792 24
84000000 86
83980800 431
83607552 92
83349000 103
82978560 84
82944000 537
82687500 8
82668600 80
82575360 60
82320000 94
82301184 104
82012500 7
81920000 10
81682020 12
81648000 920
81285120 378
81033750 4
81015228 10
81000000 78
80673600 12
80640000 455
80621568 42
80372250 11
80281600 37
80015040 227
80000000 10
79716150 2
79626240 130
79413075 1
79380000 353
79361856 43
79027200 261
78750000 5
78732000 155
78675968 1
78643200 17
78400000 60
78382080 559
77792400 78
77760000 590
77446656 11
77414400 503
77175000 20
77157360 139
77070336 3
76832000 25
76800000 96
76545000 115
76527504 1
76204800 867
75937500 3
75866112 37
75631500 4
75600000 341
75582720 147
75497472 1
75295360 2
75264000 206
75014100 57
75000000 4
74680704 37
74649600 555
74418750 6
74401740 22
74317824 42
74088000 298
73811250 6
73758720 33
73728000 166
73500000 29
73483200 612
73400320 3
73156608 109
72930375 1
72900000 110
72606240 14
72576000 1189
72335025 3
72253440 117
72030000 15
72013536 49
72000000 105
71680000 81
71663616 43
71442000 349
71124480 275
70875000 21
70858800 85
70778880 38
70589400 3
70560000 475
70543872 108
70246400 47
70013160 54
70000000 4
69984000 577
69672960 502
69457500 38
69441624 19
69148800 110
69120000 491
68906250 1
68890500 55
68841472 2
68812800 79
68600000 27
68584320 459
68343750 2
68068350 6
68040000 571
68024448 23
67765824 1
67737600 656
67512690 16
67500000 17
67436544 3
67228000 5
67200000 220
67184640 289
66976875 3
66961566 3
66679200 346
66382848 27
66355200 375
66150000 109
66134880 204
66060288 6
65883440 3
65856000 179
65610000 101
65536000 18
65345616 10
65318400 1143
65028096 69
64827000 39
64800000 334
64538880 5
64512000 568
64312500 2
64297800 159
64225280 19
64012032 89
64000000 39
63787500 19
63772920 22
63700992 24
63530460 3
63504000 875
63221760 131
63026250 1
63011844 7
63000000 105
62985600 354
62914560 7
62720000 110
62705664 156
62511750 19
62500000 1
62233920 97
62208000 815
62001450 7
61931520 202
61740000 124
61725888 108
61465600 27
61440000 140
61250000 4
61236000 581
60963840 587
60750000 38
60505200 30
60480000 902
60466176 65
60211200 184
60025000 2
60011280 156
60000000 28
59719680 272
59535000 140
59521392 24
59270400 409
59049000 60
59006976 5
58982400 106
58800000 127
58786560 587
58344300 41
58320000 491
58084992 15
58060800 1085
57881250 3
57868020 38
57802752 19
57624000 49
57600000 256
57408750 4
57344000 67
57153600 823
56899584 90
56723625 1
56700000 269
56687040 112
56623104 8
56471520 3
56448000 625
56260575 5
56250000 1
56197120 11
56010528 39
56000000 46
55987200 743
55801305 1
55738368 98
55566000 208
55319040 85
55296000 487
55125000 22
55112400 296
55050240 28
54880000 58
54867456 194
54675000 22
54454680 13
54432000 1522
54190080 348
54022500 15
54010152 29
54000000 124
53782400 8
53760000 303
53747712 72
53581500 80
53343360 360
53156250 2
53144100 13
53084160 117
52942050 1
52920000 498
52907904 89
52706752 2
52684800 146
52509870 18
52500000 13
52488000 424
52428800 6
52254720 803
52093125 2
52081218 11
51861600 131
51840000 752
51631104 8
51609600 323
51450000 20
51438240 319
51380224 1
51200000 33
51030000 337
51018336 11
50803200 1116
50625000 7
50577408 30
50421000 3
50400000 349
50388480 303
50176000 114
50009400 159
50000000 3
49787136 38
49766400 727
49612500 28
49601160 64
49545216 25
49392000 328
49207500 22
49172480 12
49152000 113
49009212 6
49000000 12
48988800 1070
48771072 180
48620250 9
48600000 260
48404160 17
48384000 1269
48223350 26
48168960 46
48020000 23
48009024 80
48000000 84
47840625 1
47829690 2
47775744 57
47628000 683
47416320 279
47250000 53
47239200 196
47185920 34
47059600 1
47040000 331
47029248 197
46675440 96
46656000 1001
46448640 501
46305000 75
46294416 52
46099200 98
46080000 384
45927000 211
45875200 35
45722880 802
45562500 3
45378900 10
45360000 1026
45349632 40
45177216 2
45158400 547
45008460 42
45000000 29
44957696 4
44800000 98
44789760 397
44651250 23
44641044 6
44452800 495
44286750 12
44255232 23
44236800 296
44100000 135
44089920 404
43904000 61
43758225 3
43740000 327
43563744 11
43545600 1622
43401015 1
43352064 61
43218000 64
43200000 384
43025920 7
43008000 303
42875000 3
42865200 468
42674688 134
42525000 125
42515280 49
42467328 16
42353640 5
42336000 1084
42147840 74
42017500 1
42007896 26
42000000 97
41990400 692
41803776 167
41674500 68
41489280 123
41472000 981
41343750 1
41334300 73
41287680 142
41160000 130
41150592 169
41006250 3
40960000 50
40841010 7
40824000 1161
40642560 687
40516875 1
40507614 11
40500000 81
40336800 17
40320000 767
40310784 105
40186125 4
40140800 70
40007520 330
40000000 15
39813120 300
39690000 310
39680928 55
39530064 1
39513600 421
39375000 12
39366000 192
39337984 1
39321600 49
39200000 78
39191040 962
38896200 102
38880000 808
38723328 9
38707200 942
38587500 15
38578680 134
38535168 11
38416000 35
38400000 173
38281250 1
38272500 71
38263752 5
38118276 1
38102400 1264
37968750 1
37933056 73
37815750 2
37800000 396
37791360 243
37748736 3
37647680 4
37632000 402
37507050 37
37500000 4
37340352 50
37324800 1074
37200870 9
37158912 91
37044000 374
36879360 50
36864000 362
36750000 23
36741600 707
36700160 14
36578304 240
36450000 104
36303120 36
36288000 1962
36126720 272
36015000 21
36006768 47
36000000 128
35840000 136
35831808 98
35721000 261
35562240 482
35437500 16
35429400 52
35389440 105
35294700 2
35280000 541
35271936 192
35123200 76
35006580 31
35000000 12
34992000 831
34836480 886
34728750 13
34720812 12
34574400 156
34560000 802
34445250 16
34420736 3
34406400 184
34300000 27
34292160 687
34020000 695
34012224 27
33882912 2
33868800 1125
33756345 9
33750000 12
33718272 15
33614000 4
33600000 291
33592320 520
33339600 354
33191424 54
33177600 698
33075000 65
33067440 198
33030144 24
32928000 224
32812500 1
32805000 71
32768000 30
32672808 9
32659200 1857
32514048 167
32413500 33
32400000 449
32269440 25
32256000 951
32148900 121
32112640 24
32006016 149
32000000 29
31893750 9
31886460 5
31850496 65
31765230 2
31752000 1111
31610880 258
31505922 5
31500000 101
31492800 418
31457280 6
31360000 157
31352832 269
31255875 5
31250000 1
31116960 157
31104000 1312
31000725 1
30965760 450
30870000 119
30862944 130
30732800 38
30720000 186
30625000 2
30618000 529
30481920 1041
30375000 19
30252600 21
30240000 1180
30233088 81
30105600 316
30012500 2
30005640 133
30000000 32
29859840 548
29767500 83
29760696 26
29635200 616
29531250 1
29524500 38
29503488 12
29491200 204
29400000 154
29393280 792
29172150 25
29160000 620
29042496 9
29030400 1834
28934010 24
28901376 56
28812000 76
28800000 385
28704375 2
28672000 111
28576800 990
28449792 137
28350000 219
28343520 115
28311552 15
28235760 5
28224000 987
28125000 4
28098560 27
28005264 43
28000000 54
27993600 1119
27869184 189
27783000 192
27659520 139
27648000 897
27562500 10
27556200 228
27525120 75
27440000 77
27433728 298
27337500 34
27227340 18
27216000 1950
27095040 631
27011250 7
27005076 23
27000000 121
26891200 19
26880000 512
26873856 133
26790750 36
26671680 453
26572050 4
26542080 297
26460000 518
26453952 122
26342400 247
26254935 3
26250000 15
26244000 474
26214400 13
26127360 1322
26040609 1
25930800 124
25920000 1121
25815552 5
25804800 746
25725000 21
25719120 385
25690112 6
25600000 65
25515000 211
25509168 17
25412184 3
25401600 1667
25312500 1
25288704 49
25210500 8
25200000 444
25194240 453
25165824 1
25088000 147
25004700 115
25000000 3
24893568 75
24883200 1223
24806250 8
24800580 47
24772608 88
24706290 1
24696000 409
24603750 8
24586240 13
24576000 202
24504606 3
24500000 22
24494400 1294
24385536 306
24310125 5
24300000 268
24202080 23
24192000 1892
24111675 7
24084480 141
24010000 10
24004512 126
24000000 110
23914845 2
23887872 120
23814000 664
23708160 491
23625000 42
23619600 181
23592960 53
23529800 3
23520000 368
23514624 317
23337720 82
23328000 1323
23224320 902
23152500 44
23147208 51
23049600 119
23040000 597
22963500 126
22937600 62
22861440 1077
22781250 1
22689450 1
22680000 1028
22674816 65
22588608 2
22579200 929
22504230 34
22500000 30
22478848 4
22400000 156
22394880 770
22325625 2
22320522 5
22226400 566
22143375 1
22127616 32
22118400 613
22050000 121
22044960 472
22020096 6
21952000 106
21875000 3
21870000 270
21781872 19
21772800 2458
21676032 135
21609000 56
21600000 499
21512960 7
21504000 552
21437500 2
21432600 367
21337344 226
21262500 44
21257640 31
21233664 41
21176820 3
21168000 1270
21073920 152
21003948 20
21000000 83
20995200 885
20971520 9
20901888 365
20837250 30
20744640 207
20736000 1545
20667150 25
20643840 280
20588575 1
20580000 135
20575296 217
20503125 1
20480000 71
20420505 1
20412000 1129
20321280 1162
20253807 2
20250000 57
20168400 15
20160000 1141
20155392 139
20070400 114
20003760 299
20000000 14
19906560 582
19845000 239
19840464 60
19756800 536
19687500 3
19683000 133
19668992 12
19660800 110
19600000 85
19595520 1351
19448100 60
19440000 967
19361664 9
19353600 1654
19293750 3
19289340 122
19267584 27
19208000 36
19200000 228
19136250 25
19131876 4
19051200 1514
18966528 152
18907875 2
18900000 359
18895680 262
18874368 6
18823840 3
18816000 567
18753525 7
18750000 1
18670176 68
18662400 1562
18600435 3
18579456 199
18522000 340
18439680 64
18432000 624
18375000 13
18370800 655
18350080 22
18289152 401
18225000 55
18151560 26
18144000 2464
18063360 467
18007500 10
18003384 57
18000000 165
17920000 212
17915904 179
17860500 192
17781120 673
17718750 2
17714700 46
17694720 216
17647350 1
17640000 601
17635968 278
17561600 121
17503290 19
17500000 12
17496000 918
17418240 1549
17364375 2
17360406 12
17287200 141
17280000 1065
17222625 4
17210368 2
17203200 347
17150000 19
17146080 736
17010000 585
17006112 34
16941456 3
16934400 1636
16875000 7
16859136 31
16807000 4
16800000 335
16796160 773
16777216 1
16669800 280
16595712 78
16588800 1229
16537500 49
16533720 163
16515072 42
16470860 1
16464000 297
16402500 46
16384000 66
16336404 9
16329600 2257
16257024 285
16206750 11
16200000 421
16134720 26
16128000 1515
16074450 68
16056320 44
16003008 180
16000000 58
15946875 2
15943230 5
15925248 130
15882615 1
15876000 1104
15805440 358
15752961 2
15750000 79
15746400 425
15728640 34
15680000 178
15676416 470
15558480 150
15552000 1875
15482880 728
15435000 78
15431472 135
15366400 42
15360000 347
15312500 2
15309000 406
15240960 1471
15187500 14
15126300 23
15120000 1381
15116544 142
15052800 475
15006250 2
15002820 97
15000000 14
14929920 854
14883750 31
14880348 8
14817600 720
14762250 18
14751744 18
14745600 356
14700000 116
14696640 919
14680064 2
14586075 2
14580000 540
14521248 18
14515200 2687
14467005 6
14450688 94
14406000 64
14400000 479
14348907 1
14336000 171
14288400 840
14224896 253
14175000 134
14171760 99
14155776 35
14117880 4
14112000 1258
14049280 41
14002632 39
14000000 72
13996800 1483
13934592 383
13891500 122
13829760 166
13824000 1332
13781250 4
13778100 155
13762560 121
13720000 82
13716864 398
13668750 5
13613670 7
13608000 2037
13547520 994
13505625 1
13502538 11
13500000 102
13445600 16
13440000 681
13436928 238
13395375 6
13335840 518
13271040 548
13230000 397
13226976 162
13171200 341
13125000 8
13122000 363
13107200 26
13063680 1799
12965400 91
12960000 1267
12907776 5
12902400 1160
12862500 15
12859560 306
12845056 2
12800000 96
12757500 104
12754584 9
12706092 1
12700800 1879
12656250 1
12644352 86
12605250 3
12600000 461
12597120 576
12582912 2
12544000 234
12502350 60
12500000 2
12446784 81
12441600 1935
12403125 1
12400290 20
12386304 129
12348000 381
12301875 1
12293120 35
12288000 330
12252303 1
12250000 19
12247200 1350
12192768 476
12150000 174
12101040 30
12096000 2417
12042240 244
12005000 8
12002256 90
12000000 115
11943936 226
11907000 500
11854080 636
11812500 27
11809800 136
11796480 123
11764900 2
11760000 419
11757312 412
11668860 56
11664000 1557
11612160 1446
11576250 17
11573604 22
11524800 124
11520000 859
11481750 44
11468800 102
11430720 1261
11344725 1
11340000 979
11337408 95
11294304 3
11289600 1325
11252115 13
11250000 20
11239424 9
11200000 171
11197440 1143
11160261 1
11113200 514
11063808 52
11059200 995
11025000 63
11022480 375
11010048 20
10976000 132
10935000 151
10890936 10
10886400 3067
10838016 255
10804500 38
10800000 530
10756480 14
10752000 775
10716300 237
10668672 272
10631250 14
10628820 21
10616832 101
10588410 1
10584000 1394
10536960 204
10501974 10
10500000 82
10497600 922
10485760 12
10450944 565
10418625 9
10372320 167
10368000 2107
10333575 4
10321920 462
10290000 76
10287648 259
10240000 104
10206000 994
10160640 1534
10125000 32
10084200 10
10080000 1241
10077696 217
10035200 182
10001880 240
10000000 19
9953280 1020
9922500 113
9920232 43
9878400 641
9841500 63
9834496 6
9830400 150
9800000 91
9797760 1583
9724050 28
9720000 918
9680832 15
9676800 2443
9646875 1
9644670 48
9633792 35
9604000 31
9600000 287
9568125 3
9565938 1
9525600 1388
9483264 224
9450000 277
9447840 258
9437184 11
9411920 1
9408000 716
9375000 2
9335088 68
9331200 2043
9289728 370
9261000 224
9219840 99
9216000 985
9187500 5
9185400 440
9175040 36
9144576 546
9112500 31
9075780 19
9072000 2674
9031680 642
9003750 5
9001692 37
9000000 111
8960000 235
8957952 313
8930250 61
8890560 694
8857350 10
8847360 413
8820000 543
8817984 313
8780800 116
8751645 8
8750000 2
8748000 836
8709120 2218
8680203 4
8643600 146
8640000 1330
8605184 2
8601600 600
8575000 11
8573040 619
8505000 353
8503056 29
8470728 2
8467200 2053
8437500 6
8429568 37
8403500 3
8400000 337
8398080 945
8388608 1
8334900 162
8297856 76
8294400 1832
8268750 12
8266860 114
8257536 88
8232000 316
8201250 9
8192000 90
8168202 4
8164800 2405
8128512 474
8103375 4
8100000 337
8067360 19
8064000 1944
8037225 16
8028160 67
8001504 192
8000000 59
7962624 195
7938000 838
7902720 505
7875000 39
7873200 352
7864320 52
7840000 231
7838208 637
7779240 113
7776000 2138
7741440 1224
7717500 53
7715736 95
7683200 54
7680000 474
7654500 169
7620480 1679
7593750 4
7563150 4
7560000 1301
7558272 138
7529536 1
7526400 659
7501410 51
7500000 20
7464960 1369
7441875 2
7440174 5
7408800 664
7381125 3
7375872 29
7372800 593
7350000 86
7348320 928
7340032 8
7290000 397
7260624 16
7257600 3409
7225344 147
7203000 40
7200000 495
7168000 261
7144200 580
7112448 307
7087500 70
7085880 81
7077888 67
7058940 4
7056000 1250
7024640 62
7001316 24
7000000 43
6998400 1550
6967296 578
6945750 54
6914880 172
6912000 1827
6890625 1
6889050 49
6881280 222
6860000 57
6858432 403
6834375 1
6806835 4
6804000 1826
6773760 1379
6751269 2
6750000 75
6722800 10
6720000 739
6718464 333
6667920 439
6635520 884
6615000 281
6613488 116
6585600 397
6562500 3
6561000 203
6553600 48
6531840 2237
6482700 70
6480000 1274
6453888 8
6451200 1645
6431250 4
6429780 144
6422528 11
6400000 132
6378750 43
6377292 6
6353046 1
6350400 2048
6328125 1
6322176 130
6300000 356
6298560 569
6291456 6
6272000 294
6251175 16
6250000 1
6223392 78
6220800 2435
6200145 3
6193152 249
6174000 289
6146560 42
6144000 476
6125000 8
6123600 1081
6096384 623
6075000 102
6050520 28
6048000 2703
6021120 335
6002500 6
6001128 94
6000000 105
5971968 324
5953500 252
5927040 716
5906250 4
5904900 63
5898240 232
5880000 433
5878656 485
5834430 21
5832000 1408
5806080 2056
5788125 2
5786802 10
5762400 111
5760000 1041
5740875 10
5734400 167
5715360 1067
5670000 750
5668704 59
5647152 3
5644800 1577
5625000 6
5619712 13
5600000 147
5598720 1320
5556600 350
5531904 73
5529600 1489
5512500 31
5511240 285
5505024 39
5488000 149
5467500 72
5445468 10
5443200 3280
5419008 355
5402250 17
5400000 463
5378240 10
5376000 1119
5358150 76
5334336 291
5315625 4
5314410 12
5308416 155
5294205 1
5292000 1204
5268480 264
5250987 4
5250000 55
5248800 738
5242880 12
5225472 777
5186160 143
5184000 2478
5160960 807
5145000 60
5143824 185
5120000 167
5103000 582
5080320 1895
5062500 15
5042100 12
5040000 1266
5038848 247
5017600 240
5000940 121
5000000 10
4976640 1458
4961250 37
4960116 18
4941258 2
4939200 610
4920750 18
4917248 10
4915200 265
4900000 65
4898880 1594
4862025 4
4860000 721
4840416 19
4838400 3071
4822335 10
4816896 80
4802000 20
4800000 277
4762800 1163
4741632 244
4725000 170
4723920 232
4718592 27
4704000 795
4687500 1
4667544 50
4665600 2342
4644864 532
4630500 116
4609920 114
4608000 1265
4593750 2
4592700 203
4587520 57
4572288 560
4556250 6
4537890 10
4536000 2486
4515840 966
4500846 21
4500000 96
4480000 280
4478976 446
4465125 10
4445280 678
4428675 3
4423680 626
4410000 373
4408992 272
4390400 152
4375000 4
4374000 537
4354560 2719
4321800 91
4320000 1376
4302592 6
4300800 794
4287500 6
4286520 435
4252500 162
4251528 23
4235364 1
4233600 2227
4214784 56
4200000 284
4199040 966
4194304 4
4167450 78
4148928 81
4147200 2434
4133430 49
4128768 136
4116000 242
4100625 4
4096000 135
4084101 2
4082400 1975
4064256 641
4050000 221
4033680 20
4032000 2116
4014080 94
4000752 164
4000000 49
3981312 327
3969000 556
3951360 523
3937500 15
3936600 196
3932160 84
3920000 183
3919104 749
3889620 64
3888000 2059
3870720 1690
3858750 11
3857868 50
3841600 40
3840000 548
3827250 78
3810240 1680
3796875 1
3781575 1
3780000 939
3779136 138
3763200 851
3750705 8
3750000 16
3732480 1727
3704400 500
3687936 37
3686400 876
3675000 45
3674160 683
3670016 11
3645000 229
3630312 11
3628800 3819
3612672 223
3601500 14
3600000 462
3584000 323
3572100 306
3556224 319
3543750 23
3542940 40
3538944 118
3529470 2
3528000 1126
3512320 106
3500658 8
3500000 24
3499200 1502
3483648 859
3472875 12
3457440 155
3456000 2109
3444525 10
3440640 344
3430000 39
3429216 370
3402000 1220
3386880 1649
3375000 34
3361400 5
3360000 788
3359232 418
3333960 291
3317760 1189
3307500 104
3306744 87
3292800 419
3281250 1
3280500 103
3276800 75
3265920 2453
3241350 25
3240000 1123
3226944 10
3225600 2061
3214890 71
3211264 22
3200000 132
3189375 5
3188646 4
3175200 1621
3161088 194
3150000 249
3149280 499
3145728 18
3136000 302
3125000 1
3111696 83
3110400 2813
3096576 390
3087000 198
3073280 41
3072000 571
3062500 4
3061800 640
3048192 727
3037500 43
3025260 14
3024000 2600
3010560 460
3001250 2
3000564 48
3000000 66
2985984 462
2976750 72
2963520 688
2952450 21
2949120 339
2940000 320
2939328 503
2917215 5
2916000 1117
2903040 2691
2893401 2
2881200 75
2880000 1060
2867200 227
2857680 874
2835000 368
2834352 61
2823576 4
2822400 1706
2812500 1
2809856 9
2800000 155
2799360 1462
2778300 171
2765952 78
2764800 1896
2756250 6
2755620 143
2752512 52
2744000 103
2733750 25
2722734 5
2721600 2949
2709504 479
2700000 310
2689120 10
2688000 1167
2679075 8
2667168 259
2654208 289
2646000 776
2634240 300
2625000 35
2624400 526
2621440 21
2612736 945
2593080 122
2592000 2433
2580480 1051
2572500 27
2571912 136
2560000 191
2551500 262
2540160 1817
2531250 1
2521050 1
2520000 1006
2519424 275
2508800 243
2500470 67
2500000 11
2488320 1837
2480625 5
2480058 14
2469600 529
2460375 2
2458624 8
2457600 359
2450000 37
2449440 1264
2430000 506
2420208 12
2419200 3432
2408448 87
2401000 13
2400000 290
2381400 724
2370816 273
2362500 76
2361960 133
2359296 50
2352980 1
2352000 778
2333772 21
2332800 2216
2322432 721
2315250 49
2304960 87
2304000 1478
2296350 88
2293760 79
2286144 566
2278125 3
2268945 1
2268000 1918
2257920 1151
2250423 5
2250000 62
2240000 265
2239488 522
2222640 445
2211840 897
2205000 182
2204496 192
2195200 150
2187500 1
2187000 332
2177280 2928
2160900 46
2160000 1249
2151296 3
2150400 991
2143750 3
2143260 213
2126250 55
2125764 6
2116800 1874
2107392 91
2100000 214
2099520 870
2097152 5
2083725 12
2074464 86
2073600 2751
2066715 10
2064384 188
2058000 174
2048000 168
2041200 1407
2032128 718
2025000 139
2016840 15
2016000 2119
2007040 121
2000376 130
2000000 41
1990656 462
1984500 257
1975680 534
1968750 3
1968300 113
1966080 138
1960000 166
1959552 782
1944810 30
1944000 1723
1935360 2123
1929375 2
1928934 28
1920800 33
1920000 635
1913625 11
1905120 1318
1890000 665
1889568 128
1881600 871
1875000 5
1866240 1897
1852200 311
1843968 39
1843200 1116
1837500 33
1837080 408
1835008 17
1822500 80
1815156 3
1814400 3644
1806336 302
1800750 3
1800000 362
1792000 404
1786050 97
1778112 321
1771875 5
1771470 16
1769472 155
1764000 867
1756160 106
1750329 1
1750000 18
1749600 1107
1741824 979
1728720 108
1728000 2230
1720320 443
1715000 32
1714608 269
1701000 686
1693440 1676
1687500 9
1680700 3
1680000 651
1679616 460
1666980 143
1658880 1594
1653750 33
1653372 31
1646400 347
1640250 32
1638400 101
1632960 2128
1620675 4
1620000 783
1613472 7
1612800 2411
1607445 12
1605632 24
1600000 114
1594323 1
1587600 1158
1580544 186
1575000 123
1574640 317
1572864 21
1568000 283
1555848 43
1555200 2832
1548288 549
1543500 76
1536640 36
1536000 726
1530900 316
1524096 697
1518750 5
1512630 3
1512000 2131
1505280 533
1500282 29
1500000 48
1492992 568
1488375 13
1481760 516
1476225 5
1474560 482
1470000 207
1469664 383
1458000 701
1451520 2792
1440600 66
1440000 1014
1433600 270
1428840 538
1417500 176
1417176 34
1411788 1
1411200 1576
1404928 20
1400000 106
1399680 1363
1389150 47
1382976 59
1382400 2162
1378125 2
1377810 46
1376256 71
1372000 95
1366875 1
1360800 2286
1354752 601
1350000 190
1344560 8
1344000 1200
1333584 182
1327104 349
1323000 449
1317120 270
1312500 9
1312200 333
1310720 28
1306368 971
1296540 53
1296000 2068
1290240 1311
1286250 9
1285956 70
1280000 193
1275750 84
1270080 1625
1265625 1
1260000 688
1259712 259
1254400 254
1250235 13
1250000 2
1244160 2072
1234800 330
1229312 8
1228800 529
1225000 24
1224720 904
1215000 275
1210104 4
1209600 3331
1204224 117
1200500 4
1200000 232
1190700 357
1185408 260
1181250 16
1180980 57
1179648 80
1176490 1
1176000 650
1166886 13
1166400 1842
1161216 876
1157625 6
1152480 62
1152000 1486
1148175 14
1146880 101
1143072 454
1134000 1168
1128960 1228
1125000 32
1120000 270
1119744 585
1111320 307
1105920 1148
1102500 82
1102248 138
1097600 138
1093750 1
1093500 136
1088640 2719
1080450 19
1080000 964
1075648 3
1075200 1064
1071630 80
1063125 3
1062882 2
1058841 1
1058400 1353
1053696 109
1050000 115
1049760 636
1048576 9
1037232 43
1036800 2730
1032192 275
1029000 105
1024000 193
1020600 754
1016064 720
1012500 44
1008420 3
1008000 1832
1003520 156
1000188 62
1000000 29
995328 559
992250 79
987840 436
984375 1
984150 32
983040 173
980000 99
979776 624
972405 4
972000 1302
967680 2360
964467 7
960400 27
960000 568
952560 884
945000 337
944784 78
941192 2
940800 855
937500 1
933120 1811
926100 152
921984 39
921600 1276
918750 5
918540 185
917504 16
911250 21
907200 2807
903168 317
900000 227
896000 361
893025 11
889056 235
885735 1
884736 250
882000 543
878080 108
875000 7
874800 716
870912 960
864360 55
864000 2027
860160 522
857500 7
857304 187
850500 316
846720 1562
843750 4
840350 1
840000 498
839808 379
833490 49
829440 1871
826875 5
826686 16
823200 267
820125 1
819200 111
816480 1501
810000 470
806736 10
806400 2269
802816 30
800000 90
793800 622
790272 207
787500 45
787320 195
786432 32
784000 229
777924 32
777600 2365
774144 606
771750 28
768320 33
768000 722
765450 93
762048 577
756315 1
756000 1475
752640 623
750141 1
750000 31
746496 645
740880 369
737280 584
735000 107
734832 278
729000 382
725760 2815
720300 19
720000 788
716800 281
714420 242
708750 42
708588 21
705600 1142
702464 23
700000 66
699840 1111
694575 14
691488 51
691200 2243
688905 10
688128 104
686000 52
680400 1391
677376 547
675000 74
672280 5
672000 1028
666792 119
663552 420
661500 183
658560 285
656250 2
656100 129
655360 38
653184 850
648270 24
648000 1563
645120 1445
643125 3
642978 32
640000 163
637875 14
635040 1243
630000 420
629856 195
627200 292
625000 1
622080 2010
617400 188
614656 8
614400 609
612500 2
612360 495
607500 94
605052 7
604800 2733
602112 132
600250 3
600000 191
595350 113
592704 252
590490 24
589824 120
588000 406
583443 2
583200 1255
580608 927
576240 44
576000 1459
573440 134
571536 301
567000 653
564480 1045
562500 8
560000 220
559872 537
555660 156
552960 1286
551250 17
551124 48
548800 101
546750 31
544320 2072
540225 3
540000 607
537824 2
537600 1148
535815 7
531441 1
529200 881
526848 100
525000 41
524880 414
524288 8
518616 35
518400 2522
516096 334
514500 29
512000 204
510300 364
508032 682
506250 12
504210 3
504000 1361
501760 142
500094 17
500000 16
497664 641
496125 8
493920 322
492075 4
491520 231
490000 68
489888 480
486000 711
483840 2151
480200 13
480000 482
476280 514
472500 125
472392 51
470596 1
470400 703
466560 1552
463050 55
460992 27
460800 1429
459270 58
458752 18
455625 1
453600 1933
451584 375
450000 115
448000 312
444528 166
442368 290
441000 295
439040 81
437500 3
437400 352
435456 958
432180 37
432000 1523
430080 577
428750 2
428652 79
425250 66
423360 1222
420000 350
419904 338
416745 16
414720 1808
413343 5
411600 148
409600 151
408240 921
405000 205
403368 4
403200 2044
401408 30
400000 80
396900 257
395136 154
393750 8
393660 72
393216 41
392000 168
388962 8
388800 1735
387072 688
385875 1
384160 17
384000 696
382725 10
381024 456
378000 865
376320 567
375000 18
373248 699
370440 220
368640 692
367500 39
367416 150
364500 148
362880 2323
360150 6
360000 582
358400 358
357210 83
354375 5
354294 4
352800 783
351232 26
350000 28
349920 788
345744 37
345600 2038
344064 102
343000 27
340200 692
338688 549
337500 29
336000 823
333396 55
331776 533
330750 52
329280 202
328125 1
328050 41
327680 53
326592 672
324135 3
324000 1067
322560 1368
321489 3
320000 147
317520 774
315000 194
314928 128
313600 236
312500 1
311040 1829
308700 79
307328 9
307200 616
306250 3
306180 204
303750 32
302526 1
302400 2068
301056 151
300000 91
297675 11
296352 170
295245 4
294912 140
294000 261
291600 736
290304 938
288120 27
288000 1160
286720 141
285768 191
283500 219
282240 941
281250 1
280000 149
279936 465
277830 59
276480 1294
275625 4
275562 24
274400 52
273375 5
272160 1482
270000 311
268912 2
268800 978
264600 405
263424 74
262500 18
262440 189
262144 11
259308 25
259200 1904
258048 368
257250 20
256000 184
255150 97
254016 467
253125 2
252000 835
250880 157
250047 7
250000 3
248832 611
246960 198
245760 238
245000 36
244944 303
243000 316
241920 1949
240100 7
240000 318
238140 227
236250 44
236196 21
235200 510
233280 1142
231525 9
230496 20
230400 1298
229635 17
229376 30
226800 1147
225792 327
225000 71
224000 245
222264 91
221184 325
220500 115
219520 62
218700 135
217728 823
216090 12
216000 1072
215040 595
214326 24
212625 12
211680 819
210000 170
209952 204
207360 1713
205800 77
204800 169
204120 473
202500 75
201684 3
201600 1565
200704 33
200000 45
198450 70
197568 147
196875 2
196830 28
196608 60
196000 103
194481 4
194400 1148
193536 616
192080 9
192000 617
190512 269
189000 410
188160 480
187500 2
186624 556
185220 101
184320 736
183750 9
183708 62
182250 30
181440 1647
180000 306
179200 281
178605 17
176400 471
175616 23
175000 18
174960 419
172872 21
172800 1808
172032 144
171500 11
170100 262
169344 414
168750 11
168070 1
168000 551
166698 10
165888 532
165375 12
164640 133
164025 8
163840 64
163296 430
162000 521
161280 1210
160000 126
158760 339
157500 72
157464 60
156800 162
155520 1364
154350 26
153664 9
153600 580
153090 67
151875 3
151200 1372
150528 122
150000 45
148176 85
147456 183
147000 99
145800 341
145152 721
144060 13
144000 875
143360 148
142884 64
141750 64
141120 636
140000 55
139968 335
138915 7
138240 1193
137781 5
137200 35
136080 829
135000 146
134456 1
134400 784
132300 196
131712 72
131250 6
131220 91
131072 12
129654 8
129600 1391
129024 376
128625 2
128000 165
127575 11
127008 334
126000 443
125440 116
125000 3
124416 564
123480 97
122880 290
122500 10
122472 141
121500 106
120960 1593
120050 2
120000 222
119070 58
118125 1
118098 3
117649 1
117600 345
116640 724
115248 19
115200 1147
114688 26
113400 604
112896 282
112500 14
112000 171
111132 26
110592 323
110250 21
109760 48
109350 30
108864 590
108045 1
108000 617
107520 563
107163 6
105840 434
105000 72
104976 144
103680 1396
102900 29
102400 125
102060 209
101250 12
100800 1064
100352 42
100000 31
99225 13
98784 82
98415 6
98304 48
98000 59
97200 545
96768 582
96040 8
96000 432
95256 147
94500 139
94080 364
93750 1
93312 420
92610 28
92160 704
91875 2
91854 18
91125 7
90720 1108
90000 167
89600 216
88200 197
87808 22
87500 2
87480 201
86436 12
86400 1277
86016 143
85750 4
85050 79
84672 303
84375 2
84035 1
84000 338
83349 4
82944 472
82320 56
81920 69
81648 252
81000 263
80640 947
80000 57
79380 134
78750 17
78732 25
78400 111
77760 968
77175 4
76832 4
76800 455
76545 12
75600 690
75264 125
75000 11
74088 47
73728 185
73500 52
72900 121
72576 591
72030 2
72000 559
71680 126
71442 17
70875 8
70560 408
70000 43
69984 237
69120 1012
68600 13
68040 386
67500 40
67228 1
67200 566
66150 43
65856 41
65625 1
65610 28
65536 17
64800 812
64512 327
64000 120
63504 200
63000 184
62720 96
62208 465
61740 33
61440 273
61250 3
61236 62
60750 24
60480 1043
60000 144
59535 10
58800 165
58320 362
57624 4
57600 896
57344 30
56700 198
56448 212
56250 3
56000 129
55566 16
55296 331
55125 3
54880 25
54675 2
54432 354
54000 325
53760 441
52920 214
52500 29
52488 82
51840 996
51450 9
51200 104
51030 57
50625 1
50400 606
50176 29
50000 16
49392 56
49152 56
49000 24
48600 236
48384 469
48020 3
48000 335
47628 59
47250 37
47040 237
46656 298
46305 6
46080 596
45360 543
45000 58
44800 166
44100 81
43904 13
43750 1
43740 73
43218 5
43200 805
43008 153
42525 7
42336 181
42000 148
41472 395
41160 26
40960 68
40824 111
40500 83
40320 668
40000 49
39690 31
39366 8
39200 70
38880 574
38416 4
38400 403
37800 303
37632 98
37044 26
36864 178
36750 8
36450 31
36288 368
36000 313
35840 113
35721 3
35280 233
35000 11
34992 105
34560 823
34300 2
34020 142
33750 10
33600 322
33075 6
32928 19
32805 2
32768 10
32400 369
32256 288
32000 91
31752 82
31500 58
31360 64
31250 1
31104 286
30870 10
30720 254
30618 17
30375 1
30240 580
30000 67
29400 71
29160 169
28812 3
28800 580
28672 26
28350 30
28224 128
28000 61
27783 3
27648 260
27440 13
27216 199
27000 121
26880 315
26460 88
26250 8
26244 16
25920 671
25725 2
25600 105
25515 6
25200 288
25088 19
25000 6
24696 32
24576 59
24500 9
24300 98
24192 314
24000 174
23814 15
23625 7
23520 128
23328 149
23040 446
22680 235
22500 29
22400 109
22050 15
21952 6
21870 17
21609 2
21600 432
21504 116
21168 97
21000 55
20736 297
20580 14
20480 51
20412 42
20250 7
20160 455
20000 20
19845 6
19600 26
19440 264
19200 296
18900 91
18816 67
18522 5
18432 128
18375 1
18225 3
18144 224
18000 149
17920 87
17640 82
17500 4
17496 34
17280 529
17150 2
17010 32
16800 181
16464 13
16384 9
16200 155
16128 189
16000 45
15876 36
15750 6
15680 47
15552 187
15435 2
15360 166
15120 303
15000 15
14700 29
14580 70
14406 1
14400 334
14336 32
14175 4
14112 65
14000 36
13824 187
13720 9
13608 95
13500 42
13440 190
13230 15
13125 1
13122 3
12960 329
12800 55
12600 132
12544 11
12348 14
12288 50
12150 19
12096 204
12000 111
11760 60
11664 76
11520 308
11340 87
11250 6
11200 59
11025 4
10976 8
10935 3
10800 200
10752 63
10584 30
10500 16
10368 185
10240 47
10206 19
10125 3
10080 255
10000 12
9800 18
9720 92
9600 162
9450 24
9408 36
9261 2
9216 116
9072 104
9000 62
8960 53
8820 33
8750 1
8748 18
8640 324
8505 6
8400 116
8232 7
8192 8
8100 44
8064 127
8000 34
7938 2
7875 2
7840 14
7776 105
7680 140
7560 118
7500 6
7350 2
7290 14
7200 173
7168 12
7056 35
7000 11
6912 163
6860 1
6804 28
6750 4
6720 128
6615 5
6561 2
6480 122
6400 37
6300 47
6272 13
6174 1
6144 46
6075 4
6048 122
6000 33
5880 38
5832 37
5760 192
5670 18
5600 29
5488 3
5400 93
5376 55
5292 13
5250 4
5184 116
5120 30
5040 102
5000 6
4900 2
4860 33
4800 85
4725 3
4704 22
4608 87
4536 44
4500 15
4480 42
4410 9
4374 3
4320 157
4200 39
4116 1
4096 11
4050 8
4032 70
4000 9
3969 2
3920 10
3888 59
3840 99
3780 34
3750 1
3645 2
3600 82
3584 10
3528 15
3500 1
3456 99
3402 7
3375 1
3360 76
3240 78
3200 31
3150 12
3136 4
3072 34
3024 51
3000 14
2940 6
2916 14
2880 124
2835 5
2800 15
2744 1
2700 25
2688 33
2646 2
2592 61
2560 16
2520 35
2500 1
2450 1
2430 13
2400 43
2352 8
2304 53
2268 17
2250 3
2240 18
2205 1
2160 65
2100 17
2048 3
2025 1
2016 40
2000 8
1960 2
1944 21
1920 60
1890 12
1800 22
1792 11
1764 7
1750 1
1728 55
1680 27
1620 17
1600 21
1575 2
1568 1
1536 21
1512 14
1500 5
1470 3
1440 61
1400 4
1350 7
1344 14
1323 1
1296 35
1280 15
1260 7
1250 1
1215 2
1200 29
1176 5
1152 36
1134 7
1120 7
1080 31
1050 1
1029 1
1024 6
1008 16
1000 1
972 9
960 21
900 7
896 5
882 2
864 38
840 9
810 1
800 7
784 1
768 13
756 7
750 1
720 25
700 2
672 5
648 11
640 8
630 7
625 1
600 10
588 3
576 18
567 1
540 6
512 2
504 9
486 1
480 13
450 2
448 2
432 10
420 5
405 2
400 3
392 1
384 6
378 2
360 12
336 3
324 1
320 5
300 4
288 5
280 2
256 1
252 2
250 1
240 4
224 2
216 7
192 3
180 3
168 2
162 1
160 2
150 1
144 2
120 2
100 1
90 1
84 1
81 1
64 2
54 1
50 1
36 1
