3061 1
3050 1
3046 1
3040 1
3038 1
3036 1
3032 1
3028 1
3027 1
3026 1
3022 1
3020 2
3019 1
3017 1
3015 1
3014 1
3012 1
3011 3
3006 3
3005 5
3004 4
3003 2
3002 1
3001 3
3000 3
2999 3
2998 3
2997 1
2995 7
2994 4
2993 5
2992 3
2991 2
2990 8
2989 9
2988 12
2987 6
2986 7
2985 6
2984 8
2983 8
2982 3
2981 10
2980 8
2979 4
2978 12
2977 15
2976 12
2975 18
2974 16
2973 14
2972 22
2971 21
2970 20
2969 17
2968 18
2967 18
2966 23
2965 30
2964 25
2963 30
2962 28
2961 24
2960 31
2959 33
2958 32
2957 34
2956 43
2955 44
2954 35
2953 35
2952 34
2951 46
2950 56
2949 62
2948 55
2947 64
2946 64
2945 82
2944 75
2943 74
2942 57
2941 76
2940 101
2939 68
2938 76
2937 86
2936 91
2935 97
2934 84
2933 114
2932 114
2931 121
2930 148
2929 123
2928 147
2927 135
2926 160
2925 165
2924 148
2923 163
2922 141
2921 178
2920 173
2919 200
2918 213
2917 196
2916 219
2915 222
2914 236
2913 257
2912 250
2911 260
2910 267
2909 268
2908 318
2907 324
2906 330
2905 321
2904 369
2903 377
2902 391
2901 358
2900 363
2899 432
2898 435
2897 481
2896 486
2895 466
2894 480
2893 493
2892 589
2891 568
2890 551
2889 579
2888 656
2887 626
2886 628
2885 678
2884 724
2883 725
2882 800
2881 748
2880 831
2879 835
2878 807
2877 850
2876 898
2875 894
2874 991
2873 946
2872 1056
2871 1010
2870 1048
2869 1177
2868 1128
2867 1165
2866 1176
2865 1242
2864 1292
2863 1349
2862 1350
2861 1394
2860 1428
2859 1485
2858 1500
2857 1561
2856 1573
2855 1594
2854 1667
2853 1679
2852 1806
2851 1834
2850 1805
2849 1903
2848 1907
2847 2030
2846 2008
2845 2039
2844 2091
2843 2209
2842 2268
2841 2221
2840 2326
2839 2342
2838 2470
2837 2424
2836 2513
2835 2605
2834 2572
2833 2705
2832 2763
2831 2761
2830 2899
2829 2830
2828 2983
2827 3009
2826 3078
2825 3173
2824 3208
2823 3262
2822 3221
2821 3278
2820 3498
2819 3532
2818 3582
2817 3557
2816 3750
2815 3734
2814 3753
2813 3779
2812 3887
2811 3977
2810 4014
2809 4077
2808 4284
2807 4241
2806 4320
2805 4223
2804 4233
2803 4453
2802 4432
2801 4477
2800 4639
2799 4676
2798 4734
2797 4648
2796 4747
2795 4899
2794 4995
2793 5026
2792 5008
2791 4914
2790 5041
2789 5108
2788 5267
2787 5226
2786 5267
2785 5290
2784 5374
2783 5470
2782 5487
2781 5634
2780 5570
2779 5782
2778 5544
2777 5646
2776 5533
2775 5745
2774 5872
2773 5705
2772 5844
2771 5904
2770 5883
2769 5929
2768 6032
2767 6086
2766 5968
2765 5944
2764 6055
2763 5935
2762 6149
2761 6141
2760 6230
2759 6181
2758 6093
2757 6141
2756 6226
2755 6237
2754 6404
2753 6286
2752 6220
2751 6261
2750 6219
2749 6281
2748 6256
2747 6284
2746 6282
2745 6135
2744 6203
2743 6116
2742 6260
2741 6151
2740 6154
2739 6103
2738 6140
2737 6108
2736 6026
2735 6045
2734 6017
2733 6114
2732 5976
2731 5898
2730 5954
2729 5861
2728 5811
2727 5895
2726 5828
2725 5752
2724 5765
2723 5652
2722 5620
2721 5527
2720 5537
2719 5510
2718 5612
2717 5348
2716 5515
2715 5282
2714 5360
2713 5298
2712 5466
2711 5198
2710 5152
2709 4993
2708 5060
2707 4926
2706 4948
2705 4771
2704 4727
2703 4644
2702 4753
2701 4603
2700 4622
2699 4546
2698 4528
2697 4504
2696 4356
2695 4363
2694 4285
2693 4113
2692 4167
2691 4118
2690 4022
2689 3981
2688 3989
2687 3821
2686 3796
2685 3717
2684 3704
2683 3558
2682 3536
2681 3417
2680 3399
2679 3341
2678 3350
2677 3243
2676 3204
2675 3241
2674 3154
2673 3082
2672 2995
2671 2849
2670 2966
2669 2748
2668 2807
2667 2664
2666 2732
2665 2582
2664 2533
2663 2479
2662 2436
2661 2340
2660 2340
2659 2239
2658 2184
2657 2162
2656 2049
2655 1989
2654 2039
2653 2028
2652 1936
2651 1875
2650 1820
2649 1782
2648 1676
2647 1704
2646 1694
2645 1635
2644 1571
2643 1550
2642 1496
2641 1451
2640 1415
2639 1424
2638 1327
2637 1335
2636 1274
2635 1260
2634 1140
2633 1220
2632 1159
2631 1080
2630 1123
2629 1083
2628 972
2627 995
2626 939
2625 923
2624 905
2623 928
2622 834
2621 827
2620 799
2619 752
2618 731
2617 723
2616 742
2615 739
2614 683
2613 591
2612 632
2611 594
2610 533
2609 580
2608 536
2607 535
2606 529
2605 490
2604 484
2603 428
2602 422
2601 443
2600 392
2599 368
2598 361
2597 362
2596 372
2595 365
2594 334
2593 285
2592 328
2591 274
2590 273
2589 258
2588 256
2587 249
2586 214
2585 238
2584 228
2583 211
2582 227
2581 192
2580 196
2579 164
2578 170
2577 153
2576 171
2575 143
2574 129
2573 140
2572 140
2571 107
2570 115
2569 107
2568 100
2567 119
2566 99
2565 89
2564 101
2563 79
2562 85
2561 88
2560 81
2559 78
2558 73
2557 76
2556 62
2555 49
2554 53
2553 62
2552 43
2551 48
2550 60
2549 54
2548 55
2547 40
2546 47
2545 34
2544 44
2543 35
2542 31
2541 31
2540 27
2539 35
2538 28
2537 23
2536 21
2535 28
2534 20
2533 15
2532 21
2531 21
2530 20
2529 16
2528 20
2527 13
2526 10
2525 7
2524 7
2523 9
2522 10
2521 10
2520 8
2519 14
2518 4
2517 14
2516 10
2515 7
2514 10
2513 6
2512 9
2511 7
2510 6
2509 5
2508 7
2507 7
2506 9
2505 2
2504 3
2503 9
2502 5
2501 3
2500 4
2499 1
2498 2
2497 2
2496 1
2495 3
2494 3
2493 1
2492 5
2491 1
2490 1
2489 1
2488 2
2487 1
2484 1
2483 3
2480 1
2479 1
2478 1
2477 1
2475 1
2473 1
2471 2
2467 1
2464 1
2463 1
2452 1
