3071 1
3052 1
3049 1
3038 1
3036 1
3034 1
3029 1
3023 2
3022 1
3021 1
3019 1
3018 2
3017 2
3016 3
3015 2
3014 1
3013 1
3012 2
3010 2
3009 5
3007 5
3006 1
3005 1
3004 3
3003 5
3002 1
3001 5
3000 4
2999 3
2998 4
2997 3
2996 5
2995 7
2994 3
2993 3
2992 6
2991 5
2990 9
2989 5
2988 12
2987 6
2986 6
2985 3
2984 9
2983 6
2982 14
2981 8
2980 5
2979 18
2978 14
2977 17
2976 12
2975 6
2974 20
2973 12
2972 7
2971 16
2970 20
2969 12
2968 19
2967 20
2966 19
2965 24
2964 18
2963 28
2962 25
2961 34
2960 29
2959 35
2958 44
2957 28
2956 42
2955 42
2954 40
2953 29
2952 59
2951 39
2950 48
2949 68
2948 51
2947 74
2946 50
2945 66
2944 62
2943 48
2942 72
2941 64
2940 90
2939 68
2938 91
2937 97
2936 90
2935 89
2934 100
2933 97
2932 108
2931 121
2930 128
2929 128
2928 143
2927 153
2926 149
2925 135
2924 150
2923 159
2922 178
2921 202
2920 185
2919 180
2918 187
2917 202
2916 211
2915 213
2914 233
2913 230
2912 230
2911 282
2910 291
2909 307
2908 284
2907 288
2906 341
2905 343
2904 341
2903 354
2902 375
2901 395
2900 398
2899 443
2898 461
2897 465
2896 472
2895 480
2894 520
2893 476
2892 545
2891 612
2890 608
2889 623
2888 586
2887 623
2886 634
2885 684
2884 675
2883 688
2882 744
2881 790
2880 778
2879 797
2878 844
2877 831
2876 906
2875 914
2874 991
2873 976
2872 1017
2871 1059
2870 1144
2869 1139
2868 1089
2867 1206
2866 1239
2865 1261
2864 1270
2863 1304
2862 1359
2861 1416
2860 1453
2859 1421
2858 1557
2857 1446
2856 1572
2855 1617
2854 1665
2853 1705
2852 1718
2851 1793
2850 1836
2849 1960
2848 1930
2847 2051
2846 1973
2845 2058
2844 2195
2843 2204
2842 2240
2841 2294
2840 2327
2839 2415
2838 2433
2837 2531
2836 2546
2835 2637
2834 2600
2833 2673
2832 2759
2831 2866
2830 2875
2829 2886
2828 3004
2827 3058
2826 3123
2825 3088
2824 3245
2823 3202
2822 3370
2821 3403
2820 3387
2819 3477
2818 3653
2817 3612
2816 3699
2815 3636
2814 3657
2813 3947
2812 3899
2811 3962
2810 3960
2809 3946
2808 4146
2807 4099
2806 4291
2805 4283
2804 4288
2803 4311
2802 4519
2801 4463
2800 4533
2799 4789
2798 4661
2797 4668
2796 4666
2795 4877
2794 4896
2793 4910
2792 4982
2791 4990
2790 5109
2789 5161
2788 5120
2787 5289
2786 5287
2785 5357
2784 5360
2783 5588
2782 5356
2781 5572
2780 5483
2779 5619
2778 5680
2777 5573
2776 5761
2775 5822
2774 5946
2773 5932
2772 5912
2771 5845
2770 5791
2769 5983
2768 5955
2767 5905
2766 6097
2765 6130
2764 6093
2763 6111
2762 6096
2761 6088
2760 6135
2759 6205
2758 6109
2757 6262
2756 6255
2755 6353
2754 6147
2753 6150
2752 6314
2751 6247
2750 6329
2749 6149
2748 6082
2747 6144
2746 6197
2745 6223
2744 6218
2743 6188
2742 6160
2741 6138
2740 6218
2739 6185
2738 6065
2737 6183
2736 6087
2735 5975
2734 6101
2733 6054
2732 5866
2731 5879
2730 5963
2729 5870
2728 5843
2727 5799
2726 5692
2725 5732
2724 5725
2723 5647
2722 5772
2721 5495
2720 5569
2719 5515
2718 5435
2717 5525
2716 5266
2715 5399
2714 5110
2713 5242
2712 5207
2711 5222
2710 5153
2709 5052
2708 4973
2707 4957
2706 4963
2705 4730
2704 4808
2703 4764
2702 4759
2701 4635
2700 4635
2699 4490
2698 4567
2697 4507
2696 4329
2695 4321
2694 4356
2693 4311
2692 4207
2691 4016
2690 3983
2689 3985
2688 3823
2687 3861
2686 3813
2685 3774
2684 3722
2683 3623
2682 3609
2681 3464
2680 3413
2679 3410
2678 3286
2677 3236
2676 3293
2675 3222
2674 3147
2673 3044
2672 3027
2671 2913
2670 2829
2669 2804
2668 2732
2667 2707
2666 2659
2665 2504
2664 2543
2663 2449
2662 2479
2661 2342
2660 2324
2659 2292
2658 2233
2657 2106
2656 2077
2655 2169
2654 2041
2653 1985
2652 1881
2651 1885
2650 1844
2649 1816
2648 1803
2647 1674
2646 1636
2645 1664
2644 1625
2643 1581
2642 1552
2641 1391
2640 1410
2639 1383
2638 1343
2637 1311
2636 1262
2635 1263
2634 1202
2633 1230
2632 1124
2631 1152
2630 1090
2629 1065
2628 1067
2627 1021
2626 939
2625 934
2624 911
2623 862
2622 886
2621 838
2620 798
2619 760
2618 772
2617 703
2616 705
2615 668
2614 658
2613 653
2612 613
2611 593
2610 576
2609 541
2608 549
2607 520
2606 521
2605 491
2604 464
2603 436
2602 457
2601 375
2600 416
2599 375
2598 372
2597 371
2596 341
2595 336
2594 324
2593 313
2592 285
2591 305
2590 271
2589 269
2588 263
2587 286
2586 245
2585 237
2584 255
2583 208
2582 227
2581 175
2580 183
2579 185
2578 176
2577 149
2576 151
2575 146
2574 140
2573 121
2572 144
2571 107
2570 133
2569 121
2568 111
2567 121
2566 84
2565 99
2564 81
2563 77
2562 102
2561 93
2560 61
2559 69
2558 61
2557 58
2556 62
2555 66
2554 56
2553 50
2552 51
2551 43
2550 43
2549 49
2548 58
2547 63
2546 30
2545 32
2544 34
2543 38
2542 28
2541 29
2540 29
2539 27
2538 15
2537 24
2536 30
2535 29
2534 23
2533 24
2532 28
2531 12
2530 12
2529 19
2528 15
2527 14
2526 13
2525 12
2524 13
2523 11
2522 10
2521 10
2520 5
2519 9
2518 11
2517 13
2516 9
2515 9
2514 4
2513 12
2512 5
2511 6
2510 6
2509 5
2508 6
2507 7
2506 6
2505 6
2504 4
2503 2
2502 3
2501 3
2500 1
2499 2
2498 1
2497 1
2496 3
2495 3
2494 2
2493 2
2492 1
2491 2
2490 1
2489 1
2488 2
2487 2
2486 1
2480 1
2479 1
2475 1
2474 1
2473 1
2469 1
2468 3
2466 1
2463 1
2462 1
2446 1
