5040000000 1
4536000000 1
4199040000 2
3732480000 1
3628800000 1
3306744000 1
3265920000 1
3225600000 1
3214890000 1
3175200000 2
3110400000 1
2939328000 1
2903040000 1
2893401000 1
2857680000 1
2834352000 1
2755620000 1
2721600000 1
2700000000 1
2654208000 1
2645395200 2
2612736000 1
2592000000 2
2571912000 1
2550916800 1
2540160000 2
2520000000 1
2519424000 1
2500470000 2
2469600000 2
2449440000 4
2430000000 1
2388787200 1
2381400000 1
2380855680 1
2361960000 1
2352000000 1
2322432000 3
2304000000 1
2286144000 4
2268000000 2
2267481600 1
2257920000 4
2239488000 1
2232052200 1
2222640000 1
2205000000 2
2204496000 1
2177280000 4
2150400000 1
2143260000 1
2116800000 1
2099520000 3
2090188800 2
2073600000 8
2066715000 1
2057529600 1
2041200000 6
2032128000 5
2016000000 4
2015539200 2
2000376000 1
1959552000 6
1944000000 3
1935360000 5
1934917632 1
1920000000 1
1913187600 1
1905120000 4
1890000000 1
1889568000 1
1866240000 3
1843200000 2
1837080000 5
1836660096 1
1822500000 1
1814400000 5
1813985280 1
1806336000 2
1800338400 1
1791590400 3
1778112000 2
1764000000 4
1763596800 6
1750329000 1
1749600000 5
1741824000 7
1728720000 1
1728000000 3
1714608000 5
1701000000 2
1700611200 3
1693440000 4
1693052928 1
1680000000 1
1679616000 3
1666980000 2
1658880000 4
1653372000 3
1646023680 2
1640250000 2
1632960000 7
1625702400 3
1620000000 1
1612800000 4
1612431360 1
1607445000 5
1600300800 1
1587600000 9
1587237120 2
1580544000 1
1575000000 2
1574640000 1
1568000000 1
1567641600 6
1555848000 1
1555200000 9
1548288000 4
1543500000 1
1543147200 2
1536000000 4
1530900000 2
1524096000 9
1512000000 3
1511654400 2
1505280000 1
1500282000 3
1492992000 4
1488034800 1
1481760000 4
1469664000 11
1458000000 2
1451520000 8
1440000000 3
1433600000 4
1433272320 1
1428840000 14
1422489600 3
1417766490 1
1417176000 1
1411200000 5
1410877440 4
1400263200 1
1399680000 9
1393459200 8
1389150000 3
1388832480 3
1382400000 8
1377810000 4
1377495072 1
1371686400 7
1360800000 11
1360488960 1
1354752000 8
1350253800 2
1350000000 1
1344000000 2
1343692800 6
1333584000 5
1327104000 2
1323000000 3
1322697600 9
1321205760 1
1317120000 1
1316818944 1
1312200000 5
1306368000 13
1302030450 1
1300561920 1
1296540000 2
1296000000 7
1290240000 4
1285956000 12
1280240640 3
1275458400 2
1270080000 20
1269789696 1
1264435200 2
1260000000 1
1259712000 5
1254400000 2
1254113280 4
1244678400 2
1244160000 17
1240029000 2
1238630400 3
1234800000 3
1234517760 4
1228800000 2
1225000000 1
1224720000 23
1219276800 5
1215228420 1
1209600000 8
1209323520 2
1200225600 9
1200000000 1
1194393600 5
1190700000 5
1190427840 4
1185408000 6
1180980000 2
1179648000 2
1176000000 2
1175731200 13
1166400000 15
1161216000 16
1157360400 7
1152480000 2
1152216576 1
1152000000 4
1148175000 2
1147912560 1
1143072000 26
1137991680 2
1134000000 7
1133740800 4
1128960000 14
1128701952 1
1125211500 2
1123942400 1
1120210560 1
1120000000 2
1119744000 14
1116026100 2
1114767360 1
1111320000 13
1111065984 1
1105920000 7
1102500000 1
1102248000 15
1097349120 4
1093500000 3
1088640000 35
1083801600 1
1080450000 1
1080203040 2
1080000000 4
1075200000 6
1074954240 2
1071630000 7
1071385056 3
1066867200 6
1061683200 3
1058841000 1
1058400000 12
1058158080 8
1053696000 2
1050000000 1
1049760000 13
1045094400 13
1041624360 2
1040449536 1
1037232000 4
1036800000 17
1033357500 1
1032192000 5
1029000000 1
1028764800 21
1024192512 1
1024000000 1
1020600000 11
1020366720 1
1016064000 19
1008189504 2
1008000000 11
1007769600 15
1003520000 7
1003290624 1
1000188000 13
995742720 1
995328000 15
992023200 6
987840000 5
987614208 1
983040000 2
979776000 31
975421440 2
972182736 1
972000000 7
967680000 20
967458816 1
964467000 6
963379200 1
960180480 8
960000000 1
952560000 27
952342272 3
948326400 1
945000000 2
944784000 9
943718400 1
940800000 4
940584960 11
933508800 3
933120000 23
928972800 9
926100000 3
925888320 7
921984000 1
921600000 10
918540000 15
917504000 1
914457600 16
911421315 1
907200000 29
906992640 2
903168000 21
900169200 7
900000000 1
896000000 1
895795200 15
893025000 1
892820880 1
889056000 16
885735000 1
884736000 5
882000000 9
881798400 17
878080000 5
877879296 1
875164500 2
874800000 12
871274880 1
870912000 35
868020300 5
867041280 3
864360000 1
864162432 1
864000000 12
860518400 1
860160000 10
859963392 1
857500000 1
857304000 23
853493760 6
850500000 7
850305600 5
849346560 1
846720000 16
842956800 1
840157920 2
840000000 2
839808000 32
836075520 7
833490000 6
829785600 2
829440000 29
826686000 9
825753600 4
823200000 6
823011840 8
819200000 2
816820200 1
816480000 41
812851200 18
810152280 4
810000000 3
806736000 2
806400000 31
806215680 3
803538792 1
802816000 1
800150400 23
796594176 1
796262400 3
793800000 24
793618560 10
790272000 20
787320000 10
784000000 2
783820800 42
780337152 1
777924000 3
777600000 26
774144000 26
771750000 2
771573600 15
768320000 3
768144384 2
768000000 1
765450000 9
765275040 1
762365520 1
762048000 56
758661120 5
756315000 1
756000000 17
755827200 15
752640000 8
752467968 2
750141000 3
746807040 2
746496000 32
744017400 6
743178240 3
740880000 16
740710656 3
738112500 1
737280000 13
735138180 2
735000000 1
734832000 47
734003200 1
731566080 8
729000000 7
726062400 2
725760000 74
725594112 3
723350250 1
722534400 4
720135360 9
720000000 5
716800000 4
716636160 1
714420000 31
711244800 13
708750000 1
708588000 8
707788800 1
705600000 23
705438720 15
702464000 1
700131600 4
699840000 32
696729600 28
694575000 4
694416240 3
691488000 6
691200000 27
688905000 5
688128000 4
685843200 54
682795008 1
680683500 1
680400000 36
680244480 3
677376000 39
675126900 1
672126336 1
672000000 10
671846400 29
669615660 2
668860416 1
666792000 27
663828480 2
663552000 23
661500000 4
661348800 23
658560000 11
658409472 3
656100000 11
655360000 1
653456160 6
653184000 74
650280960 5
648270000 4
648121824 4
648000000 12
645388800 1
645120000 30
644972544 3
642978000 17
642252800 2
640120320 16
640000000 1
637875000 1
637729200 3
637009920 5
635304600 2
635040000 54
634894848 2
632217600 10
630118440 2
630000000 7
629856000 24
627200000 7
627056640 18
625117500 1
624974616 1
622339200 15
622080000 65
620014500 5
619315200 22
617400000 12
617258880 15
614656000 3
614400000 11
612500000 3
612360000 30
612220032 2
609638400 48
607500000 1
606928896 1
605052000 1
604800000 39
604661760 7
602112000 9
600112800 21
597445632 1
597196800 16
595350000 14
595213920 5
594542592 1
592704000 32
590490000 12
589824000 4
588000000 6
587865600 79
585252864 3
583443000 4
583200000 33
580849920 1
580608000 82
578680200 8
578027520 3
576240000 5
576108288 3
576000000 21
574087500 3
573956280 4
573440000 4
573308928 3
571536000 72
568995840 14
567000000 13
566870400 20
566231040 1
564480000 43
564350976 8
561971200 2
560105280 5
560000000 5
559872000 62
557383680 10
555660000 10
555532992 7
553190400 8
552960000 27
551250000 2
551124000 40
550502400 2
548800000 4
548674560 36
546750000 2
544546800 5
544320000 101
541900800 32
540225000 3
540101520 12
540000000 7
539492352 1
537824000 1
537600000 20
537477120 16
535815000 15
535692528 4
533433600 47
531441000 4
530841600 16
529200000 41
529079040 28
526848000 3
525098700 1
525000000 2
524880000 54
524288000 1
522547200 91
520812180 1
520224768 2
518616000 10
518400000 53
516678750 1
516560652 1
516096000 31
514500000 1
514382400 67
513802240 1
512096256 3
512000000 5
510300000 29
510183360 6
508032000 103
505774080 4
504210000 2
504094752 1
504000000 25
503884800 34
501760000 10
501645312 2
500094000 20
497871360 5
497664000 57
496125000 1
496011600 21
495452160 6
493920000 32
493807104 7
492075000 3
491724800 1
491520000 6
490092120 1
490000000 3
489888000 127
487710720 31
486202500 3
486091368 1
486000000 30
484041600 2
483840000 82
483729408 2
482233500 12
481689600 5
480200000 3
480090240 32
480000000 3
478296900 2
477757440 6
476280000 71
476171136 4
474163200 43
472588830 4
472500000 3
472392000 23
471859200 4
470596000 1
470400000 24
470292480 47
468730962 1
466754400 15
466560000 110
464679936 1
464486400 61
463050000 1
462944160 24
462422016 1
460992000 10
460800000 26
459270000 29
458752000 2
457419312 1
457228800 109
455625000 1
455196672 1
453789000 2
453600000 75
453496320 11
451584000 45
450084600 20
450000000 1
448084224 1
448000000 14
447897600 49
446512500 4
446410440 4
444528000 68
442552320 6
442368000 21
441082908 1
441000000 9
440899200 70
439040000 10
438939648 7
437582250 1
437400000 18
435637440 2
435456000 165
434010150 1
433520640 8
432180000 10
432081216 5
432000000 38
430080000 28
429981696 5
428652000 73
426746880 31
425250000 10
425152800 11
424673280 3
423536400 1
423360000 94
423263232 13
421478400 8
420078960 13
420000000 4
419904000 81
418037760 39
416745000 13
416649744 2
414892800 31
414720000 73
413343000 15
412876800 19
411600000 12
411505920 51
410062500 1
409600000 5
408410100 2
408240000 115
408146688 6
406425600 96
405076140 4
405000000 11
403368000 3
403200000 59
403107840 24
401861250 2
401408000 10
400075200 64
400000000 2
398297088 2
398131200 33
396900000 35
396809280 18
396361728 1
395136000 37
393824025 1
393750000 1
393660000 20
393216000 1
392000000 8
391910400 161
390168576 7
388962000 18
388800000 85
387233280 3
387072000 107
385786800 30
385351680 1
384160000 8
384072192 7
384000000 11
382725000 6
382637520 4
382205952 3
381182760 1
381024000 176
379330560 19
378157500 1
378071064 2
378000000 44
377913600 56
376320000 39
376233984 8
375070500 10
373403520 22
373248000 105
372008700 6
371589120 21
370440000 44
370355328 12
368793600 6
368640000 28
367569090 1
367500000 2
367416000 118
367001600 3
365783040 77
364568526 2
364500000 6
363031200 8
362880000 194
362797056 9
361675125 1
361267200 29
360150000 4
360067680 35
360000000 16
358400000 18
358318080 16
357210000 47
357128352 3
355622400 77
354375000 2
354294000 15
354041856 1
353894400 15
352947000 1
352800000 70
352719360 56
351232000 5
350065800 16
350000000 1
349920000 106
348509952 1
348364800 144
347287500 4
347208120 9
346816512 1
345744000 20
345600000 61
344452500 8
344373768 2
344064000 22
343000000 7
342921600 146
341397504 4
340200000 68
340122240 13
338829120 2
338688000 147
337563450 8
337182720 4
336140000 1
336063168 5
336000000 22
335923200 89
334807830 2
334430208 8
333396000 77
331914240 14
331776000 61
330750000 12
330674400 54
330301440 5
329280000 25
329204736 17
328050000 13
327680000 3
326728080 6
326592000 211
325140480 42
324135000 3
324060912 6
324000000 26
322694400 1
322560000 122
322486272 3
321489000 47
321126400 2
320060160 67
320000000 3
318937500 2
318864600 6
318504960 16
317520000 153
317447424 11
316108800 46
315059220 3
315000000 10
314928000 87
314572800 2
313600000 19
313528320 84
312558750 2
312487308 2
311169600 27
311040000 160
310007250 1
309786624 1
309657600 57
308700000 25
308629440 52
307328000 7
307200000 14
306180000 91
306110016 1
304946208 1
304819200 207
303750000 2
303464448 4
302526000 4
302400000 138
302330880 31
301056000 35
300125000 1
300056400 41
298722816 3
298598400 93
297675000 19
297606960 8
297271296 5
296475480 1
296352000 92
295245000 5
295034880 1
294912000 32
294055272 3
294000000 19
293932800 193
292626432 17
291721500 5
291600000 76
290424960 6
290304000 247
289340100 17
289013760 12
288120000 13
288054144 8
288000000 46
286978140 2
286720000 23
286654464 4
285887070 2
285768000 179
284497920 41
283553298 1
283500000 22
283435200 44
283115520 6
282357600 1
282240000 119
282175488 17
280985600 11
280052640 22
280000000 7
279936000 195
278691840 59
277830000 39
277766496 6
276595200 37
276480000 94
275625000 2
275562000 65
275251200 8
274400000 16
274337280 95
272273400 6
272160000 239
272097792 8
271063296 1
270950400 118
270112500 2
270050760 24
270000000 13
269746176 2
268912000 3
268800000 56
268738560 54
267907500 11
267846264 1
266716800 118
265720500 5
265531392 2
265420800 37
264710250 1
264600000 59
264539520 73
264241152 2
263424000 46
262549350 2
262440000 58
262144000 3
261382464 4
261273600 242
260406090 1
260112384 7
259308000 31
259200000 108
258048000 92
257250000 2
257191200 112
256901120 1
256048128 19
256000000 8
255150000 36
255091680 9
254121840 2
254016000 270
252887040 21
252105000 1
252047376 9
252000000 54
251942400 124
251658240 1
250880000 36
250822656 17
250047000 40
248935680 27
248832000 169
248062500 3
248005800 31
247726080 16
246960000 67
246903552 27
246037500 2
245862400 9
245760000 24
245046060 3
245000000 4
244944000 264
243855360 98
243101250 4
243045684 2
243000000 33
242020800 3
241920000 241
241864704 9
241116750 1
240844800 20
240100000 1
240045120 71
240000000 11
238878720 35
238140000 126
238085568 13
237081600 110
236294415 1
236250000 3
236196000 49
236027904 2
235929600 20
235200000 50
235146240 131
233377200 21
233280000 222
232243200 185
231525000 13
231472080 37
231211008 1
230496000 22
230400000 69
229635000 45
229376000 6
228614400 278
227598336 9
226894500 5
226800000 172
226748160 51
226492416 1
225886080 2
225792000 135
225042300 18
225000000 3
224788480 2
224042112 14
224000000 16
223948800 148
223256250 2
223205220 5
222953472 18
222264000 130
221276160 12
221184000 88
220500000 17
220449600 181
220200960 3
219520000 32
219469824 34
218700000 41
217818720 9
217728000 442
217005075 1
216760320 49
216090000 12
216040608 17
216000000 73
215040000 78
214990848 12
214326000 107
213373440 84
212625000 11
212576400 16
212336640 19
211680000 233
211631616 33
210739200 25
210039480 19
210000000 11
209952000 187
209018880 171
208372500 9
208324872 1
207446400 60
207360000 211
206671500 14
206438400 66
205800000 30
205752960 115
204800000 15
204205050 4
204120000 245
204073344 5
203297472 1
203212800 279
202538070 6
202500000 12
202309632 3
201684000 7
201600000 183
201553920 84
200704000 17
200037600 114
200000000 2
199148544 7
199065600 148
198450000 62
198404640 40
198180864 4
197568000 120
196830000 27
196689920 2
196608000 11
196036848 2
196000000 17
195955200 361
195084288 36
194481000 21
194400000 147
193616640 7
193536000 285
192937500 1
192893400 61
192675840 7
192080000 12
192036096 21
192000000 34
191362500 6
191318760 4
191102976 12
190591380 3
190512000 352
189665280 49
189035532 1
189000000 43
188956800 87
188743680 4
188238400 2
188160000 110
188116992 34
187535250 7
186701760 49
186624000 337
186004350 5
185794560 75
185220000 72
185177664 23
184396800 20
184320000 84
183708000 187
183500800 4
182891520 190
182284263 1
182250000 12
181515600 9
181440000 450
181398528 12
180633600 93
180075000 5
180033840 59
180000000 17
179830784 1
179200000 31
179159040 89
178605000 50
178564176 4
177885288 1
177811200 160
177147000 16
177020928 4
176947200 42
176473500 2
176400000 109
176359680 157
175616000 24
175032900 18
175000000 2
174960000 219
174254976 9
174182400 385
173643750 1
173604060 13
173408256 12
172872000 39
172800000 167
172226250 6
172103680 1
172032000 63
171500000 9
171460800 247
170698752 26
170100000 115
170061120 17
169869312 1
169414560 4
169344000 394
168781725 1
168591360 14
168031584 14
168000000 52
167961600 242
167403915 1
167215104 30
166698000 89
165957120 35
165888000 240
165375000 16
165337200 84
165150720 21
164708600 1
164640000 59
164602368 52
164025000 6
163840000 10
163364040 7
163296000 551
162570240 130
162067500 6
162030456 11
162000000 76
161347200 5
161280000 260
161243136 20
160744500 33
160563200 17
160030080 121
160000000 7
159432300 3
159252480 46
158826150 3
158760000 248
158723712 24
158054400 113
157529610 10
157500000 12
157464000 123
157351936 1
157286400 4
156800000 44
156764160 236
156243654 1
155584800 53
155520000 344
154893312 4
154828800 219
154350000 18
154314720 99
154140672 3
153664000 16
153600000 47
153125000 3
153090000 117
152473104 2
152409600 453
151875000 4
151732224 16
151263000 4
151200000 225
151165440 89
150994944 1
150590720 2
150528000 111
150028200 66
150000000 2
149361408 16
149299200 264
148837500 10
148803480 19
148635648 16
148176000 207
147622500 7
147517440 11
147456000 74
147061250 1
147027636 2
147000000 35
146966400 378
146800640 1
146313216 55
145860750 5
145800000 113
145212480 12
145152000 585
144670050 7
144506880 50
144060000 19
144027072 35
144000000 66
143489070 2
143360000 35
143327232 10
142884000 288
142248960 133
141750000 26
141717600 55
141557760 9
141178800 1
141120000 280
141087744 57
140492800 18
140026320 42
140000000 14
139968000 366
139345920 183
138915000 39
138883248 15
138297600 52
138240000 242
137812500 1
137781000 52
137625600 32
137200000 24
137168640 272
136687500 1
136136700 10
136080000 454
136048896 9
135531648 2
135475200 305
135056250 2
135025380 15
135000000 13
134873088 1
134456000 8
134400000 105
134369280 132
133953750 7
133923132 1
133358400 222
132860250 1
132765696 13
132710400 146
132355125 1
132300000 112
132269760 119
132120576 2
131712000 94
131274675 1
131220000 122
131072000 10
130691232 6
130636800 631
130203045 2
130056192 28
129654000 40
129600000 213
129077760 1
129024000 241
128625000 5
128595600 171
128450560 2
128024064 50
128000000 11
127575000 33
127545840 12
127401984 10
127060920 2
127008000 615
126443520 51
126052500 2
126023688 5
126000000 89
125971200 204
125829120 4
125440000 66
125411328 47
125023500 30
124467840 67
124416000 412
124002900 28
123863040 76
123480000 134
123451776 62
123018750 1
122931200 12
122880000 50
122523030 3
122500000 2
122472000 446
121927680 311
121550625 1
121522842 2
121500000 36
121010400 19
120960000 534
120932352 25
120558375 1
120422400 82
120050000 2
120022560 105
120000000 14
119439360 93
119070000 160
119042784 18
118540800 232
118125000 3
118098000 67
118013952 4
117964800 36
117649000 1
117600000 90
117573120 269
117440512 1
116688600 29
116640000 375
116169984 2
116121600 473
115762500 8
115736040 43
115605504 3
115248000 31
115200000 175
114817500 33
114688000 27
114354828 1
114307200 582
113799168 39
113447250 1
113400000 197
113374080 76
113246208 4
112943040 1
112896000 345
112521150 19
112500000 2
112394240 5
112021056 17
112000000 36
111974400 387
111602610 4
111476736 38
111132000 213
110638080 35
110592000 187
110250000 20
110224800 266
110100480 10
109760000 43
109734912 86
109350000 48
108909360 23
108864000 892
108380160 136
108045000 20
108020304 21
108000000 94
107564800 9
107520000 176
107495424 30
107163000 126
106686720 223
106312500 2
106288200 19
106168320 69
105840000 388
105815808 61
105369600 71
105019740 20
105000000 8
104976000 322
104857600 4
104509440 385
104186250 4
104162436 6
103723200 101
103680000 471
103335750 9
103219200 154
102900000 38
102876480 233
102760448 3
102400000 18
102060000 319
102036672 14
101648736 2
101606400 618
101269035 3
101250000 8
101154816 6
100842000 9
100800000 242
100776960 154
100442349 1
100352000 63
100018800 186
100000000 4
99574272 35
99532800 322
99225000 44
99202320 71
99090432 11
98784000 230
98437500 1
98415000 35
98344960 7
98304000 36
98018424 2
98000000 13
97977600 751
97542144 71
97240500 19
97200000 233
96808320 25
96768000 666
96446700 43
96337920 31
96040000 11
96018048 64
96000000 56
95681250 9
95659380 3
95551488 29
95295690 2
95256000 603
94832640 150
94517766 2
94500000 57
94478400 162
94371840 15
94080000 194
94058496 76
93767625 1
93350880 81
93312000 568
93002175 2
92897280 213
92610000 99
92588832 40
92198400 53
92160000 215
91875000 2
91854000 209
91750400 6
91445760 413
91125000 9
90757800 18
90720000 754
90699264 33
90354432 2
90316800 266
90037500 4
90016920 65
90000000 23
89915392 1
89600000 49
89579520 189
89302500 39
89282088 10
88942644 2
88905600 375
88593750 1
88573500 14
88510464 9
88473600 147
88236750 2
88200000 146
88179840 249
87808000 46
87516450 13
87500000 2
87480000 261
87127488 5
87091200 892
86802030 12
86704128 23
86436000 59
86400000 279
86051840 5
86016000 160
85766121 1
85750000 8
85730400 379
85349376 99
85050000 140
85030560 29
84934656 6
84707280 3
84672000 722
84375000 2
84295680 30
84035000 2
84015792 16
84000000 75
83980800 444
83607552 68
83349000 119
82978560 99
82944000 511
82687500 4
82668600 81
82575360 61
82320000 90
82301184 132
82012500 8
81920000 24
81682020 11
81648000 927
81285120 357
81033750 5
81015228 7
81000000 85
80673600 17
80640000 509
80621568 52
80372250 19
80281600 32
80015040 234
80000000 13
79716150 3
79626240 133
79413075 1
79380000 310
79361856 42
79027200 250
78764805 1
78750000 15
78732000 172
78675968 1
78643200 17
78400000 57
78382080 537
78121827 1
77792400 72
77760000 571
77446656 3
77414400 480
77175000 30
77157360 152
77070336 2
76832000 24
76800000 109
76545000 106
76527504 3
76204800 830
75937500 1
75866112 27
75631500 6
75600000 342
75582720 145
75497472 1
75295360 1
75264000 235
75014100 63
75000000 2
74680704 34
74649600 579
74418750 4
74401740 10
74317824 26
74088000 287
73811250 3
73758720 26
73728000 158
73500000 31
73483200 548
73400320 7
73156608 140
72930375 1
72900000 139
72606240 14
72576000 1150
72335025 3
72253440 122
72030000 15
72013536 52
72000000 123
71680000 76
71663616 52
71442000 354
71124480 310
70875000 30
70858800 78
70778880 31
70589400 3
70560000 434
70543872 108
70246400 29
70013160 49
70000000 15
69984000 630
69672960 508
69457500 26
69441624 13
69148800 101
69120000 512
68890500 60
68841472 2
68812800 85
68600000 25
68584320 442
68068350 5
68040000 656
68024448 24
67765824 1
67737600 720
67512690 11
67500000 23
67436544 9
67228000 10
67200000 203
67184640 300
66961566 2
66679200 332
66382848 33
66355200 329
66150000 110
66134880 181
66060288 12
65856000 189
65610000 106
65536000 20
65345616 10
65318400 1176
65028096 80
64827000 42
64800000 364
64538880 8
64512000 571
64312500 1
64297800 208
64225280 8
64012032 93
64000000 26
63787500 23
63772920 15
63700992 21
63530460 4
63504000 893
63221760 138
63011844 13
63000000 104
62985600 348
62914560 7
62720000 108
62705664 155
62511750 15
62233920 100
62208000 844
62001450 12
61931520 189
61740000 141
61725888 100
61465600 30
61440000 109
61261515 1
61250000 3
61236000 545
60963840 594
60761421 1
60750000 24
60505200 22
60480000 866
60466176 51
60211200 160
60025000 2
60011280 143
60000000 19
59719680 307
59535000 133
59521392 22
59295096 1
59270400 417
59062500 1
59049000 54
59006976 8
58982400 98
58824500 2
58800000 148
58786560 547
58720256 1
58344300 44
58320000 516
58084992 15
58060800 1056
57881250 1
57868020 40
57802752 20
57624000 58
57600000 259
57408750 14
57344000 65
57153600 856
56899584 66
56723625 1
56700000 229
56687040 88
56623104 3
56471520 2
56448000 656
56260575 9
56197120 25
56010528 29
56000000 40
55987200 751
55801305 3
55738368 110
55566000 226
55319040 59
55296000 460
55125000 20
55112400 319
55050240 22
54880000 58
54867456 186
54675000 39
54454680 16
54432000 1449
54190080 357
54022500 13
54010152 21
54000000 129
53782400 15
53760000 344
53747712 66
53581500 102
53343360 344
53144100 18
53084160 164
52920000 512
52907904 106
52684800 147
52509870 16
52500000 14
52488000 436
52428800 7
52254720 724
52093125 1
52081218 2
51861600 134
51840000 745
51667875 4
51631104 6
51609600 388
51450000 36
51438240 351
51380224 2
51200000 36
51030000 316
51018336 18
50803200 1102
50625000 6
50577408 21
50421000 9
50400000 376
50388480 354
50176000 91
50009400 159
50000000 1
49787136 63
49766400 687
49612500 28
49601160 56
49545216 25
49412580 1
49392000 362
49207500 22
49172480 11
49152000 90
49009212 2
49000000 30
48988800 1132
48771072 174
48620250 9
48600000 289
48404160 28
48384000 1244
48223350 21
48168960 62
48020000 10
48009024 83
48000000 77
47829690 1
47775744 56
47647845 1
47628000 661
47416320 292
47258883 1
47250000 48
47239200 184
47185920 26
47059600 1
47040000 321
47029248 215
46675440 114
46656000 991
46448640 497
46305000 93
46294416 59
46099200 95
46080000 366
45937500 1
45927000 216
45875200 30
45722880 761
45562500 4
45378900 15
45360000 1044
45349632 44
45177216 1
45158400 539
45008460 42
45000000 45
44957696 4
44800000 85
44789760 448
44651250 16
44641044 10
44452800 508
44296875 1
44286750 4
44255232 26
44236800 296
44100000 148
44089920 425
44040192 3
43904000 66
43758225 4
43750000 1
43740000 267
43563744 10
43545600 1627
43352064 55
43218000 72
43200000 432
43046721 1
43025920 13
43008000 316
42875000 1
42865200 414
42674688 152
42525000 84
42515280 56
42467328 19
42336000 989
42187500 2
42147840 82
42017500 1
42007896 10
42000000 92
41990400 728
41943040 5
41803776 193
41674500 71
41489280 143
41472000 970
41343750 6
41334300 59
41287680 135
41160000 126
41150592 174
41006250 4
40960000 47
40841010 6
40824000 1084
40642560 625
40516875 1
40507614 4
40500000 72
40336800 18
40320000 809
40310784 83
40186125 3
40140800 73
40007520 305
40000000 12
39858075 2
39813120 307
39690000 338
39680928 61
39513600 416
39375000 11
39366000 175
39337984 1
39321600 55
39200000 75
39191040 935
38896200 86
38880000 837
38723328 10
38707200 945
38587500 6
38578680 129
38535168 6
38416000 33
38400000 166
38272500 58
38263752 2
38102400 1255
37933056 78
37815750 3
37800000 412
37791360 246
37748736 3
37632000 412
37507050 33
37500000 2
37340352 53
37324800 997
37209375 1
37200870 12
37158912 106
37044000 340
36879360 47
36864000 387
36750000 31
36741600 713
36700160 18
36578304 241
36450000 118
36303120 29
36288000 1799
36126720 227
36015000 18
36006768 71
36000000 147
35840000 123
35831808 94
35721000 289
35562240 480
35437500 11
35429400 59
35389440 107
35280000 561
35271936 189
35123200 64
35006580 39
35000000 10
34992000 822
34836480 900
34728750 18
34720812 16
34574400 145
34560000 815
34445250 22
34420736 1
34406400 185
34300000 16
34292160 659
34034175 3
34020000 710
34012224 34
33882912 2
33868800 1149
33756345 3
33750000 16
33718272 19
33614000 7
33600000 278
33592320 498
33480783 1
33339600 359
33191424 46
33177600 746
33075000 97
33067440 191
33030144 23
32928000 238
32805000 84
32768000 27
32672808 12
32659200 1788
32514048 163
32413500 27
32400000 394
32269440 29
32256000 929
32148900 124
32112640 11
32006016 149
32000000 43
31893750 9
31886460 15
31850496 59
31765230 4
31752000 1101
31610880 245
31505922 4
31500000 84
31492800 443
31457280 19
31360000 143
31352832 293
31255875 5
31116960 150
31104000 1330
31000725 3
30965760 447
30870000 126
30862944 128
30732800 41
30720000 210
30625000 3
30618000 534
30481920 994
30375000 17
30252600 25
30240000 1154
30233088 98
30118144 1
30105600 328
30012500 1
30005640 143
30000000 17
29859840 551
29767500 84
29760696 22
29635200 628
29524500 26
29503488 18
29491200 239
29412250 2
29400000 148
29393280 781
29360128 1
29172150 24
29160000 536
29042496 20
29030400 1831
28934010 17
28901376 37
28812000 56
28800000 401
28704375 1
28672000 137
28576800 895
28449792 154
28350000 242
28343520 116
28311552 13
28235760 8
28224000 984
28125000 2
28098560 20
28005264 42
28000000 49
27993600 1107
27869184 221
27783000 187
27659520 110
27648000 838
27562500 11
27556200 246
27525120 74
27440000 77
27433728 296
27337500 15
27227340 11
27216000 1914
27095040 623
27011250 6
27005076 16
27000000 117
26891200 14
26880000 543
26873856 152
26790750 46
26671680 463
26572050 6
26542080 335
26460000 526
26453952 119
26342400 241
26254935 7
26250000 15
26244000 434
26214400 7
26127360 1336
26040609 1
25930800 139
25920000 1025
25815552 12
25804800 675
25725000 33
25719120 341
25690112 5
25600000 69
25515000 215
25509168 18
25412184 1
25401600 1661
25312500 4
25288704 66
25210500 5
25200000 467
25194240 430
25165824 2
25088000 168
25004700 120
25000000 1
24893568 81
24883200 1263
24806250 10
24800580 34
24772608 55
24696000 442
24603750 5
24586240 22
24576000 193
24504606 5
24500000 25
24494400 1345
24385536 281
24310125 3
24300000 222
24202080 34
24192000 1915
24111675 5
24084480 133
24010000 18
24004512 101
24000000 98
23887872 128
23814000 643
23708160 452
23625000 42
23619600 176
23592960 77
23529800 2
23520000 429
23514624 336
23337720 83
23328000 1369
23224320 969
23152500 44
23147208 46
23049600 95
23040000 591
22963500 108
22937600 46
22861440 1074
22781250 1
22689450 4
22680000 1114
22674816 80
22588608 1
22579200 957
22504230 38
22500000 18
22478848 8
22400000 133
22394880 735
22325625 3
22320522 6
22226400 564
22127616 43
22118400 630
22050000 115
22044960 457
22020096 7
21952000 123
21875000 1
21870000 239
21781872 19
21772800 2468
21676032 139
21609000 63
21600000 536
21512960 11
21504000 542
21437500 1
21432600 396
21337344 220
21262500 52
21257640 39
21233664 50
21176820 3
21168000 1296
21073920 126
21003948 7
21000000 95
20995200 922
20971520 3
20901888 356
20837250 38
20744640 181
20736000 1504
20667150 38
20643840 269
20580000 137
20575296 214
20480000 67
20420505 4
20412000 1145
20321280 1113
20253807 4
20250000 48
20168400 21
20160000 1149
20155392 151
20070400 115
20003760 316
20000000 14
19906560 582
19845000 212
19840464 69
19756800 622
19687500 1
19683000 127
19668992 1
19660800 103
19600000 96
19595520 1317
19448100 62
19440000 946
19361664 16
19353600 1694
19293750 6
19289340 91
19267584 15
19208000 43
19200000 221
19136250 20
19131876 3
19059138 2
19051200 1525
18966528 140
18907875 1
18900000 359
18895680 246
18874368 6
18823840 1
18816000 650
18753525 9
18750000 1
18670176 72
18662400 1569
18579456 202
18522000 322
18439680 81
18432000 603
18375000 23
18370800 649
18350080 19
18289152 401
18225000 74
18151560 16
18144000 2450
18063360 441
18007500 11
18003384 62
18000000 149
17920000 205
17915904 199
17860500 186
17781120 612
17718750 5
17714700 34
17694720 214
17647350 2
17640000 549
17635968 244
17561600 101
17503290 25
17500000 12
17496000 889
17418240 1501
17364375 1
17360406 9
17287200 165
17280000 1118
17222625 2
17210368 5
17203200 349
17150000 29
17146080 695
17010000 560
17006112 31
16941456 2
16934400 1580
16875000 3
16859136 33
16807000 3
16800000 313
16796160 746
16669800 295
16595712 75
16588800 1248
16537500 39
16533720 150
16515072 46
16464000 265
16402500 37
16384000 57
16336404 8
16329600 2204
16257024 290
16206750 8
16200000 390
16134720 16
16128000 1492
16074450 52
16056320 48
16003008 211
16000000 47
15946875 2
15943230 5
15925248 132
15882615 1
15876000 1107
15805440 404
15752961 1
15750000 74
15746400 443
15728640 22
15680000 197
15676416 513
15558480 124
15552000 1889
15482880 763
15435000 96
15431472 116
15366400 42
15360000 351
15312500 2
15309000 416
15240960 1348
15187500 6
15126300 24
15120000 1364
15116544 124
15059072 1
15052800 503
15002820 102
15000000 19
14929920 917
14883750 47
14880348 17
14823774 1
14817600 685
14762250 9
14751744 24
14745600 400
14706125 1
14700000 137
14696640 992
14586075 3
14580000 517
14521248 21
14515200 2766
14467005 6
14450688 87
14406000 69
14400000 411
14336000 164
14288400 888
14224896 228
14175000 136
14171760 110
14155776 30
14117880 2
14112000 1196
14062500 1
14049280 48
14002632 37
14000000 60
13996800 1454
13934592 388
13891500 129
13829760 161
13824000 1388
13781250 3
13778100 134
13762560 117
13720000 73
13716864 367
13668750 2
13613670 7
13608000 1980
13547520 1040
13502538 5
13500000 122
13445600 15
13440000 687
13436928 211
13395375 11
13335840 514
13286025 2
13271040 544
13230000 417
13226976 144
13171200 335
13125000 8
13122000 357
13107200 15
13063680 1838
12965400 118
12960000 1267
12907776 12
12902400 1108
12862500 10
12859560 291
12845056 10
12800000 83
12757500 148
12754584 11
12700800 2001
12656250 1
12644352 93
12605250 2
12600000 451
12597120 538
12582912 4
12544000 219
12502350 55
12500000 3
12446784 85
12441600 1847
12400290 30
12386304 158
12348000 376
12293120 30
12288000 308
12252303 3
12250000 15
12247200 1336
12192768 457
12150000 192
12101040 30
12096000 2463
12042240 233
12005000 11
12002256 126
12000000 117
11943936 222
11907000 450
11854080 625
11812500 17
11809800 107
11796480 132
11764900 1
11760000 427
11757312 453
11668860 64
11664000 1495
11612160 1613
11576250 21
11573604 40
11524800 132
11520000 865
11481750 36
11468800 115
11430720 1223
11344725 2
11340000 968
11337408 72
11294304 3
11289600 1335
11252115 6
11250000 21
11239424 8
11200000 173
11197440 1078
11113200 524
11063808 55
11059200 950
11025000 92
11022480 351
11010048 18
10976000 141
10935000 152
10890936 19
10886400 3048
10838016 250
10804500 25
10800000 513
10756480 9
10752000 815
10716300 228
10668672 257
10631250 12
10628820 17
10616832 97
10588410 2
10584000 1366
10536960 215
10501974 9
10500000 77
10497600 887
10485760 8
10450944 510
10418625 7
10372320 202
10368000 1979
10333575 2
10321920 487
10290000 84
10287648 261
10240000 112
10206000 956
10160640 1660
10125000 31
10084200 17
10080000 1269
10077696 232
10035200 150
10001880 226
10000000 21
9953280 995
9922500 118
9920232 48
9882516 1
9878400 670
9841500 54
9834496 7
9830400 157
9800000 79
9797760 1659
9724050 39
9720000 975
9680832 20
9676800 2475
9644670 59
9633792 48
9604000 33
9600000 281
9568125 4
9525600 1424
9483264 212
9450000 256
9447840 291
9437184 15
9411920 2
9408000 771
9375000 3
9335088 71
9331200 2046
9289728 360
9261000 241
9219840 84
9216000 924
9187500 4
9185400 458
9175040 32
9144576 570
9112500 39
9075780 13
9072000 2687
9031680 706
9003750 3
9001692 40
9000000 130
8960000 277
8957952 324
8930250 76
8890560 695
8857350 14
8847360 396
8820000 535
8817984 252
8780800 128
8751645 8
8750000 2
8748000 795
8709120 2188
8680203 1
8643600 124
8640000 1289
8605184 1
8601600 575
8575000 15
8573040 610
8505000 346
8503056 32
8470728 2
8467200 1963
8437500 4
8429568 47
8403500 1
8400000 324
8398080 923
8388608 1
8334900 177
8297856 84
8294400 1890
8268750 14
8266860 109
8257536 82
8232000 310
8201250 4
8192000 82
8168202 6
8164800 2313
8128512 481
8103375 8
8100000 368
8067360 17
8064000 1927
8037225 14
8028160 63
8001504 219
8000000 48
7971615 1
7962624 212
7938000 849
7902720 503
7875000 32
7873200 357
7864320 53
7840000 206
7838208 670
7779240 101
7776000 2054
7741440 1234
7717500 51
7715736 76
7683200 55
7680000 448
7654500 178
7620480 1603
7593750 3
7563150 9
7560000 1262
7558272 154
7529536 1
7526400 687
7501410 44
7500000 18
7464960 1330
7441875 7
7440174 4
7408800 673
7381125 2
7375872 26
7372800 626
7350000 97
7348320 864
7340032 8
7290000 404
7260624 22
7257600 3472
7225344 160
7203000 33
7200000 480
7168000 266
7144200 563
7112448 293
7087500 54
7085880 58
7077888 54
7056000 1304
7024640 66
7001316 19
7000000 43
6998400 1638
6967296 592
6945750 58
6914880 172
6912000 1833
6890625 1
6889050 55
6881280 218
6860000 63
6858432 426
6834375 1
6806835 2
6804000 1718
6773760 1431
6751269 2
6750000 69
6722800 6
6720000 808
6718464 336
6667920 472
6635520 919
6615000 282
6613488 149
6588344 1
6585600 395
6562500 2
6561000 222
6553600 47
6531840 2276
6482700 66
6480000 1268
6453888 8
6451200 1634
6431250 2
6429780 158
6422528 14
6400000 105
6378750 40
6377292 15
6353046 2
6350400 1972
6322176 130
6300000 355
6298560 532
6291456 4
6272000 304
6251175 13
6250000 2
6223392 79
6220800 2347
6200145 2
6193152 251
6174000 311
6146560 43
6144000 444
6125000 9
6123600 1065
6096384 651
6075000 101
6050520 17
6048000 2721
6021120 356
6002500 4
6001128 97
6000000 91
5971968 356
5953500 261
5927040 726
5906250 3
5904900 74
5898240 228
5882450 1
5880000 397
5878656 506
5834430 27
5832000 1432
5806080 2198
5788125 3
5786802 21
5762400 109
5760000 1023
5740875 10
5734400 166
5715360 1192
5670000 726
5668704 78
5644800 1532
5625000 9
5619712 17
5600000 158
5598720 1337
5556600 332
5531904 71
5529600 1536
5512500 29
5511240 269
5505024 44
5488000 114
5467500 75
5445468 11
5443200 3206
5419008 355
5402250 12
5400000 510
5378240 10
5376000 1008
5358150 93
5334336 311
5315625 1
5314410 7
5308416 141
5294205 2
5292000 1175
5268480 265
5250987 1
5250000 52
5248800 796
5242880 12
5225472 807
5186160 146
5184000 2387
5160960 748
5145000 56
5143824 217
5120000 147
5103000 574
5080320 1851
5062500 18
5042100 2
5040000 1247
5038848 260
5017600 222
5000940 123
5000000 10
4976640 1459
4961250 49
4960116 22
4939200 643
4920750 14
4917248 9
4915200 257
4900000 70
4898880 1600
4862025 4
4860000 721
4840416 19
4838400 3015
4822335 13
4816896 71
4802000 20
4800000 335
4762800 1156
4741632 283
4725000 171
4723920 204
4718592 33
4705960 2
4704000 803
4667544 44
4665600 2334
4644864 530
4630500 133
4609920 94
4608000 1226
4593750 2
4592700 240
4587520 68
4572288 590
4556250 8
4537890 8
4536000 2498
4515840 923
4500846 14
4500000 92
4480000 280
4478976 455
4465125 13
4445280 647
4428675 4
4423680 574
4410000 366
4408992 249
4390400 147
4375000 2
4374000 572
4354560 2687
4321800 86
4320000 1358
4302592 5
4300800 738
4287500 2
4286520 443
4252500 177
4251528 23
4235364 1
4233600 2151
4218750 1
4214784 52
4201750 2
4200000 273
4199040 971
4194304 1
4167450 67
4148928 98
4147200 2441
4134375 3
4133430 41
4128768 141
4116000 247
4100625 2
4096000 142
4082400 1947
4064256 620
4050000 242
4033680 28
4032000 2253
4014080 89
4000752 153
4000000 47
3981312 339
3969000 567
3951360 571
3937500 16
3936600 200
3932160 84
3920000 181
3919104 779
3889620 61
3888000 2107
3870720 1719
3858750 17
3857868 45
3841600 50
3840000 542
3827250 66
3810240 1657
3781575 2
3780000 1023
3779136 136
3764768 1
3763200 894
3750705 13
3750000 13
3732480 1746
3720087 1
3704400 516
3687936 39
3686400 916
3675000 50
3674160 682
3670016 6
3645000 180
3630312 14
3628800 3724
3612672 233
3601500 25
3600000 443
3584000 297
3572100 301
3556224 323
3543750 15
3542940 36
3538944 125
3528000 1195
3512320 65
3500658 9
3500000 25
3499200 1455
3483648 854
3472875 10
3457440 141
3456000 2162
3444525 6
3440640 299
3430000 48
3429216 348
3402000 1239
3386880 1629
3375000 36
3361400 5
3360000 741
3359232 379
3333960 320
3317760 1303
3307500 132
3306744 92
3292800 396
3281250 2
3280500 117
3276800 61
3265920 2353
3241350 28
3240000 1084
3226944 8
3225600 2168
3215625 1
3214890 66
3211264 11
3200000 101
3189375 9
3175200 1691
3161088 184
3150000 237
3149280 481
3145728 12
3136000 297
3111696 74
3110400 2712
3096576 385
3087000 189
3073280 39
3072000 651
3062500 1
3061800 677
3048192 710
3037500 39
3025260 9
3024000 2484
3010560 443
3001250 2
3000564 50
3000000 82
2985984 511
2976750 79
2963520 664
2952450 19
2949120 362
2940000 310
2939328 495
2917215 4
2916000 1165
2903040 2749
2893401 4
2881200 92
2880000 1082
2867200 222
2857680 901
2835000 419
2834352 51
2823576 2
2822400 1673
2812500 3
2809856 10
2800000 136
2799360 1437
2778300 198
2765952 78
2764800 1907
2756250 13
2755620 167
2752512 54
2744000 98
2733750 22
2722734 6
2721600 2928
2709504 489
2701125 2
2700000 354
2689120 7
2688000 1163
2679075 19
2667168 261
2657205 2
2654208 276
2646000 835
2634240 298
2625000 31
2624400 573
2621440 23
2612736 992
2593080 110
2592000 2425
2580480 1039
2572500 26
2571912 120
2560000 153
2551500 269
2540160 1856
2531250 4
2521050 6
2520000 1018
2519424 274
2508800 264
2500470 56
2500000 7
2488320 1767
2480625 11
2480058 19
2469600 534
2460375 4
2458624 10
2457600 400
2450000 35
2449440 1335
2430000 491
2420208 16
2419200 3427
2408448 84
2401000 13
2400000 321
2381400 728
2370816 319
2362500 62
2361960 125
2359296 60
2352000 773
2333772 28
2332800 2118
2322432 686
2315250 45
2304960 88
2304000 1515
2296350 83
2293760 81
2286144 602
2278125 1
2268945 3
2268000 1887
2257920 1165
2250423 8
2250000 59
2240000 293
2239488 526
2222640 508
2211840 864
2205000 212
2204496 201
2195200 154
2187500 2
2187000 332
2177280 2840
2160900 47
2160000 1218
2151296 5
2150400 1060
2143750 2
2143260 225
2126250 43
2125764 9
2116800 1933
2107392 90
2100000 166
2099520 878
2097152 1
2083725 17
2074464 91
2073600 2868
2066715 12
2064384 211
2058000 159
2048000 183
2041200 1401
2032128 717
2025000 116
2016840 6
2016000 2140
2007040 143
2000376 101
2000000 32
1990656 437
1984500 249
1975680 528
1968750 3
1968300 123
1966080 148
1960000 130
1959552 733
1944810 17
1944000 1712
1935360 2065
1929375 2
1928934 18
1920800 43
1920000 568
1913625 7
1905120 1331
1890000 681
1889568 123
1882384 1
1881600 911
1875000 5
1866240 1928
1852200 291
1843968 42
1843200 1119
1837500 26
1837080 382
1835008 15
1822500 85
1815156 9
1814400 3471
1806336 273
1800750 12
1800000 324
1792000 373
1786050 119
1778112 362
1771875 6
1771470 15
1769472 177
1764000 890
1756160 92
1750329 3
1750000 11
1749600 1117
1741824 971
1728720 104
1728000 2248
1720320 416
1715000 25
1714608 284
1701000 648
1693440 1710
1687500 10
1680700 3
1680000 719
1679616 396
1666980 159
1658880 1619
1653750 36
1653372 36
1646400 338
1640250 38
1638400 93
1632960 2022
1620675 6
1620000 797
1613472 4
1612800 2280
1607445 6
1605632 18
1600000 112
1587600 1119
1580544 191
1575000 131
1574640 359
1572864 16
1568000 263
1562500 1
1555848 44
1555200 2771
1548288 478
1543500 89
1536640 40
1536000 688
1530900 321
1524096 727
1518750 13
1512630 5
1512000 2164
1505280 558
1500282 25
1500000 58
1492992 621
1488375 14
1481760 561
1476225 3
1474560 445
1470000 189
1469664 368
1458000 706
1451520 2891
1440600 40
1440000 998
1433600 269
1428840 508
1417500 177
1417176 33
1411788 1
1411200 1529
1406250 1
1404928 27
1400000 83
1399680 1434
1389150 58
1382976 68
1382400 2326
1377810 40
1376256 78
1372000 76
1366875 3
1361367 2
1360800 2260
1354752 530
1350000 192
1344560 12
1344000 1163
1333584 190
1327104 369
1323000 469
1317120 282
1312500 17
1312200 294
1310720 29
1306368 918
1296540 58
1296000 2082
1290240 1208
1286250 8
1285956 76
1280000 162
1275750 100
1270080 1682
1265625 1
1260000 646
1259712 208
1254400 299
1250235 7
1250000 3
1244160 2048
1240029 2
1234800 361
1229312 12
1228800 505
1225000 24
1224720 851
1215000 257
1210104 3
1209600 3327
1204224 133
1200500 4
1200000 237
1190700 330
1185408 281
1181250 19
1180980 76
1179648 102
1176000 610
1166886 15
1166400 1826
1161216 927
1157625 1
1152480 100
1152000 1542
1148175 14
1146880 109
1143072 465
1134000 1178
1128960 1169
1125000 30
1120000 266
1119744 553
1111320 275
1105920 1128
1102500 110
1102248 118
1097600 128
1093500 123
1088640 2643
1080450 22
1080000 916
1075648 1
1075200 1125
1071630 77
1063125 8
1062882 3
1058400 1402
1053696 101
1050000 122
1049760 715
1048576 5
1037232 66
1036800 2788
1032192 284
1029000 80
1024000 193
1020600 756
1016064 733
1012500 41
1008420 8
1008000 1814
1003520 158
1000188 64
1000000 21
995328 551
992250 71
987840 492
984150 32
983040 195
980000 90
979776 685
972405 5
972000 1234
967680 2384
964467 12
960400 20
960000 515
952560 916
945000 322
944784 78
940800 830
937500 3
933120 1842
926100 161
921984 37
921600 1309
918750 5
918540 207
917504 25
911250 33
907578 4
907200 2732
903168 339
900375 1
900000 218
896000 355
893025 18
889056 226
885735 3
884736 247
882000 564
878080 93
875000 8
874800 719
870912 1067
864360 67
864000 2045
860160 531
857500 13
857304 158
850500 291
846720 1587
843750 3
840350 1
840000 496
839808 370
833490 62
829440 1789
826875 10
826686 16
823200 231
820125 5
819200 121
816480 1519
810000 432
806736 14
806400 2346
802816 33
800000 90
793800 661
790272 203
787500 50
787320 209
786432 21
784000 241
777924 23
777600 2366
774144 658
771750 27
768320 31
768000 675
765450 106
762048 606
756315 1
756000 1496
752640 588
750141 5
750000 36
746496 654
740880 380
737280 603
735000 99
734832 256
729000 400
725760 2701
720300 25
720000 764
716800 295
714420 252
708750 54
708588 16
705600 1213
702464 27
700000 64
699840 1125
694575 23
691488 47
691200 2253
688905 9
688128 104
686000 56
680400 1417
677376 614
675000 95
672280 2
672000 1033
666792 106
663552 456
661500 230
658560 298
656250 3
656100 118
655360 36
653184 901
648270 14
648000 1558
645120 1467
642978 18
640000 169
637875 15
635040 1182
630000 407
629856 166
627200 274
625000 2
622080 1988
617400 219
614656 14
614400 525
612500 10
612360 511
607500 94
605052 4
604800 2758
602112 146
600250 3
600000 137
595350 97
592704 221
590625 3
590490 19
589824 108
588000 411
583443 4
583200 1241
580608 968
576240 45
576000 1490
573440 108
571536 281
567000 621
564480 1150
562500 9
560000 219
559872 545
555660 116
552960 1266
551250 27
551124 59
548800 95
546875 1
546750 41
544320 2077
540225 1
540000 604
537824 4
537600 1095
535815 17
529200 874
526848 78
525000 64
524880 410
524288 8
518616 37
518400 2598
516096 351
514500 46
512000 208
510300 342
508032 627
506250 9
504210 1
504000 1341
501760 154
500094 15
500000 14
497664 654
496125 15
493920 333
492075 3
491520 234
490000 65
489888 448
486000 736
483840 2332
480200 14
480000 449
476280 500
472500 117
472392 58
470400 687
466560 1587
463050 55
460992 30
460800 1441
459375 1
459270 50
458752 27
453600 1893
451584 374
450000 129
448000 298
444528 162
442368 276
441000 283
439040 65
437500 3
437400 360
435456 971
432180 39
432000 1611
430080 582
428652 76
425250 88
423360 1125
421875 1
420000 325
419904 296
416745 9
414720 1838
413343 1
411600 140
409600 144
408240 930
405000 220
403368 2
403200 2020
401408 33
400000 61
396900 301
395136 179
393750 12
393660 95
393216 43
392000 174
388962 9
388800 1717
387072 683
385875 9
384160 18
384000 684
382725 14
381024 448
378000 858
376320 579
375000 16
373248 650
370440 195
368640 698
367500 41
367416 154
364500 149
362880 2321
360150 3
360000 580
358400 312
357210 77
354375 8
354294 8
352800 836
351232 30
350000 40
349920 746
345744 31
345600 2064
344064 127
343000 21
340200 687
338688 532
337500 29
336140 2
336000 806
333396 60
331776 506
330750 44
329280 214
328125 2
328050 35
327680 46
326592 648
324135 3
324000 1052
322560 1435
321489 7
320000 165
317520 739
315000 178
314928 96
313600 245
312500 1
311040 1871
308700 82
307328 5
307200 625
306250 2
306180 201
303750 28
302526 2
302400 2079
301056 187
300000 110
297675 25
296352 167
295245 4
294912 147
294000 233
291600 749
290304 907
288120 29
288000 1178
286720 134
285768 171
283500 230
282240 905
281250 5
280000 115
279936 441
277830 43
276480 1319
275625 2
275562 12
274400 64
273375 2
272160 1522
270000 329
268912 4
268800 980
264600 417
263424 105
262500 14
262440 215
262144 5
259308 22
259200 1972
258048 362
257250 16
256000 193
255150 89
254016 517
253125 4
252105 1
252000 865
250880 142
250047 4
250000 7
248832 656
246960 197
245760 261
245000 33
244944 289
243000 325
241920 1902
240100 1
240000 332
238140 237
236250 32
236196 21
235200 533
233280 1118
231525 6
230496 21
230400 1300
229635 9
229376 25
226800 1141
225792 368
225000 49
224000 247
222264 98
221184 318
220500 123
219520 72
218750 1
218700 130
217728 795
216090 10
216000 1162
215040 635
214326 26
212625 11
211680 761
210000 184
209952 192
207360 1632
205800 74
204800 130
204120 499
202500 85
201684 3
201600 1512
200704 40
200000 45
198450 83
197568 131
196830 26
196608 48
196000 96
194400 1094
193536 700
192080 8
192000 580
190512 253
189000 424
188160 455
187500 5
186624 568
185220 83
184320 750
183750 7
183708 71
182250 42
181440 1682
180075 2
180000 342
179200 282
178605 12
176400 489
175616 15
175000 13
174960 428
172872 15
172800 1680
172032 135
171500 8
170100 283
169344 434
168750 4
168000 516
166698 22
165888 546
165375 6
164640 136
164025 4
163840 58
163296 446
162000 540
161280 1274
160000 123
158760 358
157500 72
157464 59
156800 163
155520 1385
154350 23
153664 8
153600 579
153090 53
151263 1
151200 1288
150528 140
150000 54
148176 106
147456 145
147000 126
145800 321
145152 778
144060 4
144000 870
143360 157
142884 62
141750 70
141120 652
140000 76
139968 340
138915 11
138240 1297
137781 1
137200 33
136080 792
135000 123
134456 1
134400 762
132300 155
131712 67
131250 3
131220 102
131072 13
129654 6
129600 1360
129024 353
128625 1
128000 145
127575 26
127008 340
126000 480
125440 122
124416 545
123480 105
122880 288
122500 1
122472 148
121500 129
120960 1528
120050 1
120000 198
119070 55
118125 5
118098 4
117600 308
116640 714
115248 16
115200 1094
114688 21
113400 506
112896 274
112500 14
112000 201
111132 37
110592 325
110250 29
109760 42
109350 39
108864 611
108045 3
108000 624
107520 556
107163 5
105840 447
105000 76
104976 119
103680 1307
102900 37
102400 126
102060 198
101250 16
100800 1115
100352 30
100000 24
99225 13
98784 73
98415 2
98304 52
98000 60
97200 620
96768 597
96040 4
96000 425
95256 136
94500 144
94080 329
93312 464
92610 30
92160 691
91875 2
91854 20
91125 2
90720 1067
90000 167
89600 225
88200 243
87808 18
87500 6
87480 241
86436 4
86400 1194
86016 149
85750 3
85050 83
84672 328
84375 1
84035 1
84000 339
83349 4
82944 491
82320 87
81920 52
81648 237
81000 275
80640 950
80000 90
79380 167
78750 15
78732 25
78400 122
77760 916
77175 3
76832 7
76800 468
76545 5
75600 737
75264 122
75000 13
74088 55
73728 155
73500 39
72900 115
72576 562
72030 5
72000 562
71680 116
71442 16
70875 8
70560 420
70000 39
69984 211
69120 1040
68600 18
68040 388
67500 52
67200 578
66150 49
65856 50
65610 15
65536 7
64827 2
64800 753
64512 323
64000 134
63504 178
63000 197
62720 107
62208 439
61740 38
61440 258
61250 3
61236 65
60750 26
60480 1015
60025 1
60000 130
59535 9
59049 1
58800 175
58320 384
57624 6
57600 847
57344 29
56700 214
56448 221
56250 5
56000 110
55566 8
55296 367
55125 5
54880 27
54675 4
54432 337
54000 326
53760 434
52920 193
52500 24
52488 60
51840 1007
51450 11
51200 115
51030 51
50400 613
50176 24
50000 8
49392 54
49152 52
49000 26
48600 245
48384 453
48020 2
48000 304
47628 54
47250 37
47040 235
46656 277
46305 2
46080 624
45927 5
45360 572
45000 85
44800 176
44100 77
43904 14
43740 81
43218 1
43200 777
43008 132
42525 13
42336 206
42000 161
41472 423
41160 34
40960 70
40824 133
40500 75
40320 712
40000 38
39690 55
39375 3
39366 9
39200 76
38880 550
38416 4
38400 409
37800 277
37632 104
37500 5
37044 24
36864 148
36750 11
36450 33
36288 408
36015 1
36000 305
35840 110
35721 5
35280 220
35000 19
34992 109
34560 808
34300 7
34020 154
33750 12
33600 382
33075 4
32928 34
32805 6
32768 18
32400 408
32256 281
32000 67
31752 87
31500 67
31360 69
31250 1
31104 324
30870 11
30720 227
30618 18
30375 3
30240 601
30000 48
29400 73
29160 191
28812 1
28800 573
28672 26
28350 46
28224 167
28000 67
27783 1
27648 292
27440 16
27216 187
27000 133
26880 325
26460 77
26250 9
26244 20
25920 588
25725 1
25600 88
25515 10
25200 275
25088 25
25000 4
24696 20
24576 65
24500 10
24300 92
24192 316
24010 1
24000 181
23814 13
23625 3
23520 130
23328 148
23040 462
22680 235
22500 18
22400 116
22050 23
21952 13
21870 21
21600 449
21504 112
21168 108
21000 75
20736 293
20580 15
20480 44
20412 38
20250 18
20160 424
20000 37
19845 3
19683 1
19600 29
19440 257
19200 259
18900 101
18816 74
18522 5
18432 137
18375 2
18225 5
18144 232
18000 125
17920 92
17640 97
17500 9
17496 45
17280 493
17150 5
17010 28
16875 3
16800 199
16464 15
16384 8
16200 164
16128 200
16000 59
15876 32
15750 17
15680 31
15552 159
15360 186
15309 7
15120 308
15000 17
14700 21
14580 62
14406 1
14400 359
14336 25
14175 4
14112 83
14000 34
13824 216
13720 3
13608 89
13500 38
13440 215
13230 21
13125 1
13122 3
12960 357
12800 78
12600 136
12544 19
12500 3
12348 6
12288 44
12250 5
12150 26
12096 174
12000 87
11907 2
11760 62
11664 76
11520 339
11340 82
11250 3
11200 72
10976 5
10935 2
10800 192
10752 82
10584 42
10500 30
10368 194
10290 1
10240 48
10206 14
10125 1
10080 223
10000 7
9800 14
9720 118
9604 2
9600 177
9450 27
9408 45
9216 129
9072 96
9000 64
8960 53
8820 30
8748 21
8640 326
8575 1
8505 5
8400 93
8232 9
8192 5
8100 56
8064 126
8000 28
7938 4
7875 1
7840 33
7776 122
7680 152
7560 132
7500 7
7350 7
7290 8
7200 191
7168 18
7056 37
7000 4
6912 125
6860 2
6804 25
6750 6
6720 112
6615 2
6480 173
6400 46
6300 39
6272 15
6174 3
6144 32
6125 1
6075 1
6048 103
6000 33
5880 23
5832 41
5760 211
5670 22
5600 29
5488 1
5400 77
5376 51
5292 15
5250 5
5184 106
5120 25
5103 1
5040 109
5000 2
4900 3
4860 35
4800 95
4725 3
4704 21
4608 74
4536 35
4500 21
4480 41
4410 10
4375 1
4374 3
4320 161
4200 26
4116 1
4096 8
4050 8
4032 68
4000 13
3969 1
3920 10
3888 52
3840 92
3780 52
3750 1
3645 1
3600 84
3584 12
3528 8
3500 1
3456 95
3430 1
3402 5
3360 75
3240 52
3200 25
3150 8
3136 4
3072 38
3024 64
3000 14
2940 5
2916 8
2880 117
2835 4
2800 16
2744 2
2700 29
2688 42
2646 2
2592 68
2560 14
2520 47
2430 8
2400 43
2352 12
2304 54
2268 17
2250 6
2240 16
2205 1
2160 67
2100 12
2048 5
2016 39
2000 11
1960 3
1944 22
1920 40
1890 12
1875 1
1800 25
1792 9
1764 8
1728 39
1715 1
1680 31
1620 24
1600 20
1575 1
1568 3
1536 19
1512 18
1500 6
1458 4
1440 53
1400 7
1350 7
1344 24
1296 23
1280 12
1260 14
1250 1
1215 2
1200 24
1176 6
1152 40
1125 1
1120 10
1080 27
1050 2
1024 1
1008 18
1000 1
980 3
972 5
960 28
945 2
900 4
896 5
882 2
864 24
840 10
810 5
800 7
784 3
768 11
756 2
750 1
720 23
700 3
672 11
648 6
640 6
630 3
600 10
588 2
576 16
560 6
540 10
512 1
504 5
500 1
486 1
480 12
450 1
448 1
441 1
432 8
420 4
400 3
392 1
384 11
378 1
360 9
336 5
324 4
320 4
300 2
294 1
288 5
280 5
270 1
256 1
252 2
240 8
216 2
210 1
200 1
192 7
168 1
150 1
144 3
128 1
120 3
98 1
96 3
72 1
64 1
63 1
60 2
50 1
42 1
32 1
30 1
