4374000000 1
4199040000 1
4147200000 1
4082400000 1
3888000000 1
3628800000 3
3265920000 1
3225600000 1
3188646000 1
3149280000 1
3110400000 1
3061800000 1
3024000000 1
2949120000 1
2939328000 3
2903040000 2
2893401000 1
2857680000 1
2755620000 1
2744000000 1
2721600000 1
2700000000 1
2646000000 1
2624400000 2
2612736000 2
2580480000 1
2571912000 2
2560000000 1
2540160000 2
2519424000 1
2500470000 1
2449440000 1
2430000000 1
2419200000 1
2400000000 1
2381400000 1
2361960000 2
2351462400 2
2332800000 1
2322432000 1
2304000000 1
2286144000 2
2268000000 3
2257920000 1
2239488000 5
2222640000 1
2211840000 1
2205000000 2
2204496000 4
2177280000 7
2160000000 2
2099520000 3
2090188800 2
2083248720 1
2073600000 5
2064384000 1
2057529600 2
2048000000 1
2041200000 3
2040733440 1
2032128000 2
2025000000 1
2016000000 2
2015539200 1
2000376000 4
1990656000 1
1984046400 2
1975680000 2
1968300000 1
1959552000 1
1944810000 1
1944000000 2
1935360000 1
1928934000 2
1913187600 1
1905120000 4
1889568000 4
1887436800 1
1881600000 2
1866240000 5
1857945600 1
1843200000 5
1837080000 7
1828915200 2
1814400000 3
1806336000 3
1800000000 1
1791590400 1
1771470000 1
1769472000 1
1764000000 1
1763596800 3
1756160000 2
1749600000 4
1741824000 6
1728000000 2
1714608000 8
1701000000 1
1693440000 2
1679616000 7
1674039150 1
1658880000 6
1653372000 5
1646023680 3
1632960000 6
1625702400 4
1620304560 2
1620000000 5
1612800000 3
1607445000 1
1600300800 4
1587600000 6
1587237120 3
1580544000 2
1575000000 2
1574640000 6
1572864000 1
1567641600 6
1555200000 4
1548288000 3
1543147200 4
1530900000 2
1530550080 1
1524096000 6
1512000000 7
1511654400 7
1505280000 2
1504935936 1
1500282000 3
1492992000 5
1488034800 4
1481760000 3
1469664000 5
1463132160 2
1458274104 1
1458000000 2
1451520000 13
1440270720 2
1440000000 2
1433600000 2
1428840000 6
1422489600 2
1417500000 2
1415577600 1
1411200000 7
1410877440 2
1404928000 1
1400263200 2
1400000000 1
1399680000 10
1393459200 6
1389150000 1
1382976000 1
1382400000 6
1377810000 3
1376256000 1
1372000000 1
1371686400 5
1360800000 11
1360488960 3
1354752000 9
1350253800 1
1350000000 1
1344000000 1
1343692800 3
1339231320 2
1333584000 9
1327104000 3
1323000000 2
1322697600 10
1316818944 1
1312200000 6
1306368000 14
1296000000 7
1290240000 5
1285956000 6
1284505600 1
1280000000 1
1275750000 2
1275458400 2
1270080000 12
1269789696 1
1264435200 2
1260236880 1
1260000000 4
1259712000 11
1254400000 2
1254113280 1
1250235000 2
1244678400 3
1244160000 9
1240029000 2
1238630400 5
1234800000 5
1234517760 4
1229312000 1
1228800000 2
1224720000 22
1219276800 4
1215000000 3
1210104000 1
1209600000 10
1209323520 1
1205308188 1
1200225600 4
1200000000 1
1194393600 7
1190700000 4
1190427840 3
1185408000 7
1180980000 6
1176000000 1
1175731200 10
1166400000 14
1161216000 13
1157360400 2
1152000000 9
1148175000 1
1146880000 1
1143072000 21
1134000000 8
1133740800 5
1128960000 9
1128701952 2
1123942400 1
1120210560 1
1119744000 16
1114767360 2
1111320000 4
1106380800 1
1105920000 5
1102248000 12
1101004800 1
1097600000 1
1097349120 7
1093500000 2
1089093600 3
1088640000 26
1083801600 4
1080450000 1
1080203040 3
1080000000 1
1075200000 2
1074954240 3
1071630000 8
1071385056 1
1066867200 9
1062882000 1
1061683200 4
1058400000 6
1058158080 9
1050197400 3
1049760000 16
1045094400 15
1041624360 2
1037232000 1
1036800000 12
1032192000 5
1028764800 25
1024000000 1
1020600000 13
1020366720 2
1016064000 26
1011548160 2
1008189504 1
1008000000 5
1007769600 8
1000188000 12
995328000 10
992023200 6
990904320 1
987840000 5
984150000 4
983040000 1
980184240 1
979776000 36
975421440 3
972000000 11
967680000 22
964467000 10
963379200 1
960180480 4
960000000 3
955514880 3
952560000 22
952342272 1
948326400 5
945177660 1
945000000 6
944784000 10
943718400 1
940800000 6
940584960 11
933508800 1
933120000 30
928972800 5
926100000 4
925888320 8
921984000 2
921600000 6
918540000 11
917504000 1
914457600 26
911250000 1
907578000 1
907200000 32
906992640 1
903168000 6
900169200 3
900000000 1
896000000 4
895795200 10
893025000 7
889056000 24
885104640 2
884736000 6
882000000 8
881798400 18
878080000 2
875164500 3
874800000 10
870912000 47
868020300 4
867041280 2
864360000 5
864162432 2
864000000 15
860160000 13
859963392 1
857304000 33
853493760 7
850500000 5
850305600 4
847072800 1
846720000 27
846526464 1
842956800 1
840157920 4
840000000 4
839808000 23
836075520 2
833490000 9
829785600 6
829440000 17
826686000 8
825753600 3
823200000 3
823011840 19
819200000 2
816820200 1
816480000 62
812851200 15
810152280 4
810000000 5
806400000 24
806215680 5
803722500 2
802816000 2
800150400 14
800000000 3
796262400 6
793800000 16
793618560 6
790272000 11
787500000 1
787320000 16
786432000 2
784000000 6
783820800 45
780337152 1
777924000 7
777600000 28
774144000 27
771573600 13
768320000 1
768000000 9
765450000 10
765275040 1
762048000 39
758661120 2
756000000 14
755827200 14
752640000 7
752467968 8
750141000 8
746807040 6
746496000 24
744017400 3
743178240 1
740880000 11
740710656 4
738112500 1
737587200 3
737280000 10
735000000 1
734832000 47
734003200 1
731566080 17
729137052 1
729000000 6
726062400 2
725760000 55
725594112 1
723350250 1
722534400 8
720135360 11
720000000 6
716800000 3
716636160 6
714420000 32
711244800 13
708750000 2
708588000 7
707788800 3
705600000 17
705438720 16
702464000 3
700131600 4
700000000 1
699840000 35
696729600 25
694575000 2
694416240 4
691488000 6
691200000 26
688905000 8
688128000 2
686000000 1
685843200 45
682795008 1
680400000 34
680244480 5
677376000 43
675126900 5
675000000 1
674365440 1
672280000 1
672126336 1
672000000 9
671846400 28
669615660 1
668860416 1
666792000 25
663828480 4
663552000 18
661500000 2
661348800 29
658560000 6
658409472 4
656100000 9
655360000 2
653456160 1
653184000 96
650280960 9
648270000 3
648000000 17
645120000 34
642978000 22
642252800 2
640120320 19
640000000 2
637875000 4
637729200 3
637009920 3
635040000 54
634894848 4
632217600 13
630000000 2
629856000 33
627200000 9
627056640 16
625117500 1
625000000 1
622339200 12
622080000 69
620014500 4
619315200 19
617400000 13
617258880 16
614656000 4
614400000 3
612615150 1
612360000 53
612220032 1
609638400 49
607614210 1
606928896 1
605052000 4
604800000 45
604661760 13
602112000 2
600112800 21
600000000 1
597445632 3
597196800 21
595350000 13
595213920 4
594542592 1
592704000 29
590490000 8
590069760 1
589824000 7
588000000 4
587865600 51
583443000 8
583200000 44
580849920 3
580608000 75
578680200 10
578027520 6
576240000 3
576108288 3
576000000 14
573440000 1
571536000 78
568995840 11
567000000 14
566870400 17
564480000 37
564350976 5
562605750 3
561971200 2
560105280 8
560000000 2
559872000 65
558013050 1
557383680 14
555660000 24
555532992 4
553190400 12
552960000 22
551250000 3
551124000 28
550502400 1
548800000 4
548674560 45
546750000 2
544546800 2
544320000 100
544195584 2
542126592 1
541900800 28
540225000 1
540101520 10
540000000 5
537824000 3
537600000 10
537477120 11
535815000 12
535692528 1
533433600 47
531441000 4
530841600 9
529200000 34
529079040 24
526848000 12
525098700 5
525000000 1
524880000 38
524288000 4
522764928 2
522547200 93
520812180 2
520224768 2
518616000 13
518400000 71
516096000 30
514500000 1
514382400 50
512096256 2
512000000 2
510300000 26
510183360 6
509607936 1
508243680 2
508032000 113
506250000 2
505774080 3
504210000 1
504094752 3
504000000 30
503884800 33
501760000 13
501645312 1
500094000 31
497871360 14
497664000 60
496125000 7
496011600 15
495452160 3
493920000 23
493807104 9
492075000 1
491724800 1
491520000 7
490092120 1
490000000 4
489888000 114
487710720 22
486091368 2
486000000 15
484041600 6
483840000 80
483729408 3
482233500 12
481689600 7
480200000 2
480090240 27
480000000 5
478296900 2
477757440 9
476478450 1
476280000 74
476171136 2
474163200 34
472500000 3
472392000 32
471859200 4
470400000 20
470292480 43
466754400 22
466560000 78
464486400 52
463050000 2
462944160 22
460992000 8
460800000 23
459270000 21
458752000 4
457228800 97
455196672 4
453789000 2
453600000 90
453496320 7
451584000 49
450084600 10
450000000 1
449576960 3
448084224 8
448000000 10
447897600 45
446512500 1
446410440 2
444528000 51
442552320 2
442368000 25
441082908 1
441000000 15
440899200 79
439040000 13
438939648 3
437582250 1
437400000 23
435637440 4
435456000 149
434010150 1
433520640 12
432180000 12
432081216 5
432000000 24
430259200 3
430080000 23
429981696 1
428652000 73
426746880 37
425329947 1
425250000 10
425152800 8
424673280 3
423536400 2
423360000 85
423263232 14
421478400 5
420078960 14
420000000 5
419904000 85
418037760 37
416745000 13
416649744 5
414892800 24
414720000 90
413343000 14
412876800 21
411600000 13
411505920 43
410062500 1
409600000 5
408410100 2
408240000 126
408146688 3
406594944 1
406425600 108
405076140 5
405000000 7
403368000 2
403200000 67
403107840 20
401861250 3
401408000 9
400075200 61
400000000 2
398297088 4
398131200 48
396900000 32
396809280 22
396361728 1
395136000 55
393750000 1
393660000 25
393216000 4
392073696 1
392000000 11
391910400 145
390168576 5
388962000 16
388800000 77
387233280 4
387072000 92
385875000 1
385786800 45
384160000 5
384072192 10
384000000 14
382725000 12
382637520 2
382205952 1
381024000 173
379330560 16
378157500 1
378071064 3
378000000 29
377913600 38
377487360 1
376476800 2
376320000 42
376233984 10
375070500 14
375000000 1
373403520 15
373248000 125
372008700 4
371589120 27
370440000 40
370355328 8
368793600 5
368640000 35
367569090 2
367500000 1
367416000 115
367001600 1
365783040 67
364500000 18
363031200 6
362880000 189
362797056 3
361267200 33
360067680 39
360000000 7
358400000 18
358318080 25
357210000 41
357128352 2
355622400 80
354375000 2
354294000 12
353894400 19
352800000 52
352719360 75
351232000 15
350065800 15
350000000 1
349920000 92
348509952 3
348364800 143
347287500 3
347208120 16
346816512 1
345744000 20
345600000 73
344452500 9
344064000 18
343000000 3
342921600 147
341397504 7
340200000 75
340122240 22
338829120 1
338688000 138
337563450 5
337500000 2
337182720 3
336140000 2
336063168 4
336000000 31
335923200 82
334807830 2
334430208 5
333396000 46
331914240 12
331776000 66
330750000 7
330674400 62
330301440 4
329417200 1
329280000 39
329204736 16
328050000 14
327680000 4
326728080 3
326592000 266
325140480 47
324135000 5
324060912 3
324000000 40
322694400 2
322560000 100
322486272 2
321489000 31
321126400 2
320060160 51
320000000 4
318937500 2
318864600 7
318504960 16
317652300 1
317520000 140
317447424 4
316108800 43
315059220 6
315000000 10
314928000 94
314572800 1
313600000 24
313528320 84
311169600 38
311040000 168
310007250 3
309657600 46
308700000 18
308629440 51
307328000 5
307200000 21
306180000 94
306110016 1
304946208 1
304819200 191
303750000 4
303464448 3
302526000 4
302400000 130
302330880 36
301056000 34
300125000 2
300056400 58
300000000 5
298722816 4
298598400 87
297675000 22
297606960 16
297271296 2
296352000 99
295245000 8
295034880 5
294912000 32
294055272 2
294000000 14
293932800 195
292626432 11
291721500 5
291600000 60
290424960 8
290304000 231
289340100 11
289013760 10
288120000 3
288054144 14
288000000 37
286978140 3
286720000 20
286654464 4
285887070 1
285768000 167
284497920 43
283553298 1
283500000 30
283435200 38
283115520 5
282240000 118
282175488 17
280985600 10
280052640 18
280000000 5
279936000 180
279006525 1
278691840 60
277830000 33
277766496 15
276595200 36
276480000 96
275625000 3
275562000 64
275365888 1
275251200 7
274400000 10
274337280 121
273375000 3
272273400 3
272160000 254
272097792 6
270950400 134
270112500 3
270050760 8
270000000 15
269746176 2
268912000 3
268800000 45
268738560 48
267907500 13
267846264 2
266716800 89
265720500 4
265531392 6
265420800 43
264600000 64
264539520 81
263424000 36
262549350 4
262500000 1
262440000 73
262144000 2
261382464 3
261273600 263
260406090 3
260112384 10
259308000 24
259200000 135
258155520 3
258048000 80
257250000 4
257191200 118
256048128 16
256000000 4
255150000 26
255091680 10
254803968 4
254016000 303
253125000 1
252887040 12
252105000 1
252047376 5
252000000 51
251942400 94
250880000 35
250822656 16
250047000 58
248935680 25
248832000 169
248062500 6
248005800 18
247726080 15
246960000 75
246903552 17
246037500 3
245862400 4
245760000 24
245046060 3
245000000 5
244944000 280
243855360 99
243045684 2
243000000 23
242020800 9
241920000 258
241864704 8
241116750 7
240844800 21
240100000 3
240045120 54
240000000 12
239148450 2
238878720 32
238140000 115
238085568 11
237081600 98
236294415 1
236250000 8
236196000 50
235929600 13
235200000 45
235146240 123
233377200 31
233280000 205
232339968 3
232243200 168
231525000 15
231472080 31
231211008 2
230496000 23
230400000 67
229635000 22
229376000 9
228614400 284
227598336 8
226894500 2
226800000 157
226748160 52
226492416 2
225886080 3
225792000 157
225042300 17
225000000 1
224788480 3
224042112 8
224000000 20
223948800 163
223256250 3
223205220 6
222953472 12
222264000 123
221433750 2
221276160 16
221184000 83
220541454 1
220500000 22
220449600 182
220200960 2
219520000 25
219469824 31
218791125 1
218700000 50
217818720 12
217728000 432
216760320 54
216090000 15
216040608 23
216000000 46
215129600 4
215040000 73
214990848 11
214326000 106
213373440 115
212625000 8
212576400 25
212336640 8
211768200 6
211680000 233
211631616 31
210739200 23
210039480 16
210000000 13
209952000 212
209715200 1
209018880 143
208372500 17
208324872 2
207446400 60
207360000 209
206671500 17
206524416 2
206438400 59
205800000 22
205752960 141
204800000 10
204205050 3
204120000 226
204073344 9
203212800 311
202538070 7
202500000 7
202309632 3
201684000 8
201600000 173
201553920 63
200884698 1
200704000 29
200037600 126
200000000 3
199290375 1
199148544 9
199065600 131
198450000 44
198404640 48
198180864 2
197568000 124
196875000 1
196830000 47
196689920 3
196608000 12
196036848 1
196000000 21
195955200 378
195084288 22
194481000 20
194400000 134
193616640 9
193536000 316
192937500 2
192893400 58
192675840 8
192080000 11
192036096 35
192000000 27
191362500 6
191318760 7
191102976 4
190512000 336
189665280 46
189078750 1
189035532 2
189000000 72
188956800 98
188743680 2
188238400 1
188160000 95
188116992 38
187535250 8
186701760 33
186624000 343
186004350 9
185794560 85
185220000 64
185177664 16
184396800 16
184320000 95
183750000 2
183708000 178
183500800 6
182891520 175
182250000 20
181515600 12
181440000 381
181398528 17
180708864 1
180633600 118
180075000 2
180033840 48
180000000 21
179200000 24
179159040 77
178605000 53
178564176 3
177885288 1
177811200 219
177187500 1
177147000 15
177020928 4
176947200 38
176473500 2
176400000 98
176359680 150
175616000 30
175032900 13
175000000 1
174960000 174
174254976 1
174182400 413
173643750 3
173604060 21
173408256 10
172872000 58
172800000 172
172226250 3
172186884 1
172032000 69
171532242 1
171500000 3
171460800 307
170698752 29
170100000 119
170061120 27
169414560 4
169344000 349
168781725 1
168750000 2
168591360 19
168070000 4
168031584 7
168000000 48
167961600 213
167215104 38
166698000 93
165957120 38
165888000 221
165375000 10
165337200 83
165150720 17
164640000 59
164602368 59
164025000 15
163840000 4
163364040 8
163296000 538
162570240 122
162067500 7
162030456 8
162000000 71
161347200 4
161280000 273
161243136 21
160744500 33
160563200 11
160030080 149
160000000 10
159432300 3
159252480 44
158826150 4
158760000 253
158723712 37
158054400 105
157529610 3
157500000 10
157464000 138
157286400 8
156800000 34
156764160 252
156243654 1
155584800 71
155520000 328
154893312 6
154828800 180
154350000 26
154314720 89
154140672 3
153664000 13
153600000 64
153090000 106
153055008 2
152473104 1
152409600 508
151732224 19
151263000 15
151200000 238
151165440 91
150590720 2
150528000 106
150028200 59
150000000 5
149361408 12
149299200 229
148837500 14
148803480 23
148635648 7
148176000 211
147622500 7
147517440 12
147456000 68
147000000 27
146966400 352
146800640 3
146313216 54
145860750 4
145800000 97
145212480 18
145152000 613
144670050 8
144506880 40
144060000 18
144027072 30
144000000 73
143489070 1
143360000 36
143327232 19
142884000 294
142248960 133
141750000 34
141717600 58
141557760 9
141178800 3
141120000 257
141087744 50
140492800 17
140026320 40
140000000 14
139968000 337
139345920 202
138915000 47
138883248 15
138297600 58
138240000 238
137781000 76
137625600 47
137200000 21
137168640 278
136687500 1
136136700 5
136080000 488
136048896 13
135531648 1
135475200 312
135025380 24
135000000 21
134873088 1
134456000 6
134400000 120
134369280 150
133953750 7
133923132 1
133413966 1
133358400 220
132765696 8
132710400 143
132300000 103
132269760 120
132120576 5
131712000 104
131274675 4
131250000 4
131220000 99
131072000 6
130691232 8
130636800 621
130203045 1
130056192 24
129654000 39
129600000 210
129077760 6
129024000 260
128625000 2
128595600 164
128450560 3
128024064 43
128000000 17
127575000 37
127545840 9
127401984 10
127060920 3
127008000 561
126443520 72
126052500 1
126023688 4
126000000 100
125971200 256
125829120 1
125440000 59
125411328 59
125023500 29
124467840 86
124416000 411
124031250 1
124002900 32
123863040 67
123480000 121
123451776 57
123018750 1
122931200 15
122880000 49
122523030 2
122500000 3
122472000 481
121927680 267
121550625 1
121522842 2
121500000 39
121010400 20
120960000 511
120932352 34
120422400 70
120050000 3
120022560 102
120000000 17
119439360 124
119070000 159
119042784 15
118540800 259
118125000 4
118098000 50
118013952 3
117964800 48
117649000 2
117600000 95
117573120 309
116688600 43
116640000 359
116169984 6
116121600 477
115762500 10
115736040 50
115605504 6
115248000 49
115200000 159
114817500 37
114688000 22
114354828 2
114307200 505
113799168 43
113447250 3
113400000 208
113374080 82
112943040 3
112896000 372
112521150 11
112394240 6
112021056 25
112000000 31
111974400 380
111602610 5
111476736 38
111132000 213
110638080 47
110592000 182
110250000 20
110224800 237
110100480 14
109760000 35
109734912 91
109350000 50
108909360 21
108864000 818
108380160 164
108045000 17
108020304 24
108000000 92
107564800 11
107520000 188
107495424 38
107163000 132
106686720 222
106312500 1
106288200 17
106168320 44
105840000 354
105815808 51
105369600 77
105019740 17
105000000 13
104976000 308
104857600 3
104509440 368
104186250 4
104162436 2
103723200 94
103680000 460
103335750 9
103262208 1
103219200 173
102900000 20
102876480 264
102760448 2
102400000 22
102102525 1
102060000 286
102036672 7
101648736 1
101606400 634
101250000 7
101154816 6
100842000 10
100800000 298
100776960 169
100442349 1
100352000 57
100018800 175
100000000 2
99574272 25
99532800 311
99225000 39
99202320 54
99090432 16
98825160 1
98784000 246
98415000 42
98344960 6
98304000 40
98018424 3
98000000 21
97977600 699
97542144 66
97240500 29
97200000 220
96808320 15
96768000 722
96468750 1
96446700 47
96337920 21
96040000 10
96018048 59
96000000 44
95681250 4
95659380 1
95551488 18
95295690 1
95256000 597
94832640 132
94517766 3
94500000 58
94478400 167
94371840 8
94119200 1
94080000 182
94058496 91
93767625 1
93750000 1
93350880 80
93312000 573
92897280 224
92610000 98
92588832 41
92198400 54
92160000 219
91854000 213
91750400 17
91445760 451
91125000 10
90757800 19
90720000 764
90699264 31
90354432 1
90316800 265
90037500 2
90016920 58
90000000 30
89915392 3
89600000 53
89579520 201
89302500 38
89282088 9
88905600 373
88593750 1
88573500 14
88510464 10
88473600 121
88200000 125
88179840 272
88080384 3
87808000 49
87516450 18
87480000 264
87127488 12
87091200 893
86802030 12
86704128 24
86436000 63
86400000 297
86113125 1
86051840 1
86016000 155
85750000 3
85730400 423
85349376 73
85050000 133
85030560 40
84934656 5
84707280 1
84672000 651
84295680 33
84035000 3
84015792 25
84000000 72
83980800 430
83886080 1
83607552 88
83349000 118
82978560 88
82944000 517
82687500 4
82668600 98
82575360 46
82320000 109
82301184 110
82012500 6
81920000 22
81682020 10
81648000 895
81285120 353
81033750 5
81015228 12
81000000 95
80673600 9
80640000 534
80621568 39
80372250 11
80281600 32
80015040 215
80000000 14
79626240 153
79380000 328
79361856 41
79027200 257
78764805 2
78750000 9
78732000 184
78675968 1
78643200 14
78400000 62
78382080 539
77792400 85
77760000 560
77446656 7
77414400 450
77175000 18
77157360 138
77070336 2
76832000 25
76800000 102
76545000 114
76527504 6
76236552 2
76204800 871
75937500 1
75866112 39
75631500 9
75600000 370
75582720 177
75295360 1
75264000 240
75014100 68
75000000 1
74680704 35
74649600 542
74418750 5
74401740 19
74317824 40
74088000 273
73811250 4
73758720 31
73728000 164
73513818 6
73500000 28
73483200 570
73400320 4
73156608 142
72900000 124
72606240 21
72576000 1180
72335025 1
72253440 133
72030000 20
72013536 36
72000000 117
71680000 74
71663616 43
71442000 324
71124480 270
70875000 20
70858800 63
70778880 47
70589400 1
70560000 442
70543872 107
70246400 38
70013160 45
70000000 7
69984000 602
69672960 500
69457500 41
69441624 19
69148800 136
69120000 448
68890500 52
68841472 3
68812800 88
68600000 20
68584320 494
68068350 8
68040000 594
68024448 21
67765824 2
67737600 711
67512690 15
67500000 22
67436544 3
67228000 5
67200000 211
67184640 314
67108864 1
66976875 2
66961566 1
66679200 350
66382848 27
66355200 363
66150000 89
66134880 198
66060288 10
65856000 175
65610000 109
65536000 11
65345616 10
65318400 1251
65028096 72
64827000 46
64800000 337
64538880 12
64512000 572
64312500 2
64297800 193
64225280 11
64012032 100
64000000 30
63787500 25
63772920 20
63700992 24
63530460 1
63504000 931
63221760 126
63026250 1
63011844 11
63000000 102
62985600 353
62914560 7
62720000 96
62705664 150
62511750 24
62233920 124
62208000 853
62001450 6
61931520 195
61740000 135
61725888 89
61465600 25
61440000 104
61261515 1
61250000 1
61236000 557
60963840 539
60761421 2
60750000 34
60505200 21
60480000 852
60466176 48
60236288 1
60211200 150
60025000 2
60011280 132
60000000 29
59719680 264
59535000 149
59521392 21
59270400 429
59062500 2
59049000 41
59006976 6
58982400 96
58800000 144
58786560 531
58344300 40
58320000 493
58084992 15
58060800 1059
57881250 7
57868020 36
57802752 26
57624000 56
57600000 236
57408750 13
57395628 1
57344000 72
57153600 769
56899584 78
56700000 253
56687040 111
56623104 9
56471520 5
56448000 632
56260575 2
56250000 3
56197120 23
56010528 45
56000000 43
55987200 779
55801305 2
55738368 91
55566000 220
55319040 82
55296000 504
55125000 19
55112400 266
55050240 33
54880000 62
54867456 195
54675000 25
54454680 20
54432000 1434
54190080 364
54022500 11
54010152 22
54000000 135
53782400 7
53760000 308
53747712 57
53581500 89
53343360 398
53156250 1
53144100 24
53084160 129
52942050 1
52920000 493
52907904 105
52706752 1
52684800 170
52509870 9
52500000 17
52488000 369
52428800 5
52254720 774
52081218 4
51861600 125
51840000 732
51667875 2
51631104 2
51609600 368
51450000 27
51438240 326
51380224 4
51200000 40
51030000 304
51018336 10
50824368 2
50803200 1128
50625000 6
50577408 30
50421000 8
50400000 363
50388480 322
50176000 94
50009400 161
50000000 2
49787136 47
49766400 682
49612500 30
49601160 54
49545216 26
49412580 1
49392000 324
49207500 17
49172480 14
49152000 82
49009212 4
49000000 23
48988800 1092
48771072 148
48620250 9
48600000 279
48404160 24
48384000 1199
48223350 18
48168960 75
48020000 8
48009024 111
48000000 77
47829690 4
47775744 53
47647845 2
47628000 652
47416320 293
47250000 62
47239200 200
47185920 37
47059600 2
47040000 331
47029248 217
46675440 100
46656000 995
46448640 484
46305000 73
46294416 41
46099200 70
46080000 377
45927000 206
45875200 31
45722880 751
45562500 3
45378900 10
45360000 986
45349632 56
45158400 568
45018750 3
45008460 55
45000000 36
44957696 3
44800000 109
44789760 471
44651250 19
44641044 5
44452800 519
44286750 9
44255232 18
44236800 301
44100000 156
44089920 452
44040192 5
43904000 92
43758225 3
43750000 1
43740000 249
43563744 10
43545600 1659
43401015 1
43352064 66
43218000 68
43200000 422
43025920 9
43008000 310
42875000 6
42865200 476
42674688 145
42525000 99
42515280 43
42467328 26
42353640 1
42336000 992
42147840 67
42017500 2
42007896 29
42000000 94
41990400 699
41943040 1
41803776 183
41674500 77
41489280 137
41472000 977
41343750 2
41334300 66
41287680 129
41160000 129
41150592 153
41006250 1
40960000 52
40841010 12
40824000 1143
40642560 673
40507614 5
40500000 86
40336800 16
40320000 784
40310784 108
40186125 3
40140800 58
40007520 343
40000000 14
39858075 1
39813120 299
39690000 311
39680928 62
39513600 415
39375000 4
39366000 171
39337984 4
39321600 45
39200000 95
39191040 901
38896200 86
38880000 793
38723328 12
38707200 993
38587500 15
38578680 131
38535168 7
38416000 31
38400000 155
38272500 75
38263752 4
38118276 2
38102400 1250
37933056 82
37815750 5
37800000 412
37791360 231
37748736 1
37647680 4
37632000 377
37507050 35
37500000 4
37340352 60
37324800 1070
37209375 1
37200870 13
37158912 75
37044000 364
36879360 54
36864000 383
36750000 26
36741600 683
36700160 9
36578304 218
36450000 112
36303120 32
36288000 1829
36126720 246
36015000 16
36006768 69
36000000 143
35840000 130
35831808 107
35721000 287
35562240 475
35437500 15
35429400 61
35389440 101
35294700 1
35280000 551
35271936 196
35123200 78
35006580 43
35000000 10
34992000 793
34836480 981
34728750 13
34720812 19
34574400 155
34560000 797
34445250 21
34406400 200
34300000 14
34292160 617
34034175 3
34020000 699
34012224 32
33882912 1
33868800 1147
33756345 8
33750000 16
33718272 17
33614000 4
33600000 280
33592320 525
33339600 378
33191424 46
33177600 753
33075000 75
33067440 218
33030144 18
32928000 258
32805000 72
32768000 37
32672808 9
32659200 1781
32514048 169
32413500 30
32400000 396
32269440 24
32256000 983
32156250 2
32148900 131
32112640 19
32006016 161
32000000 37
31893750 4
31886460 20
31850496 57
31765230 1
31752000 1117
31610880 241
31505922 6
31500000 102
31492800 431
31457280 6
31360000 144
31352832 302
31255875 4
31250000 1
31116960 147
31104000 1377
31000725 2
30965760 408
30870000 131
30862944 116
30732800 44
30720000 204
30625000 2
30618000 522
30481920 1049
30375000 25
30252600 22
30240000 1266
30233088 101
30105600 331
30012500 1
30005640 150
30000000 16
29859840 544
29767500 102
29760696 18
29635200 616
29531250 1
29524500 34
29503488 10
29491200 202
29400000 135
29393280 811
29360128 1
29172150 18
29160000 549
29042496 14
29030400 1842
28934010 17
28901376 49
28812000 71
28800000 393
28704375 1
28672000 115
28576800 940
28449792 147
28350000 208
28343520 131
28311552 20
28235760 7
28224000 992
28125000 1
28098560 29
28005264 50
28000000 65
27993600 1104
27869184 182
27783000 205
27659520 125
27648000 873
27562500 12
27556200 229
27525120 75
27440000 74
27433728 267
27337500 12
27227340 18
27216000 1861
27095040 664
27011250 5
27005076 16
27000000 140
26891200 12
26880000 479
26873856 128
26790750 40
26671680 473
26572050 5
26542080 261
26471025 1
26460000 531
26453952 123
26342400 234
26254935 6
26250000 18
26244000 479
26214400 9
26127360 1337
25930800 141
25920000 1029
25815552 7
25804800 734
25725000 31
25719120 348
25690112 2
25600000 68
25515000 229
25509168 11
25412184 2
25401600 1656
25312500 7
25288704 71
25210500 5
25200000 480
25194240 429
25088000 152
25004700 121
24893568 69
24883200 1217
24806250 12
24800580 53
24772608 75
24696000 366
24603750 5
24586240 13
24576000 195
24504606 3
24500000 20
24494400 1375
24385536 322
24310125 3
24300000 251
24202080 35
24192000 1854
24111675 6
24084480 139
24010000 15
24004512 112
24000000 101
23887872 127
23814000 647
23708160 485
23625000 33
23619600 189
23592960 89
23529800 2
23520000 420
23514624 317
23337720 81
23328000 1352
23224320 923
23152500 55
23147208 58
23049600 104
23040000 566
22963500 139
22937600 63
22861440 1033
22781250 1
22689450 5
22680000 1107
22674816 66
22588608 1
22579200 934
22504230 34
22500000 30
22478848 1
22400000 140
22394880 719
22325625 6
22226400 603
22127616 39
22118400 604
22050000 141
22044960 438
22020096 9
21952000 108
21870000 254
21781872 19
21772800 2498
21676032 154
21609000 58
21600000 490
21512960 10
21504000 565
21437500 1
21432600 434
21337344 192
21262500 52
21257640 37
21233664 61
21176820 1
21168000 1311
21073920 124
21008750 2
21003948 13
21000000 88
20995200 873
20971520 3
20901888 363
20837250 31
20744640 175
20736000 1478
20671875 1
20667150 28
20643840 232
20580000 127
20575296 213
20503125 1
20480000 80
20420505 2
20412000 1174
20321280 1141
20253807 2
20250000 51
20168400 22
20160000 1034
20155392 140
20070400 110
20003760 315
20000000 16
19906560 622
19845000 208
19840464 64
19756800 561
19687500 4
19683000 129
19668992 4
19660800 97
19600000 91
19595520 1317
19448100 50
19440000 959
19361664 17
19353600 1723
19293750 5
19289340 95
19267584 16
19208000 45
19200000 234
19136250 24
19131876 5
19051200 1513
18966528 133
18907875 1
18900000 383
18895680 298
18874368 6
18823840 1
18816000 621
18753525 7
18750000 5
18670176 72
18662400 1563
18600435 2
18579456 185
18522000 324
18439680 71
18432000 563
18375000 16
18370800 644
18350080 26
18289152 379
18225000 94
18151560 29
18144000 2450
18063360 473
18007500 12
18003384 61
18000000 135
17920000 191
17915904 209
17860500 184
17781120 632
17718750 6
17714700 30
17694720 237
17640000 635
17635968 250
17561600 109
17503290 22
17500000 9
17496000 923
17418240 1570
17364375 5
17360406 8
17287200 164
17280000 1117
17222625 4
17210368 3
17203200 347
17150000 25
17146080 719
17010000 564
17006112 28
16941456 4
16934400 1597
16875000 8
16859136 22
16807000 3
16800000 327
16796160 737
16777216 1
16669800 314
16595712 72
16588800 1220
16537500 39
16533720 167
16515072 41
16464000 306
16402500 42
16384000 54
16336404 7
16329600 2319
16257024 278
16206750 9
16200000 417
16134720 26
16128000 1450
16074450 48
16056320 43
16003008 175
16000000 60
15946875 1
15943230 6
15925248 112
15876000 1117
15805440 402
15752961 5
15750000 83
15746400 425
15728640 28
15680000 188
15676416 501
15558480 118
15552000 1867
15482880 800
15435000 78
15431472 105
15366400 51
15360000 335
15312500 2
15309000 408
15240960 1440
15187500 13
15126300 9
15120000 1325
15116544 145
15059072 1
15052800 566
15006250 1
15002820 102
15000000 17
14929920 978
14883750 24
14880348 13
14817600 728
14765625 1
14762250 16
14751744 23
14745600 394
14700000 131
14696640 953
14680064 2
14586075 3
14580000 512
14521248 20
14515200 2685
14467005 6
14450688 105
14406000 52
14400000 461
14336000 191
14288400 808
14224896 243
14175000 147
14171760 119
14155776 31
14117880 4
14112000 1219
14062500 1
14049280 39
14002632 35
14000000 58
13996800 1443
13934592 373
13891500 106
13829760 158
13824000 1350
13781250 2
13778100 161
13762560 97
13720000 59
13716864 375
13668750 12
13613670 10
13608000 1998
13547520 1042
13502538 11
13500000 107
13445600 15
13440000 700
13436928 235
13395375 8
13335840 525
13286025 1
13271040 509
13230000 425
13226976 138
13171200 370
13125000 9
13122000 342
13107200 28
13063680 1891
12965400 128
12960000 1280
12907776 6
12902400 1136
12862500 14
12859560 268
12845056 7
12800000 87
12757500 111
12754584 12
12706092 2
12700800 2055
12644352 83
12605250 3
12600000 463
12597120 584
12582912 1
12544000 229
12502350 51
12500000 4
12446784 93
12441600 1894
12403125 4
12400290 22
12386304 155
12348000 390
12301875 1
12293120 30
12288000 338
12250000 24
12247200 1373
12192768 468
12150000 199
12101040 38
12096000 2344
12042240 235
12005000 9
12002256 130
12000000 122
11943936 224
11907000 437
11854080 653
11812500 19
11809800 131
11796480 168
11760000 432
11757312 452
11668860 62
11664000 1526
11612160 1580
11576250 19
11573604 27
11524800 135
11520000 871
11481750 57
11468800 106
11430720 1234
11344725 1
11340000 1043
11337408 88
11294304 4
11289600 1381
11252115 8
11250000 17
11239424 8
11200000 152
11197440 1098
11160261 1
11113200 529
11063808 55
11059200 1005
11025000 94
11022480 405
11010048 20
10976000 121
10935000 161
10890936 12
10886400 3140
10838016 250
10804500 27
10800000 512
10756480 11
10752000 812
10716300 214
10668672 255
10631250 11
10628820 22
10616832 95
10588410 2
10584000 1397
10536960 227
10501974 8
10500000 70
10497600 940
10485760 7
10450944 537
10418625 6
10372320 172
10368000 2134
10333575 4
10321920 471
10290000 94
10287648 246
10240000 130
10206000 941
10160640 1551
10125000 47
10084200 14
10080000 1207
10077696 236
10035200 158
10001880 237
10000000 17
9953280 994
9922500 116
9920232 41
9878400 662
9843750 1
9841500 64
9834496 6
9830400 156
9800000 88
9797760 1542
9724050 27
9720000 976
9680832 17
9676800 2404
9646875 4
9644670 58
9633792 40
9604000 27
9600000 302
9568125 5
9565938 1
9525600 1539
9483264 191
9450000 250
9447840 240
9437184 12
9408000 718
9375000 2
9335088 77
9331200 2099
9289728 341
9261000 255
9219840 99
9216000 881
9187500 9
9185400 443
9175040 35
9144576 525
9112500 25
9075780 12
9072000 2623
9031680 736
9003750 5
9001692 39
9000000 160
8960000 302
8957952 275
8930250 55
8890560 697
8857350 13
8847360 388
8820000 547
8817984 279
8780800 113
8751645 6
8750000 9
8748000 847
8709120 2264
8680203 1
8643600 129
8640000 1250
8605184 3
8601600 589
8575000 11
8573040 641
8505000 340
8503056 33
8470728 2
8467200 2021
8437500 5
8429568 40
8403500 1
8400000 327
8398080 938
8388608 1
8334900 164
8297856 80
8294400 1833
8268750 17
8266860 105
8257536 91
8232000 288
8201250 15
8192000 84
8168202 4
8164800 2287
8128512 479
8103375 2
8100000 350
8067360 25
8064000 1955
8037225 10
8028160 55
8001504 211
8000000 63
7971615 2
7962624 193
7938000 856
7902720 500
7875000 31
7873200 332
7864320 47
7840000 206
7838208 668
7779240 105
7776000 2220
7741440 1192
7717500 41
7715736 94
7683200 55
7680000 465
7656250 1
7654500 208
7620480 1614
7593750 1
7563150 11
7560000 1302
7558272 154
7529536 1
7526400 710
7501410 44
7500000 29
7464960 1331
7441875 1
7440174 8
7408800 635
7381125 4
7375872 35
7372800 594
7350000 96
7348320 898
7340032 4
7290000 380
7260624 19
7257600 3428
7225344 148
7203000 43
7200000 476
7168000 272
7144200 559
7112448 275
7087500 63
7085880 69
7077888 69
7056000 1262
7024640 64
7001316 18
7000000 56
6998400 1558
6967296 596
6945750 50
6914880 164
6912000 1802
6889050 47
6881280 229
6860000 62
6858432 408
6806835 1
6804000 1814
6773760 1368
6751269 3
6750000 76
6722800 9
6720000 773
6718464 324
6667920 435
6635520 870
6615000 266
6613488 113
6585600 383
6562500 3
6561000 230
6553600 55
6531840 2261
6482700 66
6480000 1292
6453888 7
6451200 1743
6431250 5
6429780 188
6422528 12
6400000 106
6378750 40
6377292 3
6350400 1974
6322176 144
6300000 359
6298560 567
6291456 5
6272000 300
6251175 16
6223392 66
6220800 2489
6200145 5
6193152 262
6174000 292
6146560 35
6144000 418
6125000 16
6123600 1002
6096384 645
6075000 92
6050520 23
6048000 2730
6021120 309
6002500 6
6001128 79
6000000 117
5971968 331
5953500 213
5927040 701
5906250 3
5904900 79
5898240 217
5880000 390
5878656 495
5834430 18
5832000 1388
5806080 2227
5788125 2
5786802 15
5762400 85
5760000 1010
5740875 8
5734400 175
5715360 1148
5670000 695
5668704 67
5647152 3
5644800 1559
5625000 9
5619712 10
5600000 163
5598720 1386
5556600 366
5531904 70
5529600 1428
5512500 29
5511240 277
5505024 43
5488000 135
5467500 68
5445468 7
5443200 3314
5419008 359
5402250 9
5400000 461
5378240 11
5376000 1040
5358150 93
5334336 314
5314410 2
5308416 148
5292000 1182
5268480 249
5250987 1
5250000 68
5248800 822
5242880 10
5225472 801
5186160 162
5184000 2414
5160960 746
5145000 75
5143824 202
5120000 160
5103000 593
5080320 1798
5062500 19
5042100 7
5040000 1222
5038848 274
5017600 233
5000940 145
5000000 12
4976640 1389
4961250 56
4960116 29
4939200 609
4920750 24
4917248 9
4915200 282
4900000 64
4898880 1549
4862025 9
4860000 690
4840416 17
4838400 3018
4822335 10
4816896 68
4802000 25
4800000 283
4762800 1212
4741632 251
4725000 186
4723920 202
4718592 35
4705960 2
4704000 768
4667544 45
4665600 2301
4644864 486
4630500 116
4609920 112
4608000 1268
4593750 2
4592700 219
4587520 58
4572288 613
4556250 7
4537890 10
4536000 2394
4515840 953
4501875 2
4500846 15
4500000 88
4480000 289
4478976 410
4465125 11
4445280 609
4428675 3
4423680 644
4410000 416
4408992 272
4390400 161
4375000 7
4374000 546
4354560 2664
4321800 86
4320000 1353
4302592 3
4300800 788
4287500 5
4286520 429
4252500 137
4251528 30
4235364 3
4233600 2069
4218750 1
4214784 71
4200000 267
4199040 983
4194304 2
4167450 78
4148928 96
4147200 2420
4133430 40
4128768 137
4116000 238
4100625 1
4096000 118
4082400 1962
4064256 618
4050000 220
4033680 21
4032000 2177
4014080 94
4000752 161
4000000 59
3981312 347
3969000 520
3951360 562
3937500 23
3936600 263
3932160 86
3920000 181
3919104 805
3889620 78
3888000 1974
3870720 1758
3858750 20
3857868 65
3841600 56
3840000 561
3827250 70
3810240 1646
3796875 1
3780000 971
3779136 148
3763200 856
3750705 16
3750000 13
3732480 1769
3720087 1
3704400 505
3687936 31
3686400 893
3675000 42
3674160 664
3670016 9
3645000 223
3630312 11
3628800 3660
3612672 227
3601500 23
3600000 443
3584000 310
3572100 322
3556224 342
3543750 20
3542940 31
3538944 100
3528000 1133
3512320 80
3500658 12
3500000 39
3499200 1476
3483648 834
3472875 12
3457440 151
3456000 2137
3444525 5
3440640 301
3430000 48
3429216 361
3402000 1194
3386880 1653
3375000 36
3361400 11
3360000 799
3359232 427
3333960 332
3317760 1273
3307500 110
3306744 80
3292800 397
3280500 101
3276800 77
3265920 2297
3241350 35
3240000 1108
3226944 10
3225600 2024
3215625 1
3214890 67
3211264 10
3200000 144
3189375 8
3188646 1
3175200 1677
3161088 182
3150000 210
3149280 479
3145728 15
3136000 284
3111696 60
3110400 2704
3096576 345
3087000 175
3073280 38
3072000 591
3062500 2
3061800 636
3048192 732
3037500 43
3025260 16
3024000 2601
3010560 427
3001250 3
3000564 61
3000000 98
2985984 451
2976750 88
2963520 719
2953125 1
2952450 18
2949120 386
2940000 296
2939328 421
2917215 8
2916000 1137
2903040 2702
2893401 5
2881200 70
2880000 1072
2867200 243
2857680 844
2835000 380
2834352 53
2823576 3
2822400 1643
2812500 4
2809856 20
2800000 126
2799360 1448
2778300 174
2765952 70
2764800 1933
2756250 8
2755620 176
2752512 52
2744000 116
2733750 28
2722734 6
2721600 2913
2709504 504
2701125 2
2700000 354
2689120 9
2688000 1150
2679075 19
2667168 303
2657205 1
2654208 303
2646000 828
2634240 318
2625000 32
2624400 565
2621440 17
2612736 917
2593080 109
2592000 2404
2580480 1043
2572500 28
2571912 137
2560000 172
2551500 288
2540160 1903
2531250 6
2521050 2
2520000 1069
2519424 250
2508800 247
2500470 64
2500000 7
2488320 1759
2480625 7
2480058 13
2469600 524
2458624 16
2457600 382
2450000 36
2449440 1334
2430000 459
2420208 14
2419200 3471
2408448 80
2401000 20
2400000 306
2381400 701
2370816 269
2362500 58
2361960 126
2359296 56
2352980 1
2352000 777
2333772 26
2332800 2241
2322432 748
2315250 46
2304960 98
2304000 1422
2296350 74
2293760 76
2286144 558
2268000 1884
2257920 1131
2250423 1
2250000 59
2240000 290
2239488 494
2222640 500
2211840 927
2205000 218
2204496 197
2195200 171
2187000 343
2177280 2837
2160900 46
2160000 1194
2151296 2
2150400 979
2143750 1
2143260 222
2126250 38
2125764 11
2117682 1
2116800 1864
2107392 87
2100000 184
2099520 894
2097152 8
2083725 12
2074464 71
2073600 2919
2066715 10
2064384 212
2058000 152
2048000 161
2041200 1397
2032128 729
2025000 96
2016840 10
2016000 2149
2007040 119
2000376 102
2000000 45
1990656 431
1984500 245
1975680 573
1968750 3
1968300 101
1966080 154
1960000 147
1959552 742
1944810 25
1944000 1710
1935360 2142
1929375 1
1928934 17
1920800 43
1920000 586
1913625 15
1905120 1387
1890000 671
1889568 118
1882384 1
1881600 942
1875000 5
1866240 1916
1852200 311
1843968 39
1843200 1093
1837500 29
1837080 403
1835008 8
1822500 99
1815156 6
1814400 3561
1806336 337
1800750 6
1800000 381
1792000 369
1786050 92
1778112 319
1771875 1
1771470 7
1769472 162
1764000 933
1756160 99
1750329 3
1750000 19
1749600 1094
1741824 1021
1728720 121
1728000 2224
1720320 428
1715000 24
1714608 267
1701000 661
1693440 1712
1687500 11
1680700 1
1680000 696
1679616 453
1666980 175
1658880 1683
1653750 32
1653372 45
1646400 355
1640250 36
1638400 83
1632960 2088
1620675 4
1620000 772
1613472 5
1612800 2326
1607445 14
1605632 27
1600000 115
1594323 1
1587600 1149
1580544 217
1575000 115
1574640 331
1572864 15
1568000 287
1562500 2
1555848 40
1555200 2844
1548288 503
1543500 97
1536640 36
1536000 665
1530900 307
1524096 752
1518750 11
1512630 10
1512000 2197
1505280 544
1500282 25
1500000 65
1492992 558
1488375 16
1481760 571
1476225 4
1474560 447
1470000 199
1469664 423
1458000 777
1451520 2783
1440600 55
1440000 1003
1433600 267
1428840 503
1417500 179
1417176 39
1411788 1
1411200 1514
1406250 1
1404928 25
1400000 116
1399680 1340
1389150 56
1382976 68
1382400 2172
1378125 1
1377810 55
1376256 79
1372000 75
1366875 1
1361367 4
1360800 2190
1354752 553
1350000 191
1344560 5
1344000 1165
1333584 180
1327104 366
1323000 468
1317120 318
1312500 9
1312200 318
1310720 35
1306368 941
1296540 54
1296000 2118
1290240 1310
1286250 6
1285956 80
1280000 179
1275750 93
1270080 1612
1260000 694
1259712 239
1254400 294
1250235 11
1250000 1
1244160 2044
1240029 1
1234800 347
1229312 12
1228800 514
1225000 25
1224720 910
1215000 241
1210104 9
1209600 3312
1204224 122
1200500 11
1200000 229
1190700 306
1185408 266
1181250 13
1180980 58
1179648 94
1176000 597
1166886 10
1166400 1862
1161216 888
1157625 2
1152480 87
1152000 1561
1148175 12
1146880 102
1143072 443
1134000 1154
1128960 1226
1125000 35
1120000 264
1119744 535
1111320 299
1105920 1148
1102500 92
1102248 120
1097600 138
1093750 1
1093500 129
1088640 2712
1080450 21
1080000 913
1075648 2
1075200 1082
1071875 1
1071630 69
1063125 9
1062882 5
1058400 1385
1053696 93
1050000 122
1049760 674
1048576 1
1037232 48
1036800 2775
1032192 287
1029000 90
1024000 188
1020600 819
1016064 702
1012500 43
1008420 5
1008000 1844
1003520 132
1000188 69
1000000 23
995328 595
992250 74
987840 460
984375 1
984150 25
983040 196
980000 105
979776 594
972405 3
972000 1249
967680 2365
964467 6
960400 23
960000 506
952560 935
945000 311
944784 78
941192 2
940800 832
937500 1
933120 1796
926100 167
921984 38
921600 1374
918750 9
918540 206
917504 20
911250 21
907578 4
907200 2900
903168 356
900375 1
900000 217
896000 393
893025 23
889056 227
885735 1
884736 216
882000 538
878080 90
875000 7
874800 731
870912 999
864360 62
864000 1968
860160 524
857500 12
857304 156
850500 286
846720 1545
843750 3
840350 2
840000 564
839808 377
833490 53
829440 1853
826875 7
826686 18
823200 244
820125 6
819200 111
816480 1573
810000 435
806736 12
806400 2345
802816 30
800000 101
793800 628
790272 182
787500 34
787320 201
786432 35
784000 241
777924 22
777600 2356
774144 664
771750 41
768320 30
768000 692
765450 97
762048 598
756000 1576
752640 548
750141 4
750000 43
746496 687
740880 371
737280 598
735000 95
734832 266
729000 389
725760 2754
720300 22
720000 762
716800 302
714420 257
708750 44
708588 7
705894 1
705600 1230
702464 23
700000 69
699840 1148
694575 10
691488 47
691200 2338
688905 4
688128 105
686000 56
680400 1425
677376 599
675000 97
672280 5
672000 1061
666792 93
663552 494
661500 186
658560 263
656250 2
656100 140
655360 33
653184 883
648270 18
648000 1601
645120 1445
643125 1
642978 30
640000 159
637875 13
635040 1191
630000 422
629856 163
627200 251
625000 1
622080 2063
617400 175
614656 18
614400 575
612500 10
612360 519
607500 79
605052 2
604800 2658
602112 166
600250 3
600000 146
595350 95
592704 256
590625 2
590490 26
589824 124
588000 424
583443 4
583200 1283
580608 929
576240 58
576000 1425
573440 131
571536 311
567000 631
564480 1120
562500 7
560000 188
559872 558
555660 130
552960 1312
551250 15
551124 57
548800 99
546750 32
544320 2079
540225 8
540000 529
537824 5
537600 1129
535815 12
531441 2
529200 883
526848 84
525000 63
524880 446
524288 4
518616 32
518400 2536
516096 377
514500 43
512000 214
510300 348
508032 672
506250 13
504210 3
504000 1395
501760 149
500094 23
500000 21
497664 633
496125 11
493920 348
492075 4
491520 233
490000 66
489888 481
486000 755
483840 2241
480200 16
480000 435
476280 490
472500 145
472392 40
470400 693
466560 1581
463050 52
460992 32
460800 1366
459270 79
458752 24
455625 5
453789 2
453600 1908
451584 391
450000 124
448000 348
444528 152
442368 285
441000 255
439040 92
437500 3
437400 355
435456 958
432180 26
432000 1703
430080 607
428750 2
428652 77
425250 85
423360 1295
421875 1
420000 321
419904 284
416745 8
414720 1810
413343 5
411600 147
409600 142
408240 986
405000 207
403368 4
403200 1969
401408 28
400000 52
396900 253
395136 184
393750 10
393660 75
393216 42
392000 147
388962 13
388800 1747
387072 690
385875 3
384160 21
384000 687
382725 15
381024 458
378000 864
376320 573
375000 11
373248 584
370440 228
368640 754
367500 53
367416 147
364500 147
362880 2204
360150 4
360000 541
358400 290
357210 83
354375 6
354294 9
352800 865
351232 28
350000 43
349920 770
345744 31
345600 2113
344064 131
343000 28
340200 722
338688 527
337500 23
336140 3
336000 825
333396 56
331776 525
330750 68
329280 206
328125 1
328050 33
327680 55
326592 699
324135 1
324000 1018
322560 1409
321489 4
320000 170
317520 739
315000 196
314928 116
313600 247
312500 1
311040 1803
308700 77
307328 8
307200 566
306250 1
306180 230
303750 20
302400 2012
301056 159
300000 91
297675 15
296352 159
295245 2
294912 152
294000 220
291600 711
290304 943
288120 21
288000 1140
286720 159
285768 170
283500 237
282240 922
281250 3
280000 148
279936 453
277830 49
276480 1271
275625 6
275562 11
274400 66
273375 6
272160 1432
270000 299
268912 2
268800 988
264600 493
263424 90
262500 18
262440 214
262144 1
259308 15
259200 1978
258048 354
257250 15
256000 203
255150 88
254016 492
252105 2
252000 862
250880 155
250047 5
250000 5
248832 660
246960 198
245760 230
245000 29
244944 298
243000 363
241920 1938
240100 10
240000 356
238140 195
236250 25
236196 26
235200 505
233280 1134
231525 9
230496 15
230400 1282
229635 10
229376 26
226800 1118
225792 287
225000 46
224000 279
222264 88
221184 334
220500 111
219520 77
218750 1
218700 136
217728 833
216090 7
216000 1106
215040 620
214326 25
212625 8
211680 803
210000 186
209952 227
207360 1716
205800 66
204800 139
204120 467
202500 70
201684 4
201600 1602
200704 31
200000 46
198450 96
197568 144
196875 1
196830 23
196608 40
196000 108
194481 1
194400 1114
193536 624
192080 22
192000 548
190512 264
189000 413
188160 496
187500 4
186624 576
185220 93
184320 671
183750 4
183708 68
182250 24
181440 1630
180000 347
179200 271
178605 17
177147 4
176400 464
175616 27
175000 18
174960 475
172872 20
172800 1735
172032 140
171500 9
170100 236
169344 421
168750 4
168000 552
166698 29
165888 524
165375 10
164640 131
164025 4
163840 65
163296 438
162000 560
161280 1216
160000 118
158760 367
157500 77
157464 61
156800 148
155520 1376
154350 28
153664 6
153600 620
153090 52
151875 1
151263 1
151200 1246
150528 142
150000 42
148176 119
147456 181
147000 117
145800 329
145152 772
144060 11
144000 840
143360 150
142884 76
141750 71
141120 631
140000 100
139968 312
138915 11
138240 1274
137781 1
137200 37
136080 829
135000 141
134456 1
134400 779
132300 154
131712 63
131250 5
131220 74
131072 8
129654 3
129600 1338
129024 376
128625 3
128000 170
127575 14
127008 360
126000 468
125440 119
125000 4
124416 567
123480 91
122880 289
122500 12
122472 146
121500 114
120960 1469
120050 3
120000 228
119070 71
118125 4
118098 11
117600 293
116640 716
115248 13
115200 1114
114688 36
113400 480
112896 281
112500 21
112000 175
111132 37
110592 355
110250 27
109760 40
109350 42
108864 565
108045 2
108000 692
107520 588
107163 2
105840 463
105000 87
104976 126
103680 1407
102900 28
102400 125
102060 190
101250 20
100800 1058
100352 48
100000 23
99225 9
98784 98
98415 5
98304 63
98000 52
97200 614
96768 543
96040 8
96000 405
95256 117
94500 152
94080 357
93750 1
93312 396
92610 26
92160 673
91875 1
91854 19
91125 3
90720 1025
90000 160
89600 241
88200 226
87808 14
87500 2
87480 207
86436 11
86400 1189
86016 142
85750 2
85050 71
84672 305
84375 2
84035 1
84000 310
83349 4
82944 495
82320 77
81920 64
81648 296
81000 261
80640 1059
80000 61
79380 158
78750 13
78732 23
78400 90
77760 952
77175 7
76832 5
76800 523
76545 9
75600 671
75264 120
75000 17
74088 57
73728 163
73500 34
72900 130
72576 555
72030 5
72000 559
71680 139
71442 23
70875 8
70560 403
70000 33
69984 198
69120 1065
68600 17
68040 402
67500 35
67200 551
66150 36
65856 46
65610 16
65536 11
64800 786
64512 325
64000 133
63504 199
63000 190
62720 98
62500 3
62208 448
61740 36
61440 279
61250 2
61236 68
60750 34
60480 1007
60000 118
59535 17
59049 1
58800 139
58320 368
57624 5
57600 796
57344 29
56700 188
56448 220
56250 5
56000 116
55566 11
55296 311
55125 3
54880 31
54675 6
54432 361
54000 334
53760 457
52920 224
52500 28
52488 48
51840 927
51450 8
51200 130
51030 58
50625 2
50400 605
50176 40
50000 13
49392 57
49152 52
49000 21
48600 248
48384 456
48020 4
48000 294
47628 56
47250 31
47040 215
46656 278
46305 3
46080 618
45927 5
45360 493
45000 65
44800 166
44100 91
43904 16
43750 1
43740 77
43218 1
43200 787
43008 138
42525 10
42336 180
42000 158
41472 384
41160 39
40960 44
40824 117
40500 81
40320 713
40000 47
39690 44
39375 2
39366 6
39200 59
38880 550
38416 2
38400 414
37800 281
37632 86
37500 1
37044 15
36864 159
36750 8
36450 27
36288 410
36015 1
36000 299
35840 114
35721 4
35280 233
35000 19
34992 104
34560 769
34300 6
34020 163
33750 13
33600 360
33075 6
32928 32
32805 5
32768 13
32400 440
32256 288
32000 101
31752 80
31500 61
31360 66
31250 2
31104 334
30870 10
30720 271
30618 21
30375 4
30240 568
30000 41
29400 67
29160 160
28812 2
28800 569
28672 23
28350 43
28224 154
28000 64
27783 2
27648 286
27440 15
27216 175
27000 134
26880 320
26460 85
26250 6
26244 25
25920 606
25600 98
25515 5
25200 297
25088 23
25000 5
24696 25
24576 53
24500 8
24300 98
24192 317
24000 166
23814 19
23625 3
23520 125
23328 172
23040 472
22680 258
22500 20
22400 105
22050 20
21952 11
21870 18
21600 418
21504 105
21168 115
21000 70
20736 278
20580 17
20480 40
20412 44
20250 16
20160 437
20000 23
19845 4
19600 25
19440 242
19200 277
18900 86
18816 55
18522 9
18432 146
18375 3
18225 5
18144 230
18000 153
17920 98
17640 104
17500 3
17496 40
17280 494
17010 42
16875 1
16800 180
16464 16
16384 10
16200 167
16128 187
16000 50
15876 41
15750 20
15680 42
15552 207
15435 2
15360 205
15309 3
15120 280
15000 25
14700 33
14580 61
14400 328
14336 28
14175 5
14112 79
14000 34
13824 239
13720 4
13608 77
13500 36
13440 201
13230 18
13122 2
12960 339
12800 69
12600 115
12544 21
12500 2
12348 8
12288 54
12250 1
12150 18
12096 201
12000 100
11907 1
11760 66
11664 75
11520 328
11340 84
11250 5
11200 58
11025 1
10976 8
10935 2
10800 208
10752 83
10584 41
10500 17
10368 185
10290 6
10240 36
10206 8
10125 1
10080 239
10000 14
9800 10
9720 119
9604 1
9600 177
9450 22
9408 26
9261 1
9216 111
9072 103
9000 53
8960 59
8820 39
8750 1
8748 20
8640 294
8505 4
8400 87
8232 3
8192 9
8100 66
8064 114
8000 37
7938 7
7875 3
7840 20
7776 117
7680 141
7560 123
7500 7
7350 3
7290 10
7200 169
7168 16
7056 41
7000 9
6912 147
6860 2
6804 31
6750 16
6720 146
6615 4
6561 1
6480 150
6400 33
6300 42
6272 13
6174 1
6144 45
6075 1
6048 99
6000 40
5880 26
5832 29
5760 229
5670 19
5600 33
5488 1
5400 77
5376 49
5292 16
5250 4
5184 127
5120 36
5040 116
5000 5
4900 3
4860 35
4800 105
4725 1
4704 22
4608 85
4536 56
4500 18
4480 23
4410 1
4374 6
4320 160
4200 47
4096 12
4050 12
4032 74
4000 19
3969 1
3920 5
3888 60
3840 84
3780 35
3645 1
3600 81
3584 7
3528 16
3500 5
3456 108
3430 1
3402 5
3375 2
3360 73
3240 62
3200 22
3150 8
3136 2
3072 31
3024 46
3000 15
2940 10
2916 10
2880 117
2835 1
2800 24
2744 1
2700 14
2688 26
2646 1
2592 56
2560 25
2520 44
2450 1
2430 10
2400 47
2352 8
2304 51
2268 16
2250 5
2240 24
2205 1
2160 71
2100 13
2048 3
2016 48
2000 8
1960 3
1944 14
1920 60
1890 8
1800 26
1792 17
1764 5
1728 41
1680 29
1620 22
1600 15
1575 2
1568 2
1536 19
1512 9
1500 4
1470 1
1458 2
1440 63
1400 7
1350 7
1344 13
1296 27
1280 16
1260 9
1215 1
1200 17
1176 7
1152 31
1134 5
1120 8
1080 26
1050 1
1024 6
1008 21
1000 1
980 1
972 6
960 29
945 2
900 14
896 3
864 29
840 9
810 5
800 11
784 1
768 10
756 4
720 20
672 3
648 11
640 5
630 6
600 6
588 2
576 20
560 3
540 8
512 5
504 4
486 1
480 12
432 10
420 4
400 2
392 1
384 12
378 1
360 12
350 1
336 8
324 1
320 4
300 1
288 8
280 1
270 1
256 1
252 1
243 1
240 5
225 2
224 1
216 1
192 3
180 5
168 5
160 2
150 1
144 2
126 2
120 5
112 1
108 1
98 1
96 3
90 1
80 1
72 1
48 1
