5248800000 1
5103000000 1
4320000000 1
4032000000 1
3686400000 1
3628800000 1
3265920000 2
3240000000 1
3175200000 2
3110400000 2
2985984000 1
2939328000 1
2916000000 2
2903040000 2
2893401000 2
2857680000 2
2835000000 1
2822400000 1
2764800000 1
2721600000 3
2645395200 3
2624400000 2
2612736000 4
2592000000 3
2571912000 2
2551500000 3
2540160000 1
2520000000 1
2500470000 1
2488320000 1
2469600000 1
2457600000 1
2449440000 6
2419200000 2
2361960000 2
2351462400 3
2332800000 2
2322432000 2
2314720800 3
2296350000 1
2286144000 2
2268000000 3
2267481600 4
2257920000 1
2239488000 3
2232052200 1
2205000000 2
2204496000 4
2195200000 1
2177280000 3
2160000000 1
2116800000 2
2116316160 1
2099520000 3
2090188800 1
2083248720 1
2073600000 5
2057529600 5
2041200000 2
2040733440 1
2032128000 1
2025380700 1
2016000000 2
2015539200 3
2000376000 1
1990656000 1
1984500000 1
1984046400 1
1975680000 3
1966080000 1
1959552000 6
1944000000 2
1935360000 5
1928934000 2
1920000000 2
1905120000 3
1889568000 2
1881600000 1
1866240000 9
1857945600 2
1852200000 1
1851776640 2
1843200000 2
1837080000 4
1828915200 5
1814400000 5
1813985280 2
1806336000 2
1800338400 1
1792000000 1
1791590400 2
1778112000 5
1764000000 2
1763596800 5
1749600000 1
1741824000 5
1736040600 2
1728720000 1
1728000000 2
1720320000 1
1714608000 9
1700611200 1
1693440000 4
1680000000 1
1679616000 6
1672151040 2
1666980000 2
1658880000 1
1653372000 7
1632960000 13
1632586752 1
1620000000 3
1612800000 10
1612431360 1
1600300800 3
1587600000 7
1587237120 3
1580544000 1
1574640000 4
1572864000 1
1567641600 7
1555848000 3
1555200000 3
1548288000 3
1543500000 1
1543147200 3
1530900000 5
1524096000 5
1512000000 3
1511654400 4
1505280000 2
1500282000 2
1492992000 8
1488034800 1
1481760000 1
1470000000 1
1469664000 11
1463132160 2
1458000000 3
1451520000 10
1451188224 1
1446700500 1
1445068800 1
1440270720 2
1440000000 2
1433272320 2
1428840000 8
1422489600 3
1417766490 1
1417176000 3
1411200000 6
1410877440 4
1404928000 1
1400263200 3
1400000000 2
1399680000 10
1393459200 1
1388832480 2
1382400000 5
1377810000 3
1376256000 2
1372000000 2
1371686400 11
1360800000 10
1360488960 1
1354752000 2
1350000000 1
1344000000 3
1343692800 4
1339231320 1
1333584000 3
1328602500 1
1327104000 6
1322697600 6
1317120000 1
1312200000 2
1306368000 18
1296000000 4
1290240000 6
1285956000 7
1280240640 4
1280000000 1
1275750000 2
1275458400 3
1270080000 14
1269789696 1
1264435200 5
1260000000 2
1259712000 8
1254400000 3
1254113280 2
1250235000 2
1244678400 1
1244160000 16
1240029000 2
1238630400 1
1234800000 1
1234517760 2
1229312000 2
1228800000 1
1225000000 1
1224720000 14
1219276800 10
1215228420 2
1215000000 3
1209600000 14
1204224000 1
1200225600 4
1194393600 3
1190700000 3
1190427840 1
1185408000 3
1180980000 1
1176000000 4
1175731200 13
1166886000 2
1166400000 10
1161216000 8
1157360400 4
1152000000 6
1146880000 1
1146617856 1
1143072000 15
1134000000 10
1133740800 3
1128960000 15
1125211500 1
1120000000 1
1119744000 15
1116026100 1
1114767360 2
1111320000 4
1111065984 1
1105920000 4
1102248000 17
1097600000 1
1097349120 5
1093500000 2
1088640000 32
1083801600 2
1080450000 1
1080203040 2
1080000000 2
1075200000 12
1074954240 4
1071630000 9
1066867200 5
1061683200 4
1058400000 14
1058158080 7
1053696000 2
1050197400 1
1050000000 1
1049760000 14
1045094400 17
1041624360 2
1037232000 3
1036800000 10
1032192000 2
1029000000 2
1028764800 17
1020600000 10
1020366720 2
1016064000 20
1008000000 7
1007769600 16
1003520000 2
1003290624 1
1000188000 16
995328000 10
992250000 3
992023200 11
990904320 2
987840000 13
987614208 1
983449600 1
980184240 2
980000000 2
979776000 28
975421440 6
972000000 5
968083200 1
967680000 19
964467000 4
960180480 1
960000000 2
952560000 26
952342272 2
948326400 5
945000000 2
944784000 7
940800000 7
940584960 4
933508800 3
933120000 18
928972800 12
926100000 4
925888320 3
921984000 2
921600000 5
918540000 18
914457600 20
910393344 1
907578000 1
907200000 25
906992640 3
903168000 9
900169200 6
900000000 1
896168448 1
896000000 3
895795200 10
893025000 1
891813888 2
889056000 19
885104640 1
884736000 6
882000000 4
881798400 19
877879296 2
875164500 2
874800000 13
871274880 1
870912000 51
868020300 2
867041280 1
864360000 4
864162432 1
864000000 7
860518400 1
860160000 1
857661210 1
857304000 31
853493760 10
850500000 5
850305600 9
846720000 28
842956800 3
840157920 4
840000000 2
839808000 30
836075520 8
833490000 4
833299488 1
829785600 7
829440000 31
826686000 10
825753600 3
823200000 3
823011840 13
819200000 2
816820200 3
816480000 48
812851200 22
810152280 2
810000000 2
806736000 1
806400000 16
806215680 6
803722500 1
802816000 3
800150400 25
800000000 2
796594176 1
796262400 10
793800000 19
793618560 10
790272000 10
787648050 1
787320000 14
786432000 1
784000000 2
783820800 42
777924000 4
777600000 26
774144000 25
771573600 18
768320000 3
768144384 2
768000000 6
765450000 9
765275040 1
762048000 56
758661120 2
756142128 2
756000000 19
755827200 19
752640000 10
752467968 2
750141000 6
746807040 2
746496000 33
744017400 2
743178240 4
740880000 16
740710656 1
737587200 2
737280000 7
735000000 1
734832000 38
731566080 18
729137052 1
729000000 8
725760000 61
725594112 2
722534400 8
720300000 1
720135360 4
720000000 4
716800000 1
716636160 2
714420000 20
711244800 13
708750000 3
708588000 8
707788800 4
705600000 24
705438720 18
702464000 4
700131600 6
700000000 1
699840000 42
696729600 39
694575000 6
694416240 7
691488000 10
691200000 25
688905000 10
688414720 1
688128000 5
686128968 1
686000000 2
685843200 41
682795008 2
680400000 41
680244480 7
677658240 1
677376000 42
675126900 3
675000000 2
672126336 5
672000000 4
671846400 17
666792000 24
663828480 2
663552000 25
661500000 3
661348800 26
660602880 2
658560000 6
658409472 4
656100000 6
653184000 76
650280960 9
648270000 3
648121824 1
648000000 18
645388800 1
645120000 38
644972544 3
642978000 19
642252800 1
640120320 15
640000000 1
637729200 1
635040000 69
634894848 2
632217600 10
630118440 3
630000000 8
629856000 29
629145600 1
627200000 4
627056640 24
625117500 2
622339200 10
622080000 51
620014500 2
619573248 1
619315200 14
617400000 10
617258880 12
614656000 3
614400000 8
612360000 59
612220032 2
609638400 48
607614210 2
607500000 1
606928896 1
605052000 2
604800000 47
604661760 13
602112000 11
600112800 20
597445632 5
597196800 26
595350000 10
595213920 9
594542592 1
592704000 39
590490000 6
589824000 5
588110544 1
588000000 13
587865600 74
585252864 7
583443000 5
583200000 35
580849920 1
580608000 78
578680200 13
578027520 4
576240000 5
576108288 6
576000000 11
573440000 5
573308928 3
571536000 69
568995840 9
567000000 20
566870400 14
564480000 51
564350976 7
562605750 1
561971200 3
560105280 10
560000000 5
559872000 59
558013050 1
557383680 13
555660000 14
555532992 2
553190400 9
552960000 26
551250000 1
551124000 43
550502400 2
548800000 7
548674560 29
546750000 3
544546800 3
544320000 114
544195584 2
541900800 27
540225000 4
540101520 4
540000000 6
537600000 15
537477120 15
535815000 13
535692528 1
533433600 38
531441000 2
530841600 17
529200000 40
529079040 19
526848000 16
525098700 2
525000000 1
524880000 29
522547200 81
520812180 1
520224768 1
518616000 12
518400000 44
516678750 2
516311040 1
516096000 31
514500000 3
514382400 62
513802240 1
512096256 5
512000000 3
510300000 28
510183360 6
508243680 1
508032000 98
505774080 4
504094752 2
504000000 30
503884800 34
501760000 10
501645312 5
500094000 22
500000000 1
497871360 13
497664000 61
496125000 3
496011600 14
495452160 9
493920000 27
493807104 8
492075000 5
491520000 4
490092120 4
490000000 2
489888000 110
487710720 22
486202500 1
486091368 4
486000000 23
484041600 2
483840000 83
483729408 4
482233500 3
481689600 5
480200000 2
480090240 33
480000000 6
478296900 3
477757440 7
476280000 66
476171136 4
474163200 37
472588830 1
472500000 4
472392000 26
471859200 2
470400000 19
470292480 48
466754400 11
466560000 81
464679936 2
464486400 53
463050000 10
462944160 14
460992000 9
460800000 32
459270000 23
458752000 5
457228800 111
455196672 3
453789000 3
453600000 78
453496320 15
452984832 1
451772160 1
451584000 54
450084600 14
450000000 1
449576960 1
448084224 4
448000000 8
447897600 59
446512500 1
446410440 5
445906944 2
444528000 61
442867500 3
442552320 7
442368000 33
441000000 18
440899200 72
440401920 3
439040000 5
438939648 4
437400000 21
435637440 7
435456000 155
434010150 4
433520640 9
432180000 8
432081216 7
432000000 32
430259200 1
430080000 28
429981696 3
428750000 1
428652000 73
426746880 38
425250000 9
425152800 9
424673280 4
423360000 100
423263232 5
421478400 7
420078960 14
420000000 5
419904000 101
418037760 46
416745000 12
416649744 2
414892800 16
414720000 82
413343000 16
412876800 10
411600000 10
411505920 47
410062500 2
409600000 5
408410100 4
408240000 137
406425600 99
405076140 6
405000000 4
403368000 1
403200000 66
403107840 21
401769396 1
401408000 9
400075200 67
398580750 1
398297088 2
398131200 37
396900000 33
396809280 16
396361728 1
395136000 48
393660000 32
393379840 1
393216000 4
392073696 4
392000000 8
391910400 157
390168576 3
388962000 11
388800000 86
387233280 3
387072000 111
385875000 2
385786800 38
384160000 4
384072192 11
384000000 14
382725000 12
382637520 2
382205952 2
381182760 4
381024000 162
379330560 15
378071064 2
378000000 31
377913600 50
377487360 1
376476800 2
376320000 41
376233984 13
375070500 9
375000000 1
373403520 19
373248000 121
372008700 3
371589120 27
370594350 1
370440000 41
370355328 16
368793600 7
368640000 34
367569090 1
367500000 1
367416000 113
367001600 2
365783040 66
364500000 15
363031200 7
362880000 213
362797056 4
361267200 39
360150000 1
360067680 40
360000000 13
358400000 17
358318080 21
357210000 42
357128352 4
355622400 68
354375000 2
354294000 13
353894400 16
352947000 1
352800000 60
352719360 77
351232000 19
350065800 13
349920000 102
348509952 1
348364800 137
347287500 2
347208120 10
346816512 1
345744000 27
345600000 67
344452500 6
344207360 1
344064000 17
343000000 3
342921600 136
341397504 2
340200000 62
340122240 14
338829120 1
338688000 148
337563450 1
337182720 5
336063168 6
336000000 28
335923200 96
334807830 2
334430208 10
333396000 74
331914240 11
331776000 81
330750000 10
330674400 62
330301440 4
329280000 25
329204736 15
328050000 8
327680000 4
326728080 7
326592000 253
325140480 46
324135000 4
324060912 5
324000000 43
322694400 2
322560000 101
322486272 1
321489000 37
321126400 6
320060160 57
320000000 4
318937500 2
318864600 3
318504960 14
317652300 2
317520000 172
317447424 9
316108800 36
315059220 6
315000000 12
314928000 76
314703872 1
314572800 3
313600000 19
313528320 91
312558750 2
312487308 2
311169600 30
311040000 139
310007250 3
309657600 70
308700000 17
308629440 52
307328000 3
307200000 19
306180000 83
306110016 3
304819200 172
303807105 2
303750000 5
303464448 3
302526000 7
302400000 145
302330880 49
301056000 48
300056400 56
300000000 2
298722816 10
298598400 89
297675000 21
297606960 17
297271296 2
296352000 82
295245000 10
295034880 4
294912000 19
294055272 2
294000000 24
293932800 155
293601280 1
292626432 14
291721500 11
291600000 64
290424960 5
290304000 244
289340100 14
289013760 14
288120000 11
288054144 14
288000000 49
287043750 2
286720000 17
286654464 6
285887070 1
285768000 203
284497920 41
283553298 1
283500000 36
283435200 42
283115520 4
282357600 1
282240000 139
282175488 23
280985600 10
280052640 17
280000000 4
279936000 179
279006525 1
278691840 60
277830000 38
277766496 10
276595200 30
276480000 99
275625000 3
275562000 60
275251200 11
274400000 16
274337280 114
273375000 2
272273400 5
272160000 269
272097792 1
270950400 101
270112500 2
270050760 22
270000000 12
269746176 1
268912000 5
268800000 63
268738560 41
267907500 16
267846264 5
266716800 119
265720500 6
265531392 3
265420800 40
264600000 70
264539520 76
264241152 1
263424000 38
262549350 6
262500000 1
262440000 80
262144000 4
261382464 1
261273600 256
260406090 2
260112384 9
259308000 29
259200000 133
258155520 5
258048000 100
257250000 2
257191200 132
256901120 3
256048128 15
256000000 9
255150000 46
255091680 7
254803968 3
254121840 1
254016000 264
252887040 16
252047376 7
252000000 59
251942400 125
250880000 22
250822656 12
250047000 45
248935680 24
248832000 167
248062500 1
248005800 27
247726080 27
247062900 1
246960000 63
246903552 25
245862400 9
245760000 19
245046060 3
245000000 2
244944000 257
243855360 101
243101250 2
243045684 2
243000000 39
242020800 13
241920000 238
241864704 8
241116750 10
240844800 30
240100000 3
240045120 71
240000000 15
238878720 51
238140000 116
238085568 11
237081600 106
236294415 2
236250000 7
236196000 36
236027904 1
235929600 17
235200000 41
235146240 147
233377200 34
233280000 217
232339968 2
232243200 177
231525000 10
231472080 27
231211008 2
230496000 17
230400000 79
229635000 45
229582512 1
229376000 18
228614400 291
227598336 11
226894500 3
226800000 177
226748160 51
225792000 154
225042300 20
225000000 4
224788480 2
224042112 9
224000000 18
223948800 148
223256250 1
223205220 2
222953472 11
222264000 153
221433750 3
221276160 16
221184000 97
220541454 2
220500000 16
220449600 143
220200960 4
219520000 20
219469824 43
218700000 32
217818720 14
217728000 413
217005075 1
216760320 40
216090000 17
216040608 14
216000000 57
215129600 6
215040000 66
214990848 5
214326000 132
213373440 81
212625000 9
212576400 19
212336640 13
211768200 2
211680000 204
211631616 19
210739200 41
210087500 1
210039480 21
210000000 15
209952000 198
209715200 1
209018880 135
208372500 12
208324872 3
207446400 56
207360000 232
206671500 14
206438400 60
205800000 27
205752960 128
204800000 12
204205050 2
204120000 221
204073344 6
203297472 2
203212800 275
202538070 6
202500000 8
202309632 4
201684000 5
201600000 152
201553920 73
200930625 1
200704000 30
200037600 129
200000000 2
199148544 10
199065600 118
198450000 54
198404640 62
198180864 6
197568000 111
196830000 35
196689920 3
196608000 16
196036848 4
196000000 20
195955200 378
195084288 25
194481000 16
194400000 158
193616640 7
193536000 256
192937500 1
192893400 51
192675840 8
192080000 12
192036096 20
192000000 33
191362500 10
191318760 2
191102976 6
190591380 2
190512000 349
189665280 63
189035532 2
189000000 57
188956800 90
188743680 2
188160000 103
188116992 35
187535250 2
187500000 1
186701760 41
186624000 278
186004350 2
185794560 70
185220000 75
185177664 30
184396800 20
184320000 91
183750000 4
183708000 165
183500800 10
182891520 205
182250000 20
181515600 10
181440000 415
181398528 12
180633600 128
180075000 2
180033840 53
180000000 28
179830784 1
179200000 31
179159040 76
178605000 57
178564176 11
177811200 197
177147000 13
177020928 2
176947200 53
176473500 2
176400000 116
176359680 122
175616000 31
175032900 19
174960000 188
174254976 9
174182400 414
173643750 1
173604060 15
173408256 8
172872000 44
172800000 146
172226250 3
172103680 2
172032000 74
171532242 1
171500000 4
171460800 300
170698752 39
170100000 105
170061120 29
169869312 1
169414560 3
169344000 342
168781725 1
168750000 1
168591360 15
168070000 3
168031584 7
168000000 52
167961600 228
167215104 30
166698000 90
165957120 41
165888000 209
165375000 4
165337200 90
165150720 19
164640000 65
164602368 49
164025000 12
163840000 7
163364040 8
163296000 569
162570240 148
162067500 7
162030456 15
162000000 59
161347200 13
161280000 279
161243136 11
160744500 32
160563200 13
160030080 133
160000000 9
159468750 1
159432300 4
159252480 44
158760000 237
158723712 37
158054400 115
157529610 6
157500000 15
157464000 109
157286400 13
156800000 35
156764160 257
156279375 1
156243654 2
155584800 70
155520000 353
154893312 1
154828800 181
154350000 23
154314720 108
154140672 1
153664000 14
153600000 55
153090000 102
153055008 5
152473104 1
152409600 437
151875000 2
151732224 10
151263000 5
151200000 237
151165440 89
150528000 115
150062500 1
150028200 65
150000000 2
149361408 20
149299200 268
148837500 15
148803480 20
148635648 11
148176000 175
147622500 9
147517440 12
147456000 75
147027636 1
147000000 25
146966400 381
146313216 63
145860750 3
145800000 101
145212480 18
145152000 632
144670050 12
144506880 44
144060000 11
144027072 28
144000000 82
143489070 2
143360000 34
143327232 15
142884000 297
142248960 133
141776649 1
141750000 30
141717600 51
141557760 10
141178800 2
141120000 254
141087744 60
140492800 24
140026320 41
140000000 8
139968000 384
139345920 177
138915000 45
138883248 12
138297600 69
138240000 247
137781000 65
137682944 1
137625600 28
137200000 18
137168640 234
136136700 7
136080000 430
136048896 15
135475200 276
135056250 1
135025380 21
135000000 23
134456000 2
134400000 119
134369280 130
134217728 1
133953750 4
133923132 1
133358400 225
132860250 1
132765696 11
132710400 136
132300000 101
132269760 112
132120576 4
131712000 93
131274675 2
131250000 2
131220000 117
131072000 6
130691232 2
130636800 644
130203045 2
130056192 29
129654000 44
129600000 203
129077760 6
129024000 274
128625000 2
128595600 160
128450560 1
128024064 49
128000000 15
127575000 42
127545840 12
127401984 7
127060920 1
127008000 584
126443520 62
126052500 2
126023688 5
126000000 86
125971200 223
125829120 1
125440000 60
125411328 49
125023500 43
124467840 74
124416000 459
124002900 20
123863040 70
123531450 2
123480000 121
123451776 62
123018750 2
122931200 11
122880000 64
122523030 4
122500000 5
122472000 463
121927680 290
121522842 3
121500000 33
121010400 20
120960000 477
120932352 36
120558375 1
120422400 69
120050000 3
120022560 111
120000000 21
119439360 112
119070000 147
119042784 19
118540800 256
118125000 7
118098000 68
118013952 2
117964800 32
117649000 1
117600000 91
117573120 304
116688600 47
116640000 371
116169984 6
116121600 530
115762500 9
115736040 56
115605504 4
115248000 49
115200000 159
114817500 26
114791256 3
114688000 35
114354828 1
114307200 566
113906250 1
113799168 40
113447250 2
113400000 254
113374080 73
113246208 1
112943040 1
112896000 388
112521150 8
112500000 2
112394240 8
112021056 29
112000000 43
111974400 369
111602610 4
111476736 36
111132000 201
110638080 47
110592000 230
110250000 29
110224800 232
110100480 9
109760000 45
109734912 73
109350000 53
108909360 25
108864000 890
108380160 138
108045000 11
108020304 18
108000000 92
107564800 6
107520000 189
107495424 25
107163000 101
106686720 207
106312500 5
106288200 26
106168320 46
105884100 3
105840000 341
105815808 62
105369600 84
105019740 20
105000000 11
104976000 299
104857600 5
104509440 390
104186250 4
104162436 6
103723200 109
103680000 396
103335750 6
103262208 3
103219200 155
102900000 25
102876480 238
102400000 25
102060000 352
102036672 9
101648736 3
101606400 629
101269035 2
101250000 4
101154816 11
100842000 9
100800000 277
100776960 160
100663296 1
100352000 59
100018800 166
100000000 2
99574272 22
99532800 310
99225000 49
99202320 77
99090432 11
98784000 215
98415000 33
98344960 6
98304000 34
98018424 6
98000000 23
97977600 729
97542144 81
97240500 12
97200000 214
96808320 21
96768000 690
96446700 63
96337920 27
96040000 15
96018048 68
96000000 62
95681250 1
95659380 4
95551488 21
95256000 544
94832640 151
94517766 4
94500000 60
94478400 145
94371840 12
94080000 196
94058496 105
93767625 1
93350880 70
93312000 625
92897280 202
92610000 83
92588832 43
92198400 54
92160000 188
91875000 2
91854000 208
91750400 18
91445760 479
91125000 14
90757800 10
90720000 738
90699264 25
90354432 1
90316800 288
90037500 1
90016920 66
90000000 28
89915392 1
89600000 72
89579520 213
89302500 46
89282088 3
88905600 334
88573500 8
88510464 7
88473600 147
88200000 132
88179840 310
88080384 2
87808000 45
87516450 13
87500000 1
87480000 261
87127488 14
87091200 861
86802030 13
86704128 36
86436000 59
86400000 262
86051840 8
86016000 167
85750000 7
85730400 419
85349376 69
85050000 125
85030560 26
84934656 6
84707280 2
84672000 695
84295680 42
84035000 2
84015792 24
84000000 80
83980800 427
83886080 1
83607552 76
83349000 109
82978560 88
82944000 519
82687500 5
82668600 103
82575360 55
82320000 94
82301184 101
82012500 5
81920000 23
81682020 4
81648000 900
81285120 353
81033750 5
81015228 8
81000000 93
80673600 18
80640000 544
80621568 51
80372250 17
80281600 29
80015040 238
80000000 17
79716150 2
79626240 117
79380000 334
79361856 50
79027200 268
78764805 2
78750000 8
78732000 150
78675968 5
78643200 25
78400000 54
78382080 480
78121827 3
77792400 93
77760000 566
77446656 5
77414400 488
77175000 20
77157360 135
77070336 2
76832000 16
76800000 90
76545000 105
76527504 7
76204800 850
75937500 1
75866112 31
75631500 5
75600000 355
75582720 154
75497472 1
75295360 1
75264000 227
75014100 72
75000000 3
74680704 30
74649600 563
74418750 3
74401740 16
74317824 37
74088000 298
73811250 2
73758720 25
73728000 176
73513818 1
73500000 28
73483200 568
73400320 8
73156608 129
72930375 1
72900000 130
72606240 20
72576000 1161
72335025 2
72253440 108
72030000 16
72013536 40
72000000 105
71680000 77
71663616 58
71442000 340
71124480 284
70875000 26
70858800 66
70778880 47
70589400 3
70560000 429
70543872 114
70246400 40
70013160 50
70000000 12
69984000 592
69672960 468
69457500 31
69441624 14
69148800 106
69120000 488
68906250 1
68890500 63
68841472 2
68812800 95
68600000 31
68584320 454
68343750 1
68068350 5
68040000 632
68024448 23
67765824 1
67737600 698
67512690 12
67500000 14
67436544 10
67228000 9
67200000 197
67184640 302
66976875 3
66961566 1
66679200 325
66382848 29
66355200 351
66150000 99
66134880 174
66060288 10
65856000 177
65625000 1
65610000 117
65536000 14
65345616 8
65318400 1238
65028096 65
64827000 43
64800000 350
64538880 11
64512000 527
64312500 4
64297800 179
64225280 14
64012032 82
64000000 32
63787500 27
63772920 13
63700992 24
63530460 3
63504000 881
63221760 147
63011844 7
63000000 93
62985600 356
62914560 6
62720000 110
62705664 118
62511750 21
62500000 1
62233920 117
62208000 824
62001450 13
61931520 205
61740000 137
61725888 82
61465600 37
61440000 133
61261515 1
61236000 609
60963840 621
60750000 37
60505200 20
60480000 873
60466176 59
60211200 174
60025000 2
60011280 165
60000000 31
59719680 299
59535000 151
59521392 17
59270400 447
59062500 4
59049000 57
59006976 5
58982400 89
58824500 1
58800000 124
58786560 577
58720256 1
58344300 33
58320000 519
58084992 10
58060800 1112
57881250 4
57868020 40
57802752 20
57624000 63
57600000 272
57408750 9
57344000 54
57153600 860
56899584 78
56723625 1
56700000 265
56687040 99
56623104 7
56471520 3
56448000 674
56260575 7
56250000 2
56197120 17
56010528 40
56000000 48
55987200 706
55801305 1
55738368 101
55566000 220
55319040 75
55296000 494
55125000 15
55112400 284
55050240 22
54880000 68
54867456 190
54675000 26
54454680 22
54432000 1388
54190080 364
54022500 11
54010152 20
54000000 132
53782400 7
53760000 300
53747712 80
53581500 88
53343360 370
53156250 1
53144100 12
53084160 135
52920000 525
52907904 102
52684800 163
52509870 11
52500000 17
52488000 429
52428800 6
52254720 759
52081218 5
51861600 128
51840000 783
51667875 2
51631104 6
51609600 358
51450000 26
51438240 346
51380224 2
51200000 48
51030000 306
51018336 8
50824368 3
50803200 1130
50625000 4
50577408 21
50421000 2
50400000 371
50388480 294
50331648 2
50176000 124
50009400 154
50000000 1
49787136 41
49766400 680
49612500 30
49601160 47
49545216 32
49392000 363
49207500 19
49172480 12
49152000 80
49009212 3
49000000 32
48988800 1101
48771072 152
48620250 25
48600000 252
48404160 24
48384000 1220
48223350 28
48168960 63
48020000 19
48009024 94
48000000 81
47829690 1
47775744 52
47628000 690
47416320 309
47258883 3
47250000 69
47239200 192
47185920 28
47059600 3
47040000 327
47029248 210
46875000 1
46675440 103
46656000 1059
46448640 490
46305000 79
46294416 44
46099200 67
46080000 370
45937500 1
45927000 196
45875200 26
45722880 721
45562500 4
45378900 17
45360000 993
45349632 55
45158400 530
45018750 1
45008460 54
45000000 29
44957696 1
44800000 92
44789760 418
44651250 12
44641044 7
44452800 506
44286750 1
44255232 18
44236800 320
44100000 146
44089920 433
44040192 3
43904000 87
43758225 5
43750000 1
43740000 282
43563744 15
43545600 1615
43401015 2
43352064 63
43218000 70
43200000 412
43025920 5
43008000 349
42875000 3
42865200 475
42674688 133
42525000 91
42515280 46
42467328 22
42353640 3
42336000 1046
42147840 76
42017500 1
42007896 15
42000000 88
41990400 656
41943040 1
41803776 191
41674500 68
41489280 129
41472000 912
41343750 2
41334300 66
41287680 123
41160000 126
41150592 167
41006250 4
40960000 43
40841010 13
40824000 1136
40642560 742
40507614 9
40500000 81
40336800 20
40320000 852
40310784 86
40186125 4
40140800 75
40007520 318
40000000 18
39813120 329
39690000 301
39680928 50
39513600 386
39375000 11
39366000 179
39337984 2
39321600 46
39200000 86
39191040 973
38896200 76
38880000 835
38723328 7
38707200 957
38587500 11
38578680 119
38535168 5
38416000 28
38400000 144
38272500 80
38263752 5
38102400 1261
37968750 1
37933056 70
37815750 2
37800000 400
37791360 225
37748736 6
37647680 2
37632000 396
37507050 30
37500000 6
37340352 62
37324800 997
37209375 1
37200870 6
37158912 92
37044000 322
36879360 50
36864000 367
36756909 1
36750000 22
36741600 697
36700160 14
36578304 278
36450000 97
36303120 30
36288000 1742
36126720 262
36015000 17
36006768 62
36000000 137
35840000 141
35831808 128
35721000 305
35562240 484
35437500 9
35429400 74
35389440 105
35294700 2
35280000 528
35271936 191
35123200 54
35006580 52
35000000 11
34992000 846
34836480 957
34728750 4
34720812 14
34574400 150
34560000 791
34445250 28
34420736 3
34406400 202
34300000 29
34292160 660
34034175 3
34020000 677
34012224 29
33882912 1
33868800 1233
33756345 3
33750000 11
33718272 16
33614000 6
33600000 276
33592320 489
33339600 380
33191424 54
33177600 767
33075000 73
33067440 177
33030144 19
32928000 225
32805000 89
32768000 35
32672808 9
32659200 1725
32514048 173
32413500 35
32400000 426
32269440 16
32256000 948
32148900 130
32112640 22
32006016 160
32000000 51
31893750 8
31886460 9
31850496 67
31765230 3
31752000 1085
31610880 236
31505922 7
31500000 95
31492800 417
31457280 17
31360000 147
31352832 259
31255875 6
31116960 117
31104000 1315
31000725 3
30965760 436
30870000 148
30862944 115
30732800 34
30720000 220
30625000 2
30618000 514
30481920 1009
30375000 26
30252600 16
30240000 1209
30233088 96
30118144 1
30105600 310
30012500 2
30005640 141
30000000 26
29859840 569
29767500 86
29760696 15
29635200 613
29524500 28
29503488 11
29491200 182
29400000 165
29393280 772
29360128 1
29172150 22
29160000 563
29042496 12
29030400 1822
28934010 27
28901376 52
28812000 65
28800000 374
28704375 2
28697814 1
28672000 114
28576800 953
28449792 185
28350000 184
28343520 104
28311552 17
28235760 4
28224000 1008
28125000 2
28098560 25
28005264 40
28000000 54
27993600 1117
27869184 195
27783000 193
27659520 129
27648000 902
27562500 13
27556200 234
27525120 49
27440000 71
27433728 287
27337500 19
27227340 14
27216000 1849
27095040 638
27011250 4
27005076 16
27000000 140
26891200 14
26880000 524
26873856 149
26790750 52
26671680 495
26572050 6
26542080 309
26460000 538
26453952 126
26342400 252
26254935 7
26250000 10
26244000 417
26214400 16
26127360 1309
26040609 2
25930800 146
25920000 1102
25815552 8
25804800 716
25725000 26
25719120 365
25690112 2
25600000 62
25515000 216
25509168 11
25412184 4
25401600 1621
25312500 3
25288704 67
25210500 6
25200000 453
25194240 457
25165824 1
25088000 178
25004700 130
24893568 62
24883200 1178
24806250 7
24800580 44
24772608 80
24696000 408
24603750 5
24586240 21
24576000 164
24504606 1
24500000 24
24494400 1393
24385536 294
24310125 1
24300000 246
24202080 31
24192000 1863
24111675 8
24084480 124
24010000 29
24004512 114
24000000 96
23887872 136
23814000 645
23708160 486
23625000 42
23619600 180
23592960 55
23520000 405
23514624 294
23337720 99
23328000 1352
23224320 907
23152500 55
23147208 49
23049600 110
23040000 643
22968750 1
22963500 134
22937600 62
22861440 1027
22781250 1
22689450 5
22680000 1063
22674816 78
22588608 2
22579200 894
22504230 25
22500000 32
22478848 3
22400000 120
22394880 763
22320522 4
22226400 576
22127616 47
22118400 601
22050000 125
22044960 431
22020096 10
21952000 107
21870000 255
21781872 17
21772800 2496
21676032 155
21609000 55
21600000 488
21512960 5
21504000 556
21437500 1
21432600 369
21337344 211
21262500 44
21257640 45
21233664 48
21176820 6
21168000 1271
21073920 143
21008750 1
21003948 19
21000000 90
20995200 862
20971520 3
20901888 352
20837250 47
20744640 180
20736000 1532
20667150 32
20643840 280
20580000 118
20575296 215
20503125 1
20480000 79
20420505 3
20412000 1176
20321280 1142
20253807 1
20250000 62
20168400 16
20160000 1078
20155392 161
20070400 112
20003760 334
20000000 14
19906560 602
19845000 257
19840464 65
19756800 589
19687500 2
19683000 109
19668992 4
19660800 88
19600000 89
19595520 1377
19448100 58
19440000 954
19361664 22
19353600 1689
19293750 8
19289340 95
19267584 17
19208000 45
19200000 246
19136250 29
19131876 3
19051200 1488
18966528 156
18907875 2
18900000 340
18895680 253
18874368 16
18823840 1
18816000 619
18753525 11
18750000 2
18670176 68
18662400 1617
18600435 1
18579456 201
18522000 316
18439680 65
18432000 621
18375000 13
18370800 651
18350080 20
18289152 386
18225000 73
18151560 23
18144000 2502
18063360 412
18007500 17
18003384 49
18000000 156
17920000 227
17915904 169
17860500 193
17781120 633
17718750 2
17714700 34
17694720 207
17640000 551
17635968 264
17561600 82
17503290 32
17500000 10
17496000 895
17418240 1550
17364375 2
17360406 12
17287200 160
17280000 1068
17222625 6
17210368 1
17203200 359
17150000 21
17146080 706
17010000 534
17006112 34
16941456 1
16934400 1688
16875000 11
16859136 30
16807000 9
16800000 344
16796160 753
16669800 286
16595712 79
16588800 1216
16537500 47
16533720 147
16515072 39
16464000 311
16402500 53
16384000 54
16336404 1
16329600 2300
16257024 305
16206750 18
16200000 407
16134720 18
16128000 1477
16074450 65
16056320 29
16003008 193
16000000 45
15946875 2
15943230 5
15925248 110
15876000 1099
15805440 349
15752961 2
15750000 72
15746400 404
15728640 35
15680000 188
15676416 471
15558480 137
15552000 1810
15482880 758
15435000 84
15431472 137
15366400 47
15360000 343
15312500 3
15309000 413
15240960 1359
15187500 8
15126300 13
15120000 1340
15116544 141
15059072 1
15052800 486
15006250 3
15002820 90
15000000 30
14929920 897
14883750 34
14880348 16
14817600 693
14762250 12
14751744 15
14745600 391
14706125 1
14700000 155
14696640 988
14680064 2
14586075 7
14580000 524
14521248 15
14515200 2664
14467005 5
14450688 99
14406000 57
14400000 478
14348907 1
14336000 193
14288400 802
14224896 226
14175000 157
14171760 87
14155776 29
14117880 3
14112000 1195
14049280 66
14002632 36
14000000 56
13996800 1449
13934592 383
13891500 126
13829760 141
13824000 1368
13781250 2
13778100 145
13762560 115
13720000 89
13716864 382
13668750 7
13613670 9
13608000 2003
13547520 1059
13505625 1
13502538 8
13500000 107
13445600 9
13440000 707
13436928 266
13395375 8
13335840 521
13286025 1
13271040 529
13230000 460
13226976 145
13171200 369
13125000 7
13122000 354
13107200 29
13063680 1850
12965400 132
12960000 1242
12907776 11
12902400 1153
12862500 15
12859560 273
12845056 1
12800000 107
12757500 126
12754584 13
12706092 4
12700800 1917
12644352 84
12605250 1
12600000 470
12597120 554
12582912 3
12544000 230
12502350 47
12500000 1
12446784 78
12441600 1886
12403125 1
12400290 22
12386304 160
12348000 402
12293120 34
12288000 329
12252303 2
12250000 13
12247200 1336
12192768 513
12150000 190
12101040 31
12096000 2560
12042240 208
12005000 15
12002256 126
12000000 112
11943936 243
11907000 462
11854080 659
11812500 23
11809800 141
11796480 131
11764900 4
11760000 443
11757312 440
11668860 57
11664000 1515
11612160 1514
11576250 16
11573604 25
11524800 145
11520000 832
11481750 49
11468800 94
11430720 1192
11340000 974
11337408 88
11294304 1
11289600 1276
11252115 4
11250000 22
11239424 8
11200000 147
11197440 1105
11160261 1
11113200 501
11063808 53
11059200 998
11025000 90
11022480 436
11010048 18
10976000 148
10937500 2
10935000 154
10890936 14
10886400 3011
10838016 280
10804500 35
10800000 525
10756480 12
10752000 832
10716300 217
10668672 237
10631250 12
10628820 29
10616832 104
10588410 1
10584000 1322
10536960 203
10501974 8
10500000 64
10497600 952
10485760 4
10450944 569
10418625 6
10372320 188
10368000 2113
10333575 7
10321920 503
10290000 109
10287648 252
10240000 118
10206000 983
10160640 1601
10125000 30
10084200 18
10080000 1196
10077696 205
10035200 190
10001880 251
10000000 15
9953280 967
9922500 117
9920232 39
9878400 692
9841500 85
9834496 6
9830400 209
9800000 84
9797760 1609
9724050 27
9720000 917
9680832 21
9676800 2457
9646875 2
9644670 54
9633792 40
9604000 26
9600000 288
9568125 6
9565938 2
9529569 1
9525600 1428
9483264 191
9450000 289
9447840 256
9437184 17
9411920 2
9408000 751
9335088 70
9331200 2064
9289728 349
9261000 230
9219840 93
9216000 950
9187500 2
9185400 491
9175040 40
9144576 573
9112500 35
9075780 13
9072000 2651
9031680 663
9003750 4
9001692 25
9000000 149
8960000 248
8957952 296
8930250 66
8890560 644
8859375 1
8857350 8
8847360 414
8820000 500
8817984 277
8780800 122
8751645 3
8750000 8
8748000 806
8709120 2240
8680203 3
8643600 124
8640000 1345
8601600 554
8575000 7
8573040 642
8505000 349
8503056 37
8470728 2
8467200 2029
8437500 4
8429568 45
8403500 3
8400000 362
8398080 882
8388608 1
8334900 176
8297856 101
8294400 1833
8268750 12
8266860 106
8257536 95
8232000 298
8201250 21
8192000 85
8168202 8
8164800 2300
8128512 468
8103375 3
8100000 354
8067360 24
8064000 1925
8037225 11
8028160 81
8001504 176
8000000 44
7971615 3
7962624 241
7938000 888
7902720 519
7875000 48
7873200 333
7864320 65
7840000 208
7838208 624
7779240 118
7776000 2197
7741440 1270
7717500 58
7715736 96
7683200 59
7680000 466
7654500 208
7620480 1708
7593750 3
7563150 6
7560000 1266
7558272 149
7529536 2
7526400 715
7501410 41
7500000 24
7464960 1362
7441875 1
7440174 6
7408800 686
7381125 3
7375872 25
7372800 638
7350000 119
7348320 879
7340032 5
7290000 418
7260624 13
7257600 3412
7225344 152
7203000 46
7200000 509
7168000 271
7144200 552
7112448 309
7087500 61
7085880 65
7077888 62
7058940 3
7056000 1319
7031250 1
7024640 58
7001316 24
7000000 43
6998400 1654
6967296 584
6945750 47
6914880 166
6912000 1837
6890625 1
6889050 60
6881280 240
6860000 50
6858432 461
6806835 5
6804000 1693
6773760 1380
6751269 7
6750000 88
6722800 3
6720000 765
6718464 315
6667920 451
6635520 873
6615000 263
6613488 125
6588344 1
6585600 396
6562500 1
6561000 237
6553600 45
6531840 2225
6482700 62
6480000 1362
6453888 7
6451200 1612
6431250 4
6429780 163
6422528 8
6400000 125
6378750 35
6377292 5
6353046 1
6350400 1916
6322176 156
6300000 358
6298560 532
6291456 5
6272000 279
6251175 12
6250000 1
6223392 98
6220800 2431
6193152 262
6174000 309
6146560 37
6144000 448
6125000 10
6123600 1042
6096384 624
6075000 84
6050520 23
6048000 2796
6021120 345
6002500 4
6001128 88
6000000 79
5971968 358
5953500 231
5927040 747
5906250 3
5904900 63
5898240 256
5882450 1
5880000 379
5878656 505
5834430 23
5832000 1434
5806080 2145
5788125 3
5786802 20
5762400 111
5760000 998
5740875 10
5734400 170
5715360 1115
5670000 703
5668704 80
5647152 2
5644800 1549
5625000 13
5619712 14
5600000 168
5598720 1348
5556600 352
5531904 80
5529600 1460
5512500 49
5511240 266
5505024 37
5488000 123
5467500 88
5445468 7
5443200 3202
5419008 397
5402250 14
5400000 433
5378240 6
5376000 1055
5358150 95
5334336 279
5315625 4
5314410 10
5308416 140
5294205 1
5292000 1248
5268480 277
5250987 3
5250000 45
5248800 732
5242880 19
5225472 781
5186160 152
5184000 2451
5160960 783
5145000 64
5143824 220
5120000 137
5103000 659
5080320 1842
5062500 14
5042100 6
5040000 1177
5038848 261
5017600 237
5000940 124
5000000 6
4976640 1362
4961250 40
4960116 35
4939200 671
4920750 17
4917248 10
4915200 264
4900000 76
4898880 1568
4862025 7
4860000 719
4840416 14
4838400 3079
4822335 13
4816896 60
4802000 34
4800000 298
4762800 1089
4741632 280
4725000 148
4723920 215
4718592 34
4705960 1
4704000 817
4687500 2
4667544 45
4665600 2317
4644864 521
4630500 123
4609920 109
4608000 1182
4593750 6
4592700 229
4587520 60
4572288 670
4556250 16
4537890 7
4536000 2430
4515840 972
4501875 2
4500846 10
4500000 106
4480000 267
4478976 478
4465125 13
4445280 646
4428675 2
4423680 668
4410000 349
4408992 260
4390400 139
4375000 8
4374000 619
4354560 2665
4321800 82
4320000 1322
4302592 3
4300800 821
4287500 6
4286520 454
4252500 176
4251528 17
4233600 2164
4218750 2
4214784 79
4201750 1
4200000 268
4199040 996
4194304 1
4167450 63
4148928 91
4147200 2405
4134375 2
4133430 32
4128768 118
4116000 255
4100625 1
4096000 128
4084101 3
4082400 2035
4064256 569
4050000 208
4033680 16
4032000 2198
4014080 81
4000752 184
4000000 62
3981312 320
3969000 548
3951360 560
3937500 15
3936600 218
3932160 78
3920000 194
3919104 724
3889620 74
3888000 2063
3870720 1670
3858750 23
3857868 49
3841600 60
3840000 571
3827250 78
3810240 1662
3780000 1057
3779136 144
3764768 2
3763200 845
3750705 13
3750000 13
3732480 1688
3704400 500
3687936 39
3686400 887
3675000 61
3674160 715
3670016 7
3645000 205
3630312 13
3628800 3728
3612672 218
3601500 21
3600000 412
3584000 352
3572100 302
3556224 312
3543750 21
3542940 38
3538944 107
3528000 1246
3512320 77
3500658 10
3500000 30
3499200 1493
3483648 811
3472875 7
3457440 148
3456000 2170
3444525 9
3440640 310
3430000 46
3429216 357
3402000 1269
3386880 1628
3375000 28
3361400 5
3360000 743
3359232 421
3333960 317
3317760 1262
3307500 129
3306744 86
3292800 429
3280500 98
3276800 68
3265920 2387
3241350 34
3240000 1124
3226944 9
3225600 2116
3215625 1
3214890 74
3211264 10
3200000 124
3189375 7
3175200 1655
3161088 174
3150000 226
3149280 481
3145728 8
3136000 305
3111696 71
3110400 2881
3096576 375
3087000 201
3073280 42
3072000 607
3062500 2
3061800 686
3048192 706
3037500 45
3025260 24
3024000 2711
3010560 428
3001250 3
3000564 47
3000000 69
2985984 476
2976750 78
2963520 737
2952450 15
2949120 378
2940000 311
2939328 458
2917215 3
2916000 1071
2903040 2558
2893401 1
2881200 92
2880000 1078
2867200 239
2857680 846
2835000 425
2834352 49
2823576 2
2822400 1679
2812500 3
2809856 21
2800000 131
2799360 1448
2778300 180
2765952 69
2764800 1881
2756250 12
2755620 168
2752512 64
2744000 121
2733750 20
2722734 5
2721600 2816
2709504 472
2701125 3
2700000 354
2689120 11
2688000 1163
2679075 14
2667168 265
2654208 288
2646000 814
2634240 306
2625000 30
2624400 612
2621440 19
2612736 941
2593080 90
2592000 2351
2580480 1045
2572500 26
2571912 142
2560000 170
2551500 267
2540160 1829
2531250 7
2521050 2
2520000 989
2519424 258
2508800 270
2500470 63
2500000 9
2488320 1821
2480625 7
2480058 12
2469600 499
2460375 7
2458624 15
2457600 416
2450000 32
2449440 1348
2430000 485
2420208 13
2419200 3399
2408448 105
2401000 16
2400000 306
2381400 708
2370816 318
2362500 87
2361960 110
2359296 52
2352980 1
2352000 755
2333772 27
2332800 2183
2322432 669
2315250 40
2304960 86
2304000 1495
2296350 66
2293760 91
2286144 546
2268945 2
2268000 1959
2257920 1133
2250423 4
2250000 59
2240000 311
2239488 504
2222640 460
2211840 880
2205000 229
2204496 190
2195200 140
2187500 4
2187000 311
2177280 2847
2160900 37
2160000 1264
2151296 6
2150400 963
2143750 1
2143260 246
2126250 43
2125764 5
2116800 1849
2107392 83
2100000 200
2099520 844
2097152 1
2083725 11
2074464 88
2073600 2826
2066715 8
2064384 211
2058000 164
2048000 167
2041200 1391
2032128 705
2025000 95
2016840 11
2016000 2196
2007040 138
2000376 125
2000000 41
1990656 426
1984500 249
1975680 560
1968750 3
1968300 94
1966080 147
1960000 138
1959552 775
1944810 30
1944000 1676
1935360 2104
1929375 2
1928934 25
1920800 46
1920000 625
1913625 8
1905120 1274
1890000 697
1889568 125
1881600 917
1875000 8
1866240 1964
1852200 321
1843968 34
1843200 1140
1837500 28
1837080 440
1835008 5
1822500 99
1815156 10
1814400 3417
1806336 321
1800750 9
1800000 369
1792000 356
1786050 125
1778112 325
1771875 2
1771470 13
1769472 146
1764000 950
1756160 84
1750329 3
1750000 23
1749600 1059
1741824 1031
1728720 128
1728000 2164
1720320 479
1715000 20
1714608 289
1701000 674
1693440 1662
1687500 11
1680700 3
1680000 699
1679616 424
1666980 154
1658880 1654
1653750 31
1653372 58
1646400 360
1640250 37
1638400 65
1632960 2095
1620675 5
1620000 724
1613472 8
1612800 2387
1607445 10
1605632 19
1600000 105
1594323 1
1587600 1182
1580544 226
1575000 115
1574640 329
1572864 23
1568000 283
1555848 46
1555200 2678
1548288 481
1543500 77
1536640 31
1536000 712
1531250 1
1530900 316
1524096 721
1518750 13
1512630 6
1512000 2207
1505280 556
1500282 28
1500000 46
1492992 580
1488375 19
1481760 562
1476225 3
1474560 459
1470000 209
1469664 395
1458000 706
1451520 2870
1440600 46
1440000 980
1433600 267
1428840 514
1417500 163
1417176 40
1411788 1
1411200 1545
1404928 27
1400000 107
1399680 1382
1389150 69
1382976 73
1382400 2177
1378125 5
1377810 39
1376256 81
1372000 93
1366875 4
1360800 2228
1354752 574
1350000 209
1344560 4
1344000 1169
1333584 199
1327104 367
1323000 489
1317120 313
1312500 10
1312200 361
1310720 32
1306368 976
1296540 52
1296000 2218
1290240 1341
1286250 14
1285956 69
1280000 168
1275750 94
1270080 1640
1260525 1
1260000 718
1259712 232
1254400 284
1250235 15
1250000 4
1244160 1963
1240029 5
1234800 373
1229312 11
1228800 524
1225000 19
1224720 960
1215000 251
1210104 5
1209600 3295
1204224 130
1200500 3
1200000 238
1190700 335
1185408 266
1181250 18
1180980 58
1179648 75
1176490 1
1176000 596
1166886 16
1166400 1782
1161216 861
1157625 5
1152480 70
1152000 1672
1148175 16
1146880 104
1143072 467
1134000 1182
1128960 1152
1125000 22
1120000 252
1119744 550
1111320 302
1105920 1195
1102500 93
1102248 129
1097600 130
1093500 134
1088640 2557
1080450 22
1080000 949
1075648 7
1075200 1175
1071875 1
1071630 73
1063125 9
1062882 4
1058400 1355
1053696 100
1050000 113
1049760 666
1048576 1
1037232 69
1036800 2738
1032192 268
1029000 97
1024000 207
1020600 761
1016064 721
1012500 38
1008420 3
1008000 1882
1003520 158
1000188 57
1000000 29
995328 572
992250 96
987840 445
984150 37
983040 208
980000 93
979776 684
972405 6
972000 1260
967680 2199
964467 3
960400 27
960000 538
952560 886
945000 335
944784 79
940800 819
937500 3
933120 1813
926100 150
921984 36
921600 1344
918750 7
918540 206
917504 24
911250 20
907578 2
907200 2965
903168 325
900375 2
900000 234
896000 398
893025 16
889056 252
885735 6
884736 249
882000 516
878080 89
875000 4
874800 693
870912 1113
864360 67
864000 1946
860160 528
857500 11
857304 181
850500 288
846720 1507
843750 1
840350 3
840000 468
839808 382
833490 51
829440 1789
826875 6
826686 12
823200 265
820125 4
819200 107
816480 1530
810000 431
806736 3
806400 2357
802816 28
800000 87
793800 622
790272 198
787500 34
787320 188
786432 28
784000 234
777924 25
777600 2358
774144 602
771750 27
768320 27
768000 715
765450 101
762048 598
756000 1473
752640 607
750141 6
750000 24
746496 659
740880 352
737280 573
735000 107
734832 276
729000 364
725760 2841
720300 20
720000 779
716800 290
714420 246
708750 40
708588 18
705894 1
705600 1186
702464 26
700000 62
699840 1178
694575 9
691488 48
691200 2206
688905 12
688128 105
686000 54
680400 1337
677376 593
675000 88
672280 3
672000 1086
666792 119
663552 443
661500 175
658560 270
656250 4
656100 168
655360 47
653184 863
648270 14
648000 1626
645120 1393
643125 2
642978 25
640000 169
637875 12
635040 1194
630000 377
629856 186
627200 266
625000 2
622080 1885
617400 193
614656 16
614400 585
612500 5
612360 530
607500 107
605052 3
604800 2757
602112 128
600250 3
600000 155
595350 116
592704 255
590625 5
590490 17
589824 108
588000 388
583443 2
583200 1230
580608 916
576240 42
576000 1429
573440 123
571536 328
567000 639
564480 1135
562500 10
560000 199
559872 553
555660 139
552960 1313
551250 16
551124 58
548800 123
546750 36
544320 2167
540225 4
540000 594
537824 4
537600 1110
535815 15
531441 1
529200 943
526848 97
525000 58
524880 402
524288 2
518616 32
518400 2430
516096 371
514500 44
512000 193
510300 310
508032 628
506250 9
504210 1
504000 1315
501760 155
500094 22
500000 15
497664 626
496125 16
493920 384
492075 1
491520 232
490000 58
489888 494
486000 691
483840 2259
480200 10
480000 443
476280 493
472500 130
472392 45
470400 669
466560 1533
463050 47
460992 25
460800 1396
459375 2
459270 69
458752 24
455625 6
453789 1
453600 1917
451584 339
450000 110
448000 324
444528 161
442368 320
441000 270
439040 83
437400 347
435456 969
432180 39
432000 1590
430080 586
428750 2
428652 79
425250 88
423360 1213
421875 1
420175 1
420000 309
419904 302
416745 9
414720 1768
413343 2
411600 138
409600 138
408240 1027
405000 223
403368 4
403200 1892
401408 31
400000 59
396900 244
395136 160
393750 11
393660 84
393216 45
392000 150
388962 16
388800 1690
387072 727
385875 3
384160 27
384000 698
382725 21
381024 452
378000 838
376320 576
375000 14
373248 625
370440 199
368640 689
367500 54
367416 126
364500 157
362880 2284
360150 7
360000 543
358400 332
357210 92
354375 4
354294 4
352800 834
351232 20
350000 31
349920 803
345744 29
345600 2028
344064 129
343000 25
340200 738
338688 557
337500 30
336000 836
333396 71
331776 553
330750 62
329280 189
328050 39
327680 50
326592 689
324135 3
324000 1012
322560 1344
321489 5
320000 145
317520 747
315000 220
314928 101
313600 232
311040 1787
308700 94
307328 7
307200 619
306250 2
306180 212
303750 21
302526 1
302400 2078
301056 153
300000 102
297675 21
296352 180
295245 3
294912 168
294000 236
291600 738
290304 911
288120 16
288000 1157
286720 149
285768 151
283500 223
282240 965
281250 2
280000 158
279936 462
277830 59
276480 1425
275625 2
275562 15
274400 86
272160 1429
270000 335
268912 4
268800 1005
264600 437
263424 84
262500 18
262440 234
262144 12
259308 13
259200 1935
258048 351
257250 17
256000 196
255150 93
254016 527
253125 2
252000 832
250880 136
250047 7
250000 8
248832 639
246960 225
245760 267
245000 32
244944 298
243000 318
241920 2001
240100 8
240000 356
238140 217
236250 34
236196 25
235200 473
233280 1145
231525 14
230496 26
230400 1303
229635 9
229376 20
226800 1084
225792 314
225000 63
224000 301
222264 86
221184 334
220500 112
219520 75
218750 1
218700 129
217728 787
216090 18
216000 1058
215040 601
214326 27
212625 6
211680 814
210000 180
209952 238
207360 1709
205800 77
204800 135
204120 511
202500 78
201684 2
201600 1519
200704 45
200000 41
198450 71
197568 118
196875 2
196830 16
196608 42
196000 92
194400 1175
193536 674
192080 20
192000 568
190512 285
189000 386
188160 473
187500 2
186624 536
185220 99
184320 757
183750 13
183708 74
182250 35
181440 1675
180075 2
180000 345
179200 248
178605 10
176400 469
175616 27
175000 15
174960 479
172872 17
172800 1694
172032 137
171500 15
170100 298
169344 442
168750 7
168070 4
168000 522
166698 17
165888 522
165375 10
164640 146
164025 6
163840 51
163296 441
162000 573
161280 1280
160000 114
158760 388
157500 71
157464 59
156800 175
155520 1375
154350 16
153664 4
153600 594
153090 63
151875 3
151200 1217
150528 141
150000 50
148176 101
147456 191
147000 111
145800 324
145152 760
144060 7
144000 842
143360 136
142884 85
141750 59
141120 666
140000 67
139968 334
138915 8
138240 1197
137781 3
137200 34
136080 833
135000 139
134456 2
134400 802
132300 202
131712 59
131250 2
131220 87
131072 10
129654 4
129600 1334
129024 398
128625 1
128000 155
127575 11
127008 338
126000 509
125440 133
125000 8
124416 581
123480 106
122880 284
122500 11
122472 143
121500 119
120960 1491
120050 1
120000 224
119070 54
118125 6
118098 6
117600 294
116640 710
115248 15
115200 1098
114688 33
113400 529
112896 308
112500 15
112000 193
111132 42
110592 322
110250 26
109760 40
109375 1
109350 32
108864 542
108045 3
108000 691
107520 526
107163 5
105840 454
105000 63
104976 117
103680 1297
102900 35
102400 139
102060 192
101250 24
100800 1036
100352 31
100000 28
99225 11
98784 96
98415 2
98304 57
98000 56
97200 635
96768 564
96040 6
96000 432
95256 147
94500 167
94080 347
93312 418
92610 22
92160 675
91875 4
91854 24
91125 3
90720 991
90000 194
89600 236
88200 214
87808 25
87500 2
87480 217
86436 6
86400 1249
86016 123
85750 2
85050 76
84672 315
84375 1
84000 320
83349 3
82944 471
82320 84
81920 51
81648 278
81000 231
80640 1006
80000 69
79380 154
78750 19
78732 21
78400 104
77760 947
77175 4
76832 1
76800 511
76545 13
75600 660
75264 125
75000 19
74088 51
73728 170
73500 46
72900 122
72576 531
72030 6
72000 581
71680 109
71442 20
70875 8
70560 410
70000 37
69984 234
69120 1052
68600 17
68040 402
67500 48
67200 544
66150 47
65856 50
65610 23
65536 15
64827 1
64800 739
64512 348
64000 136
63504 193
63000 184
62720 94
62500 1
62208 428
61740 50
61440 272
61250 5
61236 66
60750 29
60480 981
60025 1
60000 134
59535 5
59049 1
58800 183
58320 387
57624 3
57600 849
57344 21
56700 185
56448 188
56250 4
56000 117
55566 24
55296 338
55125 5
54880 20
54675 4
54432 367
54000 360
53760 458
52920 235
52500 29
52488 45
51840 989
51450 15
51200 140
51030 58
50625 2
50400 614
50176 32
50000 8
49392 37
49152 62
49000 15
48600 256
48384 439
48020 1
48000 321
47628 44
47250 18
47040 216
46656 299
46305 3
46080 585
45927 4
45360 536
45000 78
44800 174
44100 95
43904 11
43750 1
43740 66
43218 3
43200 789
43008 123
42875 1
42525 9
42336 165
42000 129
41472 384
41160 29
40960 51
40824 116
40500 78
40320 697
40000 60
39690 38
39375 1
39366 6
39200 57
38880 568
38416 1
38400 372
37800 296
37632 93
37500 4
37044 20
36864 143
36750 12
36450 26
36288 399
36000 278
35840 103
35721 1
35280 204
35000 15
34992 129
34560 818
34300 10
34020 147
33750 12
33600 343
33075 9
32928 28
32805 1
32768 18
32400 409
32256 276
32000 106
31752 94
31500 66
31360 66
31104 314
30870 5
30720 212
30618 10
30375 1
30240 567
30000 63
29400 79
29160 188
28800 581
28672 29
28350 38
28224 134
28000 71
27783 1
27648 255
27440 14
27216 213
27000 128
26880 361
26460 70
26250 7
26244 23
25920 656
25725 2
25600 99
25515 7
25200 312
25088 22
25000 6
24696 23
24576 58
24500 7
24300 86
24192 317
24010 3
24000 185
23814 17
23625 8
23520 136
23328 144
23040 503
22680 251
22500 17
22400 119
22050 18
21952 12
21870 22
21609 2
21600 420
21504 109
21168 110
21000 52
20736 308
20580 11
20480 47
20412 51
20250 20
20160 454
20000 24
19845 10
19600 27
19440 258
19208 2
19200 263
18900 115
18816 71
18750 1
18522 6
18432 149
18225 3
18144 194
18000 135
17920 82
17640 88
17500 4
17496 47
17280 520
17150 2
17010 47
16875 2
16800 186
16464 10
16384 5
16200 162
16128 161
16000 57
15876 29
15750 13
15680 47
15552 183
15435 5
15360 181
15309 2
15120 312
15000 26
14700 35
14580 44
14400 346
14336 25
14175 3
14112 75
14000 31
13824 212
13720 4
13608 92
13500 33
13440 202
13230 20
13122 10
12960 335
12800 60
12600 109
12544 22
12500 1
12348 7
12288 46
12250 4
12150 28
12096 169
12000 105
11907 4
11760 63
11664 90
11520 345
11340 76
11250 3
11200 60
11025 4
10976 2
10935 1
10800 202
10752 79
10584 50
10500 23
10368 196
10290 1
10240 31
10206 9
10125 1
10080 223
10000 8
9800 10
9720 119
9600 171
9450 26
9408 47
9261 1
9216 107
9072 133
9000 56
8960 85
8820 26
8750 1
8748 17
8640 292
8505 1
8400 92
8232 5
8192 12
8100 47
8064 160
8000 25
7938 10
7875 1
7840 22
7776 87
7680 131
7560 122
7500 8
7350 10
7290 20
7203 2
7200 160
7168 21
7056 38
7000 8
6912 155
6860 1
6804 27
6750 5
6720 120
6615 2
6561 2
6480 154
6400 46
6300 49
6272 10
6174 3
6144 43
6075 1
6048 115
6000 43
5880 36
5832 32
5760 217
5670 22
5600 26
5488 1
5400 72
5376 61
5292 19
5250 3
5184 101
5145 1
5120 37
5103 3
5040 113
5000 5
4900 2
4860 27
4800 96
4725 1
4704 28
4608 88
4536 42
4500 14
4480 41
4410 10
4375 2
4374 5
4320 149
4200 31
4096 8
4050 11
4032 83
4000 17
3969 1
3920 6
3888 33
3840 79
3780 34
3750 1
3645 2
3600 62
3584 11
3528 19
3500 4
3456 96
3402 8
3375 1
3360 56
3240 58
3200 33
3150 7
3136 7
3072 25
3024 38
3000 16
2940 4
2916 12
2880 108
2835 2
2800 11
2744 2
2700 18
2688 34
2646 3
2625 1
2592 47
2560 28
2520 41
2500 1
2430 10
2400 40
2352 9
2304 67
2268 18
2250 2
2240 19
2187 1
2160 83
2100 3
2048 7
2025 1
2016 31
2000 9
1960 5
1944 19
1920 58
1890 7
1800 30
1792 6
1764 8
1728 49
1701 2
1680 24
1620 27
1600 15
1575 1
1568 5
1536 18
1512 19
1500 4
1470 6
1458 1
1440 58
1400 7
1350 3
1344 17
1296 22
1280 12
1260 14
1215 3
1200 24
1176 3
1152 30
1134 4
1125 1
1120 10
1080 25
1050 3
1024 3
1008 8
1000 1
972 6
960 34
900 11
896 4
882 2
864 20
840 9
810 3
800 5
784 2
768 14
756 10
720 24
672 15
648 10
640 8
630 2
600 9
576 24
560 4
540 9
512 3
504 8
490 2
486 2
480 19
450 2
448 1
432 14
420 7
405 1
400 2
384 9
360 8
350 1
336 2
324 3
320 2
300 3
288 4
280 1
270 5
256 2
252 2
240 7
224 3
216 4
200 1
192 3
180 6
168 1
160 2
150 2
128 1
120 2
112 1
108 3
100 1
96 1
80 3
72 1
64 1
60 1
54 1
