3050 1
3048 1
3043 1
3042 1
3035 1
3033 1
3031 2
3028 1
3025 1
3022 3
3021 1
3020 1
3019 3
3017 1
3015 1
3014 3
3013 3
3012 1
3010 1
3009 4
3008 1
3007 1
3006 3
3005 1
3004 3
3003 7
3002 2
3001 6
3000 3
2999 5
2998 3
2997 1
2996 7
2995 5
2994 2
2993 8
2992 3
2991 6
2990 4
2989 4
2988 5
2987 12
2986 6
2985 10
2984 13
2983 9
2982 6
2981 6
2980 11
2979 8
2978 12
2977 10
2976 12
2975 11
2974 18
2973 22
2972 14
2971 11
2970 17
2969 19
2968 18
2967 22
2966 25
2965 17
2964 34
2963 29
2962 17
2961 31
2960 34
2959 31
2958 32
2957 26
2956 35
2955 45
2954 48
2953 43
2952 38
2951 48
2950 44
2949 57
2948 53
2947 56
2946 58
2945 71
2944 60
2943 71
2942 58
2941 72
2940 90
2939 82
2938 78
2937 93
2936 95
2935 87
2934 90
2933 104
2932 105
2931 130
2930 113
2929 130
2928 137
2927 166
2926 154
2925 141
2924 155
2923 138
2922 166
2921 194
2920 191
2919 193
2918 211
2917 212
2916 221
2915 232
2914 216
2913 235
2912 287
2911 254
2910 270
2909 276
2908 305
2907 319
2906 319
2905 347
2904 333
2903 402
2902 373
2901 355
2900 395
2899 441
2898 465
2897 427
2896 482
2895 480
2894 493
2893 528
2892 557
2891 570
2890 578
2889 616
2888 560
2887 621
2886 679
2885 703
2884 672
2883 736
2882 713
2881 754
2880 856
2879 906
2878 788
2877 886
2876 929
2875 973
2874 1010
2873 947
2872 989
2871 1027
2870 1101
2869 1173
2868 1166
2867 1202
2866 1206
2865 1216
2864 1312
2863 1358
2862 1359
2861 1459
2860 1408
2859 1491
2858 1464
2857 1537
2856 1564
2855 1645
2854 1671
2853 1702
2852 1823
2851 1871
2850 1872
2849 1855
2848 1924
2847 1961
2846 2036
2845 2105
2844 2133
2843 2266
2842 2184
2841 2269
2840 2378
2839 2356
2838 2384
2837 2397
2836 2518
2835 2586
2834 2660
2833 2714
2832 2727
2831 2800
2830 2876
2829 2886
2828 3049
2827 3009
2826 3169
2825 3005
2824 3182
2823 3205
2822 3247
2821 3424
2820 3499
2819 3462
2818 3543
2817 3569
2816 3609
2815 3807
2814 3785
2813 3774
2812 3976
2811 3886
2810 3998
2809 4081
2808 4236
2807 4160
2806 4222
2805 4302
2804 4222
2803 4442
2802 4450
2801 4563
2800 4739
2799 4677
2798 4736
2797 4762
2796 4817
2795 4837
2794 4983
2793 4965
2792 5061
2791 5036
2790 5158
2789 5121
2788 5275
2787 5367
2786 5272
2785 5393
2784 5564
2783 5458
2782 5463
2781 5476
2780 5545
2779 5637
2778 5572
2777 5617
2776 5738
2775 5684
2774 5810
2773 5784
2772 5919
2771 5846
2770 5856
2769 5887
2768 5997
2767 6041
2766 6044
2765 5970
2764 6014
2763 6017
2762 5924
2761 6060
2760 6214
2759 6164
2758 6009
2757 6142
2756 6174
2755 6323
2754 6089
2753 6251
2752 6098
2751 6158
2750 6207
2749 6386
2748 6193
2747 6258
2746 6296
2745 6189
2744 6173
2743 6174
2742 6073
2741 6057
2740 6069
2739 6168
2738 6147
2737 6068
2736 5829
2735 6115
2734 6116
2733 6133
2732 6154
2731 5833
2730 5932
2729 5926
2728 5873
2727 5779
2726 5823
2725 5673
2724 5629
2723 5719
2722 5598
2721 5557
2720 5694
2719 5674
2718 5518
2717 5377
2716 5379
2715 5299
2714 5324
2713 5318
2712 5316
2711 5237
2710 5017
2709 5005
2708 5026
2707 4905
2706 5002
2705 4758
2704 4863
2703 4813
2702 4686
2701 4653
2700 4619
2699 4488
2698 4473
2697 4342
2696 4479
2695 4344
2694 4281
2693 4218
2692 4082
2691 4065
2690 4037
2689 3895
2688 3899
2687 3861
2686 3878
2685 3624
2684 3543
2683 3635
2682 3593
2681 3571
2680 3371
2679 3409
2678 3386
2677 3355
2676 3202
2675 3077
2674 3049
2673 2951
2672 2952
2671 2904
2670 2878
2669 2661
2668 2643
2667 2699
2666 2683
2665 2475
2664 2566
2663 2520
2662 2516
2661 2480
2660 2313
2659 2350
2658 2261
2657 2219
2656 2146
2655 2065
2654 2064
2653 1992
2652 1854
2651 1959
2650 1872
2649 1792
2648 1746
2647 1730
2646 1656
2645 1520
2644 1559
2643 1505
2642 1567
2641 1457
2640 1399
2639 1397
2638 1371
2637 1352
2636 1250
2635 1215
2634 1239
2633 1164
2632 1195
2631 1139
2630 1115
2629 1060
2628 983
2627 1006
2626 1003
2625 843
2624 957
2623 865
2622 851
2621 824
2620 810
2619 761
2618 719
2617 695
2616 722
2615 707
2614 620
2613 671
2612 610
2611 575
2610 569
2609 544
2608 520
2607 552
2606 513
2605 460
2604 485
2603 474
2602 438
2601 458
2600 388
2599 398
2598 401
2597 381
2596 378
2595 342
2594 329
2593 337
2592 279
2591 255
2590 261
2589 264
2588 272
2587 243
2586 247
2585 221
2584 239
2583 206
2582 192
2581 205
2580 194
2579 187
2578 171
2577 167
2576 156
2575 153
2574 126
2573 134
2572 117
2571 130
2570 128
2569 110
2568 122
2567 111
2566 101
2565 100
2564 88
2563 88
2562 85
2561 88
2560 71
2559 79
2558 63
2557 61
2556 73
2555 64
2554 63
2553 50
2552 52
2551 57
2550 46
2549 39
2548 42
2547 47
2546 42
2545 31
2544 46
2543 31
2542 36
2541 29
2540 36
2539 36
2538 22
2537 22
2536 22
2535 21
2534 19
2533 21
2532 20
2531 21
2530 20
2529 17
2528 22
2527 17
2526 14
2525 9
2524 10
2523 15
2522 13
2521 4
2520 14
2519 10
2518 9
2517 9
2516 7
2515 8
2514 9
2513 6
2512 7
2511 12
2510 10
2509 6
2508 3
2507 4
2506 7
2505 1
2504 7
2503 4
2502 3
2501 2
2500 5
2499 6
2498 4
2497 2
2496 4
2495 8
2494 4
2493 2
2492 1
2491 1
2490 2
2486 1
2485 1
2484 2
2483 2
2481 3
2480 1
2478 1
2477 2
2476 1
2475 1
2472 1
2471 2
2469 1
2468 1
2466 1
2465 2
2459 2
2449 1
