3069 1
3054 1
3053 1
3047 2
3046 1
3045 1
3041 1
3036 1
3034 1
3032 1
3028 1
3027 1
3026 1
3025 3
3024 1
3017 1
3016 1
3015 2
3014 2
3013 2
3012 2
3011 2
3010 1
3009 7
3008 3
3007 2
3006 4
3005 2
3004 3
3003 3
3002 4
3001 6
3000 4
2999 3
2998 4
2997 3
2996 6
2995 3
2994 3
2993 4
2992 5
2991 7
2990 7
2989 11
2988 11
2987 5
2986 11
2985 10
2984 9
2983 7
2982 9
2981 9
2980 17
2979 13
2978 12
2977 18
2976 16
2975 6
2974 14
2973 13
2972 12
2971 16
2970 17
2969 18
2968 15
2967 22
2966 27
2965 26
2964 26
2963 21
2962 29
2961 37
2960 29
2959 45
2958 25
2957 36
2956 48
2955 42
2954 43
2953 35
2952 50
2951 38
2950 50
2949 47
2948 35
2947 58
2946 59
2945 68
2944 60
2943 82
2942 69
2941 79
2940 62
2939 65
2938 82
2937 86
2936 101
2935 105
2934 106
2933 104
2932 116
2931 111
2930 129
2929 143
2928 143
2927 135
2926 160
2925 154
2924 145
2923 153
2922 164
2921 191
2920 197
2919 189
2918 206
2917 228
2916 201
2915 209
2914 253
2913 252
2912 290
2911 260
2910 257
2909 299
2908 289
2907 311
2906 347
2905 344
2904 373
2903 368
2902 395
2901 392
2900 388
2899 432
2898 392
2897 439
2896 463
2895 510
2894 507
2893 525
2892 547
2891 564
2890 560
2889 578
2888 584
2887 661
2886 654
2885 689
2884 706
2883 686
2882 743
2881 802
2880 810
2879 807
2878 850
2877 913
2876 885
2875 917
2874 918
2873 1020
2872 1059
2871 1069
2870 1096
2869 1097
2868 1149
2867 1141
2866 1162
2865 1259
2864 1261
2863 1325
2862 1346
2861 1352
2860 1430
2859 1527
2858 1485
2857 1533
2856 1595
2855 1606
2854 1629
2853 1675
2852 1734
2851 1836
2850 1751
2849 1885
2848 1974
2847 1998
2846 2055
2845 2058
2844 2169
2843 2211
2842 2222
2841 2281
2840 2406
2839 2410
2838 2459
2837 2449
2836 2542
2835 2608
2834 2729
2833 2749
2832 2671
2831 2839
2830 2820
2829 2904
2828 2953
2827 3059
2826 3082
2825 3145
2824 3243
2823 3212
2822 3297
2821 3386
2820 3355
2819 3441
2818 3587
2817 3643
2816 3662
2815 3817
2814 3742
2813 3747
2812 3980
2811 3997
2810 3949
2809 4082
2808 4095
2807 4231
2806 4230
2805 4280
2804 4305
2803 4351
2802 4470
2801 4604
2800 4563
2799 4796
2798 4756
2797 4869
2796 4809
2795 4937
2794 4847
2793 4991
2792 5105
2791 5072
2790 5173
2789 5200
2788 5295
2787 5211
2786 5251
2785 5421
2784 5449
2783 5373
2782 5559
2781 5613
2780 5653
2779 5589
2778 5593
2777 5631
2776 5648
2775 5641
2774 5774
2773 5826
2772 5878
2771 5832
2770 5906
2769 5957
2768 6061
2767 6120
2766 5891
2765 5962
2764 6089
2763 6165
2762 6182
2761 6062
2760 6188
2759 6162
2758 6211
2757 6246
2756 6294
2755 6251
2754 6206
2753 6157
2752 6309
2751 6210
2750 6196
2749 6128
2748 6121
2747 6309
2746 6248
2745 6252
2744 6270
2743 6130
2742 6060
2741 6069
2740 5989
2739 6129
2738 6128
2737 6008
2736 5999
2735 6117
2734 6030
2733 5989
2732 5943
2731 5862
2730 5954
2729 5913
2728 5981
2727 5818
2726 5736
2725 5873
2724 5752
2723 5768
2722 5642
2721 5563
2720 5545
2719 5572
2718 5421
2717 5479
2716 5357
2715 5240
2714 5500
2713 5175
2712 5181
2711 5129
2710 5178
2709 5050
2708 5073
2707 4827
2706 5115
2705 4835
2704 4735
2703 4727
2702 4705
2701 4574
2700 4546
2699 4611
2698 4305
2697 4400
2696 4320
2695 4291
2694 4212
2693 4184
2692 4080
2691 4136
2690 4000
2689 3910
2688 3904
2687 3780
2686 3724
2685 3660
2684 3650
2683 3608
2682 3546
2681 3518
2680 3407
2679 3463
2678 3320
2677 3380
2676 3177
2675 3161
2674 3035
2673 2999
2672 2924
2671 2936
2670 2919
2669 2813
2668 2735
2667 2700
2666 2641
2665 2500
2664 2508
2663 2538
2662 2333
2661 2459
2660 2339
2659 2178
2658 2225
2657 2215
2656 2209
2655 2106
2654 2103
2653 1998
2652 1916
2651 1928
2650 1810
2649 1879
2648 1751
2647 1715
2646 1672
2645 1654
2644 1634
2643 1577
2642 1513
2641 1431
2640 1399
2639 1419
2638 1383
2637 1229
2636 1316
2635 1201
2634 1240
2633 1203
2632 1145
2631 1148
2630 1053
2629 1052
2628 1016
2627 990
2626 933
2625 946
2624 926
2623 925
2622 800
2621 852
2620 783
2619 788
2618 755
2617 750
2616 664
2615 672
2614 668
2613 639
2612 584
2611 552
2610 512
2609 534
2608 527
2607 517
2606 479
2605 464
2604 429
2603 412
2602 500
2601 427
2600 436
2599 364
2598 367
2597 365
2596 356
2595 312
2594 297
2593 318
2592 298
2591 297
2590 262
2589 296
2588 272
2587 235
2586 246
2585 247
2584 223
2583 217
2582 213
2581 203
2580 206
2579 185
2578 167
2577 148
2576 154
2575 146
2574 134
2573 144
2572 132
2571 109
2570 132
2569 106
2568 129
2567 104
2566 122
2565 85
2564 92
2563 103
2562 77
2561 77
2560 86
2559 67
2558 66
2557 58
2556 62
2555 49
2554 49
2553 50
2552 62
2551 43
2550 41
2549 37
2548 48
2547 39
2546 39
2545 33
2544 39
2543 40
2542 36
2541 36
2540 39
2539 19
2538 21
2537 20
2536 18
2535 19
2534 27
2533 14
2532 14
2531 23
2530 16
2529 15
2528 16
2527 22
2526 13
2525 11
2524 12
2523 9
2522 8
2521 3
2520 6
2519 9
2518 12
2517 8
2516 8
2515 8
2514 7
2513 2
2512 4
2511 5
2510 8
2509 7
2508 6
2507 3
2506 1
2505 7
2504 3
2503 6
2502 6
2501 3
2500 3
2499 2
2498 5
2497 5
2496 1
2495 1
2494 2
2492 1
2491 1
2490 3
2489 1
2488 1
2485 1
2484 1
2483 2
2482 2
2480 2
2479 1
2478 1
2476 2
2475 2
2473 2
2472 1
2469 1
2466 2
2463 1
2462 2
2459 1
2453 1
2452 2
2436 1
