3035 1
3033 1
3031 2
3030 1
3029 2
3028 1
3026 1
3025 1
3022 1
3021 1
3019 1
3018 2
3016 1
3014 1
3013 3
3012 1
3010 3
3008 2
3007 2
3006 3
3005 3
3004 4
3003 4
3002 5
3001 1
3000 1
2999 1
2998 5
2997 4
2996 3
2995 5
2994 6
2993 7
2992 8
2991 4
2990 10
2989 3
2988 9
2987 5
2986 4
2985 9
2984 15
2983 13
2982 10
2981 7
2980 10
2979 10
2978 19
2977 12
2976 18
2975 11
2974 10
2973 18
2972 8
2971 17
2970 13
2969 30
2968 16
2967 21
2966 26
2965 16
2964 26
2963 25
2962 28
2961 25
2960 29
2959 30
2958 23
2957 33
2956 37
2955 45
2954 39
2953 34
2952 39
2951 43
2950 44
2949 53
2948 56
2947 52
2946 65
2945 55
2944 59
2943 83
2942 69
2941 68
2940 73
2939 71
2938 88
2937 105
2936 85
2935 109
2934 99
2933 98
2932 99
2931 143
2930 116
2929 123
2928 144
2927 120
2926 130
2925 161
2924 148
2923 169
2922 179
2921 175
2920 179
2919 205
2918 213
2917 192
2916 222
2915 211
2914 243
2913 284
2912 250
2911 239
2910 309
2909 288
2908 277
2907 302
2906 295
2905 325
2904 365
2903 364
2902 369
2901 381
2900 403
2899 419
2898 418
2897 428
2896 449
2895 458
2894 452
2893 559
2892 519
2891 571
2890 570
2889 598
2888 627
2887 625
2886 652
2885 626
2884 697
2883 736
2882 784
2881 775
2880 799
2879 848
2878 818
2877 904
2876 900
2875 976
2874 998
2873 990
2872 982
2871 1046
2870 1080
2869 1068
2868 1114
2867 1193
2866 1295
2865 1257
2864 1320
2863 1338
2862 1295
2861 1410
2860 1472
2859 1419
2858 1484
2857 1508
2856 1603
2855 1644
2854 1684
2853 1675
2852 1731
2851 1791
2850 1868
2849 1864
2848 1941
2847 1965
2846 2064
2845 2107
2844 2124
2843 2201
2842 2155
2841 2242
2840 2277
2839 2352
2838 2341
2837 2523
2836 2510
2835 2603
2834 2657
2833 2745
2832 2764
2831 2785
2830 2903
2829 3008
2828 2967
2827 3110
2826 2978
2825 3070
2824 3142
2823 3351
2822 3312
2821 3406
2820 3513
2819 3487
2818 3558
2817 3790
2816 3713
2815 3741
2814 3746
2813 3865
2812 4036
2811 3985
2810 3913
2809 4123
2808 4051
2807 4145
2806 4174
2805 4312
2804 4316
2803 4414
2802 4509
2801 4579
2800 4671
2799 4756
2798 4704
2797 4672
2796 4773
2795 4789
2794 4943
2793 4985
2792 4927
2791 5069
2790 5107
2789 5177
2788 5283
2787 5157
2786 5350
2785 5320
2784 5382
2783 5491
2782 5566
2781 5462
2780 5489
2779 5572
2778 5568
2777 5638
2776 5633
2775 5774
2774 5877
2773 5975
2772 5842
2771 5842
2770 5897
2769 6039
2768 6055
2767 6050
2766 5962
2765 5983
2764 6032
2763 6014
2762 6107
2761 6072
2760 6040
2759 6133
2758 6300
2757 6098
2756 6291
2755 6298
2754 6165
2753 6175
2752 6206
2751 6199
2750 6129
2749 6294
2748 6183
2747 6144
2746 6209
2745 6145
2744 6203
2743 6179
2742 5976
2741 6122
2740 6046
2739 6195
2738 6214
2737 6060
2736 6108
2735 6071
2734 6028
2733 6004
2732 5953
2731 5881
2730 5776
2729 5875
2728 5858
2727 5851
2726 5722
2725 5709
2724 5815
2723 5698
2722 5548
2721 5584
2720 5597
2719 5627
2718 5399
2717 5363
2716 5345
2715 5449
2714 5411
2713 5234
2712 5212
2711 5123
2710 5247
2709 5097
2708 5134
2707 4905
2706 4979
2705 4876
2704 4882
2703 4651
2702 4673
2701 4543
2700 4505
2699 4680
2698 4485
2697 4436
2696 4321
2695 4349
2694 4300
2693 4119
2692 4104
2691 4065
2690 4002
2689 3995
2688 3866
2687 3731
2686 3838
2685 3736
2684 3718
2683 3613
2682 3629
2681 3515
2680 3335
2679 3397
2678 3310
2677 3226
2676 3163
2675 3152
2674 3093
2673 3038
2672 2972
2671 2874
2670 2906
2669 2881
2668 2805
2667 2630
2666 2707
2665 2580
2664 2500
2663 2462
2662 2451
2661 2411
2660 2312
2659 2282
2658 2154
2657 2174
2656 2179
2655 2175
2654 2023
2653 1950
2652 1938
2651 1896
2650 1806
2649 1832
2648 1727
2647 1700
2646 1676
2645 1703
2644 1588
2643 1534
2642 1499
2641 1519
2640 1418
2639 1355
2638 1346
2637 1379
2636 1249
2635 1229
2634 1221
2633 1180
2632 1155
2631 1174
2630 1166
2629 1130
2628 1064
2627 1006
2626 947
2625 946
2624 939
2623 846
2622 851
2621 833
2620 786
2619 735
2618 764
2617 720
2616 711
2615 711
2614 702
2613 713
2612 626
2611 583
2610 575
2609 564
2608 529
2607 499
2606 512
2605 492
2604 440
2603 448
2602 433
2601 390
2600 410
2599 406
2598 373
2597 389
2596 347
2595 342
2594 344
2593 302
2592 313
2591 278
2590 278
2589 264
2588 253
2587 264
2586 215
2585 245
2584 247
2583 202
2582 191
2581 216
2580 183
2579 182
2578 163
2577 170
2576 152
2575 166
2574 139
2573 146
2572 135
2571 110
2570 116
2569 116
2568 117
2567 96
2566 90
2565 93
2564 98
2563 96
2562 84
2561 84
2560 83
2559 76
2558 82
2557 60
2556 65
2555 63
2554 69
2553 47
2552 68
2551 49
2550 60
2549 36
2548 51
2547 33
2546 37
2545 33
2544 36
2543 41
2542 37
2541 39
2540 32
2539 30
2538 23
2537 29
2536 41
2535 19
2534 24
2533 18
2532 15
2531 24
2530 27
2529 20
2528 9
2527 17
2526 15
2525 18
2524 14
2523 10
2522 15
2521 9
2520 15
2519 3
2518 13
2517 7
2516 9
2515 8
2514 4
2513 7
2512 12
2511 9
2510 7
2509 8
2508 3
2507 7
2506 7
2505 2
2504 5
2503 4
2502 4
2500 5
2499 3
2498 8
2497 3
2496 1
2495 3
2494 2
2493 1
2492 2
2491 2
2490 2
2489 3
2488 2
2487 2
2486 1
2485 1
2484 2
2483 1
2482 1
2481 1
2478 1
2477 2
2474 1
2468 1
2467 1
2466 1
