3093 1
3077 1
3041 3
3034 1
3030 1
3028 1
3027 1
3026 3
3024 2
3020 2
3019 1
3017 1
3015 2
3014 1
3013 1
3012 2
3011 1
3009 1
3008 3
3007 2
3006 5
3005 4
3004 2
3003 3
3001 2
3000 5
2999 5
2998 1
2997 8
2996 6
2995 6
2994 4
2993 5
2992 2
2991 5
2990 6
2989 6
2988 3
2987 10
2986 9
2985 9
2984 3
2983 9
2982 7
2981 12
2980 16
2979 11
2978 12
2977 10
2976 15
2975 10
2974 15
2973 14
2972 13
2971 19
2970 12
2969 17
2968 16
2967 29
2966 24
2965 16
2964 38
2963 23
2962 28
2961 33
2960 27
2959 36
2958 34
2957 39
2956 45
2955 45
2954 46
2953 41
2952 46
2951 39
2950 45
2949 58
2948 46
2947 70
2946 55
2945 77
2944 61
2943 67
2942 68
2941 93
2940 74
2939 84
2938 100
2937 78
2936 97
2935 98
2934 102
2933 123
2932 118
2931 135
2930 105
2929 124
2928 128
2927 131
2926 136
2925 171
2924 151
2923 165
2922 155
2921 202
2920 199
2919 205
2918 179
2917 205
2916 217
2915 231
2914 247
2913 245
2912 237
2911 264
2910 275
2909 277
2908 295
2907 332
2906 361
2905 315
2904 396
2903 356
2902 397
2901 385
2900 393
2899 415
2898 415
2897 476
2896 473
2895 463
2894 496
2893 498
2892 547
2891 585
2890 560
2889 643
2888 616
2887 603
2886 647
2885 678
2884 732
2883 712
2882 742
2881 734
2880 796
2879 804
2878 853
2877 887
2876 968
2875 929
2874 1008
2873 990
2872 1035
2871 1123
2870 1037
2869 1163
2868 1167
2867 1161
2866 1236
2865 1251
2864 1288
2863 1387
2862 1345
2861 1376
2860 1440
2859 1482
2858 1580
2857 1500
2856 1607
2855 1668
2854 1697
2853 1691
2852 1779
2851 1882
2850 1856
2849 1831
2848 1938
2847 1934
2846 1980
2845 2103
2844 2111
2843 2142
2842 2206
2841 2303
2840 2319
2839 2431
2838 2386
2837 2410
2836 2499
2835 2578
2834 2622
2833 2637
2832 2848
2831 2817
2830 2790
2829 3030
2828 3043
2827 3148
2826 3081
2825 3040
2824 3132
2823 3257
2822 3418
2821 3373
2820 3292
2819 3554
2818 3583
2817 3690
2816 3651
2815 3750
2814 3712
2813 3843
2812 3978
2811 3970
2810 4013
2809 4065
2808 4085
2807 4248
2806 4202
2805 4299
2804 4345
2803 4478
2802 4432
2801 4528
2800 4637
2799 4720
2798 4656
2797 4895
2796 4726
2795 4748
2794 4829
2793 4918
2792 5064
2791 5028
2790 5040
2789 5257
2788 5225
2787 5283
2786 5341
2785 5378
2784 5386
2783 5458
2782 5376
2781 5528
2780 5630
2779 5599
2778 5795
2777 5625
2776 5696
2775 5834
2774 5731
2773 5926
2772 5845
2771 5946
2770 5862
2769 5876
2768 6126
2767 6092
2766 5970
2765 6025
2764 6093
2763 5963
2762 6301
2761 6059
2760 6094
2759 6116
2758 6017
2757 6183
2756 6200
2755 6285
2754 6221
2753 6204
2752 6293
2751 6208
2750 6066
2749 6293
2748 6334
2747 6151
2746 6166
2745 6281
2744 6106
2743 6201
2742 6154
2741 6140
2740 6158
2739 6108
2738 6257
2737 6129
2736 6093
2735 6058
2734 6004
2733 5994
2732 5960
2731 5850
2730 5809
2729 5693
2728 5803
2727 5803
2726 5742
2725 5713
2724 5764
2723 5654
2722 5725
2721 5604
2720 5550
2719 5696
2718 5534
2717 5475
2716 5421
2715 5144
2714 5247
2713 5260
2712 5122
2711 5153
2710 5069
2709 5058
2708 4930
2707 4986
2706 4810
2705 4885
2704 4766
2703 4676
2702 4778
2701 4622
2700 4569
2699 4657
2698 4571
2697 4362
2696 4342
2695 4354
2694 4188
2693 4254
2692 4095
2691 4079
2690 3988
2689 3841
2688 3866
2687 3789
2686 3634
2685 3736
2684 3601
2683 3614
2682 3416
2681 3530
2680 3521
2679 3416
2678 3294
2677 3154
2676 3216
2675 3124
2674 3078
2673 3068
2672 2930
2671 2987
2670 2797
2669 2908
2668 2763
2667 2755
2666 2693
2665 2538
2664 2452
2663 2536
2662 2336
2661 2443
2660 2372
2659 2331
2658 2151
2657 2174
2656 2120
2655 2106
2654 2059
2653 2045
2652 1921
2651 1875
2650 1752
2649 1749
2648 1764
2647 1756
2646 1808
2645 1628
2644 1608
2643 1525
2642 1549
2641 1436
2640 1403
2639 1397
2638 1380
2637 1384
2636 1287
2635 1253
2634 1198
2633 1159
2632 1138
2631 1107
2630 1062
2629 1057
2628 1022
2627 937
2626 954
2625 921
2624 961
2623 934
2622 829
2621 850
2620 775
2619 752
2618 767
2617 721
2616 694
2615 696
2614 673
2613 668
2612 599
2611 623
2610 569
2609 566
2608 531
2607 559
2606 483
2605 502
2604 501
2603 473
2602 435
2601 418
2600 410
2599 393
2598 389
2597 365
2596 375
2595 321
2594 320
2593 337
2592 277
2591 288
2590 268
2589 288
2588 243
2587 278
2586 228
2585 210
2584 218
2583 213
2582 234
2581 204
2580 191
2579 197
2578 192
2577 155
2576 173
2575 129
2574 140
2573 116
2572 122
2571 125
2570 110
2569 119
2568 132
2567 94
2566 102
2565 103
2564 90
2563 90
2562 73
2561 74
2560 80
2559 55
2558 74
2557 72
2556 81
2555 72
2554 72
2553 57
2552 62
2551 52
2550 56
2549 50
2548 44
2547 38
2546 45
2545 33
2544 30
2543 31
2542 40
2541 34
2540 30
2539 21
2538 19
2537 32
2536 20
2535 20
2534 20
2533 28
2532 23
2531 15
2530 15
2529 24
2528 13
2527 16
2526 14
2525 12
2524 11
2523 12
2522 9
2521 8
2520 10
2519 10
2518 19
2517 6
2516 10
2515 17
2514 11
2513 7
2512 4
2511 4
2510 6
2509 5
2508 5
2507 4
2506 8
2505 4
2504 3
2503 4
2502 4
2501 3
2500 3
2499 1
2498 2
2497 2
2496 2
2494 4
2493 1
2492 4
2491 1
2490 2
2489 2
2488 2
2487 3
2484 1
2483 3
2482 3
2481 1
2479 1
2478 1
2477 1
2475 1
2474 1
2473 1
2470 2
2469 1
2465 2
2464 1
2463 1
2461 1
2453 1
2442 1
2422 1
