4536000000 1
4147200000 1
3674160000 1
3528000000 1
3499200000 1
3402000000 1
3306744000 1
3280500000 1
3265920000 1
3175200000 1
3149280000 2
3087000000 1
3072000000 1
3061100160 1
3024000000 1
2976069600 2
2939328000 2
2835000000 1
2834352000 1
2822400000 3
2799360000 1
2755620000 3
2721600000 1
2688000000 1
2687385600 1
2654208000 1
2624400000 1
2592000000 2
2571912000 2
2551500000 1
2540160000 3
2519424000 2
2488320000 3
2480058000 1
2469600000 1
2457600000 1
2449440000 3
2419200000 2
2381400000 1
2343654810 1
2332800000 4
2314720800 1
2304000000 1
2296350000 2
2286144000 1
2268000000 2
2267481600 1
2222640000 3
2211840000 1
2204496000 5
2177280000 6
2160000000 1
2150400000 2
2143260000 1
2125764000 1
2099520000 6
2090188800 3
2073600000 3
2057529600 1
2048000000 1
2041200000 2
2032128000 2
2025000000 1
2016000000 1
2007040000 1
2000376000 2
1990656000 2
1968300000 2
1960000000 1
1959552000 7
1944000000 2
1935360000 1
1928934000 2
1920800000 1
1905120000 3
1889568000 3
1881600000 1
1874923848 1
1866240000 8
1851776640 1
1843200000 1
1837080000 2
1828915200 6
1822500000 1
1814400000 9
1806336000 4
1786050000 1
1785641760 1
1778112000 1
1771470000 1
1769472000 1
1764000000 5
1763596800 4
1750329000 1
1741824000 8
1736040600 1
1728720000 2
1728000000 3
1714608000 9
1701000000 2
1700611200 1
1693440000 4
1679616000 11
1672151040 1
1666980000 1
1658880000 1
1653372000 5
1646400000 1
1646023680 1
1640250000 1
1632960000 11
1625702400 2
1620304560 1
1612800000 9
1600300800 3
1594323000 1
1592524800 1
1587600000 2
1587237120 1
1580544000 1
1575296100 1
1574640000 6
1568000000 2
1567641600 5
1555200000 11
1548288000 4
1543500000 1
1543147200 7
1536640000 1
1536000000 2
1530900000 3
1524096000 8
1512630000 1
1512000000 2
1511654400 2
1505280000 2
1500282000 2
1492992000 4
1488034800 3
1481760000 2
1474560000 3
1469664000 5
1463132160 1
1451520000 11
1445068800 1
1440270720 1
1440000000 1
1433272320 1
1428840000 3
1422489600 2
1417500000 1
1411200000 3
1410877440 2
1400263200 1
1400000000 1
1399680000 11
1393459200 2
1389150000 1
1388832480 2
1382976000 4
1382400000 6
1377810000 3
1376256000 1
1372000000 1
1371686400 9
1360800000 14
1354752000 6
1350000000 1
1344560000 1
1344000000 6
1343692800 4
1339231320 1
1337720832 1
1333584000 4
1323000000 3
1322697600 7
1317120000 1
1316818944 1
1312200000 8
1310720000 1
1306368000 18
1300561920 2
1296540000 3
1296000000 8
1290240000 6
1285956000 11
1280240640 1
1270080000 14
1269789696 2
1260000000 2
1259712000 9
1254400000 1
1254113280 2
1250235000 2
1244160000 5
1240029000 1
1234800000 6
1234517760 2
1228800000 2
1225000000 1
1224720000 15
1219276800 7
1215000000 2
1209600000 15
1209323520 1
1204224000 1
1200225600 5
1194393600 3
1190700000 3
1190427840 1
1185408000 4
1180980000 2
1175731200 21
1166886000 2
1166400000 9
1161216000 14
1157360400 3
1152216576 1
1152000000 5
1146880000 3
1143072000 14
1137991680 1
1134000000 11
1133740800 6
1128960000 12
1128701952 2
1125211500 2
1120000000 2
1119744000 9
1114767360 3
1111320000 10
1111065984 1
1106380800 2
1105920000 5
1102500000 1
1102248000 18
1101004800 2
1097349120 4
1089093600 1
1088640000 27
1083801600 5
1080450000 1
1080203040 4
1080000000 3
1075200000 4
1074954240 4
1071630000 10
1066867200 7
1062882000 1
1061683200 1
1058400000 13
1058158080 4
1050197400 1
1049760000 14
1048576000 1
1045094400 18
1037232000 5
1036800000 12
1032192000 6
1028764800 11
1024192512 1
1024000000 2
1020600000 19
1020366720 3
1016064000 24
1008000000 14
1007769600 7
1003520000 3
1000188000 10
995328000 5
992023200 4
987840000 3
987614208 2
984150000 2
983449600 1
983040000 3
980184240 1
979776000 35
975421440 2
972405000 2
972182736 2
972000000 8
967680000 27
964467000 4
960180480 5
955514880 1
952560000 26
952342272 2
948326400 2
945000000 2
944784000 11
940800000 5
940584960 6
933508800 1
933120000 23
928972800 12
926100000 6
925888320 2
921984000 1
921600000 7
918540000 20
917504000 2
914457600 12
911250000 1
907200000 26
906992640 3
903168000 8
900169200 3
900000000 1
896000000 1
895795200 15
893025000 1
892820880 2
889056000 13
885735000 2
884736000 4
882000000 7
881798400 27
878080000 3
875164500 1
874800000 15
871274880 2
870912000 32
868020300 1
867041280 2
864360000 2
864162432 1
864000000 15
860160000 3
857500000 2
857304000 25
853493760 7
850500000 5
850305600 3
846720000 24
846526464 2
842956800 1
839808000 29
836075520 9
833490000 7
829785600 4
829440000 18
826686000 14
825753600 3
823200000 3
823011840 12
819200000 1
816480000 41
816293376 1
812851200 17
810152280 4
810000000 4
806400000 22
806215680 6
803722500 1
802816000 4
800150400 25
797161500 1
796262400 7
793800000 17
793618560 7
790272000 8
787648050 1
787320000 10
784000000 3
783820800 45
781218270 1
777924000 9
777600000 31
774144000 21
771750000 2
771573600 14
768144384 1
768000000 3
765450000 4
765275040 1
764411904 1
762365520 1
762048000 60
758661120 1
756315000 1
756000000 9
755827200 19
752640000 12
752467968 1
750141000 7
746807040 3
746496000 34
744017400 2
743178240 5
740880000 16
738112500 1
737280000 15
735000000 1
734832000 41
731566080 11
729000000 8
726062400 1
725760000 54
725594112 2
722534400 6
720300000 1
720135360 12
720000000 5
716800000 6
716636160 5
714420000 27
711244800 26
708750000 2
708588000 3
708083712 1
707788800 6
705894000 2
705600000 24
705438720 23
702464000 8
700131600 6
699840000 37
696729600 30
694575000 2
694416240 5
691488000 10
691200000 25
688905000 8
688128000 6
686000000 1
685843200 41
680683500 3
680400000 33
680244480 8
677376000 36
675126900 3
675000000 2
672126336 1
672000000 7
671846400 23
668860416 4
666792000 21
663828480 5
663552000 29
661500000 4
661348800 27
658560000 11
656100000 7
655360000 1
653184000 73
650280960 10
648270000 4
648121824 3
648000000 17
645120000 38
644972544 2
642978000 19
642252800 1
640120320 17
640000000 3
637875000 3
637729200 2
637009920 3
635040000 60
634894848 2
632217600 15
630118440 2
630000000 4
629856000 32
629145600 1
627200000 13
627056640 16
625117500 6
624974616 2
622339200 15
622080000 57
620014500 4
619315200 24
617400000 16
617258880 14
614656000 2
614400000 4
612500000 1
612360000 43
609638400 54
607614210 1
607500000 2
606928896 1
605052000 4
604800000 44
604661760 9
602654094 1
602112000 17
600112800 23
597445632 2
597196800 16
595350000 6
595213920 9
592704000 26
590490000 5
590069760 2
589824000 9
588110544 1
588000000 4
587865600 73
585252864 7
583443000 5
583200000 37
580849920 1
580608000 74
578680200 10
578027520 2
576240000 4
576108288 3
576000000 17
574087500 1
573956280 2
573440000 4
573308928 1
571774140 1
571536000 74
568995840 11
567000000 12
566870400 20
566231040 1
564480000 50
564350976 2
562605750 1
561971200 1
560105280 10
560000000 1
559872000 50
558013050 1
557383680 12
555660000 17
555532992 5
553190400 15
552960000 24
551250000 1
551124000 31
550502400 6
548800000 3
548674560 31
544546800 2
544320000 107
544195584 2
541900800 20
540225000 2
540101520 8
540000000 5
539492352 1
537824000 1
537600000 24
537477120 9
535815000 22
535692528 3
533433600 30
531441000 4
530841600 11
529200000 43
529079040 34
526848000 5
525098700 3
525000000 3
524880000 44
524288000 2
522547200 65
520812180 3
520224768 3
518616000 13
518400000 42
516678750 1
516560652 1
516096000 27
514500000 2
514382400 55
512096256 6
512000000 5
510300000 30
510183360 3
508032000 80
505774080 2
504210000 4
504000000 24
503884800 42
501760000 9
501645312 3
500094000 23
497871360 8
497664000 47
496125000 1
496011600 20
495452160 7
493920000 41
493807104 7
492075000 2
491724800 1
491520000 7
490092120 2
490000000 3
489888000 111
487710720 32
486091368 3
486000000 20
484041600 4
483840000 102
483729408 3
482233500 7
481689600 10
480200000 2
480090240 26
480000000 4
478296900 1
477757440 12
476478450 1
476280000 74
476171136 6
474163200 34
472588830 2
472500000 1
472392000 26
471859200 7
470400000 24
470292480 43
468730962 1
466754400 13
466560000 78
464679936 1
464486400 46
463050000 7
462944160 16
462422016 1
460992000 7
460800000 32
459270000 24
459165024 1
458752000 2
457228800 97
455196672 5
453789000 3
453600000 94
453496320 12
451584000 57
450084600 16
450000000 1
449576960 1
448084224 2
448000000 15
447897600 56
446512500 3
446410440 3
445906944 3
444528000 70
442867500 1
442552320 6
442368000 34
441082908 2
441000000 17
440899200 73
439040000 6
438939648 15
437582250 1
437400000 27
435637440 9
435456000 154
434010150 5
433520640 13
432180000 8
432081216 7
432000000 31
430080000 26
429981696 2
428652000 77
426746880 22
425250000 5
425152800 9
424673280 3
423360000 96
423263232 8
421478400 10
420175000 2
420078960 9
420000000 11
419904000 85
418037760 45
416745000 14
414892800 20
414720000 84
413343000 20
412876800 13
411600000 4
411505920 55
409600000 1
408410100 1
408240000 143
408146688 2
406425600 95
405076140 7
405000000 9
403368000 2
403200000 65
403107840 15
401861250 1
401769396 4
401408000 4
400075200 63
400000000 2
398297088 2
398131200 43
396900000 25
396809280 21
396361728 1
395136000 60
393824025 1
393750000 1
393660000 25
393379840 1
393216000 2
392073696 1
392000000 10
391910400 148
390168576 8
388962000 8
388800000 77
387233280 1
387072000 80
385875000 5
385786800 43
385351680 3
384160000 6
384072192 9
384000000 11
382725000 9
382637520 1
382205952 3
381024000 162
379330560 17
378157500 2
378071064 4
378000000 35
377913600 35
377487360 1
376320000 33
376233984 10
375070500 20
373403520 22
373248000 135
372008700 9
371589120 22
370440000 38
370355328 11
368793600 8
368640000 34
367500000 1
367416000 90
367001600 1
365783040 65
364568526 1
364500000 10
363031200 6
362880000 170
362797056 3
361267200 28
360150000 3
360067680 30
360000000 12
358400000 9
358318080 13
357210000 44
357128352 6
355622400 93
354375000 2
354294000 18
353894400 5
352800000 71
352719360 59
351232000 10
350065800 16
350000000 2
349920000 95
348509952 2
348364800 144
347287500 5
347208120 9
346816512 3
345744000 18
345600000 82
344452500 4
344064000 28
343000000 2
342921600 130
341397504 7
340200000 64
340122240 13
338829120 1
338688000 144
337563450 3
337500000 2
337182720 5
336140000 3
336063168 5
336000000 21
335923200 98
334807830 1
334430208 8
333396000 64
331914240 7
331776000 77
330750000 5
330674400 59
330301440 7
329280000 35
329204736 14
328050000 11
327680000 8
326728080 6
326592000 263
325140480 49
324135000 5
324060912 7
324000000 42
322694400 6
322560000 110
322486272 9
321489000 21
321126400 5
320060160 62
320000000 4
318937500 1
318864600 5
318504960 12
317652300 1
317520000 139
317447424 12
316108800 48
315059220 6
315000000 9
314928000 77
314572800 1
313600000 29
313528320 91
312558750 2
312487308 1
311169600 44
311040000 156
310007250 1
309657600 58
308700000 18
308629440 50
307328000 7
307200000 21
306180000 77
306110016 1
304946208 2
304819200 178
303807105 1
303750000 3
303464448 4
302526000 3
302400000 97
302330880 28
301989888 1
301056000 31
300056400 44
300000000 4
298722816 7
298598400 108
297675000 18
297606960 18
296352000 93
295245000 10
295034880 4
294912000 29
294055272 2
294000000 18
293932800 189
292626432 8
291721500 6
291600000 70
290424960 1
290304000 247
289340100 19
289013760 12
288120000 11
288054144 17
288000000 37
286978140 1
286720000 15
286654464 4
285887070 1
285768000 197
284497920 46
283500000 22
283435200 44
283115520 2
282240000 131
282175488 25
280985600 5
280052640 26
280000000 2
279936000 174
278691840 70
277830000 29
277766496 8
276595200 34
276480000 98
275625000 1
275562000 63
275251200 11
274400000 12
274337280 113
273375000 3
272273400 6
272160000 260
272097792 10
270950400 117
270050760 14
270000000 14
269746176 2
268912000 1
268800000 47
268738560 59
267907500 12
267846264 3
266827932 1
266716800 98
265720500 7
265531392 1
265420800 57
264600000 50
264539520 67
264241152 2
263533760 1
263424000 46
262549350 10
262500000 1
262440000 71
262144000 2
261382464 2
261273600 231
260406090 1
260112384 15
259308000 26
259200000 114
258339375 1
258155520 1
258048000 110
257191200 139
256901120 3
256048128 16
256000000 8
255150000 49
255091680 8
254803968 2
254121840 2
254016000 279
252887040 21
252105000 4
252047376 8
252000000 67
251942400 121
250880000 35
250822656 34
250047000 31
248935680 21
248832000 160
248062500 4
248005800 14
247726080 19
246960000 69
246903552 34
246037500 3
245862400 11
245760000 26
245046060 3
245000000 4
244944000 290
243855360 112
243101250 1
243000000 31
242020800 13
241920000 239
241864704 16
241116750 3
240844800 18
240100000 3
240045120 62
240000000 7
239148450 2
238878720 30
238140000 140
238085568 9
237081600 105
236294415 1
236250000 3
236196000 41
235929600 10
235200000 58
235146240 159
233377200 20
233280000 190
232339968 2
232243200 187
231525000 9
231472080 24
231211008 6
230496000 19
230400000 90
229635000 26
229582512 1
229376000 13
228614400 272
227812500 1
227598336 14
226894500 4
226800000 147
226748160 29
226492416 1
225792000 150
225042300 26
225000000 2
224788480 3
224042112 10
224000000 18
223948800 149
223205220 7
222953472 13
222264000 119
221433750 2
221276160 16
221184000 91
220541454 1
220500000 24
220449600 168
220200960 3
219520000 27
219469824 53
218700000 47
217818720 4
217728000 462
217005075 1
216760320 51
216090000 16
216040608 7
216000000 67
215129600 3
215040000 58
214990848 9
214375000 1
214326000 128
213373440 102
212625000 12
212576400 15
212336640 28
211768200 2
211680000 239
211631616 22
210739200 38
210039480 11
210000000 12
209952000 183
209018880 148
208372500 18
208324872 3
207446400 52
207360000 223
206671500 23
206524416 1
206438400 53
205800000 21
205752960 117
205520896 1
204800000 16
204120000 240
204073344 4
203212800 294
202538070 5
202500000 11
202309632 3
201684000 10
201600000 148
201553920 78
200704000 22
200037600 108
200000000 6
199148544 11
199065600 119
198450000 48
198404640 44
198180864 3
197568000 123
196830000 33
196689920 2
196608000 11
196036848 4
196000000 13
195955200 383
195084288 30
194481000 17
194400000 139
193616640 7
193536000 247
192937500 1
192893400 59
192675840 7
192080000 6
192036096 22
192000000 27
191362500 6
191318760 4
191102976 8
190591380 1
190512000 376
189665280 70
189035532 5
189000000 67
188956800 95
188743680 3
188160000 115
188116992 35
187535250 7
187500000 1
186701760 46
186624000 310
186004350 4
185794560 83
185220000 77
185177664 24
184396800 20
184320000 101
183750000 1
183708000 194
183500800 3
182891520 197
182250000 16
181515600 11
181440000 402
181398528 15
180708864 1
180633600 102
180075000 3
180033840 47
180000000 20
179200000 33
179159040 85
178605000 67
178564176 4
177811200 179
177187500 2
177147000 15
177020928 3
176947200 52
176400000 115
176359680 146
176160768 1
175616000 25
175032900 17
175000000 1
174960000 194
174254976 5
174182400 449
173643750 1
173604060 13
173408256 9
172872000 42
172800000 156
172226250 1
172103680 2
172032000 68
171500000 5
171460800 294
170698752 31
170100000 114
170061120 33
169869312 3
169414560 2
169344000 335
168781725 1
168750000 1
168591360 7
168070000 4
168031584 12
168000000 42
167961600 228
167215104 37
166698000 120
165957120 42
165888000 242
165375000 11
165337200 104
165150720 6
164640000 58
164602368 40
164025000 13
163840000 9
163364040 8
163296000 521
162570240 138
162067500 7
162030456 8
162000000 73
161347200 9
161280000 241
161243136 14
160744500 32
160563200 11
160030080 139
160000000 9
159468750 1
159432300 3
159252480 55
158826150 1
158760000 266
158723712 27
158054400 100
157529610 7
157500000 14
157464000 146
157351936 3
157286400 8
156800000 33
156764160 234
156279375 1
156243654 2
155584800 69
155520000 347
155003625 1
154893312 5
154828800 189
154350000 25
154314720 106
154140672 3
153664000 22
153600000 44
153090000 121
153055008 5
152473104 1
152409600 450
151732224 10
151263000 5
151200000 234
151165440 76
150994944 1
150590720 3
150528000 99
150028200 68
150000000 3
149361408 22
149299200 256
148837500 16
148803480 14
148635648 14
148176000 171
147622500 2
147517440 14
147456000 65
147027636 3
147000000 17
146966400 361
146800640 1
146313216 48
145860750 8
145800000 108
145212480 15
145152000 584
144670050 12
144506880 41
144060000 20
144027072 32
144000000 84
143360000 49
143327232 14
142884000 284
142248960 154
141750000 36
141717600 37
141557760 21
141120000 289
141087744 47
140492800 12
140026320 36
140000000 17
139968000 384
139345920 200
138915000 43
138883248 21
138297600 77
138240000 237
137781000 84
137625600 29
137200000 20
137168640 278
136687500 2
136136700 10
136080000 445
136048896 13
135531648 2
135475200 362
135025380 25
135000000 22
134873088 1
134456000 4
134400000 122
134369280 109
133953750 3
133923132 1
133413966 1
133358400 244
132765696 7
132710400 134
132300000 105
132269760 107
132120576 2
131712000 87
131274675 2
131250000 2
131220000 112
131072000 4
130691232 5
130636800 647
130203045 3
130056192 37
129654000 47
129600000 223
129077760 6
129024000 253
128625000 1
128595600 147
128450560 3
128024064 64
128000000 12
127575000 40
127545840 12
127401984 9
127060920 2
127008000 559
126443520 65
126052500 1
126023688 5
126000000 83
125971200 267
125829120 1
125440000 76
125411328 57
125023500 43
125000000 2
124467840 54
124416000 433
124002900 25
123863040 71
123480000 110
123451776 53
123018750 2
122931200 17
122880000 56
122523030 1
122500000 7
122472000 442
121927680 286
121522842 2
121500000 45
121010400 16
120960000 536
120932352 22
120422400 71
120050000 3
120022560 142
120000000 15
119439360 113
119070000 155
119042784 17
118540800 245
118125000 4
118098000 66
118013952 2
117964800 37
117600000 113
117573120 297
116688600 33
116640000 356
116169984 5
116121600 509
115762500 8
115736040 49
115605504 8
115248000 29
115200000 162
114817500 25
114791256 1
114688000 30
114354828 1
114307200 514
113799168 41
113447250 4
113400000 206
113374080 79
113246208 4
112943040 1
112896000 349
112521150 13
112500000 2
112394240 1
112021056 23
112000000 30
111974400 409
111602610 2
111476736 29
111132000 195
110638080 38
110592000 208
110270727 1
110250000 22
110224800 241
110100480 10
109760000 58
109734912 80
109350000 57
108909360 18
108864000 892
108380160 170
108045000 17
108020304 14
108000000 90
107564800 6
107520000 167
107495424 35
107163000 137
106686720 228
106312500 4
106288200 16
106168320 58
105884100 2
105840000 377
105815808 69
105369600 68
105019740 18
105000000 11
104976000 340
104857600 1
104509440 373
104186250 2
104162436 5
103723200 96
103680000 424
103335750 6
103262208 2
103219200 194
102900000 22
102876480 241
102400000 22
102102525 1
102060000 326
102036672 5
101606400 671
101269035 4
101250000 8
101154816 13
100842000 6
100800000 269
100776960 151
100442349 1
100352000 54
100018800 165
100000000 1
99574272 21
99532800 324
99225000 51
99202320 69
99090432 7
98784000 233
98415000 36
98344960 8
98304000 46
98018424 4
98000000 23
97977600 737
97542144 64
97240500 21
97200000 207
96808320 14
96768000 622
96468750 3
96446700 59
96337920 25
96040000 20
96018048 59
96000000 44
95681250 4
95659380 5
95551488 17
95295690 2
95256000 564
94832640 151
94517766 2
94500000 60
94478400 148
94371840 9
94119200 2
94080000 197
94058496 80
93767625 2
93350880 67
93312000 673
93002175 1
92897280 201
92610000 102
92588832 42
92198400 35
92160000 201
91875000 4
91854000 238
91750400 14
91445760 423
91125000 15
90757800 18
90720000 714
90699264 34
90316800 267
90037500 3
90016920 67
90000000 25
89600000 67
89579520 207
89302500 49
89282088 6
88905600 358
88573500 16
88510464 8
88473600 147
88200000 148
88179840 276
88080384 2
87808000 53
87516450 15
87480000 250
87127488 7
87091200 907
86802030 5
86704128 26
86436000 66
86400000 285
86051840 4
86016000 161
85750000 2
85730400 387
85349376 83
85050000 129
85030560 35
84934656 9
84707280 6
84672000 690
84375000 1
84295680 38
84035000 4
84015792 24
84000000 80
83980800 426
83607552 103
83349000 111
82978560 96
82944000 510
82687500 3
82668600 74
82575360 49
82320000 80
82301184 111
82012500 11
81920000 24
81682020 12
81648000 875
81285120 371
81033750 4
81015228 14
81000000 86
80673600 23
80640000 494
80621568 43
80372250 22
80281600 38
80015040 230
80000000 11
79716150 1
79626240 131
79380000 328
79361856 38
79027200 273
78764805 2
78750000 17
78732000 160
78643200 29
78400000 61
78382080 564
77792400 78
77760000 561
77446656 5
77414400 437
77175000 33
77157360 157
77070336 5
76832000 26
76800000 107
76545000 119
76527504 5
76236552 2
76204800 862
75937500 2
75866112 26
75631500 8
75600000 318
75582720 157
75497472 2
75295360 1
75264000 225
75014100 65
75000000 4
74680704 38
74649600 557
74418750 8
74401740 12
74317824 38
74088000 318
73811250 4
73758720 29
73728000 202
73513818 2
73500000 33
73483200 575
73400320 3
73156608 140
72930375 2
72900000 108
72606240 26
72576000 1131
72335025 1
72253440 103
72030000 12
72013536 53
72000000 105
71744535 1
71680000 76
71663616 48
71442000 332
71124480 310
70875000 27
70858800 60
70778880 32
70589400 3
70560000 423
70543872 114
70246400 35
70013160 50
70000000 11
69984000 581
69672960 464
69457500 27
69441624 22
69148800 97
69120000 439
68890500 62
68841472 1
68812800 96
68600000 30
68584320 448
68343750 1
68068350 5
68040000 630
68024448 19
67765824 2
67737600 655
67512690 19
67500000 20
67436544 5
67228000 9
67200000 196
67184640 280
66976875 1
66961566 4
66679200 277
66382848 20
66355200 353
66150000 110
66134880 179
66060288 7
65856000 164
65625000 1
65610000 100
65536000 20
65345616 5
65318400 1259
65028096 69
64827000 50
64800000 324
64538880 17
64512000 564
64297800 157
64225280 6
64012032 93
64000000 25
63787500 27
63772920 17
63700992 22
63530460 2
63504000 890
63221760 139
63011844 10
63000000 100
62985600 347
62914560 6
62720000 101
62705664 134
62511750 25
62233920 114
62208000 827
62001450 10
61931520 180
61740000 109
61725888 74
61465600 31
61440000 126
61261515 1
61236000 629
60963840 626
60750000 30
60505200 19
60480000 904
60466176 60
60211200 148
60025000 4
60011280 157
60000000 24
59719680 236
59535000 146
59521392 27
59270400 443
59062500 3
59049000 43
59006976 5
58982400 116
58800000 123
58786560 552
58344300 45
58320000 519
58084992 8
58060800 1070
57868020 50
57802752 15
57624000 73
57600000 275
57408750 19
57344000 46
57153600 784
56899584 70
56700000 280
56687040 104
56623104 7
56471520 4
56448000 648
56260575 7
56250000 4
56197120 16
56010528 35
56000000 35
55987200 720
55801305 1
55738368 88
55566000 205
55319040 70
55296000 463
55125000 21
55112400 287
55050240 33
54880000 53
54867456 193
54675000 34
54454680 19
54432000 1508
54190080 361
54022500 15
54010152 22
54000000 133
53782400 11
53760000 315
53747712 61
53581500 102
53343360 410
53156250 1
53144100 16
53084160 118
52942050 2
52920000 478
52907904 83
52684800 140
52509870 8
52500000 13
52488000 435
52428800 5
52254720 802
52093125 1
52081218 3
51861600 127
51840000 765
51667875 1
51631104 7
51609600 375
51450000 28
51438240 345
51380224 1
51200000 38
51030000 315
51018336 12
50824368 1
50803200 1131
50625000 7
50577408 31
50421000 11
50400000 386
50388480 277
50331648 1
50176000 101
50009400 167
50000000 6
49787136 65
49766400 694
49612500 23
49601160 63
49545216 28
49392000 327
49207500 24
49172480 11
49152000 87
49009212 3
49000000 27
48988800 1111
48771072 159
48620250 10
48600000 230
48404160 23
48384000 1284
48223350 24
48168960 55
48020000 18
48009024 116
48000000 89
47829690 2
47775744 64
47628000 648
47416320 291
47258883 1
47250000 58
47239200 198
47185920 37
47040000 291
47029248 218
46875000 1
46675440 97
46656000 993
46448640 471
46305000 79
46294416 52
46099200 71
46080000 410
45937500 1
45927000 202
45875200 35
45722880 767
45562500 9
45378900 17
45360000 1003
45349632 43
45177216 1
45158400 571
45018750 1
45008460 51
45000000 31
44957696 3
44800000 106
44789760 445
44651250 14
44641044 8
44452800 518
44286750 5
44255232 26
44236800 297
44100000 166
44089920 440
44040192 6
43904000 98
43758225 3
43750000 1
43740000 302
43563744 8
43545600 1639
43401015 1
43352064 79
43218000 70
43200000 408
43025920 11
43008000 307
42875000 6
42865200 475
42674688 122
42525000 101
42515280 47
42467328 16
42353640 3
42336000 998
42187500 1
42147840 68
42017500 2
42007896 25
42000000 85
41990400 660
41943040 1
41803776 207
41674500 66
41489280 160
41472000 951
41343750 1
41334300 69
41287680 134
41160000 122
41150592 189
41006250 3
40960000 51
40841010 9
40824000 1182
40642560 695
40507614 5
40500000 104
40336800 30
40320000 807
40310784 81
40186125 6
40140800 49
40007520 294
40000000 15
39858075 1
39813120 313
39690000 311
39680928 53
39513600 367
39375000 7
39366000 162
39337984 7
39321600 42
39200000 87
39191040 912
38896200 75
38880000 766
38723328 12
38707200 941
38587500 20
38578680 134
38535168 10
38416000 35
38400000 176
38272500 68
38263752 6
38102400 1255
37933056 66
37815750 1
37800000 394
37791360 227
37748736 6
37632000 440
37507050 42
37500000 2
37340352 54
37324800 1039
37209375 1
37200870 12
37158912 88
37044000 355
36905625 1
36879360 43
36864000 347
36750000 23
36741600 663
36700160 11
36578304 256
36450000 102
36303120 33
36288000 1931
36126720 243
36015000 11
36006768 66
36000000 140
35840000 146
35831808 98
35721000 300
35562240 463
35437500 10
35429400 57
35389440 108
35294700 1
35280000 529
35271936 218
35123200 52
35006580 39
35000000 8
34992000 787
34836480 922
34728750 12
34720812 20
34574400 140
34560000 746
34445250 24
34420736 2
34406400 180
34300000 27
34292160 620
34020000 632
34012224 21
33882912 6
33868800 1134
33756345 1
33750000 13
33718272 16
33614000 7
33600000 281
33592320 523
33339600 367
33191424 31
33177600 707
33075000 75
33067440 196
33030144 20
32928000 269
32812500 1
32805000 103
32768000 30
32672808 9
32659200 1761
32514048 184
32413500 45
32400000 402
32269440 26
32256000 971
32156250 1
32148900 118
32112640 15
32006016 169
32000000 33
31893750 10
31886460 9
31850496 57
31765230 1
31752000 1115
31610880 233
31505922 7
31500000 103
31492800 418
31457280 11
31360000 140
31352832 301
31255875 7
31116960 155
31104000 1345
31000725 1
30965760 446
30870000 112
30862944 119
30732800 34
30720000 180
30625000 1
30618000 562
30481920 1010
30375000 28
30252600 29
30240000 1178
30233088 86
30105600 324
30012500 4
30005640 156
30000000 24
29859840 516
29767500 94
29760696 22
29635200 629
29524500 29
29503488 13
29491200 177
29400000 141
29393280 802
29360128 1
29172150 18
29160000 562
29042496 13
29030400 1723
28940625 2
28934010 19
28901376 55
28812000 66
28800000 345
28704375 3
28697814 2
28672000 112
28588707 1
28576800 964
28449792 138
28350000 198
28343520 128
28311552 19
28235760 4
28224000 966
28125000 1
28098560 28
28005264 37
28000000 57
27993600 1116
27869184 219
27783000 209
27659520 135
27648000 832
27562500 8
27556200 239
27525120 63
27440000 67
27433728 266
27337500 29
27227340 13
27216000 1944
27095040 659
27011250 5
27005076 28
27000000 137
26891200 8
26880000 506
26873856 133
26790750 29
26671680 507
26572050 6
26542080 293
26460000 507
26453952 135
26342400 280
26254935 7
26250000 15
26244000 421
26214400 11
26127360 1352
25930800 145
25920000 1038
25815552 6
25804800 719
25725000 26
25719120 360
25690112 2
25600000 77
25515000 235
25509168 14
25401600 1583
25312500 1
25288704 45
25210500 8
25200000 476
25194240 469
25165824 2
25088000 160
25004700 123
25000000 3
24893568 79
24883200 1241
24806250 7
24800580 48
24772608 78
24696000 383
24603750 4
24586240 28
24576000 180
24504606 3
24500000 22
24494400 1375
24385536 292
24310125 2
24300000 266
24202080 33
24192000 1872
24111675 5
24084480 120
24010000 16
24004512 141
24000000 97
23914845 1
23887872 120
23814000 620
23708160 442
23625000 39
23619600 178
23592960 54
23529800 2
23520000 395
23514624 323
23337720 88
23328000 1406
23224320 991
23152500 42
23147208 46
23049600 119
23040000 660
22963500 110
22937600 70
22861440 1019
22781250 2
22689450 5
22680000 1081
22674816 56
22588608 2
22579200 969
22504230 29
22500000 18
22478848 3
22400000 121
22394880 703
22325625 4
22320522 3
22226400 603
22127616 37
22118400 557
22050000 132
22044960 497
22020096 14
21952000 102
21870000 239
21781872 13
21772800 2338
21676032 160
21609000 47
21600000 505
21512960 9
21504000 542
21437500 2
21432600 364
21337344 187
21262500 37
21257640 36
21233664 44
21176820 1
21168000 1355
21073920 154
21008750 2
21003948 13
21000000 85
20995200 895
20971520 2
20901888 347
20837250 42
20744640 149
20736000 1464
20667150 33
20643840 287
20580000 123
20575296 244
20503125 1
20480000 77
20420505 3
20412000 1180
20321280 1124
20253807 2
20250000 59
20168400 14
20160000 1058
20155392 168
20070400 115
20003760 292
20000000 20
19906560 605
19845000 228
19840464 64
19756800 562
19687500 3
19683000 122
19668992 6
19660800 84
19600000 86
19595520 1290
19448100 61
19440000 987
19361664 16
19353600 1628
19293750 5
19289340 90
19267584 18
19208000 41
19200000 227
19136250 27
19131876 1
19059138 1
19051200 1438
18966528 125
18900000 375
18895680 287
18874368 7
18823840 1
18816000 597
18753525 7
18750000 2
18670176 57
18662400 1568
18600435 2
18579456 203
18522000 329
18439680 77
18432000 592
18375000 12
18370800 588
18350080 23
18289152 397
18225000 69
18151560 23
18144000 2361
18063360 467
18007500 9
18003384 51
18000000 140
17920000 208
17915904 189
17860500 164
17781120 637
17718750 3
17714700 38
17694720 187
17647350 1
17640000 544
17635968 239
17561600 111
17503290 22
17500000 12
17496000 973
17418240 1535
17364375 3
17360406 6
17287200 164
17280000 1034
17222625 3
17210368 5
17203200 328
17150000 16
17146080 729
17010000 579
17006112 39
16934400 1658
16875000 5
16859136 36
16807000 4
16800000 365
16796160 722
16669800 284
16595712 65
16588800 1274
16537500 44
16533720 147
16515072 43
16464000 332
16402500 45
16384000 52
16336404 11
16329600 2280
16257024 296
16206750 17
16200000 426
16134720 18
16128000 1501
16074450 64
16056320 46
16003008 202
16000000 46
15943230 3
15925248 121
15882615 1
15876000 1082
15805440 374
15752961 1
15750000 74
15746400 398
15728640 35
15680000 196
15676416 452
15558480 142
15552000 1892
15482880 819
15435000 90
15431472 113
15366400 48
15360000 323
15312500 3
15309000 454
15240960 1452
15187500 6
15126300 24
15120000 1332
15116544 124
15059072 1
15052800 475
15002820 86
15000000 30
14929920 904
14883750 41
14880348 11
14817600 751
14762250 11
14751744 32
14745600 361
14700000 142
14696640 939
14680064 3
14586075 7
14580000 567
14521248 22
14515200 2797
14467005 7
14450688 96
14406000 60
14400000 470
14336000 161
14288400 857
14224896 209
14175000 122
14171760 98
14155776 45
14117880 1
14112000 1225
14049280 48
14002632 43
14000000 66
13996800 1516
13934592 420
13891500 137
13829760 151
13824000 1360
13781250 1
13778100 140
13762560 114
13720000 72
13716864 389
13668750 1
13613670 8
13608000 2005
13547520 1130
13505625 1
13502538 14
13500000 102
13445600 19
13440000 675
13436928 228
13395375 7
13335840 507
13286025 2
13271040 548
13230000 413
13226976 166
13171200 349
13125000 7
13122000 374
13107200 32
13063680 1911
12965400 118
12960000 1261
12907776 11
12902400 1164
12862500 4
12859560 297
12845056 7
12800000 92
12757500 127
12754584 5
12700800 1969
12656250 1
12644352 79
12605250 2
12600000 447
12597120 536
12582912 4
12544000 238
12502350 56
12500000 3
12446784 90
12441600 1855
12403125 2
12400290 25
12386304 141
12348000 381
12301875 4
12293120 31
12288000 282
12252303 1
12250000 27
12247200 1315
12192768 483
12150000 193
12101040 29
12096000 2462
12042240 235
12005000 5
12002256 121
12000000 97
11943936 210
11907000 504
11854080 661
11812500 16
11809800 120
11796480 117
11764900 1
11760000 435
11757312 461
11668860 59
11664000 1513
11612160 1526
11576250 19
11573604 33
11524800 128
11520000 872
11481750 41
11468800 126
11430720 1180
11344725 1
11340000 998
11337408 78
11294304 2
11289600 1340
11252115 7
11250000 18
11239424 11
11200000 141
11197440 1035
11160261 1
11113200 525
11063808 47
11059200 1018
11025000 87
11022480 422
11010048 19
10976000 151
10935000 168
10890936 12
10886400 3148
10838016 249
10804500 39
10800000 536
10756480 10
10752000 785
10718750 2
10716300 236
10668672 263
10631250 11
10628820 18
10616832 105
10588410 2
10584000 1330
10536960 210
10501974 7
10500000 66
10497600 934
10485760 4
10450944 522
10418625 10
10372320 183
10368000 2086
10333575 6
10321920 484
10290000 104
10287648 237
10240000 121
10206000 965
10160640 1587
10125000 32
10084200 22
10080000 1193
10077696 197
10035200 158
10001880 219
10000000 17
9953280 1014
9922500 131
9920232 57
9882516 1
9878400 637
9843750 2
9841500 69
9834496 8
9830400 149
9800000 60
9797760 1585
9724050 32
9720000 910
9680832 6
9676800 2395
9646875 1
9644670 60
9633792 36
9604000 49
9600000 319
9568125 1
9565938 2
9525600 1408
9483264 202
9450000 265
9447840 252
9437184 18
9411920 2
9408000 817
9335088 70
9331200 2071
9289728 335
9261000 235
9219840 111
9216000 1010
9187500 10
9185400 459
9175040 35
9144576 490
9112500 33
9075780 21
9072000 2627
9031680 717
9003750 4
9001692 36
9000000 134
8960000 268
8957952 327
8930250 61
8890560 691
8859375 1
8857350 15
8847360 394
8820000 494
8817984 291
8780800 115
8751645 6
8750000 5
8748000 860
8709120 2287
8680203 1
8643600 134
8640000 1283
8605184 1
8601600 532
8575000 7
8573040 621
8505000 385
8503056 26
8470728 2
8467200 2088
8437500 2
8429568 52
8400000 338
8398080 888
8388608 2
8334900 171
8297856 85
8294400 1898
8268750 18
8266860 83
8257536 73
8232000 286
8201250 14
8192000 92
8168202 6
8164800 2345
8128512 424
8103375 1
8100000 336
8067360 19
8064000 1880
8037225 10
8028160 57
8001504 226
8000000 46
7962624 229
7938000 864
7902720 514
7875000 26
7873200 335
7864320 62
7840000 205
7838208 580
7779240 102
7776000 2219
7741440 1170
7717500 48
7715736 90
7683200 44
7680000 427
7656250 1
7654500 223
7620480 1639
7593750 3
7563150 7
7560000 1299
7558272 170
7529536 1
7526400 714
7501410 47
7500000 18
7464960 1341
7441875 4
7440174 7
7408800 654
7381125 2
7375872 22
7372800 606
7350000 87
7348320 879
7340032 9
7290000 403
7260624 15
7257600 3480
7225344 133
7203000 41
7200000 482
7168000 281
7144200 550
7112448 316
7087500 72
7085880 75
7077888 58
7058940 2
7056000 1326
7024640 67
7001316 28
7000000 46
6998400 1616
6967296 551
6945750 48
6914880 194
6912000 1874
6889050 52
6881280 203
6860000 66
6858432 397
6834375 2
6806835 4
6804000 1736
6773760 1418
6751269 6
6750000 65
6722800 13
6720000 788
6718464 357
6667920 449
6635520 872
6615000 273
6613488 108
6585600 398
6562500 3
6561000 219
6553600 50
6531840 2293
6482700 75
6480000 1228
6453888 9
6451200 1632
6431250 4
6429780 191
6422528 15
6400000 120
6378750 32
6377292 1
6353046 4
6350400 2058
6322176 138
6300000 369
6298560 571
6291456 8
6272000 309
6251175 10
6223392 75
6220800 2408
6200145 6
6193152 247
6174000 295
6146560 36
6144000 444
6125000 7
6123600 1116
6096384 589
6075000 100
6050520 33
6048000 2731
6021120 342
6002500 2
6001128 91
6000000 83
5971968 353
5953500 242
5927040 724
5906250 2
5904900 67
5898240 236
5880000 408
5878656 500
5834430 29
5832000 1413
5806080 2192
5788125 4
5786802 19
5762400 117
5760000 1026
5740875 7
5734400 162
5715360 1089
5670000 687
5668704 60
5647152 1
5644800 1621
5625000 6
5619712 15
5600000 145
5598720 1424
5556600 337
5531904 72
5529600 1469
5512500 24
5511240 269
5505024 41
5488000 131
5467500 66
5445468 12
5443200 3282
5419008 367
5402250 10
5400000 484
5378240 16
5376000 1035
5358150 79
5334336 291
5315625 2
5314410 6
5308416 181
5292000 1170
5268480 242
5250987 4
5250000 41
5248800 798
5242880 13
5225472 784
5186160 169
5184000 2340
5160960 726
5145000 60
5143824 199
5120000 166
5103000 575
5080320 1867
5062500 18
5042100 7
5040000 1249
5038848 260
5017600 214
5000940 178
5000000 17
4976640 1379
4961250 37
4960116 28
4939200 652
4920750 22
4917248 10
4915200 284
4900000 57
4898880 1520
4862025 12
4860000 716
4840416 12
4838400 3020
4822335 5
4816896 82
4802000 36
4800000 313
4762800 1165
4741632 264
4725000 155
4723920 210
4718592 32
4704000 868
4687500 1
4667544 48
4665600 2337
4644864 528
4630500 120
4609920 106
4608000 1285
4593750 4
4592700 244
4587520 55
4572288 630
4556250 5
4537890 10
4536000 2441
4515840 932
4500846 19
4500000 90
4480000 271
4478976 454
4465125 14
4445280 629
4428675 1
4423680 650
4410000 372
4408992 281
4390400 177
4375000 3
4374000 582
4354560 2669
4321800 85
4320000 1333
4302592 1
4300800 790
4287500 4
4286520 428
4252500 151
4251528 21
4235364 3
4233600 2031
4214784 49
4201750 3
4200000 298
4199040 1010
4194304 2
4167450 59
4148928 88
4147200 2369
4133430 39
4128768 144
4116000 254
4100625 2
4096000 129
4084101 1
4082400 2017
4064256 608
4050000 239
4033680 26
4032000 2251
4014080 83
4000752 165
4000000 41
3981312 332
3969000 539
3951360 629
3937500 18
3936600 218
3932160 93
3920000 180
3919104 748
3889620 57
3888000 2033
3870720 1746
3858750 24
3857868 48
3841600 56
3840000 506
3827250 70
3810240 1684
3781575 1
3780000 1027
3779136 130
3764768 1
3763200 817
3750705 16
3750000 12
3732480 1722
3704400 573
3687936 38
3686400 911
3675000 60
3674160 693
3670016 10
3645000 227
3630312 20
3628800 3736
3612672 218
3601500 17
3600000 459
3584000 310
3572100 329
3556224 324
3543750 15
3542940 39
3538944 121
3529470 1
3528000 1135
3512320 70
3500658 12
3500000 29
3499200 1501
3483648 827
3472875 8
3457440 154
3456000 2169
3444525 8
3440640 297
3430000 46
3429216 378
3402000 1262
3386880 1623
3375000 51
3361400 6
3360000 738
3359232 408
3333960 304
3317760 1275
3307500 108
3306744 104
3292800 399
3281250 2
3280500 121
3276800 66
3265920 2285
3241350 29
3240000 1052
3226944 7
3225600 2080
3215625 1
3214890 79
3211264 18
3200000 127
3189375 10
3175200 1654
3161088 198
3150000 237
3149280 514
3145728 7
3136000 312
3111696 65
3110400 2782
3096576 378
3087000 186
3073280 22
3072000 590
3062500 5
3061800 674
3048192 692
3037500 42
3025260 20
3024000 2653
3010560 415
3001250 1
3000564 50
3000000 102
2985984 483
2976750 85
2963520 696
2952450 27
2949120 363
2940000 306
2939328 505
2917215 7
2916000 1144
2903040 2637
2893401 2
2881200 85
2880000 1083
2867200 223
2857680 845
2835000 411
2834352 59
2822400 1657
2812500 2
2809856 25
2800000 132
2799360 1485
2778300 180
2765952 82
2764800 1909
2756250 13
2755620 154
2752512 58
2744000 103
2733750 28
2722734 6
2721600 2987
2709504 465
2701125 3
2700000 352
2689120 9
2688000 1154
2679075 19
2667168 241
2654208 256
2646000 856
2634240 306
2625000 19
2624400 568
2621440 17
2612736 888
2593080 99
2592000 2399
2580480 1033
2572500 26
2571912 127
2560000 179
2551500 286
2540160 1914
2531250 3
2521050 5
2520000 1044
2519424 266
2508800 246
2500470 60
2500000 7
2488320 1784
2480625 4
2480058 12
2469600 522
2460375 1
2458624 15
2457600 409
2450000 33
2449440 1334
2430000 491
2420208 16
2419200 3365
2408448 105
2401000 12
2400000 327
2381400 726
2370816 312
2362500 55
2361960 136
2359296 54
2352980 1
2352000 739
2333772 31
2332800 2199
2322432 710
2315250 37
2304960 88
2304000 1437
2296875 1
2296350 85
2293760 74
2286144 573
2278125 1
2268945 1
2268000 1937
2257920 1135
2250423 8
2250000 51
2240000 279
2239488 513
2222640 487
2211840 897
2205000 201
2204496 203
2195200 128
2187500 2
2187000 332
2177280 2879
2160900 46
2160000 1192
2151296 6
2150400 974
2143750 3
2143260 232
2126250 40
2125764 6
2117682 3
2116800 1850
2109375 1
2107392 79
2100000 219
2099520 919
2097152 4
2083725 16
2074464 73
2073600 2733
2066715 8
2064384 191
2058000 189
2048000 157
2041200 1393
2032128 674
2025000 98
2016840 12
2016000 2178
2007040 112
2000376 123
2000000 37
1990656 492
1984500 266
1975680 529
1968750 9
1968300 104
1966080 124
1960000 164
1959552 756
1944810 28
1944000 1735
1935360 2141
1929375 1
1928934 22
1920800 32
1920000 624
1913625 9
1905120 1393
1890000 627
1889568 141
1882384 1
1881600 878
1875000 5
1866240 1914
1852200 327
1843968 19
1843200 1159
1837500 28
1837080 423
1835008 15
1822500 88
1815156 6
1814400 3551
1806336 296
1800750 8
1800000 336
1792000 347
1786050 105
1778112 308
1771875 1
1771470 13
1769472 170
1764000 918
1756160 110
1750329 3
1750000 15
1749600 1148
1741824 1049
1728720 125
1728000 2088
1720320 456
1715000 19
1714608 256
1701000 721
1693440 1702
1687500 16
1680700 3
1680000 682
1679616 414
1666980 145
1658880 1602
1653750 26
1653372 41
1646400 381
1640250 30
1638400 98
1632960 2070
1620675 5
1620000 792
1613472 12
1612800 2357
1607445 17
1605632 15
1600000 113
1587600 1176
1580544 205
1575000 108
1574640 329
1572864 23
1568000 290
1555848 48
1555200 2830
1548288 492
1543500 78
1536640 38
1536000 684
1530900 289
1524096 702
1518750 14
1512630 6
1512000 2181
1505280 500
1500282 32
1500000 53
1492992 523
1488375 8
1481760 584
1476225 5
1474560 538
1470000 214
1469664 359
1458000 717
1451520 2772
1440600 55
1440000 967
1433600 301
1428840 522
1417500 173
1417176 25
1411788 1
1411200 1560
1404928 17
1400000 85
1399680 1391
1389150 81
1382976 58
1382400 2178
1378125 1
1377810 57
1376256 95
1372000 90
1366875 2
1361367 2
1360800 2283
1354752 556
1350000 201
1344560 6
1344000 1219
1333584 195
1327104 327
1323000 460
1317120 286
1312500 6
1312200 320
1310720 27
1306368 903
1296540 48
1296000 2193
1290240 1289
1286250 12
1285956 70
1280000 190
1275750 84
1270080 1669
1260525 2
1260000 710
1259712 229
1254400 293
1250235 10
1250000 5
1244160 1982
1240029 2
1234800 394
1229312 14
1228800 506
1225000 25
1224720 899
1215000 253
1210104 13
1209600 3335
1204224 120
1200500 7
1200000 234
1190700 320
1185408 292
1181250 20
1180980 56
1179648 78
1176490 1
1176000 616
1166886 16
1166400 1840
1161216 892
1157625 10
1152480 78
1152000 1565
1148175 12
1146880 113
1143072 438
1134000 1241
1128960 1197
1125000 16
1120000 255
1119744 635
1111320 276
1105920 1083
1102500 98
1102248 116
1097600 119
1093750 1
1093500 138
1088640 2640
1080450 12
1080000 911
1075648 6
1075200 1059
1071630 64
1063125 8
1062882 5
1058400 1466
1053696 93
1050000 112
1049760 685
1048576 6
1037232 66
1036800 2749
1032192 305
1029000 112
1024000 182
1020600 779
1016064 739
1012500 40
1008420 2
1008000 1855
1003520 162
1000188 55
1000000 24
995328 559
992250 69
987840 458
984150 37
983040 185
980000 107
979776 637
972405 8
972000 1170
967680 2335
964467 6
960400 25
960000 588
952560 878
945000 348
944784 86
941192 1
940800 840
937500 2
933120 1862
926100 148
921984 40
921600 1295
918750 3
918540 215
917504 17
911250 21
907578 5
907200 2826
903168 382
900375 3
900000 215
896000 336
893025 13
889056 241
885735 1
884736 262
882000 585
878080 96
875000 14
874800 723
870912 1002
864360 76
864000 2045
860160 493
857500 10
857304 176
850500 269
846720 1515
843750 3
840350 2
840000 471
839808 417
833490 56
829440 1839
826875 7
826686 9
823200 287
820125 3
819200 125
816480 1572
810000 445
806736 2
806400 2299
802816 28
800000 91
793800 662
790272 196
787500 46
787320 186
786432 29
784000 242
777924 30
777600 2418
774144 648
771750 28
768320 28
768000 747
765450 88
762048 619
759375 3
756315 3
756000 1469
752640 528
750141 2
750000 32
746496 643
740880 376
737280 625
735000 113
734832 269
729000 358
725760 2805
720300 21
720000 810
716800 298
714420 249
708750 39
708588 19
705600 1145
702464 40
700000 61
699840 1108
694575 14
691488 50
691200 2210
688905 10
688128 99
686000 56
680400 1460
677376 620
675000 104
672280 4
672000 1001
666792 105
663552 446
661500 197
658560 274
656250 2
656100 129
655360 40
653184 853
648270 23
648000 1574
645120 1367
643125 1
642978 28
640000 169
637875 11
635040 1199
630000 453
629856 183
627200 259
622080 2055
617400 219
614656 17
614400 591
612500 11
612360 483
607500 108
605052 3
604800 2778
602112 153
600250 4
600000 138
595350 89
592704 250
590625 3
590490 15
589824 124
588000 404
583443 2
583200 1296
580608 918
576240 53
576000 1426
573440 131
571536 319
567000 644
564480 1105
562500 6
560000 202
559872 551
555660 144
552960 1301
551250 26
551124 51
548800 97
546750 32
544320 2082
540225 4
540000 605
537824 2
537600 1167
535815 13
531441 1
529200 825
526848 91
525000 58
524880 434
524288 5
518616 26
518400 2512
516096 355
514500 32
512000 222
510300 320
508032 637
506250 4
504210 2
504000 1328
501760 155
500094 27
500000 19
497664 641
496125 10
493920 367
492075 6
491520 234
490000 55
489888 468
486000 710
483840 2261
480200 13
480000 453
476280 513
472500 105
472392 39
470400 738
466560 1574
463050 37
460992 30
460800 1455
459270 47
458752 26
455625 3
453789 1
453600 2056
451584 344
450000 127
448000 337
444528 166
442368 289
441000 265
439040 102
437500 4
437400 377
435456 950
432180 32
432000 1574
430080 605
428750 5
428652 83
425250 87
423360 1209
420000 316
419904 297
416745 12
414720 1856
413343 2
411600 181
409600 164
408240 976
405000 202
403368 5
403200 1977
401408 43
400000 70
396900 296
395136 162
393750 9
393660 78
393216 43
392000 178
388962 10
388800 1783
387072 667
385875 10
384160 19
384000 723
382725 20
381024 474
378000 864
376320 523
375000 19
373248 638
370440 191
368640 701
367500 57
367416 133
364500 157
362880 2340
360150 6
360000 591
358400 268
357210 71
354375 5
354294 8
352800 892
351232 19
350000 29
349920 794
345744 23
345600 2046
344064 130
343000 26
340200 740
338688 560
337500 35
336140 1
336000 848
333396 40
331776 491
330750 46
329280 213
328050 31
327680 49
326592 683
324135 3
324000 1038
322560 1365
321489 5
320000 155
317520 782
315000 204
314928 107
313600 229
311040 1756
308700 78
307328 10
307200 592
306250 4
306180 203
303750 30
302526 5
302400 2003
301056 169
300125 1
300000 121
297675 22
296352 157
295245 2
294912 142
294000 239
291600 692
290304 922
288120 31
288000 1126
286720 145
285768 162
283500 259
282240 882
281250 2
280000 145
279936 454
277830 43
276480 1322
275625 6
275562 14
274400 78
273375 7
272160 1469
270000 323
268912 1
268800 1024
264600 481
263424 72
262500 27
262440 215
262144 8
259308 11
259200 1953
258048 368
257250 11
256000 217
255150 84
254016 495
252000 852
250880 126
250047 3
250000 10
248832 594
246960 197
245760 267
245000 22
244944 299
243000 324
241920 1967
240100 7
240000 362
238140 223
236250 28
236196 20
235200 478
233280 1120
231525 8
230496 21
230400 1282
229635 9
229376 26
226800 1064
225792 333
225000 40
224000 244
222264 108
221184 331
220500 97
219520 78
218750 2
218700 137
217728 795
216090 9
216000 1110
215040 675
214375 2
214326 33
212625 9
211680 791
210000 190
209952 217
207360 1729
205800 95
204800 139
204120 539
202500 79
201684 3
201600 1512
200704 31
200000 41
198450 72
197568 113
196875 1
196830 24
196608 57
196000 122
194481 2
194400 1139
193536 676
192080 11
192000 613
190512 282
189000 399
188160 452
187500 8
186624 489
185220 87
184320 713
183750 7
183708 61
182250 44
181440 1626
180000 321
179200 241
178605 9
176400 486
175616 19
175000 18
174960 451
172872 21
172800 1741
172032 153
171500 11
170100 285
169344 438
168750 14
168000 541
166698 16
165888 502
165375 10
164640 139
164025 2
163840 61
163296 465
162000 575
161280 1237
160000 109
158760 404
157500 75
157464 66
156800 160
155520 1444
154350 33
153664 3
153600 585
153090 60
151875 5
151200 1298
150528 152
150000 45
148176 115
147456 172
147000 109
145800 331
145152 724
144060 8
144000 830
143360 123
142884 80
141750 65
141120 620
140000 83
139968 326
138915 9
138240 1327
137781 7
137200 38
136080 850
135000 133
134400 796
132300 189
131712 55
131250 6
131220 77
131072 10
129654 4
129600 1333
129024 370
128625 3
128000 155
127575 11
127008 312
126000 492
125440 122
125000 2
124416 574
123480 108
122880 288
122500 7
122472 160
121500 109
120960 1486
120050 2
120000 220
119070 60
118125 3
118098 7
117600 334
116640 676
115248 12
115200 1133
114688 26
113400 528
112896 287
112500 20
112000 181
111132 36
110592 350
110250 28
109760 43
109350 34
108864 541
108045 1
108000 634
107520 541
107163 7
105840 463
105000 80
104976 127
103680 1346
102900 28
102400 153
102060 182
101250 19
100842 2
100800 1069
100352 41
100000 21
99225 10
98784 84
98415 2
98304 61
98000 58
97200 606
96768 549
96040 3
96000 482
95256 120
94500 153
94080 338
93750 2
93312 435
92610 22
92160 727
91854 20
91125 7
90720 1063
90000 177
89600 231
88200 226
87808 21
87500 6
87480 198
86436 11
86400 1296
86016 159
85750 1
85050 72
84672 314
84375 1
84000 315
83349 2
82944 469
82320 60
81920 50
81648 258
81000 231
80640 978
80000 76
79380 160
78750 18
78732 29
78400 106
77760 951
77175 5
76832 1
76800 517
76545 8
75600 656
75264 132
75000 27
74088 40
73728 162
73500 37
72900 133
72576 600
72030 2
72000 591
71680 133
71442 17
70875 5
70560 370
70000 49
69984 202
69120 1000
68600 15
68040 392
67500 49
67200 530
66150 56
65856 48
65610 24
65536 7
64827 1
64800 833
64512 329
64000 134
63504 171
63000 202
62720 92
62208 475
61740 39
61440 263
61250 2
61236 64
60750 33
60480 972
60000 123
59535 12
58800 172
58320 368
57624 9
57600 811
57344 29
56700 182
56448 208
56250 5
56000 123
55566 12
55296 323
55125 8
54880 34
54675 10
54432 372
54000 289
53760 410
52920 199
52500 19
52488 46
51840 956
51450 15
51200 101
51030 60
50625 1
50400 640
50176 17
50000 9
49392 53
49152 75
49000 28
48600 250
48384 475
48000 277
47628 61
47250 40
47040 249
46875 1
46656 272
46305 3
46080 577
45927 5
45360 556
45000 77
44800 151
44100 85
43904 18
43740 80
43218 4
43200 803
43008 127
42525 8
42336 153
42000 151
41472 424
41160 32
40960 45
40824 113
40500 85
40320 694
40000 32
39690 49
39375 2
39366 4
39200 58
38880 527
38416 3
38400 392
37800 285
37632 98
37500 8
37044 16
36864 170
36750 12
36450 26
36288 375
36000 305
35840 101
35721 5
35280 206
35000 19
34992 95
34560 817
34300 5
34020 137
33750 12
33614 1
33600 383
33075 7
32928 28
32805 2
32768 8
32400 385
32256 274
32000 101
31752 90
31500 72
31360 62
31104 338
30870 9
30720 212
30625 1
30618 21
30375 4
30240 576
30000 59
29400 80
29160 148
28812 3
28800 547
28672 32
28350 49
28224 119
28125 1
28000 63
27783 3
27648 265
27440 9
27216 201
27000 129
26880 351
26460 76
26250 5
26244 11
25920 590
25725 1
25600 90
25515 5
25200 293
25088 24
25000 6
24696 24
24576 64
24500 10
24300 85
24192 357
24010 1
24000 193
23814 9
23625 4
23520 135
23328 164
23040 483
22680 277
22500 32
22400 81
22050 18
21952 7
21870 13
21609 2
21600 399
21504 112
21168 109
21000 61
20736 299
20580 16
20480 45
20412 35
20250 29
20160 448
20000 19
19845 9
19600 38
19440 275
19208 2
19200 234
18900 87
18816 53
18750 2
18522 6
18432 143
18375 3
18225 3
18144 206
18000 132
17920 82
17640 87
17500 3
17496 58
17280 516
17010 41
16875 1
16800 176
16464 23
16384 14
16200 169
16128 207
16000 63
15876 33
15750 14
15680 32
15552 194
15435 4
15360 174
15309 2
15120 283
15000 20
14700 19
14580 56
14406 1
14400 326
14336 24
14112 80
14000 26
13824 223
13720 4
13608 77
13500 46
13440 194
13230 23
13125 3
13122 4
12960 336
12800 59
12600 116
12544 23
12500 2
12348 16
12288 51
12250 3
12150 18
12096 203
12000 98
11907 3
11760 73
11664 74
11520 361
11340 82
11250 5
11200 59
11025 5
10976 5
10935 3
10800 199
10752 83
10584 50
10500 22
10368 185
10290 7
10240 48
10206 7
10125 1
10080 220
10000 6
9800 20
9720 79
9604 1
9600 160
9450 33
9408 54
9261 1
9216 135
9072 95
9000 54
8960 52
8820 35
8748 23
8640 345
8505 2
8400 103
8232 3
8192 12
8100 56
8064 123
8000 33
7938 10
7875 1
7840 28
7776 110
7680 140
7560 113
7500 3
7350 4
7290 8
7200 174
7168 19
7056 43
7000 14
6912 142
6860 3
6804 27
6750 7
6720 120
6480 146
6400 49
6300 42
6272 19
6250 1
6174 2
6144 31
6125 1
6075 4
6048 137
6000 49
5880 27
5832 43
5760 227
5670 19
5625 1
5600 40
5488 2
5400 79
5376 43
5292 16
5250 5
5184 113
5120 20
5103 2
5040 131
5000 7
4900 4
4860 42
4800 108
4725 1
4704 31
4608 89
4536 42
4500 20
4480 51
4410 7
4374 4
4320 149
4200 32
4116 2
4096 8
4050 11
4032 85
4000 12
3969 1
3920 7
3888 58
3840 108
3780 26
3750 1
3675 2
3645 1
3600 82
3584 7
3528 19
3500 1
3456 88
3430 3
3402 5
3360 66
3240 53
3200 29
3150 6
3136 5
3072 28
3024 44
3000 17
2940 6
2916 12
2880 109
2835 2
2800 12
2744 1
2700 28
2688 43
2646 3
2625 1
2592 74
2560 17
2520 46
2500 2
2450 1
2430 4
2400 41
2352 11
2304 55
2268 12
2250 4
2240 18
2205 2
2160 71
2100 12
2058 1
2048 8
2016 44
2000 6
1960 3
1944 22
1920 39
1890 12
1800 28
1792 7
1764 2
1750 1
1728 50
1701 2
1680 23
1620 17
1600 16
1575 2
1568 3
1536 17
1512 17
1500 5
1470 1
1458 3
1440 56
1400 7
1350 5
1344 30
1296 36
1280 16
1260 18
1250 1
1200 24
1176 3
1152 43
1134 1
1120 9
1080 27
1050 1
1024 4
1008 18
1000 4
980 1
972 3
960 22
945 1
900 9
896 7
882 2
864 18
840 13
810 4
800 7
784 3
768 13
756 6
750 1
720 27
700 3
675 1
672 13
648 8
640 7
630 5
600 10
588 1
576 12
567 3
560 7
540 7
504 7
486 1
480 15
450 3
448 1
432 16
420 7
400 5
384 7
360 6
350 1
336 6
324 4
320 3
315 1
300 2
288 7
280 4
270 2
256 2
252 2
240 9
224 1
216 5
192 8
180 4
168 2
162 1
160 1
144 6
120 3
108 2
72 2
70 1
60 1
48 1
