4665600000 1
4032000000 1
3936600000 1
3888000000 1
3674160000 2
3628800000 2
3528000000 1
3280500000 1
3175200000 1
3136000000 1
3110400000 1
3072000000 1
2985984000 1
2939328000 1
2916000000 1
2903040000 5
2893401000 1
2880000000 1
2857680000 1
2835000000 1
2834352000 1
2822400000 1
2799360000 2
2645395200 1
2624400000 1
2612736000 3
2592000000 2
2580480000 1
2571912000 2
2540160000 3
2488320000 2
2469600000 1
2449440000 3
2419200000 3
2361960000 3
2351462400 1
2332800000 2
2322432000 3
2314720800 3
2304000000 1
2286144000 3
2268000000 3
2257920000 2
2240000000 1
2239488000 4
2222640000 1
2211840000 1
2205000000 1
2204496000 3
2187000000 2
2177280000 1
2160000000 2
2143260000 2
2099520000 4
2090188800 1
2073600000 3
2057529600 1
2041200000 3
2032128000 3
2016000000 1
2007040000 1
2000376000 2
1984046400 3
1975680000 1
1959552000 7
1944000000 2
1935360000 1
1905120000 2
1890000000 2
1889568000 6
1881600000 1
1881169920 1
1866240000 6
1857945600 1
1843200000 1
1837080000 4
1828915200 3
1814400000 6
1813985280 1
1806336000 3
1800000000 1
1792000000 1
1791590400 1
1786050000 2
1778112000 1
1764000000 1
1763596800 4
1756160000 1
1749600000 3
1741824000 7
1736040600 1
1728000000 4
1714608000 9
1701000000 1
1700611200 1
1698693120 1
1693440000 2
1679616000 10
1674039150 1
1666980000 1
1658880000 5
1651507200 1
1646400000 1
1646023680 2
1638400000 1
1632960000 10
1625702400 3
1612800000 5
1607445000 1
1600300800 4
1594323000 1
1592524800 3
1587600000 6
1587237120 1
1580544000 2
1574640000 4
1567641600 5
1555848000 1
1555200000 9
1548288000 2
1543500000 2
1543147200 4
1536640000 1
1536000000 4
1530900000 5
1530550080 1
1524096000 7
1512000000 2
1511654400 2
1505280000 1
1500282000 2
1492992000 7
1488034800 1
1481760000 4
1469664000 16
1458000000 1
1451520000 14
1446700500 1
1445068800 1
1440600000 1
1440270720 1
1440000000 1
1428840000 10
1422489600 3
1417500000 1
1417176000 2
1415577600 1
1411200000 11
1410877440 3
1400263200 3
1399680000 13
1393459200 6
1382400000 6
1377810000 1
1376256000 1
1371686400 12
1360800000 7
1360488960 1
1354752000 4
1350253800 3
1350000000 1
1344000000 1
1343692800 5
1333584000 7
1328602500 1
1327104000 1
1323000000 2
1322697600 10
1317120000 1
1312200000 6
1306368000 14
1300561920 1
1296243648 1
1296000000 7
1290240000 7
1285956000 9
1280240640 2
1275750000 2
1275458400 1
1270080000 11
1264435200 1
1260236880 1
1260000000 4
1259712000 10
1254400000 3
1254113280 3
1250235000 2
1244678400 3
1244160000 7
1240029000 2
1238630400 2
1234800000 2
1234517760 7
1228800000 2
1224720000 13
1219276800 8
1215228420 1
1215000000 1
1210104000 1
1209600000 12
1209323520 2
1204224000 1
1200225600 8
1194393600 3
1190700000 3
1190427840 2
1185408000 4
1180980000 1
1179648000 1
1176000000 3
1175731200 6
1166886000 1
1166400000 5
1161216000 14
1157360400 3
1152480000 2
1152000000 2
1146880000 2
1143072000 15
1137991680 3
1134000000 12
1133740800 3
1128960000 5
1119744000 18
1114767360 1
1111320000 12
1105920000 4
1102500000 1
1102248000 9
1097600000 2
1097349120 4
1093705578 1
1093500000 2
1088640000 27
1088391168 1
1083801600 1
1080203040 2
1080000000 4
1075200000 4
1074954240 5
1071630000 7
1066867200 9
1062882000 3
1061683200 5
1058400000 11
1058158080 3
1053696000 5
1050197400 2
1050000000 1
1049760000 11
1045094400 19
1037232000 3
1036800000 11
1033121304 1
1032192000 3
1029000000 1
1028764800 16
1024000000 1
1020600000 17
1020366720 2
1016064000 12
1008189504 1
1008000000 14
1007769600 9
1003520000 1
1003290624 1
1000188000 11
995742720 1
995328000 12
992250000 2
992023200 12
987840000 9
987614208 1
984150000 4
983449600 1
983040000 2
980000000 2
979776000 35
975421440 2
972405000 1
972000000 9
968083200 1
967680000 16
964467000 7
963379200 2
960400000 1
960180480 2
960000000 1
956593800 1
955514880 1
952560000 24
948326400 6
945177660 2
945000000 2
944784000 12
940800000 5
940584960 6
933508800 3
933120000 29
928972800 8
926100000 4
925888320 4
924844032 1
921984000 2
921600000 11
918540000 15
917504000 2
914457600 20
907578000 3
907200000 31
906992640 3
903168000 8
900169200 10
900000000 2
896000000 4
895795200 13
893025000 6
889056000 13
885735000 2
885104640 1
884736000 10
882000000 9
881798400 31
878080000 4
877879296 1
874800000 11
870912000 40
868020300 3
867041280 2
864360000 1
864162432 2
864000000 7
860160000 5
857304000 28
853493760 5
850500000 8
850305600 1
846720000 32
846526464 2
840157920 2
840000000 2
839808000 33
836075520 9
833490000 10
829785600 5
829440000 24
826686000 13
825753600 4
823200000 3
823011840 10
816820200 4
816480000 51
812851200 12
810152280 2
810000000 7
806736000 1
806400000 23
806215680 3
803722500 2
802816000 2
800150400 16
800000000 2
796262400 4
793800000 20
793618560 8
792723456 1
790272000 10
787320000 17
786759680 1
786432000 2
783820800 34
780337152 1
777924000 8
777600000 34
774144000 15
771750000 2
771573600 14
768320000 3
768144384 2
768000000 1
765450000 5
765275040 1
762048000 45
758661120 2
756315000 1
756000000 19
755827200 16
752640000 5
750141000 6
746807040 5
746496000 27
744017400 3
743178240 4
740880000 21
740710656 3
737587200 2
737280000 12
735000000 1
734832000 48
731566080 11
729000000 8
726062400 1
725760000 69
723350250 1
722534400 6
720300000 1
720135360 11
720000000 2
716800000 3
716636160 9
714420000 19
711244800 12
708750000 3
708588000 8
707788800 2
705894000 1
705600000 23
705438720 16
702464000 8
700131600 4
699840000 41
696729600 34
694575000 2
694416240 8
691488000 7
691200000 27
688905000 5
688128000 7
686000000 3
685843200 30
682795008 1
680400000 41
680244480 6
677658240 1
677376000 34
675126900 4
675000000 2
672280000 2
672126336 2
672000000 16
671846400 27
669615660 1
668860416 3
666792000 24
663828480 2
663552000 15
661500000 7
661348800 23
660602880 1
658560000 7
658409472 2
656100000 6
653456160 1
653184000 79
650280960 7
648270000 3
648000000 24
645120000 34
644972544 1
642978000 21
642252800 1
640120320 6
640000000 1
637875000 1
637729200 3
637009920 2
635040000 56
634894848 6
632217600 12
630118440 4
630000000 10
629856000 38
629145600 2
627200000 3
627056640 15
625117500 2
624974616 1
622339200 10
622080000 52
620014500 5
619315200 13
617400000 11
617258880 13
614656000 2
614400000 6
612615150 1
612360000 35
609638400 58
607500000 3
606928896 1
605052000 2
604800000 45
604661760 11
602112000 11
600112800 23
597196800 17
595350000 7
595213920 9
592704000 32
590490000 8
590069760 1
589824000 10
588000000 10
587865600 66
585252864 9
583443000 1
583200000 38
580608000 53
578680200 13
576240000 2
576108288 5
576000000 16
574087500 3
573956280 1
573440000 5
573308928 2
571774140 1
571536000 75
568995840 14
567106596 2
567000000 20
566870400 16
566231040 1
564480000 55
564350976 5
562605750 4
561971200 4
560105280 4
560000000 2
559872000 74
557383680 21
555660000 15
555532992 1
553190400 6
552960000 28
551250000 2
551124000 45
550502400 1
548800000 10
548674560 29
546750000 2
544546800 2
544320000 81
544195584 3
542126592 1
541900800 20
540101520 5
540000000 7
537824000 1
537600000 18
537477120 11
535815000 15
533433600 49
531441000 3
530841600 16
529420500 1
529200000 40
529079040 24
526848000 11
525098700 2
525000000 4
524880000 36
524288000 1
522547200 85
520812180 3
520224768 3
518616000 14
518400000 67
516678750 1
516096000 24
514500000 3
514382400 50
513802240 1
512096256 5
512000000 1
510300000 22
510183360 2
508032000 106
506345175 1
505774080 4
504094752 5
504000000 25
503884800 34
501760000 13
501645312 8
500094000 40
497871360 9
497664000 48
496125000 6
496011600 13
495452160 2
493920000 28
492075000 3
491724800 3
491520000 7
490092120 1
490000000 4
489888000 125
487710720 22
486202500 2
486091368 2
486000000 26
484041600 6
483840000 83
483729408 2
482233500 9
481689600 9
480200000 3
480090240 13
480000000 4
477757440 11
476280000 77
476171136 5
474163200 45
472588830 2
472500000 1
472392000 31
471859200 4
470400000 20
470292480 46
466754400 13
466560000 84
464486400 38
463050000 7
462944160 23
462422016 1
460992000 10
460800000 26
459270000 28
458752000 3
457228800 111
455196672 2
453789000 2
453600000 77
453496320 16
451584000 53
450084600 8
448084224 3
448000000 11
447897600 54
446512500 5
446410440 1
445906944 4
444528000 70
442867500 2
442552320 5
442368000 22
441000000 13
440899200 62
440401920 1
439040000 11
438939648 8
437582250 2
437400000 34
435637440 3
435456000 156
434010150 3
433520640 12
432180000 2
432081216 2
432000000 22
430080000 28
429981696 2
428652000 83
426746880 22
425250000 8
425152800 8
424673280 3
423536400 2
423360000 95
423263232 10
421478400 8
420078960 10
420000000 10
419904000 74
418037760 40
416745000 10
416649744 3
414892800 25
414720000 77
413343000 16
412876800 18
411600000 9
411505920 51
409600000 1
408410100 2
408240000 129
408146688 1
406425600 88
405076140 2
405000000 8
404619264 3
403368000 3
403200000 72
403107840 20
401861250 2
401769396 1
401408000 12
400075200 67
400000000 1
398580750 1
398297088 3
398131200 24
396900000 42
396809280 30
395136000 51
393660000 31
393216000 2
392000000 9
391910400 141
390609135 1
390168576 8
388962000 11
388800000 83
387233280 3
387072000 105
385875000 2
385786800 46
385351680 1
384160000 6
384072192 5
384000000 15
382725000 6
382637520 3
382205952 3
381182760 2
381024000 156
379330560 18
378157500 1
378071064 1
378000000 40
377913600 51
377487360 2
376320000 43
376233984 13
375070500 6
373403520 22
373248000 114
372008700 4
371589120 22
370440000 46
370355328 8
368793600 6
368640000 38
367500000 1
367416000 105
365783040 64
364568526 1
364500000 10
363031200 10
362880000 166
362797056 4
361267200 32
360067680 28
360000000 13
359661568 1
358400000 12
358318080 27
357210000 53
357128352 4
355622400 73
354294000 16
354041856 2
353894400 7
352800000 73
352719360 68
351232000 9
350065800 12
349920000 111
348364800 126
347287500 2
347208120 7
345744000 24
345600000 77
344452500 6
344207360 3
344064000 20
343000000 1
342921600 150
341397504 7
340200000 79
340122240 18
338688000 140
337563450 2
337182720 2
336140000 1
336063168 6
336000000 26
335923200 94
334807830 1
334430208 8
333396000 75
331914240 15
331776000 94
330812181 2
330750000 10
330674400 66
330301440 1
329280000 28
329204736 14
328050000 15
327680000 4
326728080 5
326592000 241
325140480 38
324135000 6
324060912 1
324000000 47
322694400 4
322560000 106
322486272 7
321489000 28
321126400 2
320060160 50
320000000 5
318937500 1
318864600 2
318504960 22
317520000 159
317447424 15
316108800 40
315059220 11
315000000 9
314928000 87
314572800 4
313600000 15
313528320 85
312487308 2
311169600 38
311040000 143
310007250 3
309786624 1
309657600 65
308700000 27
308629440 48
308281344 1
307328000 6
307200000 15
306180000 102
306110016 3
304819200 200
303750000 2
303464448 5
302526000 3
302400000 123
302330880 39
301989888 1
301056000 36
300056400 41
300000000 1
298722816 7
298598400 98
297675000 17
297606960 14
297271296 1
296475480 1
296352000 93
295245000 12
295034880 4
294912000 23
294055272 1
294000000 14
293932800 178
292626432 9
291721500 12
291600000 70
290424960 7
290304000 236
289340100 14
289013760 14
288120000 9
288054144 12
288000000 36
286720000 11
286654464 4
285887070 1
285768000 198
284497920 52
283500000 33
283435200 34
283115520 7
282357600 2
282240000 126
282175488 15
281302875 2
280985600 7
280052640 16
280000000 5
279936000 197
278691840 58
277830000 39
277766496 14
276595200 25
276480000 92
275562000 56
275365888 1
275251200 12
274400000 12
274337280 133
273375000 3
272273400 2
272160000 271
272097792 1
270950400 122
270112500 3
270050760 13
270000000 15
268912000 4
268800000 47
268738560 52
267907500 14
267846264 2
266716800 111
265720500 5
265531392 1
265420800 48
264600000 69
264539520 67
263424000 48
262549350 6
262500000 2
262440000 69
262144000 1
261382464 1
261273600 257
260406090 1
260112384 11
259308000 32
259200000 129
258155520 4
258048000 114
257250000 3
257191200 127
256048128 13
256000000 7
255150000 40
255091680 11
254803968 2
254121840 2
254016000 289
252887040 13
252047376 6
252000000 53
251942400 113
250880000 34
250822656 17
250047000 35
248935680 39
248832000 176
248062500 3
248005800 29
247726080 27
246960000 72
246903552 17
245862400 7
245760000 21
245046060 7
245000000 7
244944000 275
243855360 104
243101250 1
243045684 1
243000000 33
242020800 7
241920000 256
241864704 7
241116750 7
240844800 19
240100000 7
240045120 69
240000000 10
238878720 46
238140000 124
238085568 11
237081600 106
236294415 1
236250000 2
236196000 46
236027904 1
235929600 14
235200000 58
235146240 138
233377200 42
233280000 198
232339968 1
232243200 187
231525000 12
231472080 30
231211008 2
230496000 30
230400000 82
229635000 23
229582512 1
229376000 8
228709656 1
228614400 277
227598336 10
226894500 1
226800000 143
226748160 40
226492416 1
225886080 1
225792000 147
225042300 26
225000000 3
224788480 1
224042112 9
224000000 21
223948800 156
223256250 1
223205220 9
222953472 4
222264000 150
221276160 10
221184000 90
220500000 17
220449600 138
220200960 1
219520000 22
219469824 48
218791125 1
218700000 48
217818720 6
217728000 466
216760320 48
216090000 18
216040608 13
216000000 75
215129600 3
215040000 81
214990848 11
214326000 121
213373440 106
212625000 9
212576400 16
212336640 16
211768200 2
211680000 217
211631616 31
210739200 26
210039480 15
210000000 6
209952000 185
209018880 157
208372500 13
208324872 5
207446400 56
207360000 206
206671500 25
206438400 52
205800000 16
205752960 115
204800000 6
204120000 245
204073344 5
203212800 280
202538070 3
202500000 5
202309632 6
201684000 9
201600000 143
201553920 65
200930625 2
200704000 26
200037600 125
200000000 2
199148544 9
199065600 113
198450000 47
198404640 47
198180864 4
197568000 101
196830000 31
196689920 2
196608000 14
196036848 4
196000000 17
195955200 378
195084288 15
194481000 22
194400000 156
193616640 13
193536000 288
192893400 55
192675840 5
192080000 11
192036096 23
192000000 26
191362500 3
191318760 7
191102976 7
190512000 345
189665280 69
189035532 3
189000000 50
188956800 108
188743680 1
188238400 1
188160000 104
188116992 32
187535250 6
186701760 36
186624000 308
186004350 3
185794560 76
185220000 60
185177664 15
184396800 23
184320000 91
183750000 2
183708000 175
183500800 5
182891520 203
182250000 6
181515600 6
181440000 422
181398528 14
180633600 111
180075000 1
180033840 39
180000000 18
179200000 39
179159040 69
178605000 57
178564176 8
177811200 214
177147000 19
177020928 5
176947200 64
176473500 1
176400000 102
176359680 175
175616000 31
175032900 19
175000000 3
174960000 184
174254976 5
174182400 404
173643750 1
173604060 18
173408256 7
172872000 39
172800000 132
172226250 2
172103680 5
172032000 64
171500000 3
171460800 284
170698752 32
170170875 1
170100000 99
170061120 30
169869312 2
169414560 3
169344000 352
168750000 1
168591360 9
168070000 4
168031584 12
168000000 43
167961600 216
167215104 27
166698000 94
165957120 34
165888000 229
165375000 8
165337200 74
165150720 16
164640000 63
164602368 59
164025000 6
163840000 5
163364040 9
163296000 528
162570240 148
162067500 3
162030456 7
162000000 64
161347200 6
161280000 272
161243136 13
160744500 32
160563200 15
160030080 118
160000000 4
159432300 6
159252480 47
158826150 2
158760000 266
158723712 24
158054400 113
157529610 5
157500000 11
157464000 114
157286400 4
156800000 36
156764160 234
156279375 1
156250000 1
156243654 1
155584800 64
155520000 275
155003625 1
154828800 196
154350000 33
154314720 101
154140672 1
153664000 15
153600000 59
153090000 134
153055008 1
152473104 1
152409600 436
151875000 3
151732224 14
151263000 5
151200000 226
151165440 83
150994944 1
150590720 1
150528000 112
150062500 2
150028200 81
150000000 2
149361408 12
149299200 261
148837500 14
148803480 17
148635648 14
148176000 183
147622500 6
147517440 10
147456000 72
147027636 7
147000000 23
146966400 411
146313216 63
145860750 6
145800000 116
145212480 16
145152000 610
144670050 16
144506880 40
144120025 1
144060000 10
144027072 29
144000000 64
143489070 2
143360000 44
143327232 17
142884000 302
142248960 137
141750000 35
141717600 64
141557760 10
141120000 244
141087744 58
140625000 1
140492800 14
140026320 39
140000000 13
139968000 369
139345920 169
138915000 42
138883248 17
138297600 57
138240000 233
137812500 1
137781000 60
137625600 42
137200000 26
137168640 262
136687500 2
136136700 10
136080000 464
136048896 10
135531648 1
135475200 293
135056250 1
135025380 19
135000000 14
134873088 2
134456000 9
134400000 116
134369280 132
133953750 5
133923132 1
133358400 212
132860250 1
132765696 26
132710400 123
132300000 130
132269760 145
132120576 2
131766880 1
131712000 101
131274675 3
131220000 128
131072000 6
130691232 7
130636800 608
130203045 3
130056192 28
129654000 30
129600000 242
129077760 3
129024000 252
128625000 2
128595600 182
128450560 5
128024064 43
128000000 18
127575000 44
127545840 15
127401984 9
127060920 4
127008000 571
126443520 57
126023688 11
126000000 81
125971200 232
125829120 2
125440000 67
125411328 58
125023500 40
125000000 2
124467840 73
124416000 463
124031250 1
124002900 27
123863040 66
123480000 114
123451776 56
122931200 12
122880000 63
122523030 6
122500000 7
122472000 481
121927680 293
121522842 7
121500000 39
121010400 17
120960000 504
120932352 38
120558375 3
120422400 86
120050000 4
120022560 112
120000000 21
119439360 117
119070000 171
119042784 13
118540800 262
118125000 1
118098000 54
118013952 4
117964800 38
117649000 2
117600000 112
117573120 307
116688600 33
116640000 337
116169984 9
116121600 489
115762500 9
115736040 48
115605504 5
115248000 46
115200000 137
114817500 20
114791256 1
114688000 39
114307200 545
113799168 39
113400000 217
113374080 70
113246208 1
112896000 343
112521150 7
112500000 1
112394240 3
112021056 21
112000000 44
111974400 393
111602610 3
111476736 44
111132000 205
110638080 42
110592000 236
110250000 28
110224800 220
110100480 11
109760000 36
109734912 92
109350000 44
108909360 15
108864000 884
108380160 138
108045000 10
108020304 20
108000000 73
107564800 2
107520000 182
107495424 36
107163000 131
106686720 217
106312500 5
106288200 23
106168320 57
105884100 5
105840000 391
105815808 60
105369600 75
105043750 1
105019740 18
105000000 18
104976000 324
104857600 4
104509440 352
104186250 5
104162436 2
103723200 107
103680000 416
103335750 4
103219200 168
102900000 28
102876480 228
102400000 19
102060000 312
102036672 15
101606400 665
101269035 1
101250000 8
101154816 9
100842000 3
100800000 246
100776960 164
100663296 1
100352000 57
100018800 165
100000000 4
99574272 20
99532800 322
99225000 41
99202320 55
99090432 9
98784000 230
98415000 22
98344960 9
98304000 43
98018424 7
98000000 20
97977600 726
97542144 89
97240500 19
97200000 246
96808320 12
96768000 643
96446700 45
96337920 23
96040000 15
96018048 73
96000000 48
95681250 2
95659380 4
95551488 18
95295690 4
95256000 586
94832640 151
94517766 7
94500000 64
94478400 150
94371840 8
94119200 1
94080000 208
94058496 97
93767625 4
93350880 69
93312000 608
92897280 187
92610000 74
92588832 38
92198400 48
92160000 187
91875000 4
91854000 196
91750400 21
91445760 431
91125000 11
90757800 16
90720000 718
90699264 28
90354432 2
90316800 266
90037500 1
90016920 49
90000000 25
89915392 3
89600000 55
89579520 212
89302500 41
89282088 3
88905600 345
88573500 16
88510464 9
88473600 140
88200000 141
88179840 276
87808000 50
87516450 11
87500000 3
87480000 263
87127488 11
87091200 962
86802030 13
86704128 24
86436000 60
86400000 283
86113125 1
86051840 3
86016000 169
85750000 8
85730400 411
85349376 72
85050000 132
85030560 29
84934656 9
84707280 3
84672000 660
84295680 31
84035000 2
84015792 12
84000000 51
83980800 500
83886080 2
83607552 71
83349000 118
82978560 93
82944000 479
82687500 6
82668600 89
82575360 48
82320000 94
82301184 101
82012500 12
81920000 29
81682020 7
81648000 910
81285120 334
81033750 3
81015228 6
81000000 82
80673600 13
80640000 502
80621568 49
80372250 15
80281600 33
80015040 228
80000000 7
79716150 1
79626240 120
79380000 280
79361856 47
79027200 227
78764805 3
78750000 11
78732000 179
78675968 2
78643200 18
78400000 82
78382080 471
77792400 101
77760000 599
77446656 6
77414400 511
77175000 22
77157360 125
77070336 5
76832000 20
76800000 109
76545000 111
76527504 5
76236552 2
76204800 873
75937500 3
75866112 35
75631500 5
75600000 336
75582720 167
75497472 2
75295360 1
75264000 231
75014100 54
75000000 5
74680704 31
74649600 555
74418750 2
74401740 16
74317824 46
74088000 307
73811250 4
73758720 30
73728000 200
73513818 1
73500000 38
73483200 537
73400320 5
73156608 135
72900000 124
72606240 29
72576000 1104
72335025 5
72253440 117
72030000 15
72013536 49
72000000 131
71744535 1
71680000 82
71663616 39
71442000 345
71124480 283
70875000 19
70858800 68
70778880 55
70589400 2
70560000 395
70543872 112
70246400 34
70013160 51
70000000 13
69984000 619
69672960 481
69457500 35
69441624 17
69148800 92
69120000 477
68890500 41
68812800 96
68600000 20
68584320 430
68068350 6
68040000 607
68024448 31
67765824 1
67737600 647
67512690 12
67500000 11
67436544 5
67228000 3
67200000 207
67184640 313
66976875 3
66961566 1
66679200 327
66382848 24
66355200 333
66150000 85
66134880 165
66060288 11
65856000 161
65625000 1
65610000 105
65536000 16
65345616 4
65318400 1231
65028096 107
64827000 46
64800000 348
64538880 17
64512000 578
64297800 190
64225280 8
64012032 97
64000000 29
63787500 22
63772920 14
63700992 23
63530460 1
63504000 877
63221760 136
63011844 10
63000000 97
62985600 376
62914560 5
62720000 100
62705664 138
62511750 14
62233920 122
62208000 857
62001450 13
61931520 200
61740000 125
61725888 103
61509375 1
61465600 20
61440000 127
61261515 1
61250000 4
61236000 548
60963840 612
60761421 2
60750000 37
60505200 23
60480000 863
60466176 68
60211200 173
60025000 4
60011280 132
60000000 30
59719680 271
59535000 135
59521392 18
59295096 1
59270400 417
59062500 5
59049000 48
59006976 4
58982400 88
58800000 155
58786560 599
58344300 47
58320000 510
58084992 13
58060800 1042
57881250 6
57868020 43
57802752 20
57624000 54
57600000 254
57408750 12
57344000 70
57177414 1
57153600 734
56899584 99
56723625 1
56700000 253
56687040 107
56623104 10
56471520 4
56448000 625
56260575 1
56250000 3
56197120 15
56010528 33
56000000 45
55987200 727
55738368 103
55566000 214
55319040 81
55296000 487
55125000 24
55112400 271
55050240 24
54880000 52
54867456 168
54675000 39
54454680 18
54432000 1489
54190080 352
54022500 6
54010152 28
54000000 127
53782400 11
53760000 320
53747712 74
53581500 110
53343360 324
53156250 1
53144100 18
53084160 142
52920000 497
52907904 106
52684800 172
52509870 12
52500000 11
52488000 386
52428800 3
52254720 777
52093125 1
52081218 2
51861600 120
51840000 749
51631104 5
51609600 385
51450000 13
51438240 334
51380224 3
51200000 45
51030000 287
51018336 4
50824368 3
50803200 1104
50625000 5
50577408 29
50421000 13
50400000 375
50388480 310
50331648 1
50176000 105
50009400 181
50000000 1
49787136 46
49766400 654
49612500 17
49601160 72
49545216 40
49392000 350
49207500 21
49172480 13
49152000 111
49009212 4
49000000 17
48988800 1071
48771072 148
48620250 5
48600000 261
48404160 24
48384000 1226
48223350 35
48168960 74
48020000 15
48009024 122
48000000 73
47775744 56
47628000 698
47416320 284
47250000 65
47239200 180
47185920 22
47059600 2
47040000 345
47029248 223
46675440 88
46656000 1002
46448640 486
46305000 93
46294416 42
46099200 78
46080000 405
45927000 210
45875200 31
45722880 703
45562500 8
45378900 16
45360000 943
45349632 40
45177216 1
45158400 555
45018750 1
45008460 51
45000000 30
44957696 3
44800000 122
44789760 430
44651250 24
44641044 5
44452800 504
44286750 9
44255232 22
44236800 307
44100000 161
44089920 399
44040192 4
43904000 86
43758225 3
43750000 1
43740000 303
43563744 18
43545600 1621
43401015 4
43352064 66
43218000 60
43200000 427
43025920 6
43008000 310
42875000 1
42865200 461
42674688 131
42525000 89
42515280 54
42467328 13
42353640 2
42336000 1074
42147840 83
42017500 1
42007896 17
42000000 103
41990400 675
41943040 2
41803776 193
41674500 77
41489280 134
41472000 950
41343750 1
41334300 65
41287680 149
41160000 135
41150592 173
41006250 2
40960000 39
40841010 8
40824000 1203
40642560 735
40507614 5
40500000 77
40336800 21
40320000 793
40310784 94
40186125 4
40140800 67
40007520 300
40000000 25
39813120 322
39690000 312
39680928 43
39513600 389
39375000 5
39366000 184
39337984 2
39321600 47
39200000 77
39191040 898
38896200 89
38880000 832
38723328 11
38707200 980
38587500 7
38578680 136
38535168 14
38416000 37
38400000 155
38272500 56
38263752 2
38102400 1348
37933056 80
37815750 2
37800000 405
37791360 225
37748736 3
37647680 4
37632000 440
37507050 27
37500000 3
37340352 62
37324800 1059
37209375 1
37200870 16
37158912 83
37044000 328
36879360 58
36864000 355
36750000 26
36741600 674
36700160 12
36578304 244
36450000 118
36303120 33
36288000 1887
36126720 259
36015000 18
36006768 62
36000000 136
35840000 132
35831808 106
35721000 290
35562240 473
35437500 16
35429400 64
35389440 105
35280000 547
35271936 182
35123200 62
35006580 46
35000000 12
34992000 872
34836480 938
34728750 9
34720812 10
34574400 115
34560000 771
34445250 33
34420736 2
34406400 193
34300000 21
34292160 654
34034175 3
34020000 701
34012224 36
33882912 4
33868800 1087
33756345 1
33750000 9
33718272 14
33614000 5
33600000 307
33592320 484
33480783 1
33339600 360
33191424 51
33177600 692
33075000 80
33067440 167
33030144 23
32928000 226
32812500 1
32805000 70
32768000 35
32672808 9
32659200 1870
32514048 186
32413500 30
32400000 386
32269440 22
32256000 1033
32148900 117
32112640 23
32006016 157
32000000 44
31893750 5
31886460 10
31850496 52
31765230 2
31752000 1140
31610880 230
31505922 1
31500000 94
31492800 433
31457280 10
31360000 134
31352832 254
31255875 3
31250000 2
31116960 142
31104000 1335
31000725 1
30965760 429
30870000 146
30862944 117
30732800 40
30720000 223
30618000 567
30481920 1037
30375000 19
30252600 27
30240000 1206
30233088 80
30118144 1
30105600 311
30012500 3
30005640 183
30000000 22
29859840 562
29767500 88
29760696 21
29635200 631
29524500 29
29503488 17
29491200 190
29400000 128
29393280 776
29172150 14
29160000 580
29042496 16
29030400 1867
28940625 2
28934010 24
28901376 49
28812000 61
28800000 390
28704375 2
28672000 116
28588707 1
28576800 903
28449792 159
28350000 235
28343520 127
28311552 16
28224000 1010
28098560 31
28005264 48
28000000 54
27993600 1080
27869184 200
27783000 176
27659520 116
27648000 873
27562500 8
27556200 238
27525120 73
27440000 63
27433728 285
27337500 20
27227340 9
27216000 1871
27095040 655
27011250 8
27005076 28
27000000 147
26891200 11
26880000 489
26873856 107
26790750 34
26671680 490
26572050 9
26542080 281
26460000 494
26453952 136
26342400 240
26254935 4
26250000 10
26244000 421
26214400 17
26127360 1259
25930800 122
25920000 1082
25815552 8
25804800 664
25725000 24
25719120 365
25690112 2
25600000 59
25515000 242
25509168 11
25412184 6
25401600 1629
25312500 3
25288704 46
25210500 3
25200000 461
25194240 481
25165824 2
25088000 162
25004700 122
25000000 7
24893568 82
24883200 1255
24806250 10
24800580 48
24772608 59
24706290 1
24696000 400
24603750 7
24586240 21
24576000 151
24504606 6
24500000 26
24494400 1302
24385536 301
24310125 4
24300000 244
24202080 39
24192000 1900
24111675 4
24084480 145
24010000 10
24004512 113
24000000 98
23887872 114
23814000 638
23708160 490
23625000 39
23619600 167
23592960 70
23529800 1
23520000 401
23514624 334
23337720 94
23328000 1372
23224320 946
23152500 34
23147208 50
23049600 95
23040000 608
22963500 135
22937600 60
22861440 1044
22781250 1
22689450 7
22680000 1093
22674816 78
22588608 2
22579200 910
22504230 29
22500000 23
22478848 4
22400000 133
22394880 702
22325625 2
22320522 4
22226400 551
22143375 2
22127616 33
22118400 627
22050000 151
22044960 450
22020096 10
21952000 113
21875000 2
21870000 256
21781872 19
21772800 2488
21676032 142
21609000 46
21600000 481
21512960 10
21504000 552
21432600 389
21337344 213
21262500 63
21257640 50
21233664 34
21176820 3
21168000 1346
21073920 127
21008750 1
21003948 17
21000000 105
20995200 845
20971520 4
20901888 314
20837250 33
20744640 163
20736000 1544
20667150 41
20643840 252
20580000 120
20575296 196
20480000 74
20420505 2
20412000 1180
20321280 1119
20253807 3
20250000 63
20168400 23
20160000 1121
20155392 163
20070400 110
20003760 316
20000000 21
19906560 585
19845000 217
19840464 51
19756800 571
19687500 3
19683000 118
19668992 2
19660800 90
19600000 91
19595520 1295
19448100 67
19440000 950
19361664 12
19353600 1689
19293750 8
19289340 110
19267584 24
19208000 44
19200000 223
19136250 34
19131876 1
19059138 2
19051200 1547
18966528 141
18907875 1
18900000 379
18895680 237
18874368 10
18823840 3
18816000 626
18753525 10
18750000 1
18670176 59
18662400 1539
18600435 3
18579456 198
18522000 330
18439680 73
18432000 595
18375000 13
18370800 613
18350080 24
18289152 417
18225000 60
18151560 34
18144000 2456
18063360 415
18007500 6
18003384 50
18000000 193
17920000 214
17915904 206
17860500 214
17781120 645
17718750 2
17714700 41
17694720 219
17647350 1
17640000 636
17635968 271
17561600 101
17503290 11
17500000 10
17496000 924
17418240 1508
17360406 10
17287200 168
17280000 1105
17222625 4
17203200 364
17150000 22
17146080 735
17010000 521
17006112 33
16941456 5
16934400 1695
16875000 5
16859136 28
16807000 5
16800000 368
16796160 764
16669800 290
16595712 71
16588800 1166
16537500 44
16533720 156
16515072 53
16464000 295
16402500 33
16384000 61
16336404 8
16329600 2273
16257024 316
16206750 20
16200000 407
16134720 21
16128000 1483
16074450 56
16056320 40
16003008 194
16000000 69
15946875 3
15943230 5
15925248 137
15882615 1
15876000 1116
15805440 333
15752961 4
15750000 67
15746400 405
15728640 24
15680000 204
15676416 484
15558480 164
15552000 1896
15482880 774
15435000 74
15431472 102
15366400 53
15360000 322
15309000 365
15240960 1427
15187500 9
15126300 18
15120000 1367
15116544 143
15059072 1
15052800 519
15006250 1
15002820 97
15000000 24
14929920 914
14883750 29
14880348 20
14817600 691
14762250 10
14751744 26
14745600 388
14700000 134
14696640 967
14680064 4
14586075 3
14580000 513
14521248 24
14515200 2741
14467005 8
14450688 90
14406000 49
14400000 482
14336000 177
14288400 855
14224896 230
14175000 139
14171760 110
14155776 31
14117880 1
14112000 1259
14062500 1
14049280 53
14002632 37
14000000 67
13996800 1448
13934592 397
13891500 114
13829760 156
13824000 1269
13781250 5
13778100 128
13762560 136
13720000 82
13716864 350
13668750 6
13613670 7
13608000 1904
13547520 1042
13502538 14
13500000 106
13445600 13
13440000 703
13436928 233
13395375 5
13335840 516
13286025 4
13271040 541
13230000 434
13226976 162
13171200 338
13125000 5
13122000 342
13107200 35
13063680 1884
12965400 94
12960000 1265
12907776 8
12902400 1176
12862500 9
12859560 280
12845056 8
12800000 91
12757500 118
12754584 9
12700800 2021
12644352 79
12605250 4
12600000 438
12597120 522
12582912 9
12544000 219
12502350 43
12500000 4
12446784 94
12441600 1886
12400290 17
12386304 155
12348000 416
12301875 2
12293120 26
12288000 286
12252303 1
12250000 14
12247200 1334
12192768 490
12150000 193
12101040 30
12096000 2547
12042240 226
12005000 12
12002256 135
12000000 102
11943936 222
11907000 464
11854080 651
11812500 17
11809800 129
11796480 117
11764900 2
11760000 469
11757312 413
11668860 50
11664000 1542
11612160 1566
11576250 17
11573604 43
11524800 105
11520000 865
11481750 43
11468800 111
11430720 1241
11344725 3
11340000 978
11337408 73
11294304 4
11289600 1328
11252115 4
11250000 21
11239424 7
11200000 178
11197440 1033
11160261 1
11113200 517
11063808 60
11059200 959
11025000 95
11022480 424
11010048 26
10976000 121
10935000 154
10890936 18
10886400 3099
10838016 249
10804500 34
10800000 590
10756480 9
10752000 805
10716300 236
10668672 288
10631250 13
10628820 25
10616832 101
10588410 1
10584000 1388
10536960 192
10501974 10
10500000 66
10497600 932
10485760 6
10450944 530
10418625 10
10372320 161
10368000 2085
10333575 8
10321920 499
10290000 94
10287648 258
10240000 108
10206000 932
10160640 1558
10125000 33
10084200 15
10080000 1277
10077696 208
10035200 159
10001880 259
10000000 19
9953280 1012
9922500 124
9920232 49
9878400 680
9841500 60
9834496 12
9830400 183
9800000 76
9797760 1574
9724050 32
9720000 952
9680832 16
9676800 2400
9644670 43
9633792 44
9604000 45
9600000 283
9568125 3
9565938 1
9525600 1429
9483264 189
9450000 278
9447840 253
9437184 15
9411920 1
9408000 746
9375000 1
9335088 64
9331200 2034
9289728 374
9261000 213
9219840 94
9216000 984
9187500 11
9185400 422
9175040 42
9144576 507
9112500 24
9075780 21
9072000 2697
9031680 696
9003750 5
9001692 45
9000000 128
8960000 267
8957952 349
8930250 79
8890560 694
8857350 11
8847360 400
8823675 1
8820000 527
8817984 294
8780800 127
8751645 3
8750000 13
8748000 823
8709120 2194
8680203 2
8643600 130
8640000 1313
8605184 9
8601600 558
8575000 13
8573040 589
8505000 378
8503056 27
8470728 3
8467200 2095
8437500 2
8429568 50
8403500 1
8400000 343
8398080 964
8334900 146
8297856 101
8294400 1773
8268750 18
8266860 91
8257536 100
8232000 293
8201250 13
8192000 93
8168202 5
8164800 2278
8128512 472
8103375 3
8100000 350
8067360 16
8064000 1865
8037225 10
8028160 65
8001504 218
8000000 49
7971615 1
7962624 198
7938000 907
7902720 468
7875000 40
7873200 356
7864320 63
7840000 247
7838208 638
7779240 104
7776000 2105
7741440 1233
7717500 41
7715736 91
7683200 45
7680000 459
7656250 1
7654500 199
7620480 1677
7593750 2
7563150 9
7560000 1313
7558272 158
7529536 2
7526400 693
7501410 61
7500000 26
7464960 1350
7441875 6
7440174 6
7408800 664
7381125 3
7375872 26
7372800 635
7350000 98
7348320 916
7340032 3
7290000 387
7260624 16
7257600 3542
7225344 141
7203000 38
7200000 491
7168000 274
7144200 578
7112448 287
7087500 68
7085880 72
7077888 70
7058940 2
7056000 1338
7024640 65
7001316 21
7000000 47
6998400 1582
6967296 580
6945750 48
6914880 160
6912000 1831
6889050 51
6881280 204
6860000 65
6858432 455
6834375 2
6806835 2
6804000 1713
6773760 1378
6751269 3
6750000 69
6722800 8
6720000 785
6718464 279
6667920 462
6635520 878
6615000 272
6613488 120
6585600 420
6562500 5
6561000 201
6553600 53
6531840 2265
6482700 73
6480000 1274
6453888 9
6451200 1654
6431250 5
6429780 158
6422528 11
6400000 131
6378750 33
6377292 2
6353046 1
6350400 2051
6322176 144
6302625 1
6300000 302
6298560 551
6291456 6
6272000 280
6251175 11
6250000 2
6223392 108
6220800 2402
6200145 4
6193152 279
6174000 303
6146560 42
6144000 439
6125000 9
6123600 1054
6096384 598
6075000 117
6050520 28
6048000 2690
6021120 352
6002500 2
6001128 86
6000000 106
5971968 377
5953500 213
5927040 704
5906250 5
5904900 70
5898240 208
5880000 431
5878656 462
5834430 28
5832000 1469
5806080 2176
5788125 6
5786802 10
5762400 101
5760000 1010
5740875 4
5734400 164
5715360 1144
5670000 720
5668704 81
5644800 1622
5625000 9
5619712 17
5600000 182
5598720 1379
5556600 376
5531904 59
5529600 1484
5512500 37
5511240 287
5505024 36
5488000 126
5467500 76
5445468 7
5443200 3253
5419008 368
5402250 20
5400000 425
5378240 8
5376000 1015
5358150 96
5334336 295
5315625 4
5314410 8
5308416 187
5292000 1171
5268480 296
5250987 4
5250000 59
5248800 796
5242880 10
5225472 801
5186160 128
5184000 2402
5160960 738
5145000 74
5143824 194
5120000 124
5103000 642
5080320 1793
5062500 15
5042100 13
5040000 1236
5038848 268
5017600 245
5000940 151
5000000 10
4976640 1496
4961250 43
4960116 35
4939200 611
4920750 22
4917248 13
4915200 278
4900000 59
4898880 1621
4862025 10
4860000 802
4840416 18
4838400 3110
4822335 14
4816896 73
4802000 35
4800000 307
4762800 1138
4741632 244
4725000 153
4723920 201
4718592 35
4705960 1
4704000 813
4687500 1
4667544 55
4665600 2228
4644864 537
4630500 126
4609920 116
4608000 1248
4593750 1
4592700 233
4587520 71
4572288 632
4556250 7
4537890 3
4536000 2483
4515840 913
4501875 2
4500846 17
4500000 115
4480000 288
4478976 432
4465125 12
4445280 656
4428675 4
4423680 631
4410000 379
4408992 250
4390400 165
4375000 7
4374000 593
4354560 2681
4321800 100
4320000 1433
4302592 1
4300800 826
4287500 6
4286520 445
4252500 160
4251528 19
4235364 4
4233600 2154
4218750 1
4214784 67
4201750 1
4200000 280
4199040 1024
4194304 1
4167450 61
4148928 88
4147200 2374
4134375 3
4133430 38
4128768 144
4116000 250
4100625 3
4096000 133
4084101 1
4082400 2069
4064256 610
4050000 233
4033680 19
4032000 2130
4014080 107
4000752 172
4000000 50
3981312 340
3969000 594
3951360 509
3937500 11
3936600 188
3932160 98
3920000 194
3919104 768
3889620 73
3888000 2083
3870720 1729
3858750 22
3857868 67
3841600 39
3840000 543
3827250 61
3810240 1719
3781575 5
3780000 1033
3779136 148
3764768 2
3763200 865
3750705 11
3750000 13
3732480 1761
3720087 3
3704400 529
3687936 42
3686400 902
3675000 42
3674160 679
3670016 12
3645000 234
3630312 6
3628800 3721
3612672 228
3601500 21
3600000 452
3584000 332
3572100 319
3556224 324
3543750 14
3542940 39
3538944 118
3529470 1
3528000 1190
3512320 73
3500658 12
3500000 34
3499200 1495
3483648 851
3472875 3
3457440 139
3456000 2199
3444525 9
3440640 324
3430000 37
3429216 393
3402000 1193
3386880 1634
3375000 33
3361400 3
3360000 806
3359232 385
3333960 293
3317760 1228
3307500 123
3306744 90
3292800 414
3281250 1
3280500 116
3276800 65
3265920 2414
3241350 29
3240000 1126
3226944 10
3225600 2044
3215625 2
3214890 64
3211264 19
3200000 128
3189375 10
3188646 6
3176523 1
3175200 1758
3161088 188
3150000 222
3149280 448
3145728 7
3136000 282
3111696 68
3110400 2769
3096576 386
3087000 186
3073280 53
3072000 569
3062500 4
3061800 687
3048192 687
3037500 39
3025260 9
3024000 2547
3010560 433
3001250 3
3000564 49
3000000 79
2985984 517
2976750 78
2963520 702
2952450 21
2949120 327
2941225 1
2940000 298
2939328 501
2917215 7
2916000 1082
2903040 2632
2893401 2
2881200 76
2880000 1065
2867200 235
2857680 822
2835000 432
2834352 59
2823576 2
2822400 1670
2812500 2
2809856 12
2800000 119
2799360 1478
2778300 197
2765952 72
2764800 1928
2756250 9
2755620 175
2752512 62
2744000 149
2733750 20
2722734 2
2721600 3010
2709504 498
2700000 321
2689120 9
2688000 1188
2679075 17
2667168 259
2654208 273
2646000 779
2634240 312
2625000 28
2624400 557
2621440 16
2612736 879
2593080 123
2592000 2331
2580480 1042
2572500 33
2571912 141
2560000 163
2551500 291
2540160 2006
2531250 3
2521050 4
2520000 1040
2519424 275
2508800 270
2500470 74
2500000 5
2488320 1794
2480625 6
2480058 13
2469600 503
2460375 4
2458624 14
2457600 398
2450000 43
2449440 1257
2430000 456
2420208 6
2419200 3436
2408448 89
2401000 15
2400000 339
2381400 719
2370816 298
2362500 48
2361960 119
2359296 59
2352000 733
2333772 25
2332800 2189
2322432 702
2315250 33
2304960 101
2304000 1468
2296350 77
2293760 76
2286144 594
2278125 3
2268945 3
2268000 1932
2257920 1105
2250423 2
2250000 56
2240000 284
2239488 540
2222640 480
2211840 910
2205000 219
2204496 192
2195200 159
2187500 1
2187000 323
2177280 2795
2160900 59
2160000 1186
2151296 7
2150400 995
2143750 1
2143260 235
2126250 49
2125764 7
2116800 1793
2107392 68
2100000 193
2099520 892
2097152 1
2083725 16
2074464 87
2073600 2772
2066715 8
2064384 201
2058000 153
2048000 175
2041200 1449
2032128 735
2025000 107
2016840 7
2016000 2165
2007040 134
2000376 125
2000000 47
1990656 473
1984500 257
1975680 588
1968750 4
1968300 90
1966080 121
1960000 147
1959552 760
1944810 30
1944000 1759
1935360 2128
1929375 1
1928934 19
1920800 36
1920000 610
1913625 13
1905120 1325
1890000 683
1889568 121
1881600 896
1875000 6
1866240 1907
1852200 323
1843968 37
1843200 1147
1837500 28
1837080 454
1835008 11
1822500 88
1815156 3
1814400 3440
1806336 309
1800750 9
1800000 347
1792000 398
1786050 97
1778112 281
1771875 2
1771470 11
1769472 180
1764000 815
1756160 106
1750329 8
1750000 25
1749600 1223
1741824 1001
1728720 118
1728000 2176
1720320 474
1715000 23
1714608 269
1701000 682
1693440 1706
1687500 16
1680700 1
1680000 719
1679616 418
1666980 157
1658880 1636
1653750 34
1653372 38
1646400 389
1640250 36
1638400 92
1632960 2077
1620675 3
1620000 799
1613472 11
1612800 2350
1607445 13
1605632 20
1600000 105
1594323 1
1587600 1189
1580544 191
1575000 127
1574640 331
1572864 28
1568000 272
1555848 55
1555200 2783
1548288 534
1543500 81
1536640 40
1536000 709
1531250 2
1530900 330
1524096 693
1518750 12
1512630 6
1512000 2126
1505280 523
1500625 1
1500282 30
1500000 47
1492992 602
1488375 15
1481760 557
1476225 8
1474560 471
1470000 189
1469664 379
1458000 694
1451520 2822
1440600 58
1440000 1005
1433600 261
1428840 526
1417500 158
1417176 28
1411200 1632
1406250 3
1404928 27
1400000 101
1399680 1453
1389150 61
1382976 71
1382400 2243
1377810 34
1376256 93
1372000 82
1366875 4
1361367 1
1360800 2206
1354752 557
1350000 223
1344560 7
1344000 1144
1333584 166
1327104 378
1323000 450
1317120 321
1312500 7
1312200 329
1310720 32
1306368 920
1296540 41
1296000 2140
1290240 1276
1286250 8
1285956 79
1280000 208
1275750 83
1270080 1640
1260525 1
1260000 708
1259712 215
1254400 280
1250235 11
1250000 5
1244160 2107
1240029 1
1234800 338
1229312 17
1228800 476
1225000 18
1224720 911
1215000 242
1210104 8
1209600 3328
1204224 132
1200500 8
1200000 249
1190700 334
1185408 260
1181250 14
1180980 66
1179648 95
1176490 1
1176000 627
1166886 5
1166400 1789
1161216 885
1157625 8
1152480 76
1152000 1499
1148175 8
1146880 117
1143072 431
1134000 1245
1128960 1212
1125000 26
1120000 246
1119744 530
1111320 264
1105920 1118
1102500 79
1102248 98
1097600 117
1093500 145
1088640 2646
1080450 19
1080000 899
1075648 6
1075200 1103
1071630 83
1063125 5
1062882 4
1058400 1395
1053696 93
1050000 126
1049760 670
1048576 3
1037232 57
1036800 2773
1032192 282
1029000 104
1024000 202
1020600 758
1016064 743
1012500 37
1008420 5
1008000 1848
1003520 169
1000188 73
1000000 23
995328 517
992250 76
987840 433
984375 1
984150 26
983040 177
980000 110
979776 660
972405 7
972000 1246
967680 2277
964467 2
960400 26
960000 547
952560 931
945000 316
944784 89
940800 827
937500 1
933120 1797
926100 158
921984 36
921600 1343
918750 3
918540 199
917504 11
911250 20
907578 4
907200 2894
903168 341
900375 3
900000 220
896000 366
893025 20
889056 220
885735 3
884736 249
882000 531
878080 98
875000 6
874800 759
870912 1041
864360 69
864000 2059
860160 509
857500 13
857304 184
850500 289
846720 1527
843750 3
840350 1
840000 515
839808 348
833490 44
829440 1758
826875 4
826686 13
823200 226
820125 6
819200 113
816480 1586
810000 462
806736 7
806400 2266
802816 34
800000 100
793800 638
790272 188
787500 46
787320 155
786432 25
784000 236
777924 37
777600 2419
774144 642
771750 25
768320 34
768000 794
765450 91
762048 614
756315 3
756000 1490
752640 604
750141 3
750000 38
746496 633
740880 362
737280 647
735000 111
734832 289
729000 357
725760 2734
720300 22
720000 880
716800 272
714420 246
708750 51
708588 11
705600 1272
702464 24
700000 64
699840 1058
694575 9
691488 53
691200 2302
688905 13
688128 97
686000 51
680400 1352
677376 573
675000 107
672280 3
672000 1053
666792 112
663552 430
661500 189
658560 284
656100 121
655360 46
653184 864
648270 22
648000 1580
645120 1409
642978 29
640000 204
637875 19
635040 1241
630000 406
629856 174
627200 256
625000 1
622080 1948
617400 189
614656 16
614400 573
612500 5
612360 522
607500 72
605052 6
604800 2704
602112 132
600250 3
600000 180
595350 98
592704 232
590625 6
590490 29
589824 117
588000 416
583443 1
583200 1204
580608 922
576240 43
576000 1463
573440 126
571536 334
567000 583
564480 1095
562500 9
560000 221
559872 524
555660 131
552960 1308
551250 21
551124 66
548800 107
546750 46
544320 2093
540225 3
540000 653
537824 3
537600 1063
535815 10
531441 2
529200 801
526848 100
525000 66
524880 405
524288 5
518616 28
518400 2571
516096 330
514500 42
512000 200
510300 327
508032 630
506250 6
504210 2
504000 1320
501760 160
500094 24
500000 10
497664 592
496125 13
493920 350
492075 2
491520 232
490000 46
489888 485
486000 775
483840 2231
480200 15
480000 437
476280 499
472500 138
472392 45
470400 659
466560 1500
463050 53
460992 31
460800 1349
459270 72
458752 29
455625 4
453600 1997
451584 368
450000 113
448000 328
444528 169
442368 268
441000 275
439040 101
437500 3
437400 381
435456 972
432180 28
432000 1580
430080 582
428750 4
428652 81
425250 63
423360 1279
420000 333
419904 322
416745 14
414720 1860
413343 2
411600 151
409600 145
408240 944
405000 200
403368 4
403200 1976
401408 39
400000 70
396900 250
395136 181
393750 7
393660 61
393216 49
392000 185
388962 11
388800 1793
387072 703
385875 3
384160 26
384000 724
382725 11
381024 420
378000 895
376320 506
375000 13
373248 619
370440 201
368640 748
367500 39
367416 143
364500 165
362880 2342
360150 4
360000 574
358400 313
357210 79
354375 10
354294 6
352800 787
351232 25
350000 31
349920 818
345744 40
345600 2122
344064 127
343000 34
340200 697
338688 565
337500 32
336140 1
336000 814
333396 40
331776 494
330750 43
329280 190
328050 40
327680 51
326592 678
324135 4
324000 992
322560 1340
321489 3
320000 143
317520 740
315000 208
314928 105
313600 230
311040 1717
308700 102
307328 8
307200 626
306250 3
306180 219
303750 27
302526 3
302400 2058
301056 149
300000 90
297675 16
296352 161
295245 1
294912 141
294000 251
291600 762
290304 902
288120 31
288000 1118
286720 149
285768 163
283500 255
282240 904
281250 4
280000 159
279936 460
277830 36
276480 1392
275625 4
275562 24
274400 75
273375 5
272160 1432
270000 312
268800 1001
264600 431
263424 91
262500 18
262440 209
262144 6
259308 17
259200 1920
258048 355
257250 4
256000 195
255150 76
254016 485
253125 3
252105 1
252000 834
250880 148
250047 4
250000 4
248832 601
246960 206
245760 269
245000 23
244944 301
243000 298
241920 1935
240100 4
240000 336
238140 209
236250 29
236196 18
235200 520
233280 1154
231525 6
230496 22
230400 1248
229635 8
229376 25
226800 1142
225792 336
225000 50
224000 252
222264 111
221184 315
220500 99
219520 66
218750 1
218700 146
217728 831
216090 8
216000 1096
215040 590
214326 21
212625 11
211680 843
210000 167
209952 204
207360 1630
205800 66
204800 132
204120 512
202500 78
201684 3
201600 1607
200704 35
200000 43
198450 85
197568 120
196875 2
196830 18
196608 47
196000 115
194481 1
194400 1083
193536 723
192080 11
192000 580
190512 286
189000 384
188160 460
187500 3
186624 568
185220 92
184320 683
183750 8
183708 76
182250 23
181440 1656
180075 2
180000 316
179200 269
178605 11
176400 452
175616 16
175000 14
174960 445
172872 13
172800 1685
172032 141
171500 17
170100 264
169344 450
168750 8
168000 537
166698 12
165888 486
165375 10
164640 132
164025 2
163840 70
163296 487
162000 575
161280 1277
160000 132
158760 389
157500 70
157464 56
156800 189
155520 1384
154350 21
153664 7
153600 550
153125 1
153090 53
151875 3
151263 1
151200 1356
150528 143
150000 55
148176 95
147456 162
147000 112
145800 363
145152 773
144060 10
144000 886
143360 140
142884 62
141750 67
141120 626
140000 87
139968 302
138915 5
138240 1260
137781 3
137200 49
136080 801
135000 156
134456 2
134400 802
132300 138
131712 61
131250 2
131220 66
131072 14
129654 5
129600 1397
129024 373
128625 1
128000 167
127575 7
127008 349
126000 462
125440 117
125000 4
124416 549
123480 105
122880 263
122500 15
122472 179
121500 121
120960 1526
120050 2
120000 219
119070 64
118125 6
118098 7
117600 313
116640 685
115248 14
115200 1134
114688 22
113400 528
112896 268
112500 14
112000 204
111132 45
110592 344
110250 27
109760 55
109350 32
108864 585
108000 664
107520 528
107163 7
105840 475
105000 75
104976 134
103680 1275
102900 31
102400 147
102060 189
101250 22
100842 1
100800 1055
100352 42
100000 25
99225 11
98784 92
98415 5
98304 55
98000 72
97200 616
96768 590
96040 3
96000 426
95256 131
94500 155
94080 334
93750 3
93312 403
92610 23
92160 702
91854 32
91125 2
90720 964
90000 148
89600 203
88200 190
87808 26
87500 2
87480 219
86436 10
86400 1251
86016 151
85750 4
85050 69
84672 299
84000 326
83349 3
82944 479
82320 67
81920 60
81648 279
81000 231
80640 993
80000 75
79380 146
78750 14
78732 19
78400 93
77760 938
77175 5
76832 3
76800 484
76545 8
75600 668
75264 127
75000 31
74088 52
73728 172
73500 35
72900 131
72576 606
72030 4
72000 548
71680 130
71442 10
70875 8
70560 381
70000 48
69984 212
69120 1071
68600 17
68040 400
67500 41
67200 571
66150 53
65856 40
65625 1
65610 16
65536 9
64827 2
64800 812
64512 350
64000 120
63504 192
63000 212
62720 100
62208 456
61740 35
61440 246
61250 4
61236 62
60750 34
60480 1021
60000 119
59535 12
59049 1
58800 151
58320 368
57624 7
57600 850
57344 32
56700 192
56448 216
56250 7
56000 91
55566 8
55296 296
55125 5
54880 31
54675 5
54432 372
54000 327
53760 441
52920 204
52500 23
52488 49
51840 964
51450 9
51200 110
51030 53
50625 4
50400 588
50176 20
50000 11
49392 44
49152 65
49000 26
48600 259
48384 462
48020 2
48000 332
47628 57
47250 40
47040 188
46656 285
46305 8
46080 622
45927 3
45360 558
45000 71
44800 161
44100 87
43904 14
43740 62
43218 3
43200 852
43008 143
42525 14
42336 187
42000 157
41472 400
41160 37
40960 67
40824 118
40500 88
40320 713
40000 52
39690 40
39375 4
39366 9
39200 84
38880 554
38416 1
38400 374
37800 313
37632 112
37500 4
37044 24
36864 159
36750 6
36450 23
36288 385
36000 300
35840 126
35721 5
35280 204
35000 14
34992 118
34560 771
34300 15
34020 129
33750 10
33600 338
33075 6
32928 32
32805 5
32768 13
32400 409
32256 286
32000 95
31752 67
31500 61
31360 71
31104 334
30870 10
30720 254
30625 1
30618 12
30375 6
30240 557
30000 60
29400 86
29160 171
28812 2
28800 575
28672 22
28350 52
28224 143
28000 56
27783 6
27648 275
27440 13
27216 196
27000 127
26880 321
26460 76
26250 2
26244 16
25920 626
25725 2
25600 86
25515 5
25200 291
25088 24
25000 8
24696 19
24576 58
24500 14
24300 90
24192 315
24000 178
23814 11
23625 4
23520 148
23328 165
23040 462
22680 236
22500 21
22400 100
22050 28
21952 10
21870 18
21609 1
21600 421
21504 117
21168 101
21000 68
20736 305
20580 11
20480 47
20412 42
20250 17
20160 396
20000 25
19845 3
19683 4
19600 27
19440 262
19208 2
19200 239
18900 115
18816 68
18750 1
18522 8
18432 133
18225 1
18144 241
18000 131
17920 79
17640 102
17500 6
17496 51
17280 523
17150 2
17010 44
16875 4
16800 208
16464 19
16384 12
16200 160
16128 213
16000 56
15876 33
15750 16
15680 36
15552 197
15360 180
15309 2
15120 281
15000 32
14700 26
14580 49
14400 345
14336 29
14175 5
14112 94
14000 35
13824 184
13720 4
13608 84
13500 36
13440 237
13230 15
13122 6
12960 332
12800 75
12600 112
12544 20
12348 8
12288 50
12250 1
12150 18
12096 200
12000 91
11907 2
11760 71
11664 65
11520 334
11340 77
11250 2
11200 48
11025 6
10976 4
10800 199
10752 94
10584 45
10500 18
10368 190
10290 4
10240 44
10206 11
10125 1
10080 233
10000 8
9800 21
9720 121
9600 184
9450 28
9408 40
9261 3
9216 104
9072 109
9000 59
8960 70
8820 29
8750 2
8748 9
8640 304
8505 4
8400 74
8232 9
8192 13
8100 60
8064 133
8000 29
7938 4
7840 18
7776 129
7680 138
7560 127
7500 6
7350 3
7290 18
7200 181
7168 13
7056 42
7000 14
6912 148
6860 3
6804 27
6750 7
6720 139
6615 1
6561 3
6480 141
6400 50
6300 36
6272 15
6144 41
6075 2
6048 115
6000 34
5880 24
5832 38
5760 213
5670 16
5600 31
5488 2
5400 69
5376 69
5292 9
5250 4
5184 112
5120 22
5103 1
5040 105
5000 5
4900 6
4860 29
4800 99
4725 3
4704 21
4608 69
4536 40
4500 11
4480 42
4410 5
4374 3
4320 168
4200 33
4116 2
4096 4
4050 10
4032 75
4000 13
3969 1
3920 10
3888 65
3840 89
3780 32
3750 3
3675 1
3600 70
3584 12
3528 21
3500 6
3456 93
3402 7
3375 3
3360 68
3240 71
3200 36
3150 7
3136 6
3087 1
3072 28
3024 54
3000 12
2940 6
2916 10
2880 125
2835 3
2800 20
2700 26
2688 35
2646 5
2625 1
2592 66
2560 29
2520 46
2450 1
2430 14
2400 34
2352 9
2304 44
2268 15
2250 3
2240 23
2205 2
2187 1
2160 57
2100 12
2048 9
2025 1
2016 34
2000 6
1960 5
1944 17
1920 52
1890 4
1800 28
1792 13
1764 6
1750 3
1728 50
1680 28
1620 18
1600 17
1568 3
1536 25
1512 29
1500 2
1470 2
1458 3
1440 64
1400 6
1372 1
1350 2
1344 22
1323 1
1296 27
1280 12
1260 12
1200 30
1176 3
1152 38
1134 4
1125 1
1120 10
1080 28
1024 2
1008 16
1000 2
980 2
972 3
960 33
945 2
900 6
896 4
882 2
875 1
864 25
840 10
810 5
800 6
768 11
756 10
729 1
720 30
700 2
672 4
648 12
640 4
630 2
600 6
576 14
560 5
540 9
512 1
504 7
490 1
480 15
450 1
448 4
432 10
420 1
405 1
400 4
392 1
384 7
360 13
336 4
324 1
320 3
315 1
300 1
288 13
280 2
270 1
256 1
243 1
240 4
216 7
192 4
189 1
180 3
162 1
160 2
144 3
140 2
128 1
120 3
112 1
108 2
105 1
72 1
48 1
