4536000000 1
4410000000 1
4199040000 1
4082400000 1
3732480000 1
3674160000 1
3645000000 1
3499200000 1
3306744000 1
3175200000 1
3110400000 1
3087000000 1
3061800000 1
3024000000 1
2916000000 2
2903040000 1
2857680000 3
2834352000 2
2822400000 1
2799360000 2
2778300000 1
2744000000 1
2721600000 1
2688000000 1
2657205000 1
2612736000 2
2592000000 3
2580480000 2
2571912000 3
2540160000 5
2520000000 2
2519424000 2
2508800000 1
2480058000 1
2469600000 2
2449440000 3
2419200000 2
2400000000 1
2381400000 1
2361960000 1
2332800000 2
2322432000 1
2296350000 1
2286144000 2
2268000000 3
2257920000 2
2239488000 3
2222640000 2
2204496000 3
2177280000 1
2160900000 1
2160000000 1
2150400000 1
2143260000 1
2116800000 2
2099520000 1
2090188800 1
2073600000 6
2064384000 1
2057529600 3
2041200000 2
2032128000 1
2016000000 1
2015539200 1
2000376000 3
1990656000 1
1984500000 3
1975680000 1
1960000000 1
1959552000 4
1944000000 3
1935360000 4
1913187600 1
1905120000 2
1889568000 2
1881169920 1
1866240000 5
1843200000 1
1837080000 6
1828915200 3
1814400000 8
1806336000 3
1791590400 1
1786050000 3
1785641760 1
1778112000 4
1771470000 1
1764000000 4
1763596800 4
1750329000 1
1749600000 7
1741824000 6
1714608000 4
1701000000 1
1693440000 4
1680000000 1
1679616000 3
1674039150 1
1672151040 1
1666980000 1
1658880000 1
1653372000 3
1646023680 1
1632960000 8
1625702400 2
1620304560 1
1620000000 1
1612800000 3
1612431360 1
1607445000 4
1600300800 5
1587600000 6
1580544000 2
1575296100 1
1574640000 5
1568000000 2
1567641600 8
1555848000 1
1555200000 6
1548288000 2
1543147200 4
1530900000 4
1530550080 1
1524096000 11
1512000000 3
1511654400 2
1505280000 1
1500282000 3
1492992000 7
1488034800 4
1481760000 1
1476225000 1
1474560000 1
1469664000 14
1463132160 1
1458000000 4
1451520000 15
1440270720 1
1440000000 3
1428840000 6
1422489600 1
1417500000 1
1417176000 2
1411200000 5
1410877440 2
1400000000 1
1399680000 4
1393459200 6
1389150000 1
1388832480 2
1382976000 1
1382400000 3
1377810000 2
1376256000 1
1372000000 1
1371686400 11
1361367000 1
1360800000 11
1360488960 1
1354752000 4
1350253800 2
1344000000 3
1343692800 3
1333584000 9
1322697600 3
1317120000 2
1316818944 1
1312200000 6
1306368000 14
1300561920 1
1296540000 2
1296000000 8
1290240000 1
1285956000 4
1280240640 3
1280000000 1
1275750000 1
1275458400 1
1270080000 13
1264435200 1
1260000000 2
1259712000 8
1254113280 2
1250235000 1
1249949232 1
1244160000 13
1240029000 1
1238630400 1
1234800000 2
1234517760 3
1229312000 1
1224720000 15
1219276800 7
1215228420 3
1215000000 1
1210104000 1
1209600000 12
1209323520 1
1200225600 3
1200000000 1
1194393600 4
1190700000 2
1190427840 1
1185408000 2
1180980000 4
1179648000 2
1176000000 2
1175731200 15
1170505728 1
1166886000 2
1166400000 9
1161216000 10
1157360400 2
1152000000 5
1148175000 3
1146880000 3
1143072000 17
1134000000 14
1133740800 2
1128960000 9
1120210560 1
1120000000 1
1119744000 20
1116026100 1
1114767360 2
1111320000 10
1106380800 1
1105920000 9
1102248000 13
1097349120 4
1093500000 3
1088640000 38
1088391168 2
1083801600 4
1080450000 1
1080000000 2
1076168025 1
1075200000 3
1074954240 5
1071630000 7
1066867200 10
1062882000 2
1061683200 2
1058400000 14
1058158080 5
1053696000 2
1050197400 2
1050000000 1
1049760000 13
1048576000 1
1045094400 14
1040449536 1
1037232000 5
1036800000 16
1032192000 9
1028764800 9
1020600000 15
1020366720 1
1016064000 20
1012690350 2
1012500000 1
1011548160 1
1008000000 10
1007769600 9
1003520000 2
1000188000 10
995742720 1
995328000 12
992250000 1
992023200 11
990904320 2
987840000 10
987614208 2
984150000 1
983449600 1
983040000 2
979776000 40
975421440 6
972000000 2
968083200 1
967680000 27
967458816 1
964467000 6
960400000 1
960180480 5
960000000 1
955514880 2
952956900 1
952560000 23
948326400 5
945177660 1
945000000 1
944784000 11
940800000 5
940584960 10
933508800 3
933120000 25
928972800 8
926100000 1
925888320 5
921984000 1
921600000 7
918540000 17
914457600 22
910393344 2
907578000 1
907200000 33
906992640 5
903168000 9
900169200 9
900000000 2
896168448 1
896000000 3
895795200 12
893025000 3
892820880 1
889056000 11
885735000 4
884736000 10
882000000 7
881798400 19
878080000 4
877879296 1
875164500 2
874800000 16
870912000 38
868020300 1
864360000 3
864162432 1
864000000 17
860160000 8
857304000 30
853493760 6
850500000 7
850305600 5
846720000 28
846526464 1
842956800 2
840157920 3
840000000 3
839808000 29
836075520 7
833490000 5
833299488 4
829785600 3
829440000 24
826686000 17
825753600 3
823200000 3
823011840 7
820125000 1
819200000 3
816820200 2
816480000 50
812851200 17
810152280 4
810000000 6
806400000 21
806215680 5
803722500 4
803538792 1
802816000 1
800150400 16
800000000 1
796594176 1
796262400 10
793800000 17
793618560 12
790272000 10
787648050 1
787500000 1
787320000 16
784147392 1
784000000 3
783820800 33
777924000 6
777600000 29
774144000 21
771573600 22
768320000 4
768144384 3
768000000 5
765450000 11
765275040 1
764411904 1
762048000 45
758661120 2
756142128 1
756000000 11
755827200 14
752640000 9
752467968 5
750141000 5
746807040 7
746496000 26
744017400 5
743178240 1
740880000 14
740710656 4
737587200 4
737280000 16
735000000 2
734832000 49
731566080 12
729000000 10
726062400 2
725760000 58
725594112 1
723350250 1
722534400 4
720135360 15
720000000 5
716800000 4
716636160 3
714420000 21
714256704 2
711244800 23
708750000 2
708588000 8
707788800 2
705600000 29
705438720 27
703096443 1
700131600 12
700000000 1
699840000 32
696729600 32
694575000 2
694416240 6
693633024 1
691488000 7
691200000 27
688905000 6
688128000 6
686000000 2
685843200 41
682795008 2
680400000 38
680244480 4
677658240 1
677376000 34
675126900 4
675000000 2
672000000 7
671846400 23
669615660 1
668860416 1
666792000 24
663552000 21
661500000 6
661348800 31
658560000 10
658409472 5
656100000 8
655360000 2
653456160 2
653184000 85
650280960 14
648270000 3
648121824 2
648000000 15
645388800 1
645120000 39
644972544 2
642978000 17
642252800 1
640120320 15
640000000 2
637875000 3
637729200 3
637009920 3
635040000 58
634894848 3
632217600 9
630118440 3
630000000 5
629856000 24
627200000 6
627056640 16
624974616 1
622339200 13
622080000 46
620014500 1
619315200 7
617400000 5
617258880 24
614656000 1
614400000 9
612500000 1
612360000 54
609638400 49
607614210 1
607500000 4
606928896 1
605052000 2
604800000 47
604661760 17
602112000 7
600112800 26
600000000 1
597196800 23
595350000 9
595213920 6
592704000 34
590490000 3
590069760 1
589824000 9
588110544 1
588000000 8
587865600 60
585252864 3
583443000 8
583200000 36
580608000 63
578680200 13
578027520 2
576240000 4
576108288 8
576000000 13
574087500 1
573440000 2
573308928 1
571536000 81
568995840 14
567000000 17
566870400 12
566231040 1
564480000 44
564350976 3
562605750 2
561971200 1
560105280 8
560000000 1
559872000 68
558013050 1
557383680 13
555660000 20
555532992 4
553190400 2
552960000 39
551250000 1
551124000 44
550502400 2
548800000 6
548674560 35
546750000 1
544546800 2
544320000 115
544195584 3
541900800 27
540225000 1
540101520 13
540000000 8
537824000 1
537600000 19
537477120 10
535815000 16
535692528 3
533433600 46
531441000 5
531062784 1
530841600 11
529200000 42
529079040 24
526848000 13
525000000 1
524880000 43
524288000 2
522547200 99
520812180 4
518616000 10
518400000 57
516096000 23
514500000 2
514382400 47
512096256 2
512000000 1
510300000 32
510183360 5
509607936 1
508032000 103
505774080 4
504210000 1
504000000 33
503884800 31
501760000 13
501645312 3
500094000 19
497871360 8
497664000 48
496125000 2
496011600 16
495452160 2
493920000 28
493807104 9
492075000 3
491724800 2
491520000 5
490092120 2
490000000 4
489888000 128
487710720 36
486202500 2
486091368 1
486000000 24
484041600 3
483840000 96
483729408 2
482233500 6
481689600 7
480200000 4
480090240 22
480000000 4
477757440 11
476280000 59
476171136 5
474163200 34
472588830 2
472500000 4
472392000 22
471859200 1
470400000 27
470292480 45
466754400 10
466560000 91
464486400 40
463050000 8
462944160 24
462422016 1
460992000 7
460800000 18
459270000 24
458752000 2
457419312 1
457228800 81
455196672 4
453789000 1
453600000 85
453496320 17
451584000 64
450084600 19
448084224 4
448000000 9
447897600 52
446512500 3
446410440 3
445906944 1
444528000 54
442867500 2
442552320 3
442368000 25
441082908 1
441000000 12
440899200 80
439040000 10
438939648 9
437582250 1
437400000 39
435637440 5
435456000 170
434010150 2
433520640 12
432180000 10
432081216 3
432000000 36
430259200 4
430080000 25
429981696 1
428652000 76
426746880 37
425250000 10
425152800 8
424673280 1
423536400 3
423360000 104
423263232 13
421478400 4
420078960 7
420000000 10
419904000 75
418037760 39
416745000 22
416649744 3
414892800 20
414720000 83
413343000 16
412876800 16
411600000 14
411505920 51
409600000 5
408410100 1
408240000 140
408146688 3
406425600 78
405076140 6
405000000 4
403368000 1
403200000 59
403107840 16
401861250 1
401408000 10
400075200 59
400000000 2
398580750 2
398297088 1
398131200 29
396900000 39
396809280 17
396361728 1
395136000 44
393824025 1
393660000 23
393379840 1
393216000 2
392073696 2
392000000 7
391910400 139
390168576 5
388962000 14
388800000 71
387233280 4
387072000 77
385875000 2
385786800 39
385351680 1
384160000 4
384072192 7
384000000 22
382725000 11
382637520 2
381182760 1
381024000 167
379330560 17
378157500 1
378071064 1
378000000 37
377913600 45
376320000 39
376233984 12
375070500 10
373403520 15
373248000 137
372008700 11
371589120 19
370440000 41
370355328 9
368793600 8
368640000 34
367500000 3
367416000 129
365783040 65
364500000 20
363031200 7
362880000 194
362797056 2
361675125 1
361267200 35
360150000 3
360067680 25
360000000 10
359661568 1
358400000 17
358318080 24
357210000 52
357128352 5
355622400 76
354375000 1
354294000 14
354041856 1
353894400 10
352947000 2
352800000 65
352719360 54
352321536 1
351232000 14
350065800 11
350000000 2
349920000 101
348509952 2
348364800 135
347287500 2
347208120 12
346816512 2
345744000 25
345600000 77
344452500 8
344064000 23
343000000 1
342921600 135
341397504 8
340200000 76
340122240 12
339738624 1
338829120 3
338688000 161
337563450 10
337500000 1
337182720 7
336063168 6
336000000 37
335923200 101
334807830 1
334430208 6
333396000 65
331914240 21
331776000 96
330750000 9
330674400 58
330301440 6
329280000 42
329204736 23
328050000 12
327680000 4
326728080 8
326592000 257
325140480 46
324135000 8
324060912 3
324000000 40
322694400 4
322560000 104
322486272 9
321489000 38
321126400 4
320060160 47
320000000 3
318937500 2
318864600 3
318504960 16
317652300 2
317520000 142
317447424 7
316108800 44
315059220 5
315000000 10
314928000 73
314572800 2
313600000 16
313528320 96
312558750 1
311169600 25
311040000 143
310007250 3
309657600 52
308700000 20
308629440 74
307328000 6
307200000 17
306307575 1
306180000 107
306110016 2
304946208 4
304819200 201
303807105 1
303750000 2
303464448 3
302526000 3
302400000 128
302330880 37
301181440 1
301056000 33
300056400 51
300000000 3
298722816 8
298598400 90
297675000 10
297606960 20
297271296 6
296352000 91
295245000 3
295034880 2
294912000 25
294000000 15
293932800 201
292626432 19
291721500 8
291600000 63
290424960 7
290304000 259
289340100 14
289013760 14
288120000 17
288054144 14
288000000 43
286720000 24
286654464 6
285887070 2
285768000 173
284497920 54
283500000 28
283435200 31
283115520 3
282240000 136
282175488 29
281302875 1
280985600 5
280052640 27
280000000 7
279936000 173
278691840 66
277830000 34
277766496 5
276595200 37
276480000 106
275625000 2
275562000 62
275251200 8
274400000 13
274337280 128
273375000 4
272273400 9
272160000 266
272097792 10
270950400 124
270112500 1
270050760 18
270000000 9
268912000 4
268800000 48
268738560 55
267907500 13
267846264 1
266716800 132
265720500 1
265531392 3
265420800 48
264600000 54
264539520 83
263424000 35
262549350 4
262500000 2
262440000 82
262144000 1
261382464 3
261273600 267
260406090 1
260112384 11
259308000 25
259200000 147
258155520 3
258048000 96
257250000 3
257191200 124
256901120 2
256048128 15
256000000 10
255150000 39
255091680 7
254803968 4
254121840 2
254016000 267
252887040 18
252105000 1
252047376 3
252000000 53
251942400 100
250880000 25
250822656 16
250047000 32
250000000 1
248935680 29
248832000 189
248062500 4
248005800 30
247726080 20
246960000 62
246903552 24
246037500 1
245862400 11
245760000 14
245046060 2
245000000 8
244944000 292
243855360 120
243101250 2
243045684 2
243000000 33
242020800 9
241920000 237
241864704 10
241116750 3
240844800 28
240100000 2
240045120 74
240000000 8
238878720 45
238140000 115
238085568 7
237180384 1
237081600 116
236294415 2
236250000 5
236196000 51
235929600 13
235298000 1
235200000 57
235146240 142
233377200 44
233280000 207
232243200 185
231525000 18
231472080 43
231211008 2
230496000 27
230400000 69
229635000 36
229582512 1
229376000 12
228614400 232
227598336 9
226800000 165
226748160 38
226492416 1
225792000 169
225042300 26
225000000 1
224788480 4
224042112 5
224000000 33
223948800 167
223205220 3
222953472 11
222264000 136
221433750 1
221276160 14
221184000 96
220541454 1
220500000 22
220449600 133
220200960 3
219520000 34
219469824 27
218791125 2
218700000 39
217818720 8
217728000 440
216760320 50
216090000 10
216040608 17
216000000 64
215233605 1
215129600 5
215040000 69
214990848 19
214326000 107
213373440 99
212625000 6
212576400 13
212336640 18
211768200 1
211680000 220
211631616 35
210739200 34
210039480 18
210000000 12
209952000 197
209018880 143
208372500 9
208324872 8
207446400 50
207360000 204
206671500 19
206524416 1
206438400 46
205800000 11
205752960 148
204800000 7
204205050 2
204120000 243
204073344 9
203297472 2
203212800 288
202538070 5
202500000 10
202309632 1
201684000 5
201600000 163
201553920 78
200930625 1
200704000 17
200037600 121
200000000 5
199148544 8
199065600 124
198450000 47
198404640 68
198180864 1
197568000 125
196875000 1
196830000 37
196689920 3
196608000 26
196036848 2
196000000 11
195955200 383
195084288 27
194481000 25
194400000 151
193616640 11
193536000 279
192937500 3
192893400 72
192675840 8
192080000 8
192036096 31
192000000 29
191362500 8
191318760 6
191102976 7
190591380 1
190512000 368
189665280 56
189078750 2
189035532 2
189000000 63
188956800 101
188743680 4
188238400 4
188160000 94
188116992 42
187535250 4
186701760 48
186624000 297
186004350 1
185794560 79
185220000 73
185177664 27
184396800 23
184320000 118
183750000 1
183708000 160
183500800 3
182891520 214
182284263 1
182250000 10
181515600 11
181440000 430
181398528 10
180633600 107
180075000 3
180033840 44
180000000 16
179830784 1
179200000 35
179159040 82
178605000 49
178564176 2
177811200 194
177147000 26
177020928 3
176947200 38
176400000 114
176359680 153
175616000 22
175032900 25
175000000 2
174960000 190
174254976 4
174182400 413
173643750 4
173604060 14
173408256 16
172872000 51
172800000 133
172226250 3
172186884 1
172103680 1
172032000 60
171500000 4
171460800 296
170698752 30
170100000 120
170061120 35
169869312 3
169414560 3
169344000 332
168781725 1
168750000 1
168591360 19
168070000 3
168031584 8
168000000 52
167961600 221
167215104 31
166698000 96
165957120 34
165888000 227
165375000 5
165337200 83
165150720 21
164640000 55
164602368 54
164025000 15
163840000 7
163364040 10
163296000 533
162570240 163
162067500 7
162030456 6
162000000 62
161347200 4
161280000 269
161243136 19
160744500 39
160563200 15
160030080 142
160000000 9
159432300 5
159252480 49
158760000 227
158723712 26
158054400 107
157529610 1
157500000 11
157464000 137
157286400 7
156800000 41
156764160 249
156279375 1
156243654 2
155584800 71
155520000 299
154893312 1
154828800 203
154350000 28
154314720 89
154140672 1
153664000 13
153600000 42
153090000 110
153055008 6
152473104 1
152409600 501
151875000 3
151732224 10
151263000 4
151200000 240
151165440 84
150994944 1
150528000 124
150028200 56
150000000 3
149361408 12
149299200 249
148837500 7
148803480 16
148635648 14
148176000 192
147622500 3
147517440 16
147456000 82
147027636 1
147000000 16
146966400 354
146800640 2
146313216 36
145860750 3
145800000 120
145212480 15
145152000 610
144670050 13
144506880 33
144060000 20
144027072 40
144000000 74
143360000 41
143327232 14
142884000 303
142248960 115
141776649 1
141750000 21
141717600 68
141557760 17
141178800 1
141120000 278
141087744 55
140625000 1
140492800 26
140026320 40
140000000 11
139968000 370
139345920 182
138915000 46
138883248 16
138297600 48
138240000 222
137781000 67
137625600 29
137200000 20
137168640 273
136687500 2
136136700 6
136080000 465
136048896 13
135531648 2
135475200 330
135025380 18
135000000 16
134873088 3
134456000 8
134400000 129
134369280 125
133953750 3
133923132 3
133358400 252
132860250 3
132765696 12
132710400 155
132300000 101
132269760 138
132120576 3
131712000 90
131220000 117
131072000 7
130691232 9
130636800 675
130056192 36
129654000 55
129600000 208
129077760 5
129024000 267
128625000 3
128595600 159
128450560 3
128024064 46
128000000 18
127575000 42
127545840 9
127401984 5
127060920 2
127008000 552
126443520 59
126052500 2
126023688 11
126000000 86
125971200 231
125829120 6
125440000 53
125411328 64
125023500 33
125000000 1
124467840 61
124416000 402
124031250 1
124002900 28
123863040 74
123480000 121
123451776 48
123018750 1
122931200 20
122880000 49
122523030 2
122500000 4
122472000 451
121927680 286
121550625 1
121522842 1
121500000 43
121010400 23
120960000 506
120932352 30
120422400 69
120050000 4
120022560 113
120000000 12
119574225 1
119439360 116
119070000 159
119042784 26
118540800 259
118125000 4
118098000 48
118013952 5
117964800 45
117649000 1
117600000 98
117573120 297
116688600 37
116640000 400
116169984 6
116121600 467
115762500 9
115736040 45
115605504 11
115248000 34
115200000 148
114817500 32
114688000 29
114354828 1
114307200 556
113799168 32
113447250 2
113400000 202
113374080 85
113246208 6
112896000 351
112521150 16
112500000 5
112394240 6
112021056 24
112000000 34
111974400 391
111628125 1
111602610 12
111476736 40
111132000 204
110638080 37
110592000 243
110250000 31
110224800 272
110100480 6
109760000 45
109734912 103
109350000 59
108909360 12
108864000 868
108380160 157
108045000 12
108020304 22
108000000 94
107564800 6
107520000 161
107495424 34
107187500 1
107163000 138
106686720 210
106312500 3
106288200 17
106168320 65
105884100 2
105840000 392
105815808 46
105369600 67
105043750 1
105019740 22
105000000 13
104976000 336
104857600 2
104509440 327
104186250 6
104162436 5
103723200 111
103680000 469
103335750 9
103262208 1
103219200 162
102900000 27
102876480 247
102760448 2
102400000 25
102060000 263
102036672 12
101606400 660
101269035 1
101250000 8
101154816 12
100842000 8
100800000 268
100776960 157
100352000 58
100018800 180
100000000 7
99574272 27
99532800 328
99225000 51
99202320 70
99090432 13
98784000 209
98415000 30
98344960 9
98304000 44
98018424 11
98000000 22
97977600 781
97542144 66
97240500 23
97200000 229
96808320 18
96768000 650
96468750 4
96446700 47
96337920 32
96040000 10
96018048 58
96000000 46
95681250 1
95659380 2
95551488 19
95295690 3
95256000 563
94832640 177
94517766 1
94500000 61
94478400 148
94371840 10
94119200 1
94080000 212
94058496 92
93767625 1
93750000 1
93350880 63
93312000 643
93002175 2
92897280 232
92610000 78
92588832 42
92198400 48
92160000 200
91875000 2
91854000 253
91750400 14
91445760 434
91125000 16
90757800 16
90720000 713
90699264 35
90316800 280
90037500 2
90016920 62
90000000 16
89915392 2
89600000 55
89579520 222
89302500 47
89282088 5
88942644 1
88905600 375
88573500 19
88510464 10
88473600 150
88200000 151
88179840 293
88080384 2
87808000 58
87516450 11
87500000 1
87480000 226
87127488 8
87091200 925
86802030 7
86704128 32
86436000 58
86400000 287
86051840 6
86016000 157
85766121 1
85750000 2
85730400 415
85349376 66
85050000 117
85030560 41
84934656 12
84707280 3
84672000 716
84295680 30
84015792 13
84000000 91
83980800 476
83886080 1
83607552 81
83349000 122
82978560 96
82944000 488
82687500 6
82668600 90
82575360 63
82320000 109
82301184 97
82012500 6
81920000 34
81682020 6
81648000 896
81285120 342
81033750 2
81015228 5
81000000 73
80673600 15
80640000 481
80621568 39
80372250 16
80281600 39
80015040 258
80000000 10
79716150 3
79626240 124
79380000 322
79361856 49
79060128 1
79027200 238
78764805 2
78750000 7
78732000 185
78675968 3
78643200 25
78400000 57
78382080 486
77792400 86
77760000 567
77446656 4
77414400 470
77175000 22
77157360 160
77070336 2
76832000 33
76800000 88
76545000 110
76527504 6
76204800 847
75937500 2
75866112 39
75631500 4
75600000 354
75582720 150
75295360 3
75264000 242
75014100 64
75000000 2
74680704 36
74649600 566
74418750 6
74401740 20
74317824 41
74088000 298
73811250 3
73758720 28
73728000 152
73513818 2
73500000 29
73483200 546
73400320 2
73156608 140
72900000 124
72606240 23
72576000 1161
72335025 2
72253440 116
72030000 13
72013536 56
72000000 104
71744535 3
71680000 75
71663616 42
71442000 333
71124480 276
70875000 31
70858800 54
70778880 45
70589400 4
70560000 409
70543872 101
70246400 36
70013160 47
70000000 19
69984000 638
69672960 464
69457500 26
69441624 21
69148800 104
69120000 471
68890500 57
68841472 1
68812800 87
68600000 27
68584320 443
68068350 7
68040000 634
68024448 26
67765824 2
67737600 682
67512690 17
67500000 15
67436544 5
67228000 7
67200000 195
67184640 275
66976875 3
66679200 305
66382848 35
66355200 347
66150000 109
66134880 165
66060288 6
65856000 154
65610000 120
65536000 12
65345616 7
65318400 1191
65028096 90
64827000 46
64800000 364
64538880 11
64512000 549
64312500 1
64297800 172
64225280 13
64012032 88
64000000 31
63787500 17
63772920 11
63700992 31
63530460 4
63504000 918
63221760 120
63011844 3
63000000 102
62985600 372
62914560 10
62720000 119
62705664 157
62511750 16
62500000 1
62233920 121
62208000 860
62001450 19
61931520 194
61740000 115
61725888 95
61465600 36
61440000 114
61261515 1
61250000 4
61236000 565
60963840 649
60761421 3
60750000 25
60505200 24
60480000 913
60466176 53
60236288 2
60211200 166
60025000 3
60011280 154
60000000 25
59719680 298
59535000 154
59521392 17
59270400 419
59049000 48
59006976 7
58982400 85
58824500 1
58800000 123
58786560 548
58344300 37
58320000 489
58084992 13
58060800 1051
57881250 5
57868020 38
57802752 21
57624000 60
57600000 239
57408750 10
57344000 80
57153600 790
56899584 72
56700000 287
56687040 112
56623104 4
56471520 2
56448000 666
56260575 2
56250000 4
56197120 16
56010528 39
56000000 47
55987200 727
55738368 98
55566000 252
55319040 90
55296000 508
55125000 21
55112400 279
55050240 35
54880000 60
54867456 199
54675000 38
54454680 20
54432000 1409
54190080 327
54022500 8
54010152 24
54000000 116
53782400 11
53760000 369
53747712 65
53581500 92
53343360 376
53156250 4
53144100 14
53084160 132
52942050 3
52920000 512
52907904 97
52684800 159
52509870 10
52500000 11
52488000 405
52428800 5
52254720 786
52093125 3
52081218 4
51861600 118
51840000 716
51631104 4
51609600 359
51450000 34
51438240 314
51380224 2
51200000 50
51030000 307
51018336 19
50824368 3
50803200 1143
50625000 3
50577408 31
50421000 7
50400000 412
50388480 279
50176000 98
50009400 169
50000000 4
49787136 57
49766400 692
49612500 27
49601160 77
49545216 35
49392000 339
49207500 21
49172480 15
49152000 89
49009212 8
49000000 22
48988800 1112
48771072 162
48620250 10
48600000 269
48404160 18
48384000 1264
48223350 34
48168960 81
48020000 22
48009024 85
48000000 70
47840625 1
47775744 47
47628000 700
47416320 297
47250000 61
47239200 189
47185920 25
47059600 2
47040000 302
47029248 178
46675440 94
46656000 1031
46448640 523
46305000 75
46294416 50
46099200 72
46080000 411
45927000 201
45875200 40
45722880 794
45562500 5
45378900 11
45360000 970
45349632 51
45158400 539
45018750 1
45008460 59
45000000 35
44957696 1
44800000 120
44789760 415
44651250 19
44641044 3
44471322 1
44452800 513
44286750 4
44255232 10
44236800 309
44100000 145
44089920 406
44040192 2
43904000 75
43758225 4
43740000 244
43563744 13
43545600 1634
43401015 2
43352064 72
43218000 89
43200000 439
43025920 7
43008000 315
42875000 5
42865200 435
42674688 139
42525000 87
42515280 46
42467328 25
42353640 4
42336000 1009
42187500 1
42147840 75
42017500 1
42007896 27
42000000 97
41990400 695
41943040 2
41803776 194
41674500 74
41489280 146
41472000 992
41343750 2
41334300 73
41287680 139
41160000 133
41150592 165
41006250 1
40960000 61
40841010 6
40824000 1064
40642560 692
40516875 1
40507614 6
40500000 99
40336800 14
40320000 829
40310784 102
40186125 1
40140800 61
40007520 338
40000000 9
39858075 1
39813120 296
39690000 329
39680928 60
39530064 1
39513600 409
39375000 8
39366000 187
39337984 3
39321600 47
39200000 71
39191040 947
38896200 94
38880000 840
38723328 16
38707200 1028
38587500 12
38578680 123
38535168 16
38416000 40
38400000 171
38272500 73
38263752 4
38118276 1
38102400 1284
37933056 89
37815750 2
37800000 395
37791360 243
37748736 4
37647680 2
37632000 378
37507050 42
37500000 4
37340352 44
37324800 989
37209375 1
37200870 14
37158912 91
37044000 354
36879360 46
36864000 354
36756909 1
36750000 32
36741600 698
36700160 8
36578304 275
36450000 121
36303120 48
36288000 1833
36126720 259
36015000 19
36006768 53
36000000 158
35840000 137
35831808 103
35721000 294
35562240 497
35437500 10
35429400 55
35389440 112
35294700 3
35280000 547
35271936 188
35123200 74
35006580 30
35000000 13
34992000 840
34836480 978
34728750 13
34720812 18
34574400 149
34560000 854
34445250 21
34420736 1
34406400 191
34300000 18
34292160 655
34020000 635
34012224 29
33882912 4
33868800 1125
33756345 4
33750000 15
33718272 11
33614000 2
33600000 290
33592320 521
33339600 349
33191424 51
33177600 724
33075000 82
33067440 195
33030144 12
32941720 3
32928000 272
32805000 92
32768000 33
32672808 14
32659200 1768
32514048 166
32413500 30
32400000 400
32269440 16
32256000 1036
32156250 3
32148900 124
32112640 24
32006016 142
32000000 31
31893750 7
31886460 11
31850496 63
31765230 2
31752000 1159
31610880 273
31505922 5
31500000 86
31492800 450
31457280 10
31360000 148
31352832 292
31255875 6
31116960 143
31104000 1419
30965760 392
30870000 111
30862944 118
30732800 46
30720000 202
30625000 1
30618000 538
30481920 1030
30375000 31
30252600 23
30240000 1198
30233088 104
30105600 307
30012500 1
30005640 127
30000000 30
29859840 560
29767500 76
29760696 23
29635200 638
29531250 1
29524500 30
29503488 14
29491200 192
29400000 138
29393280 776
29172150 23
29160000 538
29042496 16
29030400 1836
28934010 26
28901376 43
28812000 69
28800000 435
28704375 1
28672000 98
28576800 872
28449792 131
28350000 195
28343520 119
28311552 10
28235760 4
28224000 975
28125000 2
28098560 27
28005264 40
28000000 60
27993600 1120
27869184 206
27783000 189
27659520 118
27648000 884
27562500 3
27556200 228
27525120 49
27440000 64
27433728 271
27337500 17
27227340 15
27216000 1823
27095040 635
27011250 6
27005076 24
27000000 119
26891200 10
26880000 521
26873856 133
26790750 41
26671680 478
26572050 7
26542080 274
26460000 493
26453952 146
26342400 244
26254935 7
26250000 8
26244000 450
26214400 5
26127360 1327
26040609 1
25930800 121
25920000 1090
25815552 6
25804800 720
25725000 26
25719120 341
25690112 2
25600000 61
25515000 211
25509168 17
25412184 2
25401600 1651
25312500 4
25288704 65
25210500 4
25200000 447
25194240 427
25165824 1
25088000 167
25004700 108
25000000 4
24893568 75
24883200 1229
24806250 7
24800580 49
24772608 93
24706290 1
24696000 373
24603750 6
24586240 17
24576000 191
24504606 2
24500000 25
24494400 1337
24385536 312
24310125 1
24300000 236
24202080 38
24192000 1861
24111675 4
24084480 132
24010000 18
24004512 130
24000000 83
23887872 110
23814000 636
23708160 496
23625000 31
23619600 172
23592960 82
23529800 1
23520000 391
23514624 303
23337720 103
23328000 1230
23224320 931
23152500 45
23147208 46
23049600 100
23040000 589
22963500 144
22937600 69
22861440 1084
22781250 1
22689450 8
22680000 1078
22674816 71
22588608 3
22579200 957
22504230 26
22500000 27
22478848 3
22400000 117
22394880 758
22325625 3
22320522 2
22235661 1
22226400 580
22143375 1
22127616 50
22118400 609
22050000 127
22044960 458
22020096 7
21952000 94
21875000 1
21870000 237
21781872 18
21772800 2438
21676032 138
21609000 59
21600000 498
21512960 7
21504000 528
21437500 4
21432600 358
21337344 185
21262500 42
21257640 31
21233664 48
21176820 8
21168000 1334
21073920 115
21003948 18
21000000 96
20995200 891
20971520 1
20901888 346
20837250 37
20744640 169
20736000 1491
20667150 39
20643840 229
20580000 136
20575296 214
20503125 1
20480000 87
20420505 1
20412000 1157
20321280 1100
20253807 6
20250000 62
20168400 19
20160000 1130
20155392 163
20070400 111
20003760 340
20000000 13
19906560 619
19845000 230
19840464 54
19756800 498
19687500 5
19683000 128
19668992 6
19660800 100
19600000 91
19595520 1336
19448100 60
19440000 1002
19361664 21
19353600 1633
19293750 5
19289340 83
19267584 22
19208000 37
19200000 252
19136250 26
19131876 2
19051200 1546
18966528 154
18907875 2
18900000 334
18895680 249
18874368 12
18816000 615
18753525 7
18750000 3
18670176 70
18662400 1563
18579456 185
18522000 329
18439680 91
18432000 637
18375000 13
18370800 613
18350080 24
18289152 432
18225000 77
18151560 25
18144000 2430
18063360 443
18007500 12
18003384 48
18000000 157
17920000 201
17915904 195
17860500 182
17781120 615
17718750 2
17714700 38
17694720 238
17647350 2
17640000 592
17635968 246
17561600 97
17503290 22
17500000 12
17496000 934
17418240 1501
17364375 1
17360406 6
17287200 121
17280000 1100
17222625 5
17210368 1
17203200 369
17150000 28
17146080 746
17010000 571
17006112 41
16941456 1
16934400 1655
16875000 10
16859136 26
16807000 8
16800000 321
16796160 757
16669800 268
16595712 78
16588800 1203
16537500 31
16533720 152
16515072 50
16464000 298
16402500 53
16384000 61
16336404 4
16329600 2290
16257024 304
16206750 15
16200000 382
16134720 20
16128000 1426
16074450 72
16056320 46
16003008 209
16000000 47
15946875 1
15943230 5
15925248 108
15882615 1
15876000 1106
15805440 404
15752961 1
15750000 65
15746400 419
15728640 28
15680000 175
15676416 478
15558480 141
15552000 1815
15482880 759
15435000 93
15431472 133
15366400 61
15360000 331
15309000 440
15240960 1341
15187500 12
15126300 15
15120000 1354
15116544 128
15052800 502
15002820 116
15000000 30
14929920 920
14883750 19
14880348 11
14817600 689
14762250 9
14751744 31
14745600 409
14700000 146
14696640 940
14680064 2
14586075 10
14580000 552
14521248 18
14515200 2823
14467005 7
14450688 87
14406000 54
14400000 463
14336000 171
14288400 849
14224896 234
14175000 158
14171760 109
14155776 34
14117880 1
14112000 1232
14062500 1
14049280 46
14002632 36
14000000 54
13996800 1431
13934592 416
13891500 146
13829760 146
13824000 1409
13781250 5
13778100 144
13762560 143
13720000 69
13716864 395
13668750 5
13613670 17
13608000 2028
13547520 1005
13505625 2
13502538 11
13500000 101
13445600 8
13440000 696
13436928 261
13395375 8
13335840 520
13286025 2
13271040 508
13230000 451
13226976 115
13171200 321
13125000 6
13122000 330
13107200 35
13063680 1901
12965400 114
12960000 1313
12907776 12
12902400 1118
12862500 13
12859560 289
12845056 9
12800000 91
12757500 117
12754584 9
12706092 3
12700800 2025
12644352 83
12605250 2
12600000 443
12597120 567
12582912 6
12544000 213
12502350 49
12500000 5
12446784 94
12441600 1870
12403125 1
12400290 24
12386304 136
12348000 391
12301875 2
12293120 34
12288000 310
12252303 2
12250000 12
12247200 1280
12192768 444
12150000 180
12101040 29
12096000 2418
12042240 227
12005000 5
12002256 131
12000000 114
11943936 229
11907000 440
11854080 609
11812500 17
11809800 114
11796480 121
11764900 1
11760000 467
11757312 455
11668860 52
11664000 1537
11612160 1521
11576250 16
11573604 26
11524800 130
11520000 832
11481750 43
11468800 104
11430720 1252
11344725 3
11340000 1001
11337408 83
11294304 2
11289600 1289
11252115 9
11250000 13
11239424 9
11200000 161
11197440 1056
11113200 544
11063808 58
11059200 1003
11025000 87
11022480 422
11010048 20
10976000 152
10937500 1
10935000 154
10890936 14
10886400 3001
10838016 239
10804500 28
10800000 536
10756480 11
10752000 817
10718750 2
10716300 210
10668672 292
10631250 6
10628820 20
10616832 96
10588410 2
10584000 1325
10536960 204
10504375 1
10501974 10
10500000 71
10497600 938
10485760 3
10450944 594
10418625 5
10372320 177
10368000 2123
10333575 10
10321920 488
10290000 101
10287648 208
10240000 112
10206000 1002
10160640 1592
10125000 32
10084200 14
10080000 1256
10077696 208
10035200 201
10001880 242
10000000 18
9953280 959
9922500 140
9920232 47
9878400 630
9841500 68
9834496 5
9830400 157
9800000 81
9797760 1548
9724050 32
9720000 952
9680832 23
9676800 2492
9646875 1
9644670 40
9633792 41
9604000 45
9600000 299
9565938 3
9529569 4
9525600 1434
9483264 174
9450000 259
9447840 285
9437184 18
9411920 1
9408000 720
9375000 2
9335088 58
9331200 2079
9289728 372
9261000 216
9219840 97
9216000 954
9187500 8
9185400 428
9175040 31
9144576 552
9112500 28
9075780 28
9072000 2636
9031680 718
9003750 4
9001692 23
9000000 140
8960000 260
8957952 283
8930250 49
8890560 722
8859375 2
8857350 6
8847360 381
8820000 522
8817984 256
8780800 148
8751645 6
8750000 8
8748000 782
8709120 2263
8680203 1
8643600 153
8640000 1331
8601600 531
8575000 10
8573040 635
8505000 371
8503056 28
8470728 1
8467200 2031
8437500 3
8429568 53
8403500 3
8400000 354
8398080 852
8334900 173
8297856 98
8294400 1884
8268750 15
8266860 79
8257536 75
8232000 289
8201250 10
8192000 88
8168202 4
8164800 2222
8128512 513
8103375 3
8100000 354
8067360 23
8064000 2018
8037225 11
8028160 51
8001504 215
8000000 60
7962624 206
7938000 868
7902720 458
7875000 40
7873200 320
7864320 64
7840000 181
7838208 612
7779240 99
7776000 2130
7741440 1240
7717500 47
7715736 99
7683200 61
7680000 451
7654500 220
7620480 1653
7593750 4
7563150 8
7560000 1301
7558272 172
7526400 717
7501410 49
7500000 10
7464960 1423
7441875 6
7440174 11
7408800 696
7381125 2
7375872 32
7372800 644
7350000 86
7348320 930
7340032 5
7290000 391
7260624 19
7257600 3452
7225344 175
7203000 51
7200000 478
7168000 234
7144200 610
7112448 342
7087500 58
7085880 81
7077888 73
7058940 5
7056000 1265
7024640 53
7001316 20
7000000 46
6998400 1696
6967296 582
6945750 46
6914880 170
6912000 1889
6889050 58
6881280 243
6860000 63
6858432 441
6834375 1
6806835 7
6804000 1771
6773760 1378
6751269 4
6750000 83
6722800 8
6720000 780
6718464 346
6667920 445
6635520 931
6615000 270
6613488 123
6585600 385
6562500 5
6561000 245
6553600 41
6531840 2286
6482700 68
6480000 1270
6453888 3
6451200 1652
6431250 5
6429780 187
6422528 11
6400000 85
6378750 26
6377292 6
6353046 2
6350400 2014
6322176 154
6300000 364
6298560 559
6291456 13
6272000 292
6251175 14
6250000 1
6223392 94
6220800 2493
6200145 7
6193152 233
6174000 300
6146560 30
6144000 460
6125000 10
6123600 1026
6096384 640
6075000 103
6050520 22
6048000 2845
6021120 337
6002500 7
6001128 98
6000000 94
5971968 318
5953500 248
5927040 729
5906250 5
5904900 69
5898240 238
5880000 400
5878656 488
5834430 34
5832000 1518
5806080 2161
5788125 1
5786802 21
5762400 116
5760000 1035
5740875 10
5734400 169
5715360 1158
5670000 705
5668704 75
5647152 3
5644800 1575
5625000 6
5619712 12
5600000 156
5598720 1379
5556600 337
5531904 69
5529600 1467
5512500 48
5511240 276
5505024 40
5488000 126
5467500 57
5445468 16
5443200 3292
5419008 383
5402250 13
5400000 455
5378240 15
5376000 1071
5359375 1
5358150 90
5334336 289
5315625 5
5314410 7
5308416 185
5292000 1195
5268480 261
5250987 6
5250000 50
5248800 803
5242880 14
5225472 783
5186160 165
5184000 2419
5160960 738
5145000 71
5143824 218
5120000 181
5103000 650
5080320 1922
5062500 12
5042100 5
5040000 1204
5038848 259
5017600 241
5000940 139
5000000 14
4976640 1405
4961250 42
4960116 25
4939200 618
4920750 17
4917248 4
4915200 272
4900000 68
4898880 1571
4862025 7
4860000 794
4840416 15
4838400 3031
4822335 7
4816896 68
4802000 20
4800000 317
4762800 1135
4741632 235
4725000 183
4723920 235
4718592 35
4705960 1
4704000 843
4667544 48
4665600 2253
4644864 556
4630500 123
4609920 91
4608000 1239
4593750 3
4592700 230
4587520 54
4572288 568
4556250 8
4537890 18
4536000 2440
4515840 942
4500846 12
4500000 102
4480000 311
4478976 413
4465125 14
4445280 622
4428675 2
4423680 630
4410000 362
4408992 266
4390400 136
4375000 5
4374000 601
4354560 2719
4321800 90
4320000 1340
4302592 5
4300800 811
4287500 8
4286520 454
4252500 144
4251528 21
4235364 1
4233600 2170
4218750 1
4214784 62
4200000 284
4199040 990
4194304 2
4167450 79
4148928 88
4147200 2451
4134375 1
4133430 39
4128768 133
4116000 251
4100625 1
4096000 123
4082400 1951
4064256 600
4050000 235
4033680 15
4032000 2185
4014080 91
4000752 178
4000000 57
3981312 354
3969000 538
3951360 571
3937500 13
3936600 224
3932160 95
3920000 159
3919104 746
3889620 62
3888000 2086
3870720 1640
3858750 32
3857868 65
3841600 44
3840000 560
3827250 72
3810240 1653
3781575 1
3780000 985
3779136 162
3764768 1
3763200 875
3750705 10
3750000 16
3732480 1564
3720087 1
3704400 506
3687936 39
3686400 848
3675000 47
3674160 740
3670016 9
3645000 233
3630312 12
3628800 3546
3612672 213
3601500 25
3600000 403
3584000 320
3572100 379
3556224 327
3543750 16
3542940 40
3538944 106
3528000 1148
3512320 69
3500658 6
3500000 45
3499200 1478
3483648 800
3472875 9
3457440 152
3456000 2154
3444525 4
3440640 338
3430000 44
3429216 355
3402000 1181
3386880 1704
3375000 35
3361400 7
3360000 796
3359232 419
3333960 292
3317760 1287
3307500 132
3306744 91
3292800 415
3280500 82
3276800 71
3265920 2290
3241350 32
3240000 1067
3226944 5
3225600 2030
3215625 1
3214890 65
3211264 21
3200000 131
3189375 9
3188646 3
3175200 1709
3161088 184
3150000 216
3149280 433
3145728 21
3136000 304
3111696 68
3110400 2762
3096576 360
3087000 180
3073280 43
3072000 564
3062500 2
3061800 636
3048192 704
3037500 42
3025260 10
3024000 2646
3010560 435
3000564 55
3000000 88
2985984 478
2976750 78
2963520 704
2953125 2
2952450 24
2949120 345
2940000 315
2939328 495
2917215 10
2916000 1111
2903040 2599
2893401 2
2881200 70
2880000 1037
2867200 249
2857680 808
2835000 431
2834352 60
2823576 3
2822400 1633
2812500 6
2809856 11
2800000 131
2799360 1493
2778300 190
2765952 80
2764800 1932
2756250 14
2755620 153
2752512 53
2744000 106
2733750 22
2722734 5
2721600 2824
2709504 509
2701125 3
2700000 317
2689120 12
2688000 1196
2679075 20
2667168 262
2657205 1
2654208 315
2646000 777
2634240 287
2625000 20
2624400 511
2621440 25
2612736 928
2593080 108
2592000 2343
2580480 985
2572500 20
2571912 139
2560000 167
2551500 273
2540160 1902
2531250 2
2521050 4
2520000 1016
2519424 292
2508800 253
2500470 69
2500000 7
2488320 1825
2480625 4
2480058 9
2469600 507
2460375 1
2458624 14
2457600 410
2450000 40
2449440 1316
2430000 485
2420208 17
2419200 3391
2408448 91
2401000 14
2400000 298
2381400 722
2370816 306
2362500 67
2361960 126
2359296 61
2352980 1
2352000 774
2333772 35
2332800 2146
2322432 730
2315250 31
2304960 99
2304000 1464
2296350 74
2293760 82
2286144 564
2278125 1
2268000 1999
2257920 1074
2250423 4
2250000 63
2240000 274
2239488 497
2222640 465
2211840 906
2205000 180
2204496 199
2195200 155
2187500 4
2187000 330
2177280 2942
2160900 48
2160000 1152
2151296 7
2150400 947
2143750 1
2143260 229
2126250 41
2125764 13
2117682 1
2116800 1781
2107392 79
2100875 1
2100000 187
2099520 892
2097152 1
2083725 12
2074464 71
2073600 2901
2066715 6
2064384 194
2058000 163
2048000 169
2041200 1356
2032128 667
2025000 115
2016840 11
2016000 2238
2007040 134
2000376 115
2000000 39
1990656 446
1984500 278
1975680 575
1968750 6
1968300 94
1966080 142
1960000 161
1959552 719
1944810 28
1944000 1742
1935360 2090
1929375 1
1928934 22
1920800 30
1920000 604
1913625 8
1905120 1281
1890000 682
1889568 134
1881600 904
1875000 2
1866240 1929
1852200 323
1843968 35
1843200 1183
1837500 32
1837080 473
1835008 17
1822500 98
1815156 3
1814400 3571
1806336 279
1800750 5
1800000 359
1792000 371
1786050 114
1778112 320
1771875 1
1771470 18
1769472 174
1764735 1
1764000 872
1756160 86
1750329 2
1750000 19
1749600 1126
1741824 984
1728720 117
1728000 2266
1720320 437
1715000 19
1714608 288
1701000 680
1693440 1806
1687500 8
1680700 1
1680000 678
1679616 402
1666980 162
1658880 1596
1653750 39
1653372 50
1646400 349
1640250 30
1638400 92
1632960 2038
1620675 5
1620000 809
1613472 7
1612800 2305
1607445 7
1605632 19
1600000 112
1587600 1172
1580544 197
1575000 118
1574640 320
1572864 19
1568000 310
1555848 68
1555200 2781
1548288 524
1543500 113
1536640 37
1536000 745
1531250 2
1530900 317
1524096 690
1518750 6
1512630 4
1512000 2157
1505280 534
1500282 14
1500000 56
1492992 597
1488375 13
1481760 575
1476225 5
1474560 459
1470000 178
1469664 390
1458000 682
1451520 2896
1440600 47
1440000 983
1433600 255
1428840 522
1417500 175
1417176 35
1411200 1536
1404928 24
1400000 120
1399680 1405
1389150 69
1382976 63
1382400 2233
1378125 2
1377810 59
1376256 84
1372000 84
1366875 2
1361367 1
1360800 2272
1354752 538
1350000 194
1344560 7
1344000 1148
1333584 176
1327104 331
1323000 450
1317120 279
1312500 13
1312200 298
1310720 36
1306368 933
1296540 58
1296000 2125
1290240 1320
1286250 16
1285956 61
1280000 178
1275750 71
1270080 1609
1260525 1
1260000 738
1259712 248
1254400 267
1250235 11
1250000 6
1244160 2047
1240029 2
1234800 313
1229312 11
1228800 492
1225000 22
1224720 909
1215000 256
1210104 7
1209600 3132
1204224 137
1200500 11
1200000 234
1190700 320
1185408 278
1181250 22
1180980 49
1179648 98
1176000 578
1166886 14
1166400 1824
1161216 852
1157625 7
1152480 97
1152000 1544
1148175 21
1146880 119
1143072 495
1134000 1167
1128960 1182
1125000 33
1120000 262
1119744 598
1111320 271
1105920 1106
1102500 83
1102248 117
1097600 148
1093500 133
1088640 2599
1080450 20
1080000 956
1075648 5
1075200 1086
1071875 1
1071630 79
1063125 7
1062882 3
1058400 1410
1053696 91
1050000 103
1049760 662
1048576 6
1037232 55
1036800 2791
1032192 288
1029000 96
1024000 202
1020600 773
1016064 693
1012500 47
1008420 9
1008000 1840
1003520 134
1000188 55
1000000 25
995328 553
992250 75
987840 444
984150 39
983040 222
980000 101
979776 634
972405 4
972000 1233
967680 2220
964467 5
960400 26
960000 565
952560 906
945000 346
944784 89
940800 854
937500 3
933120 1796
926100 138
921984 34
921600 1314
918750 5
918540 196
917504 19
911250 21
907578 3
907200 2820
903168 342
900375 1
900000 242
896000 420
893025 23
889056 256
885735 3
884736 214
882000 547
878080 101
875000 10
874800 707
870912 1073
864360 55
864000 2029
860160 548
857500 10
857304 183
850500 283
846720 1511
840000 466
839808 381
833490 60
829440 1748
826875 1
826686 19
823200 227
820125 2
819200 120
816480 1559
810000 446
806736 5
806400 2322
802816 32
800000 100
793800 684
790272 209
787500 40
787320 169
786432 28
784000 212
777924 27
777600 2359
774144 621
771750 30
768320 35
768000 698
765625 1
765450 98
762048 599
759375 1
756315 2
756000 1499
752640 582
750141 4
750000 39
746496 657
740880 403
737280 609
735000 95
734832 265
729000 342
725760 2736
720300 21
720000 757
716800 313
714420 268
708750 44
708588 17
705600 1214
702464 21
700000 69
699840 1146
694575 17
691488 48
691200 2314
688905 5
688128 98
686000 56
680400 1443
677376 587
675000 89
672280 3
672000 1034
666792 115
663552 459
661500 194
658560 276
656250 2
656100 145
655360 37
653184 900
648270 22
648000 1567
645120 1330
643125 2
642978 23
640000 189
637875 6
635040 1192
630000 399
629856 185
627200 279
625000 5
622080 1998
617400 177
614656 15
614400 575
612500 7
612360 500
607500 91
605052 4
604800 2850
602112 138
600250 5
600000 167
595350 101
592704 228
590625 2
590490 19
589824 113
588000 407
583443 2
583200 1260
580608 909
576240 56
576000 1455
573440 140
571536 306
567000 627
564480 1086
562500 6
560000 199
559872 542
555660 139
552960 1299
551250 22
551124 63
548800 98
546750 42
544320 2118
540225 2
540000 619
537824 2
537600 1109
535815 19
531441 1
529200 849
526848 94
525000 58
524880 394
524288 6
518616 43
518400 2496
516096 321
514500 43
512000 210
510300 332
508032 625
506250 13
504210 1
504000 1325
501760 139
500094 17
500000 23
497664 630
496125 10
493920 313
492075 3
491520 250
490000 57
489888 508
486000 743
483840 2337
480200 14
480000 479
476280 522
472500 125
472392 45
470400 704
466560 1567
463050 56
460992 28
460800 1391
459375 1
459270 66
458752 29
455625 3
453789 1
453600 1922
451584 347
450000 123
448000 318
444528 169
442368 298
441000 311
439040 78
437400 334
435456 1032
432180 41
432000 1602
430080 587
428652 86
425250 65
423360 1178
420000 339
419904 286
416745 13
414720 1797
413343 8
411600 154
409600 136
408240 979
405000 209
403368 4
403200 2118
401408 42
400000 73
396900 280
395136 144
393750 18
393660 77
393216 45
392000 149
388962 7
388800 1728
387072 689
385875 3
384160 17
384000 677
382725 9
381024 427
378000 888
376320 555
375000 16
373248 650
370440 210
368640 728
367500 37
367416 139
364500 142
362880 2214
360150 6
360000 537
358400 280
357210 73
354375 4
354294 4
352800 833
351232 28
350000 30
349920 772
345744 30
345600 2072
344064 121
343000 19
340200 735
338688 563
337500 24
336140 2
336000 808
333396 49
331776 550
330750 52
329280 217
328125 1
328050 35
327680 64
326592 718
324135 8
324000 1069
322560 1396
321489 6
320000 131
317520 773
315000 204
314928 121
313600 234
312500 1
311040 1789
308700 90
307328 6
307200 605
306250 3
306180 209
303750 22
302526 1
302400 2008
301056 168
300000 100
297675 19
296352 154
295245 2
294912 138
294000 263
291600 743
290304 861
288120 38
288000 1180
286720 130
285768 178
283500 233
282240 933
281250 1
280000 147
279936 455
277830 51
276480 1343
275625 1
275562 18
274400 64
273375 6
272160 1380
270000 306
268800 998
264600 435
263424 74
262500 27
262440 208
262144 8
259308 13
259200 1928
258048 369
257250 7
256000 202
255150 93
254016 541
253125 5
252105 1
252000 825
250880 153
250047 7
250000 8
248832 679
246960 218
245760 235
245000 26
244944 297
243000 316
241920 1867
240100 6
240000 342
238140 225
236250 28
236196 24
235298 1
235200 497
233280 1132
231525 8
230496 21
230400 1271
229635 11
229376 26
226800 1164
225792 315
225000 64
224000 275
222264 86
221184 327
220500 137
219520 62
218700 147
217728 824
216090 11
216000 1130
215040 589
214375 1
214326 36
212625 13
211680 810
210000 193
209952 207
207360 1699
205800 91
204800 161
204120 502
202500 77
201684 3
201600 1490
200704 44
200000 54
198450 83
197568 146
196875 5
196830 20
196608 51
196000 107
194400 1098
193536 681
192080 14
192000 561
190512 282
189000 402
188160 480
187500 5
186624 531
185220 92
184320 749
183750 6
183708 79
182250 37
181440 1642
180075 1
180000 325
179200 279
178605 11
176400 480
175616 32
175000 12
174960 417
172872 12
172800 1705
172032 136
171500 17
170100 284
169344 465
168750 8
168000 572
166698 16
165888 492
165375 4
164640 132
164025 4
163840 53
163296 472
162000 570
161280 1248
160000 123
158760 387
157500 63
157464 70
156800 177
155520 1417
154350 23
153664 11
153600 546
153090 65
151875 1
151263 1
151200 1254
150528 128
150000 45
148176 118
147456 143
147000 123
145800 362
145152 753
144060 17
144000 834
143360 120
142884 80
141750 49
141120 672
140000 85
139968 343
138915 6
138240 1237
137781 4
137200 26
136080 814
135000 140
134456 2
134400 815
132300 187
131712 61
131250 4
131220 80
131072 9
129654 6
129600 1322
129024 359
128625 2
128000 147
127575 14
127008 323
126000 434
125440 128
125000 6
124416 564
123480 99
122880 279
122500 8
122472 143
121500 105
120960 1500
120050 1
120000 203
119070 56
118125 4
118098 2
117600 310
116640 690
115248 12
115200 1109
114688 24
113400 540
112896 272
112500 17
112000 174
111132 47
110592 317
110250 32
109760 49
109375 1
109350 31
108864 632
108000 694
107520 572
107163 5
105840 449
105000 67
104976 115
103680 1317
102900 28
102400 138
102060 224
101250 16
100800 1075
100352 38
100000 29
99225 8
98784 85
98415 5
98304 70
98000 53
97200 601
96768 590
96040 8
96000 453
95256 116
94500 143
94080 368
93312 400
92610 29
92160 729
91875 1
91854 16
91125 5
90720 1027
90000 171
89600 207
88200 199
87808 29
87500 6
87480 218
86436 5
86400 1247
86016 178
85750 4
85050 83
84672 315
84375 3
84000 342
83349 4
82944 515
82320 73
81920 64
81648 267
81000 244
80640 981
80000 85
79380 139
78750 11
78732 24
78400 127
77760 979
77175 2
76832 4
76800 468
76545 9
75600 702
75264 119
75000 10
74088 47
73728 154
73500 43
72900 123
72576 571
72030 4
72000 575
71680 124
71442 29
70875 5
70560 370
70000 56
69984 222
69120 1025
68600 22
68040 372
67500 56
67228 1
67200 533
66150 52
65856 56
65610 30
65536 16
64827 1
64800 831
64512 312
64000 116
63504 198
63000 211
62720 84
62500 1
62208 470
61740 42
61440 262
61250 1
61236 63
60750 30
60480 1023
60000 127
59535 5
59049 1
58800 164
58320 360
57624 4
57600 827
57344 34
56700 170
56448 212
56250 5
56000 115
55566 10
55296 325
55125 9
54880 37
54675 5
54432 365
54000 343
53760 475
52920 213
52500 22
52488 58
51840 938
51450 7
51200 118
51030 54
50625 3
50421 1
50400 600
50176 29
50000 10
49392 59
49152 56
49000 26
48600 271
48384 434
48020 4
48000 279
47628 55
47250 35
47040 226
46656 243
46305 1
46080 562
45927 2
45360 511
45000 74
44800 154
44100 80
43904 18
43740 63
43218 3
43200 789
43008 113
42875 2
42525 11
42336 209
42000 149
41472 420
41160 32
40960 51
40824 132
40500 92
40320 688
40000 37
39690 30
39375 2
39366 5
39200 56
38880 498
38416 1
38400 371
37800 289
37632 86
37500 7
37044 20
36864 176
36750 9
36450 33
36288 408
36015 1
36000 328
35840 130
35721 3
35280 213
35000 14
34992 112
34560 778
34300 6
34020 134
33750 10
33600 348
33075 5
32928 41
32805 2
32768 11
32400 392
32256 270
32000 90
31752 105
31500 59
31360 67
31104 311
30870 11
30720 244
30618 14
30375 4
30240 553
30000 60
29400 78
29160 179
28812 2
28800 587
28672 31
28350 51
28224 158
28000 71
27783 2
27648 289
27440 20
27216 189
27000 134
26880 312
26460 74
26250 8
26244 20
25920 572
25600 97
25515 6
25200 276
25088 23
25000 5
24696 17
24576 55
24500 11
24300 80
24192 279
24010 1
24000 193
23814 19
23625 4
23520 131
23328 170
23040 477
22680 240
22500 24
22400 84
22050 22
21952 11
21870 22
21600 437
21504 105
21168 105
21000 57
20736 292
20580 9
20480 57
20412 48
20250 14
20160 423
20000 22
19845 2
19600 31
19440 272
19208 2
19200 265
18900 83
18816 55
18522 10
18432 149
18225 4
18144 242
18000 135
17920 69
17640 100
17500 5
17496 48
17280 504
17150 1
17010 41
16800 178
16464 11
16384 14
16200 190
16128 188
16000 65
15876 37
15750 16
15680 49
15552 194
15360 192
15309 1
15120 291
15000 20
14700 22
14580 47
14406 1
14400 349
14336 29
14175 4
14112 62
14000 40
13824 205
13720 4
13608 97
13500 39
13440 232
13230 26
13122 8
12960 331
12800 59
12600 117
12544 19
12500 2
12348 14
12288 55
12250 2
12150 22
12096 174
12000 105
11907 2
11760 56
11664 76
11520 311
11340 82
11250 2
11200 65
11025 1
10976 4
10935 2
10800 224
10752 100
10584 51
10500 14
10368 205
10290 1
10240 50
10206 17
10080 250
10000 4
9800 19
9720 109
9600 170
9450 22
9408 41
9261 1
9216 106
9072 127
9000 55
8960 70
8820 25
8750 2
8748 13
8640 298
8505 3
8400 83
8232 7
8192 11
8100 59
8064 135
8000 42
7938 9
7875 1
7840 14
7776 104
7680 144
7560 111
7500 7
7350 5
7290 16
7200 188
7168 20
7056 36
7000 13
6912 129
6860 1
6804 30
6750 7
6720 113
6615 4
6561 1
6480 166
6400 44
6300 39
6272 17
6174 3
6144 41
6075 3
6048 97
6000 43
5880 24
5832 32
5760 199
5670 21
5600 42
5488 4
5400 65
5376 71
5292 20
5250 4
5184 114
5145 1
5120 37
5040 95
5000 4
4900 5
4860 33
4800 101
4725 2
4704 22
4608 98
4536 53
4500 20
4480 32
4410 5
4374 5
4320 159
4200 27
4116 2
4096 9
4050 11
4032 93
4000 15
3920 12
3888 49
3840 92
3780 38
3750 3
3675 1
3645 2
3600 74
3584 14
3528 12
3500 1
3456 89
3430 2
3402 8
3360 64
3240 59
3200 24
3150 5
3136 8
3087 1
3072 27
3024 43
3000 24
2940 9
2916 10
2880 141
2835 1
2800 9
2700 28
2688 26
2646 3
2592 49
2560 36
2520 43
2500 3
2450 1
2430 4
2400 35
2352 14
2304 53
2268 19
2250 3
2240 30
2205 1
2160 73
2100 9
2048 8
2025 2
2016 54
2000 6
1960 2
1944 20
1920 48
1890 7
1800 30
1792 12
1764 6
1728 51
1701 4
1680 19
1620 23
1600 16
1568 4
1536 23
1512 17
1500 3
1470 1
1458 4
1440 53
1400 5
1350 5
1344 23
1323 1
1296 27
1280 13
1260 24
1200 14
1176 3
1152 42
1134 3
1120 4
1080 28
1050 4
1024 3
1008 25
1000 2
980 1
972 6
960 31
900 13
896 7
875 1
864 19
840 15
810 3
800 4
784 1
768 11
756 6
750 1
720 26
700 4
672 9
648 5
640 6
630 3
600 9
588 1
576 24
560 4
540 3
512 1
504 7
480 11
432 10
420 4
405 1
400 3
384 11
378 4
360 14
350 1
336 5
324 2
320 6
300 4
294 1
288 13
280 1
270 2
256 1
252 2
250 1
240 4
224 1
216 5
210 1
200 2
196 1
192 2
180 2
160 1
140 1
128 1
120 2
112 3
96 4
90 1
84 1
75 1
72 1
12 1
