4665600000 1
4133430000 1
4082400000 1
3732480000 1
3674160000 1
3584000000 1
3528000000 1
3456000000 1
3359232000 1
3265920000 2
3110400000 1
3072000000 1
3024000000 1
3023308800 1
2985984000 1
2976069600 1
2939328000 2
2916000000 1
2857680000 3
2764800000 3
2755620000 1
2721600000 2
2654208000 1
2645395200 1
2624400000 3
2592000000 1
2571912000 1
2540160000 1
2519424000 4
2469600000 1
2449440000 3
2430000000 1
2418647040 1
2361960000 1
2351462400 1
2332800000 3
2322432000 1
2314720800 1
2286144000 6
2268000000 2
2267481600 1
2257920000 2
2239488000 1
2222640000 1
2204496000 2
2195200000 1
2177280000 4
2160900000 1
2160000000 1
2143260000 2
2125764000 1
2116800000 2
2116316160 2
2099520000 8
2090188800 1
2083248720 1
2073600000 3
2057529600 1
2041200000 1
2032128000 4
2016000000 1
1990656000 3
1984500000 1
1984046400 1
1975680000 1
1959552000 6
1944000000 2
1935360000 7
1920000000 1
1905120000 2
1889568000 4
1881600000 1
1881169920 1
1866240000 7
1857945600 2
1851776640 1
1843200000 3
1837080000 5
1828915200 3
1814400000 8
1813985280 2
1806336000 2
1791590400 3
1786050000 1
1769472000 1
1764000000 4
1763596800 4
1756160000 1
1749600000 5
1741824000 9
1736040600 1
1714608000 9
1701000000 3
1700611200 6
1693440000 6
1679616000 2
1666980000 1
1658880000 3
1653372000 4
1651507200 1
1638400000 1
1632960000 13
1620000000 2
1612800000 7
1607445000 2
1600300800 2
1592524800 1
1587600000 6
1587237120 2
1580544000 2
1575296100 1
1574640000 9
1567641600 2
1562436540 1
1555848000 2
1555200000 4
1548288000 2
1543147200 4
1530900000 2
1530550080 3
1524096000 6
1512000000 3
1511654400 4
1505280000 3
1504935936 1
1492992000 5
1488034800 1
1481760000 2
1474560000 1
1470000000 1
1469664000 13
1458000000 4
1451520000 8
1446700500 1
1440000000 2
1433600000 1
1428840000 6
1422489600 4
1417500000 1
1417176000 4
1411200000 1
1410877440 1
1404928000 2
1399680000 8
1393459200 5
1389150000 2
1388832480 2
1382976000 2
1382400000 6
1376256000 1
1372000000 2
1371686400 9
1361367000 1
1360800000 10
1360488960 1
1354752000 8
1344560000 2
1344000000 2
1343692800 3
1337720832 1
1333584000 3
1327104000 3
1323000000 4
1322697600 15
1316818944 1
1312200000 4
1306368000 18
1300561920 1
1296243648 1
1296000000 4
1290240000 3
1285956000 7
1280240640 2
1280000000 2
1275750000 2
1275458400 1
1274019840 1
1270080000 11
1264435200 3
1260236880 1
1260000000 1
1259712000 9
1254400000 5
1254113280 2
1250235000 3
1244678400 2
1244160000 9
1240029000 3
1234800000 2
1234517760 4
1224720000 21
1219276800 7
1215228420 1
1215000000 2
1209600000 14
1209323520 1
1204224000 2
1200225600 1
1194393600 5
1190700000 5
1190427840 2
1185408000 2
1180980000 3
1179648000 2
1176000000 3
1175731200 15
1166886000 1
1166400000 10
1161216000 9
1157360400 2
1152216576 3
1152000000 3
1148175000 1
1146880000 1
1143072000 19
1134000000 9
1133740800 5
1128960000 8
1125211500 1
1120210560 1
1120000000 1
1119744000 13
1114767360 1
1111320000 5
1105920000 9
1102500000 1
1102248000 10
1101004800 1
1097600000 2
1097349120 3
1089093600 2
1088640000 19
1083801600 4
1080450000 1
1080203040 6
1080000000 6
1075200000 5
1074954240 2
1071630000 6
1066867200 7
1061683200 2
1058400000 14
1058158080 8
1053696000 3
1050197400 1
1049760000 14
1048576000 1
1045094400 16
1041624360 1
1036800000 11
1033357500 1
1032192000 5
1028764800 14
1024192512 1
1024000000 1
1020600000 11
1020366720 3
1016064000 23
1012500000 1
1008000000 7
1007769600 12
1003520000 4
1003290624 2
1000188000 12
1000000000 1
995742720 2
995328000 11
992436543 1
992250000 2
992023200 7
990904320 1
987840000 10
987614208 1
984150000 2
983449600 1
980000000 1
979776000 45
975421440 3
972405000 4
972182736 1
972000000 7
968083200 2
967680000 21
964467000 10
960400000 1
960180480 5
960000000 3
956593800 1
955514880 1
952560000 22
952342272 2
948326400 4
944784000 10
940800000 4
940584960 7
933508800 2
933120000 32
928972800 7
926100000 2
925888320 4
921984000 1
921600000 7
918540000 23
914457600 20
907200000 33
906992640 4
903168000 9
900169200 8
900000000 2
896000000 6
895795200 9
893025000 1
892820880 1
889056000 19
885735000 3
885104640 1
884736000 5
882000000 7
881798400 27
874800000 9
871274880 1
870912000 38
868020300 1
867041280 1
864360000 4
864000000 12
860160000 2
859963392 1
857304000 24
853493760 3
850500000 5
850305600 5
849346560 1
847072800 1
846720000 26
846526464 4
842956800 2
840157920 2
840000000 2
839808000 30
836075520 7
833490000 4
829785600 2
829440000 17
826686000 16
825753600 2
823200000 2
823011840 11
820125000 2
816480000 52
816293376 1
812851200 18
810152280 1
810000000 3
806400000 23
806215680 4
803538792 1
802816000 3
800150400 14
797161500 1
796262400 8
793800000 16
793618560 10
790272000 14
787648050 2
787500000 1
787320000 4
786432000 1
784147392 1
784000000 2
783820800 47
780337152 1
777924000 4
777600000 23
774144000 25
771750000 2
771573600 11
768320000 1
768144384 1
768000000 8
765450000 5
762048000 43
758661120 2
756000000 19
755827200 17
752640000 10
752467968 4
750141000 4
746807040 4
746496000 27
744017400 3
743178240 2
740880000 14
740710656 3
737587200 1
737280000 12
735138180 1
735000000 1
734832000 45
731566080 10
729000000 8
725760000 66
722534400 3
720300000 1
720135360 10
720000000 5
716800000 9
716636160 4
714420000 29
711244800 23
708588000 5
707788800 3
705600000 23
705438720 19
702464000 3
700131600 8
700000000 1
699840000 45
696729600 31
694575000 1
694416240 9
691488000 10
691200000 30
688905000 6
688128000 6
686000000 3
685843200 43
680683500 2
680400000 37
680244480 1
677376000 39
675126900 7
675000000 1
674365440 1
672280000 2
672126336 2
672000000 12
671846400 30
669615660 3
666792000 26
663828480 1
663552000 18
661500000 4
661348800 32
660602880 1
658560000 6
658409472 6
656100000 4
653456160 4
653184000 85
650280960 7
648270000 3
648121824 1
648000000 18
645388800 2
645120000 25
644972544 1
642978000 21
640120320 15
640000000 2
637729200 2
635040000 45
634894848 4
632217600 10
630118440 1
630000000 7
629856000 29
627200000 3
627056640 17
625117500 2
624974616 2
622339200 10
622080000 50
620014500 5
619315200 21
617400000 9
617258880 12
614656000 4
614400000 10
612360000 52
609892416 2
609638400 61
607614210 2
607500000 6
605052000 1
604800000 42
604661760 8
602112000 10
600112800 19
597445632 3
597196800 19
595350000 10
595213920 5
592704000 31
590490000 12
589824000 10
588110544 1
588000000 10
587865600 70
585252864 3
583443000 5
583200000 35
580849920 5
580608000 72
578680200 15
578027520 3
576240000 5
576108288 4
576000000 21
573440000 5
571536000 85
568995840 18
567106596 1
567000000 13
566870400 18
564715200 1
564480000 34
564350976 6
562605750 1
561971200 3
560105280 5
560000000 2
559872000 56
557383680 5
555660000 17
555532992 1
553190400 16
552960000 38
551250000 1
551124000 26
550502400 4
548800000 7
548674560 32
546852789 1
546750000 4
544546800 1
544320000 102
544195584 5
542126592 1
541900800 27
540101520 10
540000000 13
537600000 10
537477120 7
535815000 20
535692528 1
533433600 46
531441000 3
530841600 6
529200000 42
529079040 22
526848000 10
525098700 2
525000000 1
524880000 49
522764928 1
522547200 67
520224768 1
518616000 14
518400000 40
516678750 1
516096000 33
514500000 1
514382400 59
512096256 4
512000000 5
510300000 31
510183360 5
508243680 2
508032000 92
506345175 2
505774080 3
504094752 2
504000000 31
503884800 31
502211745 1
501760000 3
501645312 3
500094000 24
500000000 1
497871360 7
497664000 52
496125000 2
496011600 25
495452160 4
493920000 21
493807104 6
492075000 4
491724800 3
491520000 7
490092120 2
490000000 4
489888000 109
487710720 25
486202500 2
486091368 2
486000000 20
484041600 1
483840000 103
483729408 1
482233500 10
481689600 2
480090240 15
480000000 4
478296900 1
477757440 12
476478450 1
476280000 81
476171136 2
474163200 31
472500000 2
472392000 35
470596000 2
470400000 26
470292480 38
466754400 14
466560000 87
464486400 38
463050000 8
462944160 22
462422016 2
460992000 8
460800000 27
459270000 25
459165024 3
458752000 4
457228800 113
455196672 1
453789000 2
453600000 82
453496320 9
451584000 70
450084600 13
450000000 2
448084224 6
448000000 10
447897600 54
446512500 2
446410440 4
444528000 50
442867500 2
442552320 5
442368000 39
441000000 18
440899200 98
439040000 10
438939648 5
437582250 1
437400000 28
435637440 3
435456000 151
434010150 3
433520640 13
432180000 5
432081216 7
432000000 31
430080000 22
429981696 4
428652000 69
426746880 27
425250000 10
425152800 12
424673280 2
423536400 2
423360000 85
423263232 13
421478400 7
420078960 12
420000000 6
419904000 94
419430400 1
418037760 38
416745000 15
416649744 2
414892800 19
414720000 91
413343000 15
412876800 14
411600000 7
411505920 56
410062500 1
409600000 2
408240000 123
408146688 2
406594944 2
406425600 86
405076140 11
405000000 8
404619264 1
403368000 2
403200000 69
403107840 14
401861250 1
401769396 2
401408000 13
400075200 64
398580750 1
398297088 3
398131200 28
396900000 34
396809280 20
396361728 1
395136000 50
393824025 2
393660000 22
393379840 1
393216000 4
392000000 12
391910400 166
390609135 1
390168576 5
388962000 16
388800000 72
387233280 1
387072000 106
385875000 1
385786800 41
385351680 4
384160000 3
384072192 6
384000000 9
382725000 14
382637520 1
382205952 3
381182760 1
381024000 142
379330560 18
378157500 1
378071064 2
378000000 33
377913600 32
377487360 2
376320000 50
376233984 6
375070500 9
373403520 16
373248000 117
372008700 5
371589120 20
370440000 39
370355328 13
368793600 7
368640000 34
367500000 1
367416000 107
367001600 4
365783040 67
364568526 1
364500000 10
363031200 7
362880000 194
362797056 5
361267200 34
360150000 2
360067680 28
360000000 14
358400000 21
358318080 26
357210000 40
357128352 4
355622400 68
354375000 1
354294000 18
354041856 1
353894400 12
352800000 69
352719360 62
351232000 9
350065800 15
350000000 1
349920000 107
348509952 1
348364800 137
347287500 3
347208120 8
346816512 2
345744000 21
345600000 81
344452500 4
344207360 5
344064000 19
343000000 3
342921600 125
341397504 10
340200000 98
340122240 16
338829120 1
338688000 142
337563450 1
337500000 3
337182720 4
336140000 2
336063168 4
336000000 24
335923200 111
335544320 1
334430208 5
333396000 63
331914240 7
331776000 78
330750000 9
330674400 50
330301440 6
329280000 33
329204736 17
328050000 14
327680000 6
326728080 6
326592000 283
325140480 41
324135000 5
324060912 7
324000000 37
322694400 1
322560000 114
322486272 6
321489000 37
321126400 3
320060160 42
320000000 3
318937500 1
318864600 10
318504960 12
317520000 151
317447424 7
316108800 43
315059220 9
315000000 12
314928000 86
314572800 3
313600000 18
313528320 92
312558750 1
312487308 1
311169600 38
311040000 158
309786624 2
309657600 61
308700000 13
308629440 63
308281344 1
307328000 11
307200000 22
306307575 1
306180000 95
306110016 2
304946208 3
304819200 198
303807105 2
303464448 2
302526000 4
302400000 124
302330880 37
301056000 36
300056400 45
298722816 6
298598400 100
297675000 23
297606960 6
297271296 3
296352000 98
295245000 7
295034880 1
294912000 24
294055272 2
294000000 24
293932800 202
292626432 16
291721500 4
291600000 67
290424960 6
290304000 236
289340100 13
289013760 16
288120000 12
288054144 10
288000000 42
287043750 3
286720000 18
286654464 2
285768000 188
284497920 40
283500000 18
283435200 30
283115520 4
282357600 3
282240000 122
282175488 26
280985600 3
280052640 24
280000000 9
279936000 181
279006525 1
278691840 61
277830000 38
277766496 9
276595200 19
276480000 97
275562000 67
275251200 13
274400000 9
274337280 121
272273400 6
272160000 253
272097792 7
270950400 138
270112500 3
270050760 20
270000000 23
269746176 2
268912000 4
268800000 48
268738560 54
267907500 15
267846264 3
266716800 105
265720500 5
265531392 2
265420800 39
264600000 79
264539520 69
264241152 1
263424000 43
262549350 2
262500000 1
262440000 76
262144000 3
261382464 5
261273600 273
260406090 2
260112384 10
259308000 19
259200000 134
258339375 1
258155520 4
258048000 103
257191200 125
256901120 2
256048128 18
256000000 10
255150000 40
255091680 3
254121840 1
254016000 298
253125000 1
252887040 21
252047376 5
252000000 61
251942400 117
250880000 38
250822656 18
250047000 30
248935680 30
248832000 178
248062500 1
248005800 22
247726080 17
246960000 62
246903552 27
246037500 3
245862400 4
245760000 24
245046060 4
245000000 3
244944000 294
243855360 93
243045684 5
243000000 23
242020800 13
241920000 274
241864704 16
241116750 4
240844800 22
240100000 2
240045120 55
240000000 17
238878720 29
238140000 124
238085568 14
237180384 1
237081600 97
236294415 2
236250000 4
236196000 50
235929600 14
235200000 61
235146240 129
233377200 46
233280000 222
232339968 2
232243200 176
231525000 12
231472080 29
231211008 1
230496000 25
230400000 79
229635000 24
229582512 3
229376000 9
228614400 300
227812500 1
227598336 7
226894500 2
226800000 175
226748160 27
225886080 1
225792000 171
225042300 15
225000000 1
224788480 2
224042112 8
224000000 18
223948800 152
223256250 2
223205220 5
222953472 7
222264000 149
221433750 1
221276160 17
221184000 87
220500000 25
220449600 160
220200960 3
219520000 23
219469824 27
218700000 41
217818720 10
217728000 437
217005075 1
216760320 46
216090000 12
216040608 6
216000000 55
215129600 3
215040000 63
214990848 5
214326000 102
213373440 85
212625000 6
212576400 17
212336640 10
211768200 2
211680000 227
211631616 33
210739200 29
210039480 17
210000000 10
209952000 174
209715200 1
209018880 129
208372500 14
208324872 7
207446400 57
207360000 217
206671500 18
206524416 1
206438400 52
205800000 18
205752960 134
204800000 10
204205050 1
204120000 228
204073344 5
203297472 1
203212800 262
202538070 4
202500000 6
202309632 6
201684000 4
201600000 157
201553920 69
200704000 20
200037600 100
199148544 8
199065600 137
198450000 55
198404640 56
198180864 3
197568000 129
196875000 2
196830000 19
196689920 2
196608000 18
196036848 3
196000000 22
195955200 415
195084288 22
194481000 19
194400000 150
193616640 3
193536000 279
192937500 1
192893400 52
192675840 6
192080000 1
192036096 25
192000000 34
191362500 9
191318760 1
191102976 3
190591380 3
190512000 365
189665280 70
189078750 1
189035532 3
189000000 64
188956800 113
188743680 3
188160000 111
188116992 38
187535250 13
187500000 2
186701760 35
186624000 303
186004350 4
185794560 63
185220000 79
185177664 26
184396800 19
184320000 93
183784545 3
183750000 2
183708000 186
183500800 3
182891520 203
182284263 1
182250000 17
181515600 12
181440000 397
181398528 13
180633600 95
180075000 1
180033840 50
180000000 13
179200000 40
179159040 84
178605000 51
178564176 4
177811200 192
177187500 2
177147000 13
177020928 1
176947200 41
176400000 85
176359680 162
175616000 32
175032900 23
174960000 178
174254976 2
174182400 376
173643750 1
173604060 9
173408256 3
172872000 54
172800000 153
172226250 2
172103680 3
172032000 67
171532242 1
171500000 8
171460800 295
170698752 25
170100000 108
170061120 23
169869312 4
169414560 3
169344000 352
168591360 16
168031584 11
168000000 51
167961600 216
167215104 27
166698000 109
165957120 51
165888000 207
165375000 10
165337200 70
165150720 21
164640000 75
164602368 51
164025000 12
163840000 8
163364040 10
163296000 539
162570240 131
162067500 3
162030456 8
162000000 70
161347200 13
161280000 257
161243136 17
160744500 30
160563200 20
160030080 129
160000000 6
159432300 2
159252480 54
158826150 1
158760000 244
158723712 25
158054400 115
157529610 5
157500000 16
157464000 126
157286400 7
156800000 46
156764160 221
155584800 81
155520000 317
155003625 1
154893312 2
154828800 182
154350000 26
154314720 104
154140672 1
153664000 20
153600000 47
153090000 120
153055008 2
152409600 448
151875000 3
151732224 18
151263000 4
151200000 249
151165440 79
150528000 118
150028200 61
150000000 4
149361408 27
149299200 267
148837500 5
148803480 19
148635648 7
148237740 1
148176000 173
147622500 8
147517440 10
147456000 81
147027636 1
147000000 31
146966400 373
146313216 62
145860750 4
145800000 112
145212480 13
145152000 614
144670050 10
144506880 47
144060000 18
144027072 31
144000000 64
143360000 35
143327232 15
142884000 300
142248960 140
141750000 33
141717600 64
141557760 14
141120000 256
141087744 47
140492800 22
140026320 38
140000000 12
139968000 355
139345920 168
138915000 45
138883248 20
138297600 65
138240000 218
137812500 1
137781000 69
137625600 34
137200000 22
137168640 277
136687500 2
136136700 7
136080000 469
136048896 7
135475200 301
135025380 17
135000000 15
134873088 2
134456000 2
134400000 116
134369280 136
133953750 8
133923132 3
133358400 245
132860250 1
132765696 11
132710400 111
132300000 94
132269760 144
132120576 1
131712000 90
131274675 2
131250000 2
131220000 102
131072000 7
130691232 6
130636800 651
130203045 1
130056192 28
129654000 43
129600000 224
129077760 5
129024000 230
128625000 7
128595600 172
128450560 2
128024064 41
128000000 14
127575000 34
127545840 12
127401984 6
127060920 1
127008000 599
126443520 56
126023688 5
126000000 77
125971200 240
125829120 2
125440000 63
125411328 55
125023500 44
125000000 1
124467840 68
124416000 422
124031250 2
124002900 32
123863040 91
123480000 109
123451776 60
123018750 1
122931200 16
122880000 65
122523030 4
122500000 3
122472000 472
121927680 284
121522842 2
121500000 39
121010400 13
120960000 515
120932352 28
120558375 3
120472576 1
120422400 86
120050000 7
120022560 119
120000000 19
119439360 115
119070000 156
119042784 9
118590192 1
118540800 236
118125000 4
118098000 68
118013952 3
117964800 36
117649000 1
117600000 99
117573120 327
116688600 52
116640000 369
116169984 5
116121600 546
115762500 4
115736040 55
115605504 9
115248000 46
115200000 152
114817500 27
114791256 1
114688000 22
114307200 508
113799168 39
113447250 4
113400000 201
113374080 70
113246208 1
112943040 1
112896000 347
112521150 24
112500000 1
112394240 8
112021056 28
112000000 32
111974400 386
111602610 3
111476736 46
111132000 196
110638080 42
110592000 239
110270727 1
110250000 19
110224800 220
110100480 13
109760000 38
109734912 106
109350000 41
108909360 15
108864000 894
108380160 151
108045000 22
108020304 21
108000000 89
107564800 8
107520000 176
107495424 22
107163000 137
106686720 214
106312500 11
106288200 31
106168320 39
105840000 360
105815808 55
105413504 1
105369600 63
105019740 12
105000000 17
104976000 329
104857600 2
104509440 402
104186250 4
104162436 8
103723200 92
103680000 457
103335750 11
103262208 1
103219200 154
102900000 24
102876480 245
102760448 1
102400000 30
102102525 1
102060000 290
102036672 9
101648736 2
101606400 605
101269035 4
101250000 9
101154816 9
100842000 5
100800000 252
100776960 169
100352000 43
100018800 164
100000000 2
99574272 21
99532800 329
99225000 37
99202320 66
99090432 17
98784000 238
98415000 25
98344960 12
98304000 48
98018424 5
98000000 29
97977600 757
97542144 72
97240500 16
97200000 227
96808320 20
96768000 653
96446700 49
96337920 24
96040000 16
96018048 53
96000000 52
95681250 2
95659380 1
95551488 19
95295690 1
95256000 579
94832640 159
94500000 65
94478400 138
94371840 8
94119200 2
94080000 193
94058496 80
93767625 2
93350880 74
93312000 604
92897280 208
92610000 89
92588832 42
92198400 54
92160000 214
91875000 1
91854000 232
91750400 19
91445760 456
91125000 6
90757800 14
90720000 752
90699264 29
90316800 269
90037500 1
90016920 58
90000000 29
89600000 73
89579520 224
89302500 47
89282088 8
88905600 365
88593750 1
88573500 10
88510464 3
88473600 125
88200000 150
88179840 271
88080384 2
87808000 61
87516450 11
87500000 1
87480000 273
87127488 10
87091200 949
86802030 12
86704128 25
86436000 74
86400000 275
86051840 3
86016000 152
85750000 9
85730400 412
85349376 76
85050000 107
85030560 34
84934656 5
84707280 1
84672000 719
84295680 38
84035000 3
84015792 14
84000000 90
83980800 453
83607552 85
83349000 100
82978560 78
82944000 519
82687500 4
82668600 100
82575360 51
82320000 96
82301184 112
82012500 11
81920000 23
81682020 8
81648000 862
81285120 364
81033750 2
81015228 6
81000000 93
80673600 20
80640000 485
80621568 57
80372250 10
80281600 18
80015040 196
80000000 7
79716150 4
79626240 139
79380000 345
79361856 43
79060128 1
79027200 245
78764805 1
78750000 7
78732000 181
78675968 1
78643200 17
78400000 55
78382080 524
78121827 1
77792400 82
77760000 593
77446656 4
77414400 461
77175000 26
77157360 126
77070336 2
76832000 23
76800000 105
76545000 100
76527504 3
76204800 846
75866112 54
75631500 10
75600000 350
75582720 173
75295360 2
75264000 237
75014100 52
75000000 3
74680704 35
74649600 597
74418750 3
74401740 19
74317824 34
74088000 308
73811250 4
73758720 28
73728000 188
73513818 1
73500000 25
73483200 572
73400320 4
73156608 138
72930375 2
72900000 122
72606240 24
72576000 1227
72335025 1
72253440 120
72030000 20
72013536 50
72000000 124
71680000 67
71663616 46
71442000 325
71124480 290
70875000 28
70858800 55
70778880 37
70589400 1
70560000 446
70543872 101
70246400 36
70013160 59
70000000 17
69984000 597
69672960 499
69457500 29
69441624 21
69148800 109
69120000 502
68890500 44
68812800 108
68600000 32
68584320 453
68068350 3
68040000 629
68024448 25
67765824 1
67737600 662
67528125 1
67512690 16
67500000 19
67436544 5
67228000 8
67200000 185
67184640 285
66976875 2
66961566 3
66679200 346
66430125 1
66382848 25
66355200 339
66150000 84
66134880 199
66060288 12
65856000 173
65610000 124
65536000 18
65345616 7
65318400 1113
65028096 65
64827000 60
64800000 365
64538880 14
64512000 552
64312500 1
64297800 170
64225280 15
64012032 89
64000000 38
63787500 29
63772920 9
63700992 18
63530460 2
63504000 831
63221760 141
63026250 3
63011844 11
63000000 110
62985600 350
62914560 5
62720000 107
62705664 136
62511750 27
62500000 2
62233920 105
62208000 909
62001450 12
61931520 154
61765725 1
61740000 135
61725888 83
61465600 27
61440000 113
61261515 4
61250000 4
61236000 599
60963840 622
60761421 1
60750000 42
60505200 21
60480000 876
60466176 52
60236288 1
60211200 174
60025000 1
60011280 143
60000000 38
59719680 313
59535000 142
59521392 32
59270400 443
59049000 55
59006976 6
58982400 104
58824500 1
58800000 129
58786560 544
58720256 1
58344300 53
58320000 513
58084992 9
58060800 1072
57881250 3
57868020 45
57802752 21
57624000 49
57600000 249
57408750 15
57344000 55
57177414 1
57153600 793
56899584 99
56700000 239
56687040 95
56623104 9
56448000 631
56260575 3
56250000 2
56197120 17
56010528 31
56000000 46
55987200 711
55801305 1
55738368 99
55566000 222
55319040 79
55296000 465
55125000 20
55112400 294
55050240 29
54880000 72
54867456 161
54675000 31
54454680 19
54432000 1444
54190080 352
54022500 17
54010152 16
54000000 126
53782400 8
53760000 310
53747712 66
53581500 103
53343360 337
53156250 1
53144100 19
53084160 119
52942050 3
52920000 469
52907904 98
52684800 164
52509870 14
52500000 16
52488000 442
52428800 6
52254720 772
52093125 4
52081218 3
51861600 135
51840000 758
51667875 1
51631104 2
51609600 358
51450000 25
51438240 327
51200000 49
51030000 321
51018336 14
50824368 6
50803200 1116
50625000 3
50577408 19
50421000 10
50400000 367
50388480 301
50331648 1
50176000 105
50009400 189
50000000 4
49787136 48
49766400 726
49612500 22
49601160 77
49545216 38
49412580 1
49392000 330
49207500 20
49172480 20
49152000 100
49009212 1
49000000 24
48988800 1110
48771072 145
48620250 11
48600000 273
48404160 23
48384000 1255
48223350 24
48168960 62
48020000 7
48009024 98
48000000 94
47840625 1
47829690 6
47775744 63
47647845 1
47628000 732
47416320 311
47258883 1
47250000 57
47239200 202
47185920 21
47059600 2
47040000 291
47029248 205
46675440 123
46656000 1026
46448640 529
46305000 82
46294416 53
46099200 92
46080000 354
45937500 1
45927000 191
45875200 38
45722880 745
45562500 5
45378900 12
45360000 978
45349632 37
45158400 590
45018750 1
45008460 65
45000000 38
44800000 92
44789760 418
44651250 17
44641044 2
44452800 522
44286750 4
44255232 27
44236800 309
44100000 168
44089920 415
44040192 2
43904000 93
43758225 5
43740000 271
43563744 12
43545600 1598
43401015 2
43352064 62
43218000 65
43200000 381
43025920 8
43008000 314
42875000 5
42865200 438
42674688 137
42525000 94
42515280 38
42467328 24
42353640 5
42336000 1078
42147840 77
42017500 1
42007896 22
42000000 97
41990400 666
41943040 7
41803776 206
41674500 77
41489280 134
41472000 958
41343750 2
41334300 62
41287680 141
41160000 131
41150592 192
41006250 1
40960000 46
40841010 7
40824000 1163
40642560 663
40516875 1
40507614 4
40500000 83
40336800 18
40320000 822
40310784 104
40186125 2
40140800 55
40007520 279
40000000 13
39813120 315
39690000 299
39680928 56
39513600 435
39375000 12
39366000 161
39337984 4
39321600 52
39200000 96
39191040 866
38896200 108
38880000 817
38723328 10
38707200 1006
38587500 17
38578680 132
38535168 6
38416000 34
38400000 199
38272500 63
38263752 4
38118276 2
38102400 1285
37933056 84
37815750 2
37800000 407
37791360 239
37748736 4
37647680 1
37632000 417
37507050 27
37340352 51
37324800 1012
37200870 15
37158912 103
37044000 337
36905625 2
36879360 62
36864000 366
36756909 1
36750000 24
36741600 648
36700160 5
36578304 303
36450000 119
36303120 25
36288000 1778
36126720 254
36015000 21
36006768 69
36000000 153
35840000 110
35831808 96
35721000 305
35562240 453
35437500 13
35429400 59
35389440 121
35294700 2
35280000 553
35271936 185
35123200 61
35006580 48
35000000 25
34992000 779
34836480 956
34728750 13
34720812 23
34574400 157
34560000 747
34445250 19
34420736 1
34406400 170
34300000 28
34292160 629
34034175 2
34020000 644
34012224 37
33882912 1
33868800 1185
33756345 6
33750000 16
33718272 13
33614000 4
33600000 312
33592320 512
33339600 336
33191424 42
33177600 682
33075000 88
33067440 211
33030144 18
32928000 230
32805000 76
32768000 35
32672808 6
32659200 1841
32514048 164
32413500 26
32400000 403
32269440 22
32256000 953
32148900 127
32112640 24
32006016 153
32000000 40
31893750 8
31886460 10
31850496 58
31752000 1123
31610880 253
31513125 1
31505922 10
31500000 97
31492800 424
31457280 8
31360000 157
31352832 270
31255875 5
31250000 1
31116960 138
31104000 1367
31000725 2
30965760 448
30870000 122
30862944 94
30732800 38
30720000 208
30625000 2
30618000 524
30481920 994
30375000 20
30252600 28
30240000 1194
30233088 94
30118144 1
30105600 339
30012500 2
30005640 147
30000000 22
29859840 512
29767500 75
29760696 30
29635200 586
29524500 37
29503488 12
29491200 196
29400000 129
29393280 809
29360128 2
29172150 21
29160000 578
29042496 15
29030400 1838
28934010 26
28901376 41
28812000 58
28800000 379
28704375 1
28672000 128
28576800 917
28449792 165
28350000 234
28343520 129
28311552 16
28235760 8
28224000 947
28098560 31
28005264 41
28000000 40
27993600 1128
27869184 205
27783000 204
27659520 119
27648000 885
27562500 14
27556200 258
27525120 60
27440000 67
27433728 296
27337500 25
27227340 15
27216000 1902
27095040 640
27011250 4
27005076 16
27000000 125
26891200 5
26880000 510
26873856 131
26790750 43
26671680 506
26572050 5
26542080 290
26471025 1
26460000 516
26453952 147
26342400 278
26254935 6
26250000 9
26244000 440
26214400 18
26127360 1345
25930800 138
25920000 1042
25815552 4
25804800 691
25725000 24
25719120 326
25690112 1
25600000 58
25515000 219
25509168 16
25412184 1
25401600 1704
25312500 2
25288704 51
25210500 5
25200000 424
25194240 437
25165824 3
25088000 168
25004700 130
25000000 3
24893568 81
24883200 1228
24806250 10
24800580 45
24772608 91
24696000 385
24603750 12
24586240 22
24576000 186
24504606 3
24500000 22
24494400 1424
24385536 290
24310125 1
24300000 255
24202080 34
24192000 1831
24111675 4
24084480 117
24010000 12
24004512 111
24000000 100
23914845 1
23887872 99
23814000 655
23708160 487
23625000 39
23619600 206
23592960 84
23529800 1
23520000 404
23514624 328
23337720 59
23328000 1378
23224320 925
23152500 43
23147208 50
23049600 109
23040000 651
22963500 137
22937600 53
22861440 1050
22781250 4
22689450 4
22680000 1118
22674816 76
22588608 1
22579200 922
22504230 29
22500000 34
22478848 5
22400000 127
22394880 712
22325625 1
22235661 1
22226400 540
22143375 1
22127616 46
22118400 574
22050000 115
22044960 468
22020096 9
21952000 135
21870000 262
21781872 12
21772800 2366
21676032 146
21609000 70
21600000 482
21512960 9
21504000 531
21437500 1
21432600 400
21337344 203
21262500 41
21257640 29
21233664 51
21176820 2
21168000 1350
21073920 132
21003948 15
21000000 110
20995200 844
20971520 2
20901888 379
20837250 45
20744640 167
20736000 1463
20671875 1
20667150 29
20643840 265
20580000 135
20575296 213
20480000 75
20420505 2
20412000 1159
20321280 1177
20253807 2
20250000 55
20168400 27
20160000 1094
20155392 153
20070400 111
20003760 344
20000000 17
19906560 537
19845000 217
19840464 65
19765032 1
19756800 551
19687500 5
19683000 131
19668992 1
19660800 100
19600000 86
19595520 1386
19448100 49
19440000 940
19361664 9
19353600 1653
19293750 5
19289340 108
19267584 23
19208000 51
19200000 229
19136250 28
19131876 4
19051200 1536
18966528 143
18907875 2
18900000 375
18895680 273
18874368 11
18823840 1
18816000 614
18753525 6
18750000 4
18670176 69
18662400 1590
18600435 1
18579456 200
18522000 333
18439680 83
18432000 623
18375000 14
18370800 639
18350080 19
18289152 405
18225000 74
18151560 28
18144000 2450
18063360 447
18007500 8
18003384 56
18000000 160
17920000 213
17915904 166
17860500 176
17781120 627
17718750 4
17714700 35
17694720 214
17640000 595
17635968 257
17561600 105
17503290 25
17500000 11
17496000 837
17418240 1573
17364375 2
17360406 7
17287200 147
17280000 1087
17222625 2
17210368 2
17203200 338
17150000 19
17146080 722
17010000 560
17006112 35
16941456 1
16934400 1685
16875000 9
16859136 33
16807000 3
16800000 364
16796160 765
16777216 1
16669800 280
16595712 64
16588800 1231
16537500 37
16533720 173
16515072 36
16464000 294
16402500 43
16384000 58
16336404 8
16329600 2275
16257024 302
16206750 13
16200000 413
16134720 17
16128000 1481
16074450 59
16056320 48
16003008 183
16000000 45
15943230 8
15925248 119
15876000 1136
15805440 378
15752961 1
15750000 73
15746400 449
15728640 35
15680000 180
15676416 457
15558480 152
15552000 1870
15482880 751
15435000 102
15431472 108
15366400 54
15360000 297
15309000 428
15240960 1399
15187500 10
15126300 13
15120000 1409
15116544 124
15052800 484
15002820 108
15000000 25
14929920 910
14883750 24
14880348 9
14817600 696
14762250 23
14751744 24
14745600 395
14700000 127
14696640 939
14680064 2
14586075 6
14580000 531
14521248 14
14515200 2777
14467005 6
14450688 75
14406000 71
14400000 495
14336000 195
14288400 829
14224896 216
14175000 142
14171760 86
14155776 26
14117880 2
14112000 1191
14062500 1
14049280 52
14002632 52
14000000 59
13996800 1462
13934592 380
13891500 112
13829760 157
13824000 1358
13781250 2
13778100 125
13762560 110
13720000 82
13716864 321
13668750 6
13613670 9
13608000 2006
13547520 998
13502538 9
13500000 107
13445600 13
13440000 694
13436928 209
13395375 5
13335840 521
13286025 2
13271040 549
13230000 376
13226976 152
13176688 1
13171200 356
13125000 8
13122000 328
13107200 22
13063680 1849
12965400 112
12960000 1311
12907776 7
12902400 1121
12862500 6
12859560 291
12845056 9
12800000 97
12757500 120
12754584 8
12700800 1937
12644352 106
12605250 2
12600000 424
12597120 534
12582912 1
12544000 234
12502350 61
12500000 1
12446784 87
12441600 1852
12400290 20
12386304 150
12348000 396
12293120 37
12288000 290
12250000 19
12247200 1282
12192768 471
12150000 185
12101040 28
12096000 2501
12042240 247
12005000 11
12002256 121
12000000 113
11943936 201
11907000 497
11854080 593
11812500 24
11809800 122
11796480 150
11760000 423
11757312 458
11668860 62
11664000 1587
11612160 1589
11576250 17
11573604 32
11524800 115
11520000 870
11481750 47
11468800 114
11430720 1219
11340000 922
11337408 68
11294304 1
11289600 1309
11252115 6
11250000 20
11239424 13
11200000 157
11197440 1058
11160261 1
11113200 509
11063808 54
11059200 1014
11025000 80
11022480 427
11010048 22
10976000 144
10935000 142
10890936 16
10886400 3051
10838016 277
10804500 35
10800000 510
10756480 7
10752000 825
10716300 229
10668672 266
10631250 21
10628820 28
10616832 97
10588410 3
10584000 1365
10536960 200
10504375 1
10501974 9
10500000 86
10497600 886
10485760 6
10450944 581
10418625 15
10372320 182
10368000 2081
10333575 6
10321920 485
10290000 104
10287648 251
10240000 110
10206000 908
10160640 1552
10125000 34
10084200 14
10080000 1220
10077696 201
10035200 178
10001880 259
10000000 18
9953280 992
9922500 106
9920232 45
9878400 655
9843750 1
9841500 57
9834496 6
9830400 172
9800000 84
9797760 1638
9724050 33
9720000 958
9680832 15
9676800 2466
9646875 2
9644670 39
9633792 36
9604000 32
9600000 307
9568125 6
9565938 3
9525600 1456
9483264 227
9450000 263
9447840 289
9437184 22
9411920 1
9408000 724
9335088 58
9331200 2016
9289728 330
9261000 245
9219840 96
9216000 915
9187500 5
9185400 469
9175040 33
9144576 503
9112500 32
9075780 20
9072000 2669
9031680 721
9001692 42
9000000 130
8960000 244
8957952 294
8930250 60
8890560 677
8859375 1
8857350 15
8847360 394
8820000 525
8817984 286
8780800 133
8751645 1
8750000 8
8748000 811
8709120 2255
8680203 4
8643600 124
8640000 1304
8605184 3
8601600 542
8575000 11
8573040 615
8505000 350
8503056 34
8470728 2
8467200 1979
8437500 6
8429568 42
8403500 1
8400000 340
8398080 900
8334900 152
8297856 100
8294400 1872
8268750 18
8266860 74
8257536 78
8232000 303
8201250 14
8192000 91
8168202 5
8164800 2372
8128512 460
8103375 5
8100000 353
8067360 19
8064000 1986
8037225 12
8028160 71
8001504 175
8000000 47
7962624 224
7938000 826
7902720 478
7875000 40
7873200 367
7864320 58
7840000 187
7838208 635
7779240 113
7776000 2135
7741440 1221
7717500 55
7715736 74
7683200 52
7680000 481
7654500 211
7620480 1694
7593750 3
7563150 8
7560000 1333
7558272 151
7526400 739
7501410 47
7500000 13
7464960 1336
7441875 5
7440174 9
7408800 685
7381125 1
7375872 23
7372800 653
7350000 91
7348320 872
7340032 8
7290000 401
7260624 19
7257600 3341
7225344 125
7203000 30
7200000 462
7168000 276
7144200 631
7112448 297
7087500 72
7085880 81
7077888 59
7058940 3
7056000 1212
7024640 66
7001316 17
7000000 56
6998400 1617
6967296 587
6945750 57
6914880 171
6912000 1815
6890625 1
6889050 66
6881280 211
6860000 51
6858432 380
6806835 4
6804000 1754
6773760 1380
6751269 5
6750000 68
6722800 9
6720000 826
6718464 331
6667920 494
6635520 859
6615000 262
6613488 120
6585600 409
6562500 4
6561000 222
6553600 47
6531840 2304
6482700 83
6480000 1280
6453888 12
6451200 1643
6431250 5
6429780 171
6422528 8
6400000 111
6378750 35
6377292 6
6350400 1885
6322176 130
6300000 355
6298560 544
6291456 5
6272000 266
6251175 13
6250000 2
6223392 82
6220800 2492
6193152 250
6174000 292
6146560 40
6144000 452
6125000 8
6123600 1026
6096384 624
6075000 115
6050520 26
6048000 2771
6021120 341
6002500 8
6001128 87
6000000 95
5971968 336
5953500 237
5927040 686
5906250 8
5904900 79
5898240 239
5882450 2
5880000 414
5878656 499
5834430 29
5832000 1426
5806080 2098
5788125 3
5786802 14
5762400 91
5760000 991
5740875 8
5734400 167
5715360 1079
5670000 675
5668704 74
5647152 3
5644800 1612
5625000 6
5619712 13
5600000 133
5598720 1474
5556600 355
5531904 64
5529600 1409
5512500 41
5511240 285
5505024 33
5488000 132
5467500 64
5445468 9
5443200 3245
5419008 375
5402250 16
5400000 444
5378240 9
5376000 1054
5358150 94
5334336 241
5315625 2
5314410 4
5308416 170
5292000 1144
5268480 285
5250987 3
5250000 57
5248800 844
5242880 19
5225472 809
5186160 153
5184000 2333
5160960 765
5145000 50
5143824 233
5120000 168
5103000 598
5080320 1823
5062500 18
5042100 7
5040000 1155
5038848 271
5017600 224
5000940 137
5000000 17
4976640 1455
4961250 46
4960116 33
4939200 621
4920750 24
4917248 9
4915200 265
4900000 63
4898880 1584
4862025 3
4860000 748
4840416 19
4838400 2996
4822335 7
4816896 70
4802000 21
4800000 331
4762800 1146
4741632 279
4725000 153
4723920 187
4718592 31
4704000 815
4667544 50
4665600 2304
4644864 567
4630500 117
4609920 106
4608000 1207
4592700 230
4587520 55
4572288 593
4556250 10
4537890 8
4536000 2485
4515840 932
4501875 1
4500846 19
4500000 102
4480000 301
4478976 416
4465125 13
4445280 669
4428675 5
4423680 659
4410000 358
4408992 245
4390400 153
4375000 7
4374000 576
4354560 2669
4321800 106
4320000 1382
4302592 3
4300800 736
4287500 6
4286520 425
4252500 174
4251528 19
4235364 1
4233600 2131
4214784 70
4201750 2
4200000 279
4199040 935
4194304 1
4167450 73
4148928 91
4147200 2477
4134375 1
4133430 53
4128768 139
4116000 254
4100625 2
4096000 135
4082400 2066
4064256 629
4050000 207
4033680 24
4032000 2158
4014080 89
4000752 181
4000000 45
3981312 324
3969000 513
3951360 600
3937500 15
3936600 259
3932160 95
3920000 192
3919104 750
3889620 56
3888000 2085
3870720 1719
3858750 14
3857868 59
3841600 43
3840000 533
3827250 76
3810240 1599
3781575 4
3780000 1004
3779136 178
3764768 1
3763200 845
3750705 9
3750000 12
3732480 1714
3720087 1
3704400 522
3687936 33
3686400 916
3675000 49
3674160 698
3670016 8
3645000 203
3630312 16
3628800 3786
3612672 237
3601500 19
3600000 484
3584000 357
3572100 329
3556224 303
3543750 14
3542940 39
3538944 121
3529470 1
3528000 1179
3512320 85
3500658 6
3500000 31
3499200 1408
3483648 842
3472875 8
3457440 165
3456000 2145
3444525 10
3440640 327
3430000 50
3429216 396
3402000 1268
3386880 1710
3375000 35
3361400 7
3360000 795
3359232 387
3333960 313
3317760 1265
3307500 145
3306744 84
3292800 417
3280500 104
3276800 77
3265920 2398
3241350 26
3240000 1072
3226944 6
3225600 2187
3214890 61
3211264 14
3200000 111
3189375 2
3188646 2
3176523 1
3175200 1647
3161088 182
3150000 242
3149280 462
3145728 12
3136000 297
3125000 1
3111696 75
3110400 2781
3096576 394
3087000 169
3073280 33
3072000 594
3062500 1
3061800 643
3048192 731
3037500 38
3025260 7
3024000 2690
3010560 472
3001250 2
3000564 49
3000000 92
2985984 477
2976750 78
2963520 664
2953125 1
2952450 14
2949120 343
2940000 315
2939328 477
2917215 6
2916000 1088
2903040 2725
2893401 3
2881200 75
2880000 1096
2867200 235
2857680 858
2835000 420
2834352 53
2823576 2
2822400 1643
2812500 2
2809856 30
2800000 152
2799360 1549
2778300 187
2765952 59
2764800 1919
2756250 16
2755620 156
2752512 53
2744000 118
2733750 18
2722734 4
2721600 2920
2709504 494
2701125 1
2700000 336
2689120 8
2688000 1189
2679075 12
2667168 232
2657205 2
2654208 254
2646000 883
2634240 279
2625000 17
2624400 558
2621440 20
2612736 885
2593080 102
2592000 2421
2580480 1047
2572500 29
2571912 138
2560000 161
2551500 260
2540160 1848
2531250 1
2521050 5
2520000 965
2519424 290
2508800 262
2500470 74
2500000 10
2488320 1920
2480625 12
2480058 13
2469600 549
2460375 2
2458624 11
2457600 393
2450000 47
2449440 1318
2430000 502
2420208 18
2419200 3404
2408448 98
2401000 14
2400000 292
2381400 725
2370816 299
2362500 56
2361960 131
2359296 58
2352000 761
2333772 25
2332800 2221
2322432 730
2315250 38
2304960 110
2304000 1544
2296350 73
2293760 89
2286144 578
2278125 2
2268945 1
2268000 1922
2257920 1162
2250423 3
2250000 66
2240000 304
2239488 528
2222640 472
2211840 889
2205000 232
2204496 184
2195200 152
2187500 3
2187000 339
2177280 2890
2160900 48
2160000 1198
2151296 8
2150400 971
2143260 251
2126250 51
2125764 11
2117682 1
2116800 1907
2107392 81
2100875 1
2100000 204
2099520 930
2083725 13
2074464 71
2073600 2750
2066715 3
2064384 202
2058000 155
2048000 150
2041200 1374
2032128 681
2025000 118
2016840 12
2016000 2173
2007040 131
2000376 119
2000000 41
1990656 450
1984500 267
1975680 564
1968750 5
1968300 133
1966080 141
1960000 147
1959552 730
1944810 34
1944000 1746
1935360 2063
1929375 3
1928934 20
1920800 42
1920000 630
1913625 12
1905120 1383
1890000 690
1889568 134
1881600 917
1875000 7
1866240 1895
1852200 317
1843968 40
1843200 1180
1837500 20
1837080 388
1835008 14
1822500 94
1815156 6
1814400 3584
1806336 286
1800750 5
1800000 385
1792000 336
1786050 101
1778112 308
1771875 2
1771470 18
1769472 179
1764735 2
1764000 830
1756160 107
1750329 4
1750000 19
1749600 1072
1741824 1025
1728720 116
1728000 2312
1720320 496
1715000 23
1714608 314
1701000 714
1693440 1738
1687500 11
1680700 8
1680000 688
1679616 409
1666980 149
1658880 1631
1653750 29
1653372 41
1646400 351
1640250 31
1638400 79
1632960 2090
1620675 6
1620000 775
1613472 13
1612800 2323
1607445 13
1605632 24
1600000 111
1587600 1169
1580544 197
1575000 105
1574640 333
1572864 21
1568000 303
1555848 35
1555200 2757
1548288 490
1543500 78
1536640 43
1536000 693
1530900 310
1524096 723
1518750 7
1512630 5
1512000 2128
1505280 520
1500625 1
1500282 19
1500000 58
1492992 611
1488375 12
1481760 532
1476225 3
1474560 513
1470000 209
1469664 400
1458000 736
1451520 2812
1440600 41
1440000 935
1433600 311
1428840 507
1417500 150
1417176 31
1411200 1569
1404928 24
1400000 100
1399680 1354
1389150 58
1382976 78
1382400 2194
1378125 2
1377810 46
1376256 67
1372000 86
1366875 2
1360800 2210
1354752 578
1350000 227
1344560 7
1344000 1208
1333584 201
1327104 331
1323000 441
1317120 314
1312500 12
1312200 319
1310720 42
1306368 919
1296540 63
1296000 2109
1290240 1273
1286250 3
1285956 87
1280000 200
1275750 77
1270080 1720
1260000 704
1259712 243
1254400 280
1250235 12
1250000 5
1244160 2140
1240029 2
1234800 379
1229312 13
1228800 462
1225000 22
1224720 917
1215000 240
1210104 10
1209600 3233
1204224 120
1200500 7
1200000 233
1190700 303
1185408 279
1181250 10
1180980 65
1179648 92
1176000 585
1166886 14
1166400 1872
1161216 897
1157625 10
1152480 68
1152000 1581
1148175 15
1146880 131
1143072 457
1134000 1204
1128960 1236
1125000 25
1120000 255
1119744 594
1111320 308
1105920 1102
1102500 81
1102248 136
1097600 120
1093500 135
1088640 2654
1080450 26
1080000 892
1075648 2
1075200 1117
1071630 73
1063125 6
1062882 3
1058400 1331
1053696 109
1050000 121
1049760 665
1048576 6
1037232 58
1036800 2861
1032192 260
1029000 86
1024000 197
1020600 809
1016064 699
1012500 49
1008420 2
1008000 1925
1003520 154
1000188 75
1000000 30
995328 550
992250 70
987840 445
984150 37
983040 206
980000 113
979776 625
972405 6
972000 1172
967680 2317
964467 4
960400 18
960000 550
952560 896
945000 343
944784 106
940800 841
937500 3
933120 1865
926100 123
921984 45
921600 1363
918750 6
918540 208
917504 22
911250 25
907578 8
907200 2764
903168 325
900375 2
900000 246
896000 389
893025 20
889056 225
885735 1
884736 246
882000 531
878080 97
875000 10
874800 728
870912 1040
864360 76
864000 1950
860160 544
857500 7
857304 183
850500 319
846720 1573
843750 5
840350 2
840000 523
839808 397
833490 60
829440 1776
826875 6
826686 14
823200 278
820125 7
819200 111
816480 1483
810000 448
806736 7
806400 2275
802816 32
800000 91
793800 616
790272 201
787500 44
787320 199
786432 29
784000 244
777924 24
777600 2347
774144 625
771750 20
768320 27
768000 753
765625 1
765450 89
762048 627
759375 2
756315 1
756000 1576
752640 577
750141 3
750000 30
746496 668
740880 394
737280 618
735000 111
734832 271
729000 364
725760 2736
720300 19
720000 781
716800 308
714420 254
708750 37
708588 28
705894 2
705600 1144
702464 21
700000 68
699840 1094
694575 8
691488 53
691200 2245
688905 7
688128 129
686000 57
680400 1391
677376 600
675000 90
672280 5
672000 1079
666792 133
663552 415
661500 200
658560 272
656250 1
656100 133
655360 33
653184 896
648270 23
648000 1627
645120 1366
643125 1
642978 34
640000 150
637875 11
635040 1217
630000 424
629856 191
627200 259
625000 3
622080 1980
617400 191
614656 14
614400 571
612500 6
612360 490
607500 91
605052 3
604800 2790
602112 109
600250 4
600000 166
595350 89
592704 254
590625 4
590490 24
589824 126
588000 459
583200 1221
580608 900
576240 55
576000 1468
573440 132
571536 297
567000 598
564480 1095
562500 11
560000 181
559872 526
555660 117
552960 1288
551250 28
551124 52
548800 99
546750 41
544320 2100
540225 2
540000 602
537824 2
537600 1059
535815 13
529200 834
526848 97
525000 52
524880 402
524288 6
518616 27
518400 2478
516096 356
514500 44
512000 187
510300 284
508032 668
506250 11
504210 1
504000 1427
501760 159
500094 23
500000 18
497664 658
496125 14
493920 323
492075 4
491520 243
490000 71
489888 492
486000 669
483840 2341
480200 17
480000 444
476280 500
472500 122
472392 48
470400 720
468750 1
466560 1561
463050 43
460992 31
460800 1421
459270 62
458752 20
455625 5
453789 2
453600 1919
451584 327
450000 128
448000 332
444528 169
442368 268
441000 257
439040 101
437500 5
437400 339
435456 995
432180 34
432000 1529
430080 615
428750 6
428652 83
425250 92
423360 1230
421875 1
420000 328
419904 310
416745 9
414720 1858
413343 3
411600 174
409600 123
408240 964
405000 252
403368 4
403200 2010
401408 36
400000 64
396900 251
395136 151
393750 9
393660 62
393216 50
392000 168
388962 10
388800 1722
387072 638
385875 4
384160 24
384000 716
382725 19
381024 397
378000 865
376320 547
375000 7
373248 646
370440 214
368640 710
367500 37
367416 159
364500 170
362880 2235
360150 6
360000 548
358400 300
357210 87
354375 6
354294 3
352800 831
351232 25
350000 40
349920 763
345744 37
345600 2058
344064 136
343000 24
340200 707
338688 509
337500 25
336000 803
333396 49
331776 500
330750 43
329280 188
328050 37
327680 49
326592 691
324135 5
324000 997
322560 1415
320000 147
317520 801
315000 185
314928 107
313600 243
311040 1702
308700 78
307328 7
307200 597
306250 2
306180 232
303750 24
302526 4
302400 2062
301056 140
300000 111
297675 19
296352 157
295245 7
294912 157
294000 218
291600 741
290304 912
288120 29
288000 1177
286720 143
285768 179
283500 207
282240 879
281250 3
280000 135
279936 476
277830 36
276480 1320
275625 2
275562 19
274400 64
273375 4
272160 1380
270000 306
268912 3
268800 1002
264600 440
263424 89
262500 20
262440 233
262144 5
259308 24
259200 1914
258048 359
257250 11
256000 188
255150 94
254016 512
253125 1
252000 803
250880 147
250047 6
250000 4
248832 646
246960 201
245760 281
245000 22
244944 289
243000 325
241920 1912
240100 7
240000 366
238140 227
236250 35
236196 18
235200 498
233280 1185
231525 11
230496 14
230400 1347
229635 11
229376 18
226800 1149
225792 328
225000 51
224000 289
222264 80
221184 312
220500 110
219520 58
218700 151
217728 783
216090 6
216000 1123
215040 637
214326 20
212625 17
211680 850
210000 200
209952 216
207360 1645
205800 79
204800 152
204120 485
202500 83
201684 3
201600 1567
200704 30
200000 45
198450 97
197568 114
196875 1
196830 22
196608 46
196000 121
194481 4
194400 1073
193536 683
192080 10
192000 635
190512 309
189000 413
188160 410
187500 1
186624 561
185220 96
184320 722
183750 9
183708 85
182250 26
181440 1678
180075 2
180000 342
179200 270
178605 8
177147 2
176400 465
175616 25
175000 17
174960 470
172872 17
172800 1655
172032 140
171500 13
170100 287
169344 419
168750 11
168070 1
168000 527
166698 11
165888 519
165375 13
164640 139
164025 6
163840 49
163296 473
162000 555
161280 1265
160000 114
158760 399
157500 85
157464 55
156800 168
156250 1
155520 1419
154350 27
153664 2
153600 558
153125 1
153090 76
151875 2
151263 2
151200 1300
150528 135
150000 47
148176 102
147456 186
147000 120
145800 352
145152 835
144060 14
144000 885
143360 132
142884 84
141750 66
141120 632
140625 1
140000 77
139968 336
138915 7
138240 1266
137781 4
137200 44
136080 797
135000 126
134456 1
134400 813
132300 160
131712 46
131250 4
131220 86
131072 10
129654 5
129600 1408
129024 394
128625 2
128000 167
127575 8
127008 351
126000 469
125440 114
125000 4
124416 538
123480 95
122880 301
122500 8
122472 142
121500 111
120960 1484
120050 4
120000 204
119070 50
118125 4
118098 3
117600 316
116640 708
115248 8
115200 1062
114688 20
113400 523
112896 260
112500 17
112000 169
111132 30
110592 344
110250 23
109760 48
109350 45
108864 579
108000 696
107520 581
107163 4
105840 442
105000 65
104976 119
103680 1337
102900 37
102400 143
102060 189
101250 21
100800 979
100352 34
100000 20
99225 13
98784 90
98415 2
98304 59
98000 53
97200 587
96768 564
96040 5
96000 488
95256 151
94500 150
94080 359
93312 420
92610 23
92160 708
91875 2
91854 16
91125 5
90720 1002
90000 145
89600 216
88200 220
87808 23
87500 4
87480 191
86436 6
86400 1218
86016 154
85750 8
85050 61
84672 300
84000 311
83349 7
82944 479
82320 89
81920 66
81648 246
81000 217
80640 1014
80000 84
79380 151
78750 35
78732 20
78400 102
77760 1001
77175 4
76832 3
76800 482
76545 9
75600 666
75264 119
75000 20
74088 51
73728 193
73500 44
72900 145
72576 568
72030 4
72000 530
71680 133
71442 20
70875 5
70560 409
70000 35
69984 214
69120 1026
68600 20
68040 381
67500 44
67228 2
67200 560
66150 41
65856 44
65625 4
65610 17
65536 15
64827 1
64800 792
64512 320
64000 135
63504 180
63000 218
62720 100
62500 2
62208 463
61740 47
61440 273
61250 1
61236 53
60750 35
60480 975
60000 125
59535 12
59049 1
58800 149
58320 395
57624 5
57600 833
57344 33
56700 166
56448 198
56250 1
56000 96
55566 6
55296 337
55125 3
54880 36
54675 1
54432 357
54000 305
53760 435
52920 199
52500 23
52488 64
51840 969
51450 9
51200 111
51030 54
50625 1
50400 567
50176 28
50000 10
49392 54
49152 65
49000 25
48600 286
48384 448
48020 1
48000 320
47628 63
47250 29
47040 211
46656 295
46305 2
46080 564
45927 3
45360 528
45000 63
44800 181
44100 77
43904 10
43740 70
43218 2
43200 750
43008 122
42875 1
42525 12
42336 201
42000 146
41472 400
41160 36
40960 59
40824 136
40500 78
40320 720
40000 47
39690 51
39375 4
39366 6
39200 69
38880 535
38416 4
38400 366
37800 287
37632 91
37500 7
37044 22
36864 163
36750 15
36450 38
36288 381
36015 1
36000 304
35840 108
35721 3
35280 213
35000 19
34992 118
34560 773
34300 4
34020 131
33750 8
33600 328
33075 11
32928 42
32805 2
32768 5
32400 435
32256 279
32000 97
31752 89
31500 62
31360 69
31104 291
30870 6
30720 201
30618 17
30375 2
30240 599
30000 66
29400 70
29160 178
28812 4
28800 582
28672 31
28350 62
28224 146
28000 69
27783 2
27648 306
27440 14
27216 205
27000 133
26880 312
26460 83
26250 7
26244 23
25920 581
25725 1
25600 93
25515 13
25200 303
25088 29
25000 1
24696 27
24576 54
24500 12
24300 97
24192 343
24010 2
24000 166
23814 12
23625 7
23520 141
23328 177
23040 442
22680 249
22500 26
22400 108
22050 19
21952 11
21870 15
21600 424
21504 95
21168 97
21000 62
20736 287
20580 19
20480 64
20412 44
20250 30
20160 442
20000 24
19845 8
19683 2
19600 32
19440 289
19208 5
19200 234
18900 95
18816 66
18750 1
18522 10
18432 151
18375 2
18225 4
18144 208
18000 144
17920 74
17640 86
17500 13
17496 46
17280 489
17150 2
17010 46
16800 203
16464 17
16384 11
16200 196
16128 192
16000 51
15876 36
15750 16
15680 48
15552 235
15435 2
15360 189
15309 1
15120 293
15000 26
14700 19
14580 56
14400 318
14336 30
14175 6
14112 78
14000 35
13824 227
13720 6
13608 93
13500 48
13440 234
13230 16
13122 2
12960 328
12800 69
12600 131
12544 22
12500 2
12348 12
12288 60
12250 3
12150 17
12096 164
12000 103
11907 3
11760 70
11664 83
11520 352
11340 70
11250 4
11200 63
11025 4
10976 7
10935 6
10800 215
10752 76
10584 35
10500 21
10368 198
10290 7
10240 49
10206 11
10125 1
10080 233
10000 9
9800 12
9720 109
9600 182
9450 21
9408 49
9261 4
9216 119
9072 100
9000 57
8960 52
8820 26
8750 1
8748 13
8640 353
8505 5
8400 87
8232 4
8192 13
8100 48
8064 158
8000 35
7938 3
7875 3
7840 22
7776 111
7680 136
7560 131
7500 2
7350 5
7290 12
7200 142
7168 16
7056 51
7000 8
6912 118
6860 3
6804 27
6750 6
6720 126
6615 3
6480 172
6400 52
6300 33
6272 10
6250 1
6174 2
6144 37
6075 4
6048 102
6000 29
5880 32
5832 32
5760 176
5670 17
5625 1
5600 28
5488 2
5400 71
5376 67
5292 10
5250 4
5184 113
5145 1
5120 32
5103 2
5040 118
5000 5
4900 4
4860 33
4800 94
4725 6
4704 16
4608 87
4536 54
4500 16
4480 34
4410 12
4374 2
4320 152
4200 36
4116 4
4096 8
4050 7
4032 82
4000 21
3969 2
3920 10
3888 42
3840 104
3780 45
3750 2
3645 2
3600 72
3584 14
3528 20
3500 5
3456 107
3402 5
3375 1
3360 63
3240 70
3200 33
3150 13
3136 6
3087 1
3072 33
3024 57
3000 20
2940 2
2916 10
2880 106
2835 1
2800 27
2700 30
2688 37
2646 2
2592 54
2560 23
2520 44
2500 2
2450 3
2430 5
2400 48
2352 11
2304 42
2268 18
2250 3
2240 14
2205 1
2187 1
2160 70
2100 8
2048 10
2025 1
2016 35
2000 8
1944 23
1920 58
1890 5
1800 31
1792 9
1764 6
1728 55
1680 31
1620 21
1600 12
1568 3
1536 22
1512 25
1500 2
1470 2
1458 3
1440 57
1400 4
1350 5
1344 17
1323 1
1296 29
1280 17
1260 18
1200 20
1176 2
1152 32
1134 4
1120 6
1080 31
1050 6
1024 7
1008 18
1000 4
980 2
972 8
960 42
945 1
900 12
896 6
882 1
864 25
840 11
810 10
800 12
784 2
768 15
756 4
750 1
720 19
700 2
675 1
672 6
648 8
640 6
630 1
600 4
588 1
576 17
560 7
540 6
512 1
504 5
500 1
480 15
448 3
441 2
432 6
420 3
405 2
400 6
384 4
378 2
360 8
336 1
324 2
320 2
300 2
294 1
288 8
270 3
256 1
252 1
240 4
224 2
216 6
210 2
192 5
189 1
180 3
168 2
162 3
160 5
150 2
144 2
120 1
108 3
100 1
72 1
64 1
54 1
48 1
40 1
14 1
