5248800000 1
5103000000 1
4199040000 1
3674160000 2
3542940000 2
3499200000 2
3456000000 1
3359232000 1
3265920000 1
3188646000 1
3175200000 3
3110400000 2
3024000000 1
2985984000 1
2976069600 1
2949120000 1
2939328000 3
2903040000 2
2834352000 2
2800000000 1
2799360000 2
2764800000 2
2755620000 1
2646000000 1
2645395200 1
2624400000 2
2612736000 2
2592000000 1
2571912000 2
2560000000 1
2551500000 1
2550916800 1
2540160000 3
2520000000 1
2519424000 2
2500470000 1
2449440000 4
2419200000 3
2380855680 1
2351462400 2
2332800000 1
2314720800 1
2304000000 2
2286144000 5
2268000000 2
2257920000 1
2239488000 1
2232052200 1
2222640000 3
2211840000 1
2204496000 2
2187000000 2
2177280000 5
2143260000 2
2116800000 4
2116316160 1
2100000000 1
2099520000 3
2073600000 4
2066715000 1
2064384000 1
2057529600 1
2041200000 3
2040733440 2
2032128000 1
2025380700 1
2015539200 4
2000376000 1
1990656000 4
1984500000 1
1984046400 2
1968300000 1
1959552000 9
1944000000 2
1935360000 2
1928934000 5
1913187600 1
1905120000 1
1889568000 1
1881169920 2
1866240000 4
1857945600 1
1843200000 1
1837080000 4
1828915200 1
1814400000 7
1813985280 1
1806336000 4
1800338400 3
1792000000 1
1786050000 2
1778112000 2
1769472000 1
1763596800 4
1750329000 1
1749600000 3
1741824000 6
1736040600 3
1728720000 1
1728000000 1
1714608000 5
1700611200 3
1693440000 4
1679616000 4
1658880000 5
1653372000 4
1651507200 1
1646400000 1
1646023680 2
1632960000 10
1625702400 3
1620304560 1
1620000000 1
1612800000 8
1607445000 4
1605632000 1
1600300800 3
1592524800 2
1587600000 4
1587237120 3
1580544000 2
1575000000 1
1574640000 2
1568000000 2
1562436540 1
1555848000 3
1555200000 9
1543500000 1
1543147200 3
1536000000 4
1530900000 1
1530550080 2
1524096000 4
1512000000 6
1511654400 4
1505280000 2
1492992000 7
1488034800 1
1481760000 4
1469664000 11
1463132160 1
1458000000 2
1451520000 6
1446700500 1
1445068800 2
1440270720 2
1440000000 1
1433600000 1
1433272320 1
1428840000 13
1422489600 2
1417176000 1
1411200000 7
1400263200 1
1399680000 7
1393459200 5
1389150000 2
1388832480 1
1382400000 12
1377810000 3
1376256000 1
1372000000 1
1371686400 12
1360800000 14
1360488960 1
1354752000 2
1350253800 1
1344560000 1
1344000000 3
1343692800 5
1339231320 1
1333584000 6
1327104000 3
1323000000 2
1322697600 12
1317120000 1
1312200000 1
1306368000 15
1302030450 1
1296540000 1
1296000000 4
1290240000 10
1285956000 4
1280240640 1
1280000000 1
1275750000 1
1275458400 1
1270080000 18
1264435200 1
1259712000 5
1254400000 1
1254113280 1
1250235000 4
1244678400 2
1244160000 11
1240029000 1
1238630400 3
1234800000 2
1234517760 3
1224720000 14
1219276800 7
1215000000 5
1210104000 2
1209600000 15
1209323520 1
1204224000 1
1200225600 2
1194393600 2
1190700000 6
1190427840 2
1185408000 4
1180980000 6
1176000000 1
1175731200 12
1171827405 1
1166886000 1
1166400000 5
1161216000 20
1157360400 2
1152000000 10
1146880000 1
1143072000 18
1137991680 2
1134000000 7
1133740800 5
1128960000 15
1125211500 1
1120210560 1
1120000000 1
1119744000 19
1116026100 2
1114767360 3
1111320000 8
1111065984 2
1106380800 2
1105920000 10
1102248000 14
1097349120 7
1093500000 3
1088640000 30
1088391168 1
1083801600 4
1080203040 2
1080000000 1
1075200000 2
1074954240 4
1071630000 4
1066867200 9
1062882000 2
1061683200 1
1058400000 18
1058158080 6
1053696000 1
1050197400 1
1050000000 1
1049760000 16
1045094400 20
1037232000 3
1036800000 12
1032192000 4
1028764800 17
1024192512 1
1024000000 1
1020600000 9
1016064000 27
1008000000 11
1007769600 10
1003520000 3
1000188000 5
995742720 3
995328000 11
992023200 10
987840000 5
987614208 2
983449600 2
983040000 1
980184240 1
980000000 2
979776000 29
975421440 4
972405000 2
972000000 2
967680000 18
964467000 3
963379200 1
960180480 6
960000000 5
956593800 2
955514880 3
952560000 28
952342272 1
948326400 5
945000000 2
944784000 13
940800000 5
940584960 5
933508800 8
933120000 28
928972800 11
926100000 4
925888320 4
921600000 4
918540000 24
914457600 15
907200000 22
906992640 6
903168000 13
900169200 6
896000000 6
895795200 14
893025000 1
892820880 1
889056000 22
885735000 1
884736000 7
882000000 8
881798400 25
874800000 11
870912000 49
868020300 4
867041280 2
864360000 4
864000000 12
860160000 5
857304000 21
853493760 5
850500000 5
850305600 2
849346560 1
846720000 23
846526464 2
840157920 4
840000000 3
839808000 43
836075520 5
833490000 6
829785600 5
829440000 15
826686000 7
825753600 2
823200000 8
823011840 10
816820200 1
816480000 50
812851200 22
810152280 2
810000000 2
806400000 22
806215680 9
803722500 2
800150400 20
800000000 2
796262400 7
793800000 19
793618560 11
790272000 14
787320000 8
784000000 4
783820800 45
781218270 2
780337152 1
777924000 8
777600000 28
774466560 2
774144000 19
771750000 2
771573600 28
768320000 2
768144384 2
768000000 6
762048000 49
756315000 1
756000000 14
755827200 18
754974720 1
752640000 11
752467968 1
750141000 6
746807040 3
746496000 40
744017400 9
743178240 3
740880000 17
740710656 7
737587200 2
737280000 7
735000000 1
734832000 42
731566080 12
729000000 10
726062400 4
725760000 68
725594112 2
722534400 5
720300000 1
720135360 13
720000000 1
717445350 1
716800000 6
716636160 2
714420000 21
714256704 3
711244800 19
708750000 1
708588000 12
707788800 4
705600000 33
705438720 20
703096443 1
702464000 4
700131600 6
699840000 32
696729600 27
694575000 1
694416240 4
693633024 1
691488000 9
691200000 23
688905000 10
688128000 6
686000000 4
685843200 47
680683500 1
680400000 35
680244480 4
677376000 36
675126900 6
672280000 1
672126336 2
672000000 14
671846400 26
669615660 1
666792000 23
663828480 8
663552000 25
661624362 1
661500000 4
661348800 25
660602880 1
658560000 8
658409472 8
656100000 7
655360000 2
653456160 1
653184000 78
651015225 1
650280960 6
648270000 1
648000000 28
645120000 40
644972544 3
642978000 21
640120320 23
640000000 2
637875000 1
637009920 2
635040000 59
634894848 6
632217600 12
630118440 4
630000000 10
629856000 28
627200000 6
627056640 20
625117500 2
624974616 1
622339200 14
622080000 58
620014500 2
619315200 11
617400000 15
617258880 14
614656000 2
614400000 8
612360000 38
609638400 57
607500000 4
606928896 1
605052000 1
604800000 46
604661760 11
602112000 15
600112800 23
597196800 18
595350000 8
595213920 6
592704000 35
590490000 10
590069760 1
589824000 2
588110544 1
588000000 9
587865600 79
585252864 2
583443000 4
583200000 36
580849920 5
580608000 84
578680200 9
578027520 3
576240000 3
576108288 3
576000000 15
574087500 1
573956280 1
573440000 1
573308928 2
571774140 1
571536000 71
568995840 16
567000000 12
566870400 11
564480000 41
564350976 4
562605750 1
561971200 2
560105280 9
560000000 7
559872000 55
558013050 1
557383680 13
555660000 19
555532992 4
553190400 5
552960000 38
551250000 3
551124000 31
550502400 2
548800000 10
548674560 37
546750000 2
544546800 4
544320000 91
544195584 1
541900800 31
540225000 3
540101520 10
540000000 8
537824000 1
537600000 19
537477120 15
535815000 11
535692528 1
533433600 40
531441000 4
530841600 11
529420500 1
529200000 31
529079040 30
526848000 15
525098700 2
525000000 1
524880000 34
524288000 1
522547200 79
520812180 3
520224768 2
518616000 10
518400000 45
516678750 2
516311040 1
516096000 24
514500000 2
514382400 57
512096256 4
512000000 6
510300000 27
510183360 7
509607936 1
508032000 113
506345175 1
505774080 2
504094752 1
504000000 21
503884800 41
501760000 9
501645312 8
500094000 22
497871360 6
497664000 56
496125000 1
496011600 11
495452160 3
493920000 32
493807104 12
492075000 3
491724800 1
491520000 6
490092120 3
490000000 2
489888000 114
487710720 24
486202500 3
486091368 3
486000000 18
484041600 4
483840000 81
483729408 2
482233500 9
481689600 4
480200000 5
480090240 39
480000000 5
478296900 1
477757440 9
476280000 62
476171136 6
474163200 44
472588830 1
472500000 5
472392000 25
471859200 6
470596000 2
470400000 20
470292480 30
466754400 19
466560000 69
464486400 49
463050000 15
462944160 15
460992000 2
460800000 32
459270000 20
458752000 1
457419312 1
457228800 105
455625000 1
455196672 2
453789000 3
453600000 71
453496320 18
451584000 50
450084600 12
450000000 3
448084224 6
448000000 8
447897600 50
446512500 5
446410440 2
445906944 2
444528000 64
442552320 5
442368000 22
441000000 18
440899200 82
440401920 1
439040000 10
438939648 8
437582250 1
437400000 23
435637440 5
435456000 152
434010150 5
433520640 7
432180000 11
432081216 4
432000000 35
430259200 2
430080000 30
429981696 2
428652000 62
426746880 33
425250000 7
425152800 10
424673280 5
423360000 99
423263232 21
421478400 14
420078960 15
420000000 6
419904000 80
418037760 34
416745000 9
416649744 6
415065672 1
414892800 22
414720000 83
413343000 12
413048832 1
412876800 15
411600000 16
411505920 49
409600000 3
408410100 5
408240000 130
408146688 5
406594944 1
406425600 90
405076140 3
405000000 4
404619264 2
403368000 3
403200000 61
403107840 20
401408000 9
400075200 56
398297088 3
398131200 44
396900000 36
396809280 16
395136000 44
393750000 4
393660000 26
393216000 5
392073696 1
392000000 8
391910400 150
390168576 5
388962000 14
388800000 65
387233280 1
387072000 95
385875000 1
385786800 45
385351680 4
384160000 7
384072192 6
384000000 12
382725000 8
382637520 2
382205952 2
381182760 1
381024000 180
379330560 15
378071064 2
378000000 39
377913600 49
377487360 1
376476800 1
376320000 52
376233984 6
375070500 8
373403520 12
373248000 110
372008700 3
371589120 15
370440000 36
370355328 4
368793600 7
368640000 31
367569090 2
367500000 2
367416000 107
367001600 1
365783040 64
364500000 4
363031200 9
362880000 202
362797056 5
361267200 31
360067680 23
360000000 12
358400000 13
358318080 20
357210000 42
357128352 3
355622400 69
354375000 1
354294000 14
353894400 14
352947000 1
352800000 65
352719360 54
351232000 9
350065800 11
350000000 1
349920000 108
348509952 1
348364800 145
347287500 1
347208120 15
346816512 4
345744000 18
345600000 63
344452500 11
344373768 1
344207360 1
344064000 26
343000000 3
342921600 135
341397504 11
340200000 76
340122240 9
338829120 1
338688000 140
337563450 3
337500000 1
337182720 3
336140000 2
336063168 8
336000000 24
335923200 95
334430208 4
333396000 58
331914240 11
331776000 79
330750000 4
330674400 65
330301440 7
329417200 1
329280000 26
329204736 18
328050000 14
327680000 7
326728080 9
326592000 273
325140480 47
324135000 5
324060912 4
324000000 55
322694400 5
322560000 89
322486272 3
321489000 44
321126400 4
320060160 49
320000000 4
318937500 1
318864600 10
318504960 8
317652300 1
317520000 128
317447424 6
316108800 42
315059220 4
315000000 14
314928000 70
314572800 3
313600000 22
313528320 89
312558750 3
311169600 27
311040000 130
310007250 2
309786624 1
309657600 64
308700000 29
308629440 53
307328000 8
307200000 19
306180000 87
304946208 1
304819200 209
303807105 1
303750000 2
303464448 3
302526000 7
302400000 128
302330880 35
301056000 38
300056400 46
300000000 4
298722816 9
298598400 76
297675000 11
297606960 12
297271296 7
296352000 116
295245000 9
295034880 8
294912000 15
294122500 1
294000000 13
293932800 207
292626432 22
291721500 3
291600000 66
290424960 8
290304000 260
289340100 11
289013760 17
288120000 11
288054144 12
288000000 38
286978140 1
286720000 9
285887070 1
285768000 170
284497920 49
283500000 38
283435200 40
283115520 1
282240000 129
282175488 10
280985600 5
280052640 21
280000000 4
279936000 174
278691840 57
277830000 37
277766496 6
276595200 21
276480000 92
275625000 3
275562000 68
275365888 1
275251200 11
274400000 12
274337280 128
273375000 4
272273400 4
272160000 251
272097792 10
270950400 112
270050760 20
270000000 17
268912000 2
268800000 53
268738560 57
267907500 13
267846264 3
266716800 113
265720500 9
265531392 2
265420800 45
264710250 1
264600000 71
264539520 72
264241152 1
263424000 40
262549350 3
262500000 2
262440000 80
262144000 5
261382464 3
261273600 290
260406090 2
260112384 7
259308000 34
259200000 118
258048000 84
257250000 2
257191200 118
256901120 2
256048128 15
256000000 8
255150000 47
255091680 2
254803968 1
254121840 1
254016000 310
252887040 12
252105000 2
252047376 3
252000000 52
251942400 106
250880000 34
250822656 25
250047000 43
248935680 37
248832000 161
248062500 2
248005800 25
247726080 18
247062900 1
246960000 79
246903552 19
245862400 6
245760000 25
245046060 4
245000000 4
244944000 283
243855360 100
243101250 1
243045684 3
243000000 32
242020800 8
241920000 248
241864704 11
241116750 1
240844800 12
240100000 5
240045120 65
240000000 15
238878720 34
238140000 124
238085568 8
237081600 112
236250000 4
236196000 48
236027904 2
235929600 11
235298000 1
235200000 57
235146240 114
233377200 34
233280000 203
232243200 212
231525000 7
231472080 36
231211008 2
230496000 18
230400000 63
229635000 39
229582512 1
229376000 15
228614400 292
227598336 18
226894500 5
226800000 159
226748160 42
226492416 1
225886080 2
225792000 161
225042300 17
225000000 3
224788480 5
224042112 5
224000000 15
223948800 177
223256250 2
223205220 3
222953472 7
222264000 129
221433750 1
221276160 18
221184000 84
220500000 24
220449600 168
220200960 1
219520000 22
219469824 21
218791125 1
218700000 40
217818720 8
217728000 456
217005075 1
216760320 56
216090000 17
216040608 9
216000000 51
215129600 1
215040000 66
214990848 15
214375000 1
214326000 120
213373440 98
212625000 5
212576400 16
212336640 16
211768200 2
211680000 202
211631616 35
210739200 30
210039480 13
210000000 6
209952000 183
209018880 156
208372500 9
208324872 3
207446400 67
207360000 224
206671500 25
206524416 1
206438400 54
205800000 13
205752960 143
204800000 7
204205050 1
204120000 244
204073344 2
203297472 1
203212800 292
202538070 6
202500000 8
202309632 7
201684000 1
201600000 159
201553920 90
200930625 1
200884698 1
200704000 28
200037600 108
200000000 1
199148544 7
199065600 134
198450000 50
198404640 38
198180864 5
197568000 132
196830000 33
196689920 3
196608000 16
196036848 2
196000000 12
195955200 349
195084288 26
194481000 17
194400000 151
193616640 6
193536000 297
192893400 47
192675840 10
192080000 9
192036096 18
192000000 32
191362500 6
191318760 3
191102976 4
190591380 1
190512000 358
189665280 53
189078750 1
189035532 3
189000000 64
188956800 116
188743680 2
188160000 85
188116992 40
187535250 7
186701760 40
186624000 319
186004350 6
185794560 72
185220000 66
185177664 15
184396800 21
184320000 90
183784545 1
183750000 1
183708000 195
183500800 6
182891520 209
182284263 1
182250000 17
181515600 10
181440000 435
181398528 13
180708864 1
180633600 118
180033840 45
180000000 13
179200000 34
179159040 91
178605000 53
178564176 5
177811200 184
177187500 1
177147000 10
177020928 6
176947200 70
176400000 94
176359680 171
175616000 33
175032900 19
174960000 189
174254976 4
174182400 391
173604060 17
173408256 11
172872000 54
172800000 153
172226250 3
172103680 5
172032000 77
171500000 5
171460800 266
170698752 30
170100000 84
170061120 21
169869312 2
169414560 3
169344000 351
168781725 2
168591360 11
168070000 3
168031584 12
168000000 42
167961600 219
167215104 31
166698000 101
165957120 40
165888000 220
165375000 7
165337200 83
165150720 15
164640000 52
164602368 47
164025000 11
163840000 7
163364040 8
163296000 545
162570240 142
162067500 6
162030456 6
162000000 61
161347200 6
161280000 247
161243136 12
160744500 36
160563200 13
160030080 132
160000000 6
159468750 1
159432300 4
159252480 54
158826150 3
158760000 251
158723712 25
158120256 2
158054400 124
157529610 4
157500000 13
157464000 132
157351936 1
157286400 9
156800000 39
156764160 253
156243654 2
155584800 64
155520000 336
154893312 1
154828800 198
154350000 17
154314720 106
154140672 1
153664000 9
153600000 60
153090000 127
153055008 3
152473104 1
152409600 436
151875000 1
151732224 12
151263000 5
151200000 242
151165440 83
150590720 1
150528000 113
150028200 80
150000000 3
149361408 19
149299200 273
148837500 9
148803480 22
148635648 12
148237740 1
148176000 198
147622500 4
147517440 10
147456000 59
147027636 1
147000000 37
146966400 383
146800640 2
146313216 48
145860750 10
145800000 107
145212480 10
145152000 619
144670050 14
144506880 48
144060000 25
144027072 28
144000000 61
143489070 1
143360000 47
143327232 12
142884000 291
142248960 125
141776649 1
141750000 29
141717600 64
141557760 17
141120000 273
141087744 52
140492800 15
140026320 42
140000000 9
139968000 348
139345920 192
138915000 59
138883248 13
138297600 66
138240000 232
137812500 1
137781000 61
137682944 1
137625600 36
137200000 14
137168640 286
136687500 3
136136700 8
136080000 449
136048896 10
135531648 1
135475200 325
135025380 21
135000000 21
134873088 2
134456000 6
134400000 111
134369280 144
133953750 6
133923132 1
133358400 229
132860250 3
132765696 14
132710400 135
132300000 99
132269760 119
132120576 1
131712000 91
131274675 1
131220000 104
131072000 10
130691232 6
130636800 635
130056192 37
129654000 50
129600000 222
129077760 10
129024000 251
128625000 4
128595600 144
128450560 5
128024064 52
128000000 14
127575000 40
127545840 17
127401984 3
127060920 1
127008000 548
126443520 62
126052500 1
126023688 6
126000000 89
125971200 225
125829120 3
125440000 53
125411328 72
125023500 43
124467840 72
124416000 450
124031250 1
124002900 17
123863040 69
123480000 121
123451776 62
122931200 13
122880000 66
122523030 4
122500000 6
122472000 444
121927680 271
121522842 4
121500000 44
121010400 15
120960000 530
120932352 26
120558375 3
120422400 77
120050000 2
120022560 127
120000000 19
119439360 108
119070000 139
119042784 24
118540800 267
118125000 5
118098000 56
118013952 1
117964800 46
117600000 85
117573120 309
116688600 47
116640000 365
116169984 6
116121600 506
115762500 10
115736040 57
115605504 6
115248000 44
115200000 173
114817500 28
114791256 2
114688000 33
114354828 2
114307200 506
113799168 35
113447250 2
113400000 247
113374080 69
113246208 2
112943040 2
112896000 322
112521150 13
112500000 1
112394240 2
112021056 24
112000000 48
111974400 355
111602610 2
111476736 47
111132000 191
110638080 47
110592000 234
110250000 33
110224800 236
110100480 9
109760000 48
109734912 73
109350000 44
108909360 15
108864000 881
108380160 148
108045000 10
108020304 25
108000000 92
107564800 8
107520000 179
107495424 26
107187500 2
107163000 129
106686720 191
106312500 3
106288200 21
106168320 45
105840000 380
105815808 70
105369600 96
105019740 15
105000000 8
104976000 282
104857600 1
104509440 382
104186250 4
104162436 11
103723200 93
103680000 499
103335750 9
103219200 170
102900000 29
102876480 232
102760448 1
102400000 32
102102525 1
102060000 295
102036672 10
101648736 2
101606400 653
101269035 1
101250000 10
101154816 10
100842000 10
100800000 281
100776960 173
100352000 44
100018800 199
100000000 3
99574272 21
99532800 328
99225000 47
99202320 82
99090432 10
98784000 228
98415000 40
98344960 7
98304000 51
98018424 6
98000000 23
97977600 750
97542144 79
97240500 22
97200000 204
96808320 14
96768000 603
96468750 2
96446700 44
96337920 25
96040000 13
96018048 59
96000000 55
95681250 2
95659380 3
95551488 32
95295690 5
95256000 546
94832640 152
94517766 4
94500000 59
94478400 154
94371840 8
94119200 1
94080000 183
94058496 87
93767625 1
93350880 93
93312000 585
92897280 208
92610000 81
92588832 45
92198400 53
92160000 217
91875000 2
91854000 231
91750400 13
91445760 424
91125000 5
90757800 11
90720000 658
90699264 34
90354432 1
90316800 296
90037500 1
90016920 63
90000000 33
89600000 62
89579520 221
89302500 40
89282088 12
88942644 1
88905600 358
88573500 9
88510464 6
88473600 147
88236750 1
88200000 143
88179840 297
88080384 2
87808000 60
87516450 7
87500000 1
87480000 265
87127488 6
87091200 889
86802030 10
86704128 23
86436000 69
86400000 279
86051840 3
86016000 171
85750000 7
85730400 420
85349376 69
85050000 126
85030560 29
84934656 5
84707280 7
84672000 706
84375000 1
84295680 43
84015792 18
84000000 75
83980800 407
83886080 2
83607552 73
83349000 116
82978560 82
82944000 520
82687500 6
82668600 93
82575360 62
82320000 107
82301184 98
82012500 7
81920000 21
81682020 10
81648000 856
81285120 344
81033750 5
81015228 8
81000000 78
80673600 15
80640000 519
80621568 36
80372250 20
80281600 29
80015040 237
80000000 8
79716150 3
79626240 133
79380000 331
79361856 52
79027200 222
78764805 2
78750000 11
78732000 203
78643200 21
78400000 53
78382080 536
78121827 1
77792400 93
77760000 585
77446656 3
77414400 502
77175000 25
77157360 129
77070336 3
76832000 26
76800000 100
76545000 117
76527504 5
76236552 1
76204800 879
75866112 42
75631500 3
75600000 356
75582720 139
75497472 1
75295360 1
75264000 219
75014100 72
75000000 2
74680704 47
74649600 546
74418750 4
74401740 15
74317824 44
74088000 313
73811250 3
73758720 26
73728000 182
73500000 31
73483200 570
73400320 5
73156608 146
72900000 133
72606240 30
72576000 1277
72335025 1
72253440 129
72030000 20
72013536 51
72000000 115
71680000 72
71663616 43
71442000 377
71124480 255
70875000 30
70858800 56
70778880 55
70560000 440
70543872 129
70246400 33
70013160 52
70000000 11
69984000 567
69672960 490
69457500 39
69441624 16
69148800 121
69120000 497
68890500 48
68812800 116
68600000 21
68584320 465
68343750 2
68068350 3
68040000 643
68024448 27
67765824 1
67737600 681
67512690 14
67500000 11
67436544 5
67228000 4
67200000 210
67184640 285
66976875 3
66961566 2
66679200 369
66382848 20
66355200 354
66150000 100
66134880 158
66060288 9
65856000 189
65625000 1
65610000 101
65536000 9
65345616 4
65318400 1219
65028096 77
64827000 37
64800000 376
64538880 6
64512000 562
64312500 2
64297800 190
64225280 18
64012032 88
64000000 22
63787500 24
63772920 8
63700992 17
63530460 1
63504000 839
63221760 145
63011844 9
63000000 90
62985600 343
62914560 5
62720000 84
62705664 153
62511750 16
62233920 110
62208000 833
62001450 9
61931520 198
61740000 136
61725888 88
61465600 27
61440000 100
61261515 2
61250000 4
61236000 581
60963840 630
60761421 2
60750000 36
60505200 13
60480000 897
60466176 51
60211200 155
60025000 3
60011280 143
60000000 26
59719680 257
59535000 133
59521392 21
59270400 443
59062500 5
59049000 60
59006976 9
58982400 91
58824500 1
58800000 131
58786560 576
58720256 1
58344300 31
58320000 507
58084992 21
58060800 1086
57881250 1
57868020 49
57802752 18
57624000 58
57600000 265
57408750 11
57395628 1
57344000 50
57177414 2
57153600 759
56899584 92
56700000 253
56687040 99
56623104 12
56471520 7
56448000 662
56260575 1
56250000 5
56197120 9
56010528 31
56000000 49
55987200 728
55738368 110
55566000 231
55319040 85
55296000 452
55125000 14
55112400 296
55050240 33
54880000 54
54867456 175
54675000 30
54454680 24
54432000 1466
54190080 306
54022500 8
54010152 24
54000000 138
53782400 8
53760000 355
53747712 76
53581500 76
53343360 361
53156250 2
53144100 18
53084160 139
52942050 1
52920000 541
52907904 114
52684800 146
52509870 13
52500000 15
52488000 401
52428800 6
52254720 745
52081218 2
51861600 135
51840000 745
51667875 3
51631104 5
51609600 349
51450000 39
51438240 320
51380224 1
51200000 49
51030000 295
51018336 8
50824368 2
50803200 1153
50625000 7
50577408 24
50421000 6
50400000 396
50388480 276
50176000 94
50009400 156
50000000 1
49787136 45
49766400 723
49612500 32
49601160 63
49545216 38
49412580 1
49392000 340
49207500 21
49172480 14
49152000 100
49009212 3
49000000 24
48988800 1099
48771072 189
48620250 11
48600000 230
48404160 24
48384000 1276
48223350 28
48168960 67
48020000 20
48009024 86
48000000 76
47840625 1
47829690 1
47775744 55
47628000 686
47416320 288
47258883 1
47250000 54
47239200 207
47185920 29
47059600 4
47040000 294
47029248 215
46675440 96
46656000 996
46448640 501
46305000 72
46294416 31
46099200 70
46080000 377
45937500 1
45927000 177
45875200 27
45722880 742
45562500 7
45378900 17
45360000 961
45349632 49
45158400 530
45008460 50
45000000 24
44957696 1
44800000 93
44789760 416
44651250 15
44452800 494
44286750 9
44255232 24
44236800 322
44100000 158
44089920 443
44040192 2
43904000 107
43758225 3
43750000 2
43740000 277
43563744 6
43545600 1636
43352064 76
43218000 67
43200000 439
43025920 11
43008000 310
42875000 4
42865200 437
42674688 117
42525000 85
42515280 48
42467328 24
42353640 1
42336000 1041
42147840 68
42017500 2
42007896 20
42000000 80
41990400 715
41943040 1
41803776 180
41674500 68
41489280 138
41472000 939
41343750 1
41334300 71
41287680 143
41177150 1
41160000 119
41150592 179
41006250 1
40960000 51
40841010 8
40824000 1126
40642560 727
40516875 1
40507614 1
40500000 77
40336800 16
40320000 798
40310784 109
40186125 1
40140800 75
40007520 307
40000000 7
39858075 3
39813120 317
39690000 311
39680928 51
39513600 434
39375000 8
39366000 194
39337984 3
39321600 52
39200000 64
39191040 925
38896200 71
38880000 828
38723328 8
38707200 893
38587500 12
38578680 131
38535168 12
38416000 32
38400000 156
38272500 63
38263752 5
38118276 4
38102400 1278
37933056 72
37815750 2
37800000 407
37791360 224
37748736 7
37647680 1
37632000 422
37507050 32
37500000 4
37340352 57
37324800 1004
37200870 12
37158912 97
37044000 382
36879360 57
36864000 342
36756909 3
36750000 25
36741600 687
36700160 7
36578304 233
36450000 120
36303120 37
36288000 1827
36126720 255
36015000 20
36006768 58
36000000 139
35840000 149
35831808 101
35721000 263
35562240 477
35437500 18
35429400 50
35389440 95
35294700 2
35280000 535
35271936 195
35123200 62
35006580 34
35000000 20
34992000 827
34836480 994
34728750 14
34720812 14
34574400 136
34560000 763
34445250 27
34420736 1
34406400 205
34300000 29
34292160 648
34034175 1
34020000 593
34012224 33
33882912 2
33868800 1198
33756345 1
33750000 15
33718272 14
33614000 5
33600000 277
33592320 527
33339600 372
33191424 36
33177600 707
33075000 87
33067440 234
33030144 31
32941720 1
32928000 236
32805000 86
32768000 29
32672808 6
32659200 1773
32514048 177
32413500 39
32400000 412
32269440 18
32256000 1020
32148900 125
32112640 27
32006016 141
32000000 52
31893750 14
31886460 10
31850496 61
31765230 2
31752000 1111
31610880 247
31505922 5
31500000 98
31492800 395
31457280 18
31360000 145
31352832 267
31255875 5
31116960 140
31104000 1314
31000725 4
30965760 389
30870000 120
30862944 109
30732800 37
30720000 229
30625000 3
30618000 547
30481920 1010
30375000 19
30252600 16
30240000 1216
30233088 92
30118144 1
30105600 320
30012500 4
30005640 127
30000000 31
29859840 505
29767500 92
29760696 20
29635200 630
29531250 1
29524500 39
29503488 8
29491200 204
29400000 159
29393280 803
29360128 2
29172150 27
29160000 592
29042496 12
29030400 1811
28934010 28
28901376 49
28812000 70
28800000 387
28704375 1
28697814 1
28672000 121
28576800 923
28449792 152
28350000 223
28343520 122
28311552 17
28235760 3
28224000 992
28098560 24
28005264 34
28000000 58
27993600 1091
27869184 218
27783000 190
27659520 121
27648000 882
27562500 11
27556200 259
27525120 59
27440000 76
27433728 296
27337500 18
27227340 11
27216000 1873
27095040 651
27011250 8
27005076 26
27000000 133
26891200 7
26880000 508
26873856 124
26790750 36
26671680 493
26572050 1
26542080 271
26460000 529
26453952 135
26342400 245
26254935 1
26250000 10
26244000 448
26214400 22
26127360 1274
26040609 1
25930800 133
25920000 1034
25815552 7
25804800 711
25725000 29
25719120 308
25690112 4
25600000 65
25515000 242
25509168 13
25412184 1
25401600 1649
25312500 1
25288704 50
25210500 4
25200000 470
25194240 436
25165824 3
25088000 162
25004700 114
25000000 2
24893568 78
24883200 1246
24806250 11
24800580 46
24772608 69
24696000 441
24603750 3
24586240 17
24576000 194
24504606 1
24500000 18
24494400 1268
24385536 294
24300000 253
24202080 30
24192000 1968
24111675 9
24084480 144
24010000 20
24004512 116
24000000 105
23887872 120
23814000 680
23708160 436
23625000 35
23619600 178
23592960 66
23529800 6
23520000 414
23514624 349
23337720 79
23328000 1338
23224320 987
23152500 57
23147208 36
23049600 105
23040000 626
22963500 132
22937600 62
22861440 1026
22689450 11
22680000 1038
22674816 72
22588608 3
22579200 970
22504230 33
22500000 24
22478848 10
22400000 132
22394880 752
22325625 3
22320522 7
22226400 604
22127616 39
22118400 586
22050000 130
22044960 460
22020096 6
21952000 124
21875000 2
21870000 226
21781872 20
21772800 2442
21676032 151
21609000 66
21600000 520
21512960 10
21504000 515
21437500 4
21432600 345
21337344 188
21262500 52
21257640 31
21233664 49
21176820 6
21168000 1348
21073920 106
21008750 1
21003948 19
21000000 83
20995200 893
20971520 5
20901888 337
20837250 34
20744640 163
20736000 1543
20671875 1
20667150 28
20643840 289
20580000 118
20575296 215
20480000 62
20420505 1
20412000 1193
20321280 1114
20253807 2
20250000 54
20168400 16
20160000 1119
20155392 166
20070400 103
20003760 305
20000000 18
19906560 575
19845000 274
19840464 47
19756800 501
19687500 4
19683000 127
19668992 2
19660800 95
19600000 76
19595520 1327
19448100 61
19440000 1030
19361664 15
19353600 1699
19293750 5
19289340 95
19267584 15
19208000 36
19200000 252
19136250 31
19131876 6
19059138 3
19051200 1433
18966528 134
18907875 1
18900000 364
18895680 263
18874368 5
18823840 2
18816000 585
18753525 11
18750000 1
18670176 71
18662400 1560
18600435 4
18579456 183
18522000 350
18439680 67
18432000 659
18375000 18
18370800 646
18350080 14
18289152 429
18225000 70
18151560 28
18144000 2427
18063360 449
18007500 12
18003384 41
18000000 136
17920000 186
17915904 207
17860500 182
17781120 643
17718750 1
17714700 39
17694720 235
17640000 614
17635968 254
17561600 99
17503290 26
17500000 6
17496000 884
17418240 1517
17360406 8
17287200 160
17280000 1101
17222625 8
17210368 6
17203200 362
17150000 17
17146080 709
17010000 527
17006112 37
16934400 1626
16875000 5
16859136 35
16807000 11
16800000 337
16796160 772
16669800 298
16595712 65
16588800 1254
16537500 45
16533720 155
16515072 38
16464000 275
16402500 42
16384000 61
16336404 3
16329600 2265
16257024 328
16206750 17
16200000 421
16134720 20
16128000 1482
16074450 52
16056320 41
16003008 181
16000000 42
15943230 2
15925248 126
15876000 1062
15805440 368
15752961 1
15750000 70
15746400 451
15728640 28
15680000 197
15676416 475
15558480 136
15552000 1817
15482880 739
15435000 100
15431472 151
15366400 49
15360000 357
15309000 398
15240960 1359
15187500 16
15126300 9
15120000 1383
15116544 151
15059072 1
15052800 443
15002820 121
15000000 24
14929920 929
14883750 35
14880348 15
14823774 1
14817600 675
14762250 14
14751744 32
14745600 355
14700000 145
14696640 993
14680064 4
14586075 8
14580000 546
14521248 21
14515200 2790
14467005 2
14450688 110
14406000 58
14400000 442
14336000 193
14288400 850
14224896 235
14175000 142
14171760 100
14155776 35
14117880 2
14112000 1256
14049280 44
14002632 39
14000000 49
13996800 1471
13934592 391
13891500 128
13829760 161
13824000 1393
13781250 2
13778100 147
13762560 127
13720000 61
13716864 373
13668750 12
13613670 7
13608000 2023
13547520 1035
13505625 1
13502538 10
13500000 100
13445600 15
13440000 660
13436928 253
13395375 12
13335840 517
13286025 2
13271040 540
13230000 437
13226976 142
13171200 319
13125000 9
13122000 363
13107200 28
13063680 1989
12965400 114
12960000 1294
12907776 9
12902400 1154
12862500 10
12859560 284
12845056 10
12800000 91
12757500 137
12754584 8
12706092 3
12700800 2013
12656250 1
12644352 98
12605250 5
12600000 447
12597120 511
12582912 2
12544000 234
12502350 63
12446784 100
12441600 1898
12403125 1
12400290 27
12386304 139
12348000 388
12301875 3
12293120 21
12288000 314
12252303 2
12250000 8
12247200 1266
12192768 459
12150000 170
12101040 22
12096000 2555
12042240 210
12005000 6
12002256 105
12000000 129
11943936 200
11907000 506
11854080 659
11812500 12
11809800 138
11796480 120
11764900 2
11760000 469
11757312 442
11668860 58
11664000 1522
11612160 1631
11576250 22
11573604 41
11524800 123
11520000 809
11481750 39
11468800 114
11430720 1200
11344725 2
11340000 951
11337408 75
11294304 3
11289600 1323
11252115 8
11250000 18
11239424 11
11200000 149
11197440 1053
11113200 532
11063808 50
11059200 966
11025000 87
11022480 440
11010048 20
10976000 129
10935000 165
10890936 13
10886400 3132
10838016 281
10804500 29
10800000 531
10756480 11
10752000 808
10716300 212
10668672 283
10631250 11
10628820 21
10616832 90
10588410 1
10584000 1395
10536960 207
10501974 11
10500000 75
10497600 922
10485760 10
10450944 538
10418625 3
10372320 164
10368000 2031
10333575 6
10321920 484
10290000 102
10287648 228
10240000 114
10206000 946
10160640 1548
10125000 28
10084200 8
10080000 1325
10077696 220
10035200 186
10001880 254
10000000 15
9953280 1025
9922500 116
9920232 39
9878400 670
9841500 80
9834496 11
9830400 191
9800000 70
9797760 1631
9724050 27
9720000 913
9680832 9
9676800 2436
9646875 1
9644670 40
9633792 43
9604000 32
9600000 274
9568125 3
9565938 1
9525600 1508
9483264 177
9450000 257
9447840 280
9437184 25
9411920 3
9408000 815
9335088 59
9331200 2032
9289728 351
9261000 240
9219840 108
9216000 945
9187500 5
9185400 479
9175040 33
9144576 496
9112500 38
9075780 18
9072000 2673
9031680 734
9003750 6
9001692 31
9000000 125
8960000 269
8957952 280
8930250 75
8890560 743
8859375 1
8857350 12
8847360 385
8820000 492
8817984 269
8780800 130
8751645 8
8750000 11
8748000 779
8709120 2269
8680203 4
8643600 151
8640000 1270
8605184 2
8601600 544
8575000 13
8573040 661
8505000 348
8503056 29
8467200 2023
8437500 2
8429568 52
8403500 1
8400000 335
8398080 922
8388608 1
8334900 167
8297856 73
8294400 1840
8268750 10
8266860 83
8257536 88
8235430 1
8232000 271
8201250 10
8192000 100
8168202 3
8164800 2354
8128512 447
8103375 4
8100000 318
8067360 25
8064000 1849
8037225 7
8028160 65
8001504 199
8000000 51
7971615 2
7962624 201
7938000 932
7902720 500
7875000 38
7873200 368
7864320 54
7840000 187
7838208 649
7779240 96
7776000 2092
7741440 1274
7717500 53
7715736 102
7683200 49
7680000 457
7654500 186
7620480 1527
7593750 1
7563150 11
7560000 1253
7558272 156
7529536 1
7526400 722
7501410 49
7500000 21
7464960 1326
7441875 2
7440174 6
7408800 634
7381125 4
7375872 44
7372800 629
7350000 112
7348320 906
7340032 7
7290000 405
7260624 17
7257600 3414
7225344 142
7203000 41
7200000 527
7168000 265
7144200 601
7112448 303
7087500 83
7085880 96
7077888 64
7058940 3
7056000 1293
7024640 62
7001316 20
7000000 48
6998400 1636
6967296 633
6945750 52
6914880 152
6912000 1787
6889050 53
6881280 220
6860000 59
6858432 453
6834375 1
6806835 2
6804000 1774
6773760 1416
6751269 3
6750000 53
6722800 12
6720000 796
6718464 354
6667920 471
6635520 889
6615000 285
6613488 112
6585600 411
6562500 5
6561000 262
6553600 31
6531840 2292
6482700 81
6480000 1263
6453888 11
6451200 1627
6431250 5
6429780 163
6422528 13
6400000 102
6378750 41
6377292 10
6350400 1994
6322176 153
6302625 1
6300000 348
6298560 551
6291456 6
6272000 263
6251175 8
6250000 1
6223392 73
6220800 2416
6200145 7
6193152 258
6174000 323
6146560 38
6144000 442
6125000 10
6123600 1113
6096384 615
6075000 116
6050520 25
6048000 2811
6021120 373
6002500 4
6001128 95
6000000 121
5971968 313
5953500 278
5927040 714
5906250 3
5904900 67
5898240 245
5880000 434
5878656 481
5834430 26
5832000 1471
5806080 2126
5788125 3
5786802 17
5762400 116
5760000 1007
5740875 13
5734400 175
5715360 1183
5670000 690
5668704 70
5647152 3
5644800 1526
5625000 9
5619712 17
5600000 151
5598720 1309
5556600 338
5531904 66
5529600 1403
5512500 36
5511240 274
5505024 40
5488000 129
5467500 63
5445468 7
5443200 3289
5419008 378
5402250 17
5400000 450
5378240 8
5376000 1058
5359375 1
5358150 91
5334336 272
5315625 3
5314410 5
5308416 168
5294205 1
5292000 1205
5268480 288
5250987 2
5250000 46
5248800 756
5242880 16
5225472 779
5186160 148
5184000 2405
5160960 768
5145000 57
5143824 183
5120000 164
5103000 579
5080320 1815
5062500 16
5042100 8
5040000 1245
5038848 272
5017600 220
5000940 128
5000000 13
4976640 1385
4961250 43
4960116 24
4939200 660
4920750 21
4917248 9
4915200 252
4900000 65
4898880 1587
4862025 8
4860000 730
4840416 17
4838400 3050
4822335 11
4816896 56
4802000 26
4800000 319
4762800 1093
4741632 271
4725000 147
4723920 183
4718592 34
4705960 1
4704000 794
4667544 47
4665600 2269
4644864 521
4630500 130
4609920 101
4608000 1272
4593750 3
4592700 228
4587520 58
4572288 592
4556250 8
4537890 9
4536000 2493
4515840 1024
4501875 1
4500846 20
4500000 97
4480000 319
4478976 435
4465125 19
4445280 631
4428675 1
4423680 613
4410000 362
4408992 272
4390400 157
4375000 4
4374000 553
4354560 2675
4321800 86
4320000 1323
4302592 8
4300800 797
4287500 12
4286520 426
4252500 151
4251528 22
4235364 1
4233600 2085
4218750 2
4214784 59
4201750 3
4200000 274
4199040 966
4194304 2
4167450 69
4148928 83
4147200 2470
4134375 2
4133430 36
4128768 144
4116000 241
4100625 3
4096000 138
4084101 2
4082400 1992
4064256 590
4050000 206
4033680 18
4032000 2194
4014080 88
4000752 148
4000000 47
3981312 330
3969000 518
3951360 564
3937500 14
3936600 215
3932160 85
3920000 183
3919104 755
3889620 58
3888000 2066
3870720 1688
3858750 19
3857868 40
3841600 47
3840000 582
3827250 62
3810240 1673
3796875 1
3781575 1
3780000 997
3779136 145
3764768 1
3763200 874
3750705 10
3750000 11
3732480 1665
3720087 1
3704400 509
3687936 29
3686400 880
3675000 52
3674160 705
3670016 7
3645000 206
3630312 10
3628800 3707
3612672 233
3601500 16
3600000 448
3584000 320
3572100 322
3556224 337
3543750 12
3542940 36
3538944 124
3529470 2
3528000 1167
3512320 92
3500658 4
3500000 41
3499200 1485
3483648 886
3472875 6
3457440 144
3456000 2153
3444525 15
3440640 322
3430000 34
3429216 363
3402000 1210
3386880 1665
3375000 23
3361400 3
3360000 767
3359232 380
3333960 303
3317760 1238
3307500 124
3306744 80
3292800 404
3280500 103
3276800 69
3265920 2291
3241350 27
3240000 1058
3226944 18
3225600 2134
3214890 54
3211264 14
3200000 102
3189375 7
3188646 5
3176523 2
3175200 1780
3161088 193
3150000 227
3149280 468
3145728 13
3136000 335
3111696 63
3110400 2695
3096576 422
3087000 189
3073280 38
3072000 619
3062500 6
3061800 676
3048192 785
3037500 38
3025260 13
3024000 2540
3010560 444
3001250 3
3000564 59
3000000 76
2985984 510
2976750 75
2963520 721
2952450 27
2949120 344
2940000 315
2939328 481
2917215 4
2916000 1097
2903040 2637
2893401 3
2881200 73
2880000 1082
2867200 202
2857680 826
2835000 416
2834352 59
2823576 1
2822400 1726
2812500 4
2809856 17
2800000 156
2799360 1458
2778300 213
2765952 76
2764800 1893
2756250 18
2755620 168
2752512 56
2744000 88
2733750 22
2722734 8
2721600 3027
2709504 455
2701125 4
2700000 343
2689120 14
2688000 1115
2679075 12
2667168 268
2654208 233
2646000 838
2634240 312
2625000 23
2624400 589
2621440 21
2612736 903
2593080 123
2592000 2505
2580480 1088
2572500 29
2571912 148
2560000 163
2551500 290
2540160 1811
2531250 6
2521050 5
2520000 958
2519424 263
2508800 248
2500470 67
2500000 6
2488320 1839
2480625 4
2480058 8
2469600 491
2460375 5
2458624 10
2457600 398
2450000 42
2449440 1389
2430000 510
2420208 8
2419200 3422
2408448 101
2401000 17
2400000 302
2381400 750
2370816 271
2362500 77
2361960 161
2359296 64
2352000 743
2333772 33
2332800 2216
2322432 691
2315250 41
2304960 111
2304000 1444
2296350 95
2293760 85
2286144 555
2268945 4
2268000 1868
2257920 1105
2250423 6
2250000 58
2240000 307
2239488 538
2222640 483
2211840 882
2205000 189
2204496 191
2195200 156
2187000 297
2177280 2879
2160900 43
2160000 1175
2151296 5
2150400 949
2143750 2
2143260 219
2126250 50
2125764 8
2117682 2
2116800 1879
2107392 79
2100000 212
2099520 881
2097152 1
2083725 15
2074464 72
2073600 2783
2066715 4
2064384 227
2058000 177
2048000 167
2041200 1361
2032128 727
2025000 107
2016840 10
2016000 2179
2007040 129
2000376 114
2000000 34
1990656 443
1984500 250
1975680 537
1968750 6
1968300 108
1966080 141
1960000 149
1959552 735
1944810 16
1944000 1709
1935360 2141
1929375 3
1928934 18
1920800 38
1920000 554
1913625 12
1905120 1361
1890000 632
1889568 125
1881600 914
1875000 3
1866240 1846
1852200 328
1843968 39
1843200 1173
1837500 33
1837080 437
1835008 19
1822500 103
1815156 8
1814400 3559
1806336 279
1800750 8
1800000 355
1792000 386
1786050 118
1778112 311
1771470 12
1769472 171
1764000 882
1756160 97
1750329 1
1750000 16
1749600 1120
1741824 978
1728720 114
1728000 2261
1720320 437
1715000 31
1714608 292
1701000 683
1693440 1661
1687500 12
1680700 4
1680000 699
1679616 445
1666980 173
1658880 1574
1653750 32
1653372 57
1647086 1
1646400 335
1640250 24
1638400 101
1632960 2110
1620675 4
1620000 744
1613472 5
1612800 2354
1607445 16
1605632 21
1600000 112
1587600 1111
1580544 177
1575000 126
1574640 288
1572864 19
1568000 308
1562500 1
1555848 57
1555200 2760
1548288 514
1543500 94
1536640 38
1536000 712
1530900 279
1524096 721
1518750 9
1512630 6
1512000 2186
1505280 544
1500282 15
1500000 45
1492992 576
1488375 12
1481760 529
1476225 3
1474560 499
1470000 201
1469664 376
1458000 708
1451520 2970
1440600 57
1440000 960
1433600 259
1428840 499
1417500 161
1417176 31
1411200 1415
1406250 2
1404928 28
1400000 104
1399680 1384
1389150 72
1382976 74
1382400 2205
1378125 2
1377810 70
1376256 85
1372000 96
1366875 1
1361367 2
1360800 2202
1354752 568
1350000 213
1344560 8
1344000 1117
1333584 193
1327104 378
1323000 478
1317120 305
1312500 17
1312200 344
1310720 34
1306368 956
1296540 61
1296000 2128
1290240 1210
1286250 11
1285956 69
1280000 182
1275750 107
1270080 1674
1265625 1
1260525 1
1260000 671
1259712 264
1254400 298
1250235 15
1250000 8
1244160 2063
1240029 2
1234800 382
1229312 8
1228800 509
1225000 23
1224720 986
1215000 224
1210104 14
1209600 3299
1204224 123
1200500 6
1200000 228
1190700 315
1185408 273
1181250 20
1180980 59
1179648 95
1176000 659
1166886 10
1166400 1815
1161216 879
1157625 13
1152480 95
1152000 1531
1148175 9
1146880 108
1143072 454
1134000 1185
1128960 1173
1125000 29
1120000 237
1119744 576
1111320 302
1105920 1146
1102500 84
1102248 129
1097600 142
1093500 151
1088640 2677
1080450 15
1080000 923
1075648 2
1075200 1178
1071630 81
1063125 4
1062882 4
1058841 1
1058400 1388
1053696 102
1050000 127
1049760 674
1048576 6
1037232 61
1036800 2817
1032192 282
1029000 103
1024000 184
1020600 790
1016064 715
1012500 32
1008420 7
1008000 1822
1003520 150
1000188 50
1000000 34
995328 595
992250 73
987840 431
984150 28
983040 192
980000 113
979776 617
972405 4
972000 1228
967680 2290
964467 6
960400 19
960000 527
952560 942
945000 290
944784 90
940800 853
937500 2
933120 1773
926100 137
921984 31
921600 1348
918750 9
918540 212
917504 27
911250 22
907200 2845
903168 363
900375 1
900000 213
896000 352
893025 12
889056 245
885735 2
884736 232
882000 585
878080 104
875000 7
874800 686
870912 1011
864360 78
864000 2005
860160 536
857500 9
857304 167
850500 282
846720 1560
843750 3
840350 2
840000 516
839808 404
833490 68
829440 1781
826875 5
826686 14
823200 276
820125 5
819200 139
816480 1547
810000 460
806736 12
806400 2287
802816 31
800000 94
793800 645
790272 206
787500 38
787320 177
786432 35
784000 250
777924 17
777600 2382
774144 642
771750 28
768320 38
768000 742
765625 1
765450 99
762048 618
759375 2
756315 2
756000 1514
752640 573
750141 4
750000 32
746496 611
740880 375
737280 601
735000 112
734832 276
729000 352
725760 2745
720300 20
720000 812
716800 298
714420 225
708750 45
708588 8
705600 1196
703125 1
702464 30
700000 59
699840 1122
694575 15
691488 56
691200 2300
688905 8
688128 100
686000 45
680400 1371
677376 551
675000 99
672280 2
672000 1053
666792 125
663552 449
661500 208
658560 274
656250 2
656100 139
655360 51
653184 868
648270 14
648000 1596
645120 1362
643125 3
642978 30
640000 179
637875 12
635040 1197
630000 449
629856 189
627200 264
625000 2
622080 1958
617400 213
614656 13
614400 588
612500 5
612360 455
607500 113
605052 6
604800 2839
602112 144
600250 3
600000 171
595350 107
592704 234
590625 1
590490 18
589824 105
588000 435
583443 4
583200 1235
580608 934
576240 48
576000 1416
573440 134
571536 312
567000 607
564480 1076
562500 6
560000 186
559872 537
555660 156
552960 1342
551250 28
551124 60
548800 96
546750 43
544320 2106
540225 3
540000 608
537824 5
537600 1141
535815 20
531441 1
529200 823
526848 86
525000 66
524880 445
524288 6
518616 51
518400 2505
516096 343
514500 42
512000 190
510300 315
508032 641
506250 8
504210 2
504000 1388
501760 162
500094 27
500000 17
497664 629
496125 16
493920 322
492075 5
491520 247
490000 52
489888 485
486000 691
483840 2206
480200 5
480000 487
476280 494
472500 133
472392 43
470596 1
470400 667
466560 1588
463050 68
460992 34
460800 1358
459375 1
459270 65
458752 28
455625 2
453600 1966
451584 372
450000 123
448000 345
444528 155
442368 258
441000 282
439040 92
437500 2
437400 360
435456 1006
432180 42
432000 1576
430080 573
428750 4
428652 93
425250 74
423360 1218
420175 1
420000 328
419904 294
416745 8
414720 1846
413343 3
411600 152
409600 123
408240 967
405000 230
403368 3
403200 1947
401408 37
400000 74
396900 262
395136 172
393750 7
393660 79
393216 44
392000 174
388962 11
388800 1789
387072 670
385875 4
384160 19
384000 738
382725 14
381024 503
378000 857
376320 507
375000 12
373248 612
370440 197
368640 712
367500 38
367416 140
364500 124
362880 2312
360150 7
360000 558
358400 302
357210 71
354375 6
354294 13
352800 752
351232 31
350000 36
349920 792
345744 36
345600 2069
344064 137
343000 25
340200 743
338688 506
337500 28
336140 2
336000 798
333396 48
331776 537
330750 47
329280 214
328125 1
328050 35
327680 50
326592 663
324135 4
324000 1036
322560 1431
321489 5
320000 143
317520 742
315000 175
314928 95
313600 227
312500 1
311040 1862
308700 84
307328 12
307200 614
306250 1
306180 216
303750 27
302526 2
302400 2019
301056 150
300000 74
297675 15
296352 195
295245 1
294912 150
294000 247
291600 760
290304 887
288120 36
288000 1202
286720 160
285768 152
283500 219
282240 890
280000 125
279936 446
277830 36
276480 1309
275625 2
275562 22
274400 73
273375 4
272160 1418
270000 317
268800 956
264600 448
263424 80
262500 24
262440 221
262144 7
259308 16
259200 2040
258048 392
257250 22
256000 182
255150 88
254016 475
253125 2
252000 889
250880 157
250047 4
250000 14
248832 643
246960 192
245760 303
245000 26
244944 296
243000 321
241920 1920
240100 3
240000 316
238140 239
236250 36
236196 19
235200 517
233280 1143
231525 8
230496 14
230400 1317
229635 13
229376 20
226800 1070
225792 339
225000 52
224000 240
222264 71
221184 362
220500 116
219520 68
218750 1
218700 135
217728 841
216090 7
216000 1116
215040 607
214375 1
214326 30
212625 15
211680 877
210000 167
209952 202
207360 1693
205800 77
204800 160
204120 450
202500 78
201684 4
201600 1615
200704 41
200000 35
198450 79
197568 121
196875 2
196830 24
196608 46
196000 134
194481 1
194400 1121
193536 646
192080 13
192000 619
190512 278
189000 395
188160 453
187500 4
186624 575
185220 97
184320 765
183750 16
183708 73
182250 37
181440 1638
180075 2
180000 350
179200 277
178605 12
176400 483
175616 16
175000 25
174960 470
172872 15
172800 1669
172032 170
171500 8
170100 279
169344 449
168750 8
168070 1
168000 566
166698 15
165888 491
165375 8
164640 135
164025 6
163840 59
163296 434
162000 533
161280 1144
160000 104
158760 377
157500 80
157464 51
156800 166
155520 1361
154350 18
153664 10
153600 605
153090 57
151875 2
151263 1
151200 1336
150528 150
150000 43
148176 105
147456 161
147000 100
145800 347
145152 741
144060 18
144000 827
143360 158
142884 71
141750 69
141120 634
140000 70
139968 327
138915 5
138240 1238
137781 4
137200 32
136080 805
135000 150
134456 1
134400 798
132300 175
131712 57
131250 3
131220 80
131072 10
129654 2
129600 1330
129024 378
128625 1
128000 178
127575 13
127008 350
126000 477
125440 121
125000 1
124416 600
123480 93
122880 276
122500 8
122472 161
121500 110
120960 1480
120050 2
120000 191
119070 67
118125 4
118098 3
117600 346
116640 703
115248 17
115200 1090
114688 25
113400 523
112896 314
112500 23
112000 181
111132 34
110592 354
110250 23
109760 55
109350 40
108864 559
108045 3
108000 680
107520 523
107163 6
105840 483
105000 67
104976 111
103680 1403
102900 27
102400 105
102060 173
101250 11
100800 1045
100352 35
100000 32
99225 12
98784 86
98415 4
98304 55
98000 45
97200 598
96768 547
96040 2
96000 426
95256 161
94500 159
94080 284
93312 443
92610 21
92160 731
91854 28
91125 1
90720 1010
90000 148
89600 229
88200 192
87808 18
87500 7
87480 198
86436 10
86400 1236
86016 152
85750 3
85050 80
84672 294
84000 341
83349 2
82944 517
82320 79
81920 79
81648 262
81000 238
80640 998
80000 71
79380 148
78750 15
78732 18
78400 128
77760 935
77175 1
76832 10
76800 528
76545 9
75600 683
75264 111
75000 20
74088 47
73728 186
73500 55
72900 137
72576 601
72030 4
72000 523
71680 113
71442 24
70875 5
70560 407
70000 37
69984 184
69120 1021
68600 18
68040 382
67500 54
67228 2
67200 549
66150 55
65856 47
65625 1
65610 20
65536 15
64827 1
64800 815
64512 338
64000 117
63504 203
63000 187
62720 104
62208 469
61740 49
61440 255
61250 4
61236 53
60750 27
60480 1032
60000 123
59535 13
58800 187
58320 361
57624 9
57600 842
57344 38
56700 202
56448 226
56250 1
56000 123
55566 13
55296 304
55125 6
54880 24
54675 8
54432 360
54000 289
53760 445
52920 223
52500 22
52488 48
51840 931
51450 8
51200 123
51030 47
50625 1
50421 1
50400 608
50176 34
50000 11
49392 52
49152 60
49000 23
48600 246
48384 428
48020 3
48000 303
47628 45
47250 40
47040 245
46875 1
46656 270
46305 3
46080 605
45927 3
45360 538
45000 66
44800 158
44100 82
43904 13
43750 3
43740 71
43218 1
43200 830
43008 122
42525 9
42336 209
42000 170
41472 382
41160 28
40960 67
40824 105
40500 72
40320 712
40000 44
39690 43
39375 1
39366 4
39200 56
38880 549
38416 3
38400 378
37800 278
37632 108
37500 5
37044 20
36864 155
36750 7
36450 26
36288 399
36000 308
35840 130
35721 3
35280 202
35000 14
34992 93
34560 770
34300 10
34020 145
33750 11
33600 356
33075 6
32928 31
32805 1
32768 13
32400 391
32256 287
32000 100
31752 82
31500 74
31360 61
31250 1
31104 334
30870 15
30720 229
30618 18
30375 3
30240 580
30000 56
29400 71
29160 161
28812 1
28800 560
28672 26
28350 46
28224 129
28000 62
27783 1
27648 286
27440 11
27216 187
27000 122
26880 334
26460 78
26250 7
26244 16
25920 611
25725 1
25600 103
25515 6
25200 294
25088 31
25000 5
24696 23
24576 61
24500 6
24300 91
24192 315
24010 1
24000 176
23814 11
23625 2
23520 128
23328 155
23040 500
22680 271
22500 20
22400 117
22050 22
21952 2
21870 20
21600 444
21504 109
21168 104
21000 57
20736 278
20580 16
20480 55
20412 47
20250 15
20160 426
20000 16
19845 5
19600 35
19440 273
19200 290
18900 121
18816 73
18750 2
18522 7
18432 138
18375 1
18225 7
18144 240
18000 147
17920 76
17640 105
17500 5
17496 48
17280 498
17150 1
17010 34
16875 1
16800 196
16464 12
16384 7
16200 161
16128 201
16000 51
15876 28
15750 13
15680 44
15552 200
15435 2
15360 185
15120 280
15000 20
14700 25
14580 61
14406 1
14400 355
14336 15
14175 6
14112 72
14000 27
13824 220
13720 8
13608 75
13500 33
13440 225
13230 26
13125 2
13122 4
12960 368
12800 71
12600 131
12544 12
12500 1
12348 13
12288 55
12250 1
12150 11
12096 190
12000 102
11907 3
11760 78
11664 71
11520 326
11340 77
11250 5
11200 53
11025 2
10976 7
10800 199
10752 73
10584 57
10500 25
10368 199
10290 1
10240 43
10206 16
10125 1
10080 242
10000 17
9800 12
9720 109
9604 1
9600 162
9450 27
9408 39
9216 125
9072 120
9000 49
8960 53
8820 34
8750 1
8748 16
8640 340
8505 7
8400 79
8232 3
8192 8
8100 54
8064 141
8000 42
7938 7
7875 4
7840 23
7776 114
7680 150
7560 121
7500 6
7350 2
7290 11
7200 175
7168 23
7056 45
7000 9
6912 141
6860 1
6804 35
6750 10
6720 123
6615 3
6561 2
6480 147
6400 48
6300 43
6272 13
6174 2
6144 33
6125 1
6075 2
6048 107
6000 39
5880 22
5832 30
5760 204
5670 22
5600 35
5488 4
5400 77
5376 60
5292 12
5250 3
5184 111
5145 1
5120 25
5103 1
5040 109
5000 4
4900 4
4860 43
4800 96
4725 2
4704 20
4608 87
4536 62
4500 9
4480 30
4410 14
4374 4
4320 135
4200 47
4116 1
4096 7
4050 9
4032 68
4000 9
3920 9
3888 48
3840 100
3780 41
3645 2
3600 81
3584 16
3528 12
3500 3
3456 81
3430 1
3402 11
3360 67
3240 35
3200 34
3150 4
3136 3
3072 22
3024 54
3000 13
2940 13
2916 12
2880 111
2835 2
2800 9
2744 3
2700 19
2688 38
2646 5
2625 2
2592 62
2560 22
2520 48
2500 2
2450 3
2430 5
2400 56
2352 11
2304 63
2268 16
2250 8
2240 24
2160 65
2100 12
2048 8
2025 4
2016 33
2000 6
1960 2
1944 15
1920 59
1890 12
1800 33
1792 7
1764 3
1728 44
1701 1
1680 30
1620 29
1600 13
1568 7
1536 14
1512 20
1500 4
1470 4
1458 5
1440 50
1400 1
1350 6
1344 22
1296 24
1280 17
1260 11
1250 1
1200 22
1176 6
1152 34
1134 3
1120 8
1080 28
1050 4
1024 9
1008 18
1000 2
980 1
972 7
960 25
945 1
900 14
882 2
864 25
840 6
810 4
800 7
768 14
756 11
750 1
735 1
720 14
675 1
672 10
648 10
640 5
630 3
600 6
588 2
576 10
540 8
525 1
512 3
504 6
500 2
490 1
480 18
450 1
448 5
432 5
420 5
400 3
384 8
378 3
360 5
336 1
324 3
320 2
300 4
288 13
280 2
256 1
252 3
250 1
240 7
225 1
216 4
210 1
200 1
192 2
180 2
175 1
168 4
160 3
144 1
128 1
120 1
108 3
96 1
80 1
75 1
48 2
24 1
10 1
