4374000000 1
4082400000 3
3840000000 1
3732480000 1
3674160000 1
3572100000 1
3359232000 1
3306744000 1
3225600000 1
3110400000 1
3087000000 1
3024000000 2
2939328000 3
2903040000 1
2857680000 1
2799360000 2
2778300000 1
2721600000 1
2688000000 1
2687385600 2
2645395200 1
2624400000 2
2592000000 2
2571912000 2
2540160000 1
2519424000 1
2500470000 2
2500000000 1
2469600000 1
2449440000 1
2380855680 1
2352000000 1
2332800000 5
2286144000 2
2268000000 2
2267481600 3
2250423000 2
2240000000 1
2239488000 2
2232052200 1
2222640000 1
2204496000 2
2187000000 1
2177280000 5
2150400000 1
2143260000 1
2125764000 1
2116800000 1
2100000000 1
2099520000 6
2090188800 2
2083248720 1
2073600000 2
2057529600 1
2041200000 10
2032128000 2
2025380700 1
2016000000 1
1990656000 1
1984500000 1
1984046400 1
1975680000 2
1968300000 1
1960000000 1
1959552000 3
1944000000 3
1935360000 2
1928934000 1
1920800000 1
1905120000 3
1889568000 6
1881600000 1
1881169920 1
1866240000 2
1851776640 2
1843200000 1
1837080000 4
1828915200 3
1814400000 6
1813985280 1
1806336000 1
1800338400 3
1792000000 1
1791590400 3
1786050000 3
1785641760 2
1778112000 3
1771470000 1
1769472000 1
1763596800 9
1756160000 2
1750000000 1
1749600000 4
1741824000 8
1736040600 2
1728000000 2
1720320000 1
1714608000 6
1701000000 1
1700611200 1
1693440000 3
1680000000 3
1679616000 3
1666980000 1
1658880000 3
1653372000 4
1646400000 1
1646023680 1
1632960000 15
1625702400 1
1620000000 1
1612800000 2
1607445000 2
1587600000 5
1587237120 2
1580544000 2
1574640000 5
1568000000 1
1567641600 4
1555200000 14
1548288000 1
1543147200 5
1530900000 6
1524096000 7
1512000000 5
1511654400 7
1505280000 1
1500282000 3
1492992000 7
1488034800 2
1474560000 2
1469664000 4
1463132160 1
1458000000 5
1451520000 14
1440600000 1
1428840000 5
1422489600 2
1417176000 2
1415577600 1
1411200000 5
1410877440 4
1404928000 1
1399680000 7
1393459200 4
1389150000 1
1388832480 1
1382976000 4
1382400000 6
1377810000 2
1376256000 1
1372000000 1
1371686400 6
1360800000 13
1354752000 3
1350253800 1
1350000000 1
1344000000 1
1343692800 6
1333584000 3
1327104000 2
1323000000 2
1322697600 9
1317120000 2
1316818944 1
1312200000 5
1306368000 17
1300561920 2
1296000000 3
1290240000 1
1285956000 7
1280240640 1
1275750000 3
1275458400 1
1270080000 14
1269789696 1
1264435200 1
1260236880 2
1260000000 2
1259712000 7
1254400000 3
1254113280 2
1249949232 1
1244678400 1
1244160000 6
1240029000 1
1238630400 3
1234800000 3
1234517760 5
1225230300 1
1224720000 14
1219276800 11
1215000000 1
1210104000 1
1209600000 8
1209323520 4
1204224000 1
1200225600 6
1194393600 2
1190700000 3
1190427840 3
1185408000 9
1180980000 4
1179648000 2
1175731200 21
1166886000 1
1166400000 9
1161216000 19
1157360400 3
1152480000 1
1152000000 1
1148175000 2
1147912560 3
1143072000 24
1137991680 2
1134000000 11
1133740800 4
1128960000 15
1128701952 2
1125211500 1
1123942400 1
1120000000 1
1119744000 14
1111320000 6
1111065984 2
1106380800 1
1105920000 7
1102500000 1
1102248000 20
1097600000 3
1097349120 5
1093500000 4
1089093600 1
1088640000 36
1083801600 3
1080450000 2
1080203040 1
1080000000 3
1075200000 7
1074954240 2
1071630000 6
1071385056 1
1066867200 6
1062882000 4
1058400000 8
1058158080 7
1053696000 1
1050197400 1
1050000000 1
1049760000 15
1045094400 16
1041624360 2
1040449536 1
1037232000 4
1036800000 10
1033357500 2
1032192000 5
1028764800 11
1024192512 1
1024000000 2
1020600000 16
1020366720 3
1016064000 23
1012690350 1
1008000000 13
1007769600 8
1003520000 3
1000188000 12
995742720 2
995328000 8
992250000 2
992023200 8
987840000 15
987614208 1
984150000 4
983040000 1
979776000 23
975421440 1
972000000 12
967680000 22
964467000 4
963379200 1
960400000 2
960180480 7
960000000 2
956593800 1
955514880 1
952560000 23
952342272 1
948326400 4
945177660 1
945000000 2
944784000 10
943718400 1
940800000 7
940584960 11
937461924 2
933508800 2
933120000 25
928972800 10
926100000 6
925888320 9
921984000 2
921600000 11
918540000 21
914457600 20
907578000 1
907200000 37
906992640 3
903168000 11
900169200 4
896168448 1
896000000 2
895795200 10
892820880 1
891813888 1
889056000 22
884736000 2
882000000 2
881798400 21
878080000 2
877879296 1
875164500 1
874800000 18
871274880 2
870912000 45
868020300 3
867041280 3
864360000 4
864162432 4
864000000 12
860518400 1
860160000 6
857304000 27
853493760 10
850500000 3
850305600 4
849346560 1
846720000 34
846526464 1
842956800 1
840157920 2
840000000 6
839808000 29
836075520 3
833490000 2
833299488 1
829785600 2
829440000 23
826686000 7
825753600 6
823011840 12
819200000 2
816820200 1
816480000 34
816293376 1
812851200 21
810152280 1
810000000 2
806736000 1
806400000 26
806215680 6
803722500 1
802816000 6
800150400 19
800000000 2
797161500 1
796594176 1
796262400 7
793800000 12
793618560 5
790272000 12
787648050 1
787500000 1
787320000 16
784000000 4
783820800 44
780337152 2
777924000 6
777600000 24
774144000 21
771573600 16
768320000 2
768000000 3
765450000 10
765275040 1
762048000 48
758661120 2
756315000 1
756000000 17
755827200 9
752640000 11
752467968 1
750141000 7
746807040 4
746496000 27
744017400 5
743178240 4
740880000 18
740710656 4
737280000 7
735000000 1
734832000 40
731566080 19
729137052 1
729000000 10
726062400 1
725760000 60
723350250 2
722534400 11
720300000 1
720135360 9
720000000 6
716800000 5
716636160 3
714420000 23
714256704 1
711244800 23
708588000 11
707788800 1
705600000 22
705438720 11
702464000 1
700131600 6
699840000 40
696729600 46
694575000 5
694416240 7
691488000 10
691200000 16
688905000 2
688128000 4
686000000 2
685843200 42
680683500 2
680400000 43
680244480 3
677376000 39
675126900 2
675000000 1
674365440 1
672280000 1
672126336 1
672000000 10
671846400 22
669615660 1
668860416 1
666792000 43
663828480 2
663552000 22
661500000 6
661348800 33
660602880 1
658560000 8
658409472 3
656100000 8
655360000 2
653456160 2
653184000 83
650280960 11
648270000 2
648121824 2
648000000 18
645120000 27
644972544 1
642978000 25
642252800 5
640120320 17
640000000 2
637875000 1
637729200 5
637009920 4
635040000 46
634894848 8
632217600 5
630118440 4
630000000 8
629856000 29
629145600 1
627200000 11
627056640 23
625117500 2
622339200 10
622080000 54
620014500 1
619315200 20
617400000 7
617258880 24
614656000 1
614400000 7
612615150 1
612360000 61
609638400 46
607614210 2
607500000 1
605052000 1
604800000 54
604661760 12
602112000 13
600112800 21
597445632 3
597196800 25
595350000 9
595213920 7
592704000 32
590490000 4
589824000 8
588000000 10
587865600 67
585252864 2
583443000 5
583200000 38
580849920 1
580608000 97
578680200 11
578027520 4
576240000 2
576108288 3
576000000 18
574087500 1
573956280 1
573440000 7
573308928 1
571774140 1
571536000 72
568995840 13
567000000 19
566870400 13
564715200 1
564480000 45
564350976 1
562605750 1
561971200 1
560105280 10
560000000 3
559872000 71
558013050 2
557383680 15
555660000 19
555532992 8
553190400 5
552960000 25
551353635 1
551124000 36
550502400 3
548800000 9
548674560 40
544546800 3
544320000 111
544195584 2
541900800 29
540225000 2
540101520 14
540000000 5
537824000 1
537600000 25
537477120 9
535815000 13
533433600 30
531441000 1
531062784 1
530841600 12
529200000 36
529079040 27
526848000 8
525098700 8
524880000 37
524288000 1
522764928 2
522547200 77
520812180 3
518616000 16
518400000 39
516678750 1
516096000 21
514500000 3
514382400 55
513802240 1
512096256 5
512000000 5
510300000 25
510183360 6
508032000 94
505774080 5
504094752 1
504000000 36
503884800 43
501760000 7
501645312 2
500094000 21
497871360 12
497664000 57
496125000 2
496011600 19
495452160 3
493920000 28
493807104 6
492075000 2
491724800 3
491520000 7
490092120 1
490000000 4
489888000 123
487710720 22
486202500 2
486091368 3
486000000 20
484041600 2
483840000 80
483729408 5
482233500 9
481689600 5
480200000 3
480090240 14
480000000 7
477757440 8
476280000 70
476171136 3
474163200 30
472500000 5
472392000 25
472055808 1
471859200 2
470400000 23
470292480 46
466754400 23
466560000 101
464679936 2
464486400 49
463050000 11
462944160 10
460992000 4
460800000 23
459270000 27
458752000 3
457228800 102
455196672 4
453789000 3
453600000 89
453496320 13
452984832 1
451584000 52
450084600 16
450000000 5
449576960 2
448084224 2
448000000 7
447897600 54
446512500 2
446410440 2
445906944 1
444528000 45
442552320 5
442368000 20
441000000 21
440899200 95
440401920 1
439040000 14
438939648 14
437582250 1
437400000 26
435637440 5
435456000 181
434010150 1
433520640 12
432180000 5
432081216 8
432000000 23
430259200 1
430080000 29
429981696 7
428830605 1
428652000 73
426746880 36
425250000 12
425152800 13
424673280 5
423360000 93
423263232 8
421478400 5
420078960 8
420000000 9
419904000 87
419430400 1
418037760 34
416745000 8
416649744 3
414892800 17
414720000 85
413343000 17
412876800 17
411600000 12
411505920 49
409600000 3
408410100 2
408240000 111
408146688 2
406425600 87
405076140 4
405000000 4
403368000 1
403200000 54
403107840 27
401861250 1
401408000 9
400075200 61
400000000 2
398297088 2
398131200 34
396900000 26
396809280 10
396361728 1
395136000 42
393750000 2
393660000 29
393216000 3
392073696 1
392000000 10
391910400 140
390609135 1
390168576 6
388962000 13
388800000 96
387233280 4
387072000 91
385875000 3
385786800 39
385351680 1
384160000 8
384072192 13
384000000 15
382725000 14
382637520 5
381024000 162
379330560 15
378071064 3
378000000 28
377913600 49
376320000 34
376233984 17
375070500 6
373403520 22
373248000 111
372008700 6
371589120 21
370440000 41
370355328 10
368793600 8
368640000 20
367569090 2
367500000 1
367416000 110
365783040 49
364500000 12
363031200 4
362880000 219
362797056 2
361675125 1
361267200 31
360067680 26
360000000 13
358400000 16
358318080 12
357210000 41
357128352 8
355622400 82
354375000 1
354294000 14
353894400 18
352947000 2
352800000 48
352719360 75
351232000 11
350065800 16
349920000 92
348509952 1
348364800 149
347287500 1
347208120 12
345744000 22
345600000 67
344452500 6
344064000 19
343000000 1
342921600 129
341397504 6
340200000 89
340122240 12
339738624 1
338829120 2
338688000 144
337563450 3
337182720 3
336140000 2
336063168 5
336000000 23
335923200 74
334430208 7
333396000 68
331914240 12
331776000 92
330812181 1
330750000 14
330674400 59
330301440 4
329417200 1
329280000 32
329204736 23
328050000 6
327680000 6
326728080 7
326592000 226
325140480 50
324135000 6
324060912 4
324000000 34
322694400 1
322560000 111
322486272 4
321489000 37
321126400 5
320060160 47
320000000 5
318864600 3
318504960 5
317652300 1
317520000 130
317447424 8
316108800 44
315059220 1
315000000 15
314928000 78
314572800 3
313600000 19
313528320 75
312487308 2
311169600 28
311040000 157
310007250 5
309657600 58
308700000 30
308629440 55
307328000 10
307200000 21
306180000 94
306110016 2
304819200 179
303807105 1
303750000 3
303464448 5
302526000 3
302400000 118
302330880 35
301181440 1
301056000 30
300125000 1
300056400 54
300000000 3
298722816 8
298598400 91
297675000 5
297606960 15
297271296 2
296352000 97
295245000 5
295034880 5
294912000 18
294055272 1
294000000 16
293932800 182
292626432 10
291721500 6
291600000 69
290424960 11
290304000 257
289340100 13
289013760 14
288120000 17
288054144 13
288000000 39
286720000 16
286654464 5
285887070 1
285768000 162
284497920 45
283500000 21
283435200 43
283115520 3
282357600 2
282240000 123
282175488 19
280985600 4
280052640 23
280000000 10
279936000 156
278691840 47
277830000 42
277766496 13
276595200 40
276480000 95
275625000 1
275562000 57
275251200 7
274400000 15
274337280 109
272273400 4
272160000 239
272097792 1
270950400 119
270112500 1
270050760 9
270000000 11
269746176 1
268912000 4
268800000 47
268738560 46
267907500 13
267846264 2
266716800 128
265720500 1
265531392 1
265420800 57
264600000 80
264539520 72
264241152 2
263424000 37
262549350 4
262500000 2
262440000 69
262144000 2
261382464 3
261273600 260
260406090 5
260112384 9
259308000 38
259200000 115
258155520 2
258048000 101
257250000 1
257191200 128
256048128 16
256000000 7
255150000 51
255091680 10
254803968 2
254121840 1
254016000 270
252887040 15
252047376 6
252000000 56
251942400 105
251658240 2
250880000 15
250822656 15
250047000 30
248935680 34
248832000 173
248005800 27
247726080 14
246960000 69
246903552 31
246037500 1
245862400 6
245760000 17
245046060 4
245000000 4
244944000 281
243855360 104
243101250 2
243045684 3
243000000 32
242020800 10
241920000 254
241864704 14
241116750 5
240844800 27
240100000 6
240045120 65
240000000 13
239148450 1
238878720 32
238140000 121
238085568 8
237081600 109
236250000 4
236196000 47
236027904 2
235929600 15
235298000 1
235200000 64
235146240 136
234365481 1
233377200 38
233280000 231
232339968 1
232243200 191
231525000 12
231472080 48
231211008 1
230496000 25
230400000 81
229635000 32
229376000 12
228614400 312
227598336 15
226894500 1
226800000 135
226748160 22
225886080 1
225792000 144
225042300 23
225000000 7
224788480 2
224042112 14
224000000 24
223948800 177
223205220 4
222953472 13
222264000 146
221276160 10
221184000 76
220541454 2
220500000 18
220449600 175
220200960 2
219520000 23
219469824 35
218791125 3
218700000 45
217818720 8
217728000 472
216760320 46
216090000 10
216040608 11
216000000 65
215129600 2
215040000 64
214990848 13
214375000 1
214326000 98
213373440 100
212625000 6
212576400 12
212336640 20
211680000 243
211631616 21
210739200 30
210039480 15
210000000 6
209952000 177
209715200 2
209018880 137
208372500 11
208324872 6
207446400 64
207360000 193
206671500 11
206438400 45
205800000 27
205752960 158
205520896 1
204800000 11
204205050 2
204120000 246
204073344 12
203212800 255
202538070 8
202500000 10
202309632 3
201684000 4
201600000 166
201553920 74
200704000 28
200037600 123
200000000 3
199148544 11
199065600 118
198450000 44
198404640 50
198180864 1
197568000 116
196830000 33
196689920 4
196608000 16
196036848 3
196000000 16
195955200 388
195084288 18
194481000 17
194400000 135
193616640 8
193536000 297
192937500 1
192893400 62
192675840 16
192080000 16
192036096 26
192000000 21
191362500 8
191318760 4
191102976 8
190591380 2
190512000 369
189665280 53
189078750 2
189035532 2
189000000 47
188956800 92
188743680 4
188160000 111
188116992 34
187535250 7
186701760 29
186624000 293
186004350 5
185794560 76
185220000 86
185177664 28
184396800 29
184320000 85
183750000 1
183708000 212
183500800 4
182891520 185
182284263 1
182250000 15
181515600 11
181440000 406
181398528 9
180708864 3
180633600 100
180075000 1
180033840 47
180000000 22
179200000 43
179159040 69
178605000 60
178564176 7
177811200 232
177187500 1
177147000 25
177020928 2
176947200 38
176400000 92
176359680 162
175616000 23
175032900 17
175000000 1
174960000 188
174254976 4
174182400 425
173643750 1
173604060 12
173408256 11
172872000 40
172800000 143
172226250 3
172103680 1
172032000 74
171500000 4
171460800 266
170698752 34
170170875 1
170100000 99
170061120 24
169869312 3
169414560 2
169344000 368
168781725 1
168750000 1
168591360 13
168070000 3
168031584 11
168000000 50
167961600 242
167215104 30
166698000 118
165957120 45
165888000 234
165375000 13
165337200 87
165150720 13
164708600 1
164640000 66
164602368 50
164025000 15
163840000 8
163364040 5
163296000 563
162570240 157
162067500 9
162030456 9
162000000 65
161347200 4
161280000 251
161243136 17
160744500 43
160563200 16
160030080 152
160000000 9
159432300 4
159252480 44
158760000 237
158723712 28
158054400 119
157529610 2
157500000 10
157464000 157
157286400 9
156800000 36
156764160 213
156279375 2
155584800 75
155520000 351
155003625 1
154893312 3
154828800 202
154350000 25
154314720 105
154140672 1
153664000 19
153600000 44
153090000 113
153055008 3
152473104 3
152409600 445
151732224 8
151263000 4
151200000 224
151165440 80
150994944 2
150590720 1
150528000 125
150028200 59
150000000 7
149361408 16
149299200 246
148837500 13
148803480 16
148635648 11
148176000 199
147622500 2
147517440 24
147456000 71
147000000 24
146966400 365
146800640 3
146313216 70
145860750 4
145800000 110
145212480 16
145152000 642
144670050 9
144506880 42
144060000 15
144027072 30
144000000 53
143360000 39
143327232 14
142884000 271
142248960 140
141750000 29
141717600 64
141557760 16
141178800 2
141120000 261
141087744 66
140492800 11
140026320 30
140000000 8
139968000 351
139345920 204
138915000 51
138883248 17
138297600 66
138240000 226
137812500 1
137781000 68
137625600 34
137200000 24
137168640 275
136687500 1
136136700 11
136080000 463
136048896 20
135475200 299
135056250 2
135025380 18
135000000 15
134873088 2
134456000 7
134400000 118
134369280 131
133953750 10
133923132 3
133358400 224
132860250 3
132765696 12
132710400 133
132300000 106
132269760 131
132120576 5
131712000 87
131274675 3
131250000 1
131220000 96
131072000 11
130691232 4
130636800 646
130056192 28
129654000 31
129600000 251
129077760 6
129024000 248
128625000 1
128595600 162
128450560 7
128024064 45
128000000 12
127575000 29
127545840 14
127401984 10
127060920 4
127008000 514
126443520 57
126052500 1
126023688 7
126000000 80
125971200 229
125829120 2
125440000 61
125411328 62
125023500 37
124467840 73
124416000 445
124031250 1
124002900 22
123863040 61
123480000 109
123451776 53
123018750 2
122931200 14
122880000 67
122523030 6
122500000 6
122472000 443
121927680 301
121500000 30
121010400 14
120960000 528
120932352 19
120558375 2
120472576 2
120422400 67
120050000 7
120022560 125
120000000 13
119439360 138
119070000 140
119042784 21
118590192 2
118540800 248
118125000 3
118098000 57
118013952 4
117964800 38
117649000 1
117600000 79
117573120 314
116688600 42
116640000 344
116169984 3
116121600 503
115762500 10
115736040 44
115605504 12
115248000 40
115200000 157
114817500 23
114791256 2
114688000 34
114354828 1
114307200 561
113799168 39
113447250 1
113400000 227
113374080 79
112943040 1
112896000 369
112521150 10
112500000 7
112394240 5
112021056 22
112000000 39
111974400 365
111628125 1
111602610 2
111476736 36
111132000 219
110638080 39
110592000 247
110270727 1
110250000 18
110224800 246
110100480 12
109760000 43
109734912 89
109350000 40
108909360 12
108864000 880
108380160 136
108045000 12
108020304 20
108000000 94
107564800 6
107520000 148
107495424 31
107163000 122
106686720 197
106312500 6
106288200 21
106168320 50
105840000 355
105815808 61
105369600 78
105019740 22
105000000 20
104976000 300
104857600 1
104509440 374
104186250 10
104162436 5
103766418 1
103723200 102
103680000 445
103335750 4
103262208 3
103219200 195
102900000 28
102876480 231
102400000 19
102102525 2
102060000 285
102036672 4
101648736 2
101606400 597
101250000 6
101154816 11
100842000 8
100800000 273
100776960 160
100442349 1
100352000 66
100018800 175
100000000 2
99574272 29
99532800 324
99225000 49
99202320 56
99090432 6
98784000 207
98415000 40
98344960 6
98304000 38
98018424 7
98000000 24
97977600 687
97542144 64
97240500 22
97200000 202
96808320 19
96768000 669
96446700 50
96337920 20
96040000 10
96018048 54
96000000 58
95681250 2
95659380 5
95551488 18
95256000 542
94832640 139
94517766 4
94500000 64
94478400 183
94371840 8
94080000 199
94058496 96
93767625 1
93350880 63
93312000 600
93002175 1
92897280 231
92610000 111
92588832 37
92198400 55
92160000 190
91875000 2
91854000 239
91750400 9
91445760 421
91125000 10
90757800 23
90720000 773
90699264 23
90354432 1
90316800 272
90037500 3
90016920 55
90000000 30
89600000 63
89579520 186
89302500 37
89282088 8
88942644 1
88905600 337
88573500 9
88510464 16
88473600 132
88200000 176
88179840 310
87808000 54
87516450 8
87500000 3
87480000 274
87127488 14
87091200 899
86802030 12
86704128 29
86436000 44
86400000 270
86113125 2
86051840 2
86016000 185
85766121 1
85750000 3
85730400 400
85349376 59
85050000 128
85030560 43
84934656 8
84707280 2
84672000 742
84295680 31
84035000 1
84015792 15
84000000 81
83980800 433
83607552 74
83349000 113
82978560 109
82944000 509
82687500 4
82668600 73
82575360 49
82320000 98
82301184 111
82012500 9
81920000 24
81682020 12
81648000 903
81285120 374
81033750 3
81015228 7
81000000 82
80673600 11
80640000 540
80621568 49
80372250 21
80281600 31
80015040 234
80000000 13
79716150 1
79626240 155
79413075 1
79380000 322
79361856 45
79027200 247
78764805 1
78750000 14
78732000 164
78675968 2
78643200 15
78400000 72
78382080 548
77792400 97
77760000 582
77446656 6
77414400 462
77175000 21
77157360 129
77070336 3
76832000 29
76800000 99
76545000 110
76527504 2
76236552 2
76204800 864
75937500 1
75866112 41
75631500 8
75600000 350
75582720 146
75497472 1
75264000 244
75014100 66
75000000 7
74680704 28
74649600 568
74418750 3
74401740 16
74317824 35
74118870 1
74088000 314
73811250 1
73758720 28
73728000 156
73513818 1
73500000 28
73483200 544
73400320 5
73156608 129
72930375 1
72900000 125
72606240 34
72576000 1127
72335025 4
72253440 106
72030000 13
72013536 44
72000000 95
71680000 83
71663616 38
71442000 348
71124480 314
70875000 32
70858800 75
70778880 41
70589400 1
70560000 445
70543872 106
70246400 28
70013160 52
70000000 17
69984000 625
69672960 476
69457500 34
69441624 15
69148800 97
69120000 485
68890500 59
68841472 1
68812800 92
68600000 16
68584320 444
68068350 6
68040000 593
68024448 24
67765824 3
67737600 661
67512690 15
67500000 18
67436544 7
67228000 2
67200000 200
67184640 299
66976875 2
66679200 327
66430125 1
66382848 34
66355200 322
66150000 115
66134880 187
66060288 6
65856000 151
65625000 1
65610000 100
65536000 21
65345616 11
65318400 1258
65028096 80
64827000 53
64800000 316
64538880 15
64512000 565
64312500 4
64297800 185
64225280 9
64012032 105
64000000 31
63787500 22
63772920 8
63700992 28
63530460 4
63504000 938
63221760 124
63026250 1
63011844 10
63000000 105
62985600 344
62914560 4
62720000 112
62705664 141
62511750 20
62233920 101
62208000 797
62015625 1
62001450 9
61931520 204
61740000 144
61725888 98
61465600 28
61440000 104
61261515 2
61250000 3
61236000 607
60963840 614
60750000 33
60505200 28
60480000 875
60466176 59
60236288 1
60211200 131
60025000 3
60011280 157
60000000 32
59719680 286
59535000 131
59521392 15
59270400 403
59062500 3
59049000 36
59006976 8
58982400 97
58800000 117
58786560 524
58720256 1
58344300 44
58320000 535
58084992 15
58060800 1076
57881250 3
57868020 41
57802752 23
57624000 67
57600000 262
57408750 9
57395628 1
57344000 59
57153600 781
56899584 80
56700000 269
56687040 106
56623104 4
56471520 3
56448000 638
56260575 3
56250000 2
56197120 10
56010528 39
56000000 47
55987200 723
55801305 2
55738368 97
55566000 237
55319040 86
55296000 504
55125000 24
55112400 285
55050240 27
54880000 75
54867456 167
54675000 45
54454680 22
54432000 1471
54190080 356
54022500 7
54010152 11
54000000 117
53782400 17
53760000 300
53747712 74
53581500 96
53343360 344
53156250 1
53144100 14
53084160 128
52942050 1
52920000 503
52907904 115
52684800 168
52509870 11
52500000 19
52488000 426
52428800 4
52254720 757
52093125 1
52081218 2
51861600 128
51840000 730
51667875 1
51631104 7
51609600 380
51450000 26
51438240 354
51200000 55
51030000 333
51018336 12
50824368 4
50803200 1118
50625000 3
50577408 27
50421000 7
50400000 397
50388480 308
50176000 93
50009400 160
50000000 3
49787136 40
49766400 660
49612500 27
49601160 82
49545216 38
49412580 1
49392000 290
49207500 17
49172480 12
49152000 108
49009212 8
49000000 32
48988800 1080
48771072 164
48620250 16
48600000 254
48404160 23
48384000 1234
48223350 31
48168960 75
48020000 16
48009024 109
48000000 80
47829690 2
47775744 50
47647845 1
47628000 688
47416320 344
47258883 3
47250000 69
47239200 185
47185920 30
47059600 2
47040000 287
47029248 180
46675440 88
46656000 1002
46448640 506
46305000 78
46294416 46
46099200 96
46080000 415
45937500 1
45927000 201
45875200 32
45722880 747
45562500 6
45378900 10
45360000 994
45349632 45
45177216 1
45158400 561
45008460 51
45000000 33
44957696 3
44800000 105
44789760 435
44651250 16
44641044 5
44452800 482
44286750 6
44255232 22
44236800 300
44100000 175
44089920 393
44040192 3
43904000 78
43758225 3
43750000 1
43740000 289
43563744 17
43545600 1575
43401015 4
43352064 64
43218000 69
43200000 417
43025920 8
43008000 311
42875000 2
42865200 454
42674688 129
42525000 96
42515280 38
42467328 23
42353640 2
42336000 1089
42147840 76
42017500 2
42007896 18
42000000 103
41990400 639
41943040 2
41803776 199
41674500 67
41489280 137
41472000 924
41343750 1
41334300 60
41287680 130
41160000 116
41150592 166
41006250 5
40960000 51
40841010 5
40824000 1177
40642560 702
40516875 1
40507614 3
40500000 81
40336800 22
40320000 847
40310784 81
40186125 3
40140800 69
40007520 330
40000000 9
39858075 1
39813120 315
39690000 316
39680928 51
39513600 418
39375000 1
39366000 168
39337984 5
39321600 38
39200000 67
39191040 939
38896200 96
38880000 756
38723328 11
38707200 990
38587500 16
38578680 123
38535168 12
38416000 39
38400000 160
38272500 53
38263752 2
38102400 1208
37968750 2
37933056 67
37815750 3
37800000 383
37791360 214
37748736 6
37647680 3
37632000 440
37507050 28
37500000 4
37340352 57
37324800 1087
37209375 1
37200870 12
37158912 94
37044000 347
36879360 59
36864000 350
36756909 2
36750000 24
36741600 635
36700160 6
36578304 262
36450000 91
36303120 25
36288000 1932
36126720 248
36015000 18
36006768 60
36000000 138
35840000 120
35831808 103
35721000 286
35562240 434
35437500 17
35429400 47
35389440 96
35294700 2
35280000 560
35271936 173
35123200 70
35006580 47
35000000 11
34992000 804
34836480 942
34728750 15
34720812 14
34574400 147
34560000 729
34445250 29
34420736 4
34406400 173
34300000 20
34292160 633
34034175 2
34020000 664
34012224 38
33882912 3
33868800 1201
33756345 2
33750000 11
33718272 9
33614000 14
33600000 283
33592320 532
33480783 1
33339600 347
33191424 48
33177600 703
33075000 76
33067440 226
33030144 19
32928000 243
32805000 86
32768000 27
32672808 2
32659200 1815
32514048 157
32413500 33
32400000 409
32269440 13
32256000 907
32148900 130
32112640 27
32006016 173
32000000 38
31893750 11
31886460 9
31850496 57
31765230 3
31752000 1063
31610880 245
31505922 7
31500000 97
31492800 422
31457280 18
31360000 169
31352832 289
31255875 5
31116960 143
31104000 1377
31000725 2
30965760 417
30870000 129
30862944 107
30732800 31
30720000 227
30625000 3
30618000 555
30481920 1058
30375000 13
30252600 22
30240000 1183
30233088 93
30118144 1
30105600 306
30012500 2
30005640 151
30000000 38
29859840 547
29767500 74
29760696 15
29635200 648
29524500 35
29503488 16
29491200 191
29400000 155
29393280 838
29172150 20
29160000 585
29042496 15
29030400 1831
28940625 1
28934010 28
28901376 37
28812000 53
28800000 352
28704375 2
28672000 112
28576800 868
28449792 135
28350000 208
28343520 122
28311552 24
28235760 1
28224000 980
28098560 30
28005264 36
28000000 70
27993600 1145
27869184 204
27783000 190
27659520 119
27648000 864
27562500 7
27556200 246
27525120 61
27440000 82
27433728 288
27337500 11
27227340 19
27216000 1844
27095040 622
27011250 4
27005076 17
27000000 121
26891200 9
26880000 551
26873856 162
26790750 38
26671680 463
26572050 8
26542080 252
26460000 520
26453952 130
26342400 245
26254935 5
26250000 9
26244000 439
26214400 16
26127360 1304
25930800 138
25920000 1039
25815552 8
25804800 740
25725000 23
25719120 330
25690112 3
25600000 60
25515000 265
25509168 15
25412184 3
25401600 1614
25312500 4
25288704 53
25210500 4
25200000 466
25194240 495
25165824 2
25088000 168
25004700 108
25000000 2
24893568 65
24883200 1321
24806250 10
24800580 45
24772608 89
24696000 413
24603750 9
24586240 23
24576000 201
24504606 1
24500000 17
24494400 1391
24385536 312
24310125 2
24300000 258
24202080 29
24192000 1976
24111675 10
24084480 129
24010000 13
24004512 113
24000000 105
23887872 129
23814000 676
23708160 462
23625000 36
23619600 157
23592960 53
23529800 2
23520000 405
23514624 338
23337720 92
23328000 1357
23224320 977
23152500 57
23147208 42
23049600 100
23040000 623
22963500 122
22937600 47
22861440 1064
22781250 2
22689450 4
22680000 1075
22674816 59
22588608 2
22579200 1017
22504230 24
22500000 26
22478848 7
22400000 143
22394880 760
22325625 4
22320522 1
22226400 581
22127616 34
22118400 603
22050000 143
22044960 448
22020096 13
21952000 133
21870000 258
21781872 18
21772800 2406
21676032 144
21609000 63
21600000 519
21512960 5
21504000 533
21437500 3
21432600 366
21337344 185
21262500 43
21257640 40
21233664 40
21176820 3
21168000 1302
21073920 142
21008750 2
21003948 18
21000000 104
20995200 830
20971520 5
20901888 337
20837250 39
20744640 177
20736000 1486
20667150 35
20643840 274
20580000 115
20575296 224
20480000 82
20420505 3
20412000 1205
20321280 1163
20253807 2
20250000 70
20168400 23
20160000 1083
20155392 181
20070400 105
20003760 324
20000000 19
19906560 563
19845000 263
19840464 51
19765032 1
19756800 524
19687500 3
19683000 125
19668992 3
19660800 90
19600000 104
19595520 1341
19448100 76
19440000 945
19361664 17
19353600 1594
19293750 5
19289340 112
19267584 29
19208000 38
19200000 250
19136250 25
19131876 2
19051200 1486
18966528 129
18907875 2
18900000 345
18895680 267
18874368 12
18823840 1
18816000 592
18753525 5
18670176 60
18662400 1542
18600435 2
18579456 182
18522000 322
18439680 76
18432000 581
18375000 18
18370800 671
18350080 17
18289152 374
18225000 66
18151560 26
18144000 2472
18063360 463
18007500 8
18003384 52
18000000 157
17920000 213
17915904 207
17860500 181
17781120 632
17718750 3
17714700 32
17694720 239
17647350 1
17640000 607
17635968 243
17561600 94
17503290 31
17500000 8
17496000 888
17418240 1509
17364375 3
17360406 13
17287200 160
17280000 1160
17222625 1
17210368 4
17203200 351
17150000 24
17146080 681
17010000 531
17006112 37
16941456 4
16934400 1680
16875000 3
16859136 32
16807000 6
16800000 339
16796160 689
16777216 2
16669800 275
16595712 80
16588800 1244
16537500 37
16533720 152
16515072 52
16464000 304
16402500 32
16384000 51
16336404 9
16329600 2320
16257024 273
16206750 12
16200000 399
16134720 27
16128000 1468
16074450 57
16056320 38
16003008 202
16000000 49
15946875 2
15943230 6
15925248 112
15876000 1091
15805440 379
15750000 64
15746400 450
15728640 31
15680000 171
15676416 465
15558480 161
15552000 1852
15482880 738
15435000 90
15431472 110
15366400 36
15360000 321
15312500 1
15309000 416
15240960 1397
15187500 7
15126300 13
15120000 1377
15116544 137
15052800 472
15006250 1
15002820 116
15000000 23
14929920 913
14883750 24
14880348 7
14817600 697
14762250 12
14751744 22
14745600 404
14700000 132
14696640 934
14586075 4
14580000 564
14521248 19
14515200 2678
14467005 7
14450688 84
14406000 55
14400000 492
14336000 196
14288400 849
14224896 227
14175000 169
14171760 94
14155776 38
14117880 2
14112000 1231
14049280 47
14002632 33
14000000 64
13996800 1463
13934592 362
13891500 110
13829760 147
13824000 1293
13781250 6
13778100 154
13762560 129
13720000 63
13716864 390
13668750 3
13613670 16
13608000 2089
13547520 1023
13502538 8
13500000 89
13445600 10
13440000 673
13436928 228
13395375 4
13335840 530
13286025 1
13271040 534
13230000 431
13226976 147
13171200 370
13125000 9
13122000 359
13107200 28
13063680 1908
12965400 94
12960000 1309
12907776 11
12902400 1165
12862500 10
12859560 287
12845056 3
12800000 93
12757500 128
12754584 14
12706092 3
12700800 1901
12656250 1
12644352 93
12605250 1
12600000 459
12597120 548
12582912 6
12544000 244
12502350 66
12500000 5
12446784 94
12441600 2009
12403125 5
12400290 26
12386304 143
12348000 377
12293120 24
12288000 326
12252303 2
12250000 11
12247200 1324
12192768 476
12150000 183
12101040 29
12096000 2437
12042240 199
12005000 15
12002256 120
12000000 109
11943936 195
11907000 481
11854080 642
11812500 23
11809800 138
11796480 140
11764900 1
11760000 433
11757312 465
11668860 48
11664000 1468
11612160 1572
11576250 14
11573604 38
11524800 97
11520000 806
11481750 42
11468800 106
11430720 1160
11344725 2
11340000 981
11337408 79
11294304 2
11289600 1347
11252115 7
11250000 13
11239424 14
11200000 143
11197440 1047
11113200 471
11063808 57
11059200 1006
11025000 76
11022480 436
11010048 19
10976000 132
10937500 1
10935000 162
10890936 11
10886400 3039
10838016 255
10804500 33
10800000 506
10756480 14
10752000 795
10716300 233
10668672 255
10631250 16
10628820 27
10616832 112
10584000 1376
10536960 189
10501974 7
10500000 90
10497600 886
10485760 7
10450944 538
10418625 8
10372320 170
10368000 2025
10333575 6
10321920 497
10290000 97
10287648 228
10240000 99
10206000 919
10160640 1536
10125000 35
10084200 15
10080000 1295
10077696 220
10035200 169
10001880 279
10000000 19
9953280 991
9922500 124
9920232 43
9878400 643
9841500 59
9834496 5
9830400 169
9800000 78
9797760 1616
9724050 29
9720000 916
9680832 14
9676800 2353
9646875 1
9644670 48
9633792 35
9604000 42
9600000 284
9568125 6
9565938 2
9529569 2
9525600 1451
9483264 200
9450000 270
9447840 263
9437184 25
9408000 760
9335088 59
9331200 2001
9289728 361
9261000 215
9219840 94
9216000 951
9187500 12
9185400 462
9175040 30
9144576 559
9112500 30
9075780 16
9072000 2653
9031680 682
9003750 4
9001692 35
9000000 126
8960000 252
8957952 290
8930250 61
8890560 734
8859375 1
8857350 11
8847360 389
8820000 482
8817984 304
8780800 121
8751645 4
8750000 3
8748000 833
8709120 2166
8680203 4
8643600 149
8640000 1329
8601600 525
8575000 8
8573040 658
8505000 371
8503056 25
8467200 2061
8437500 2
8429568 53
8403500 2
8400000 326
8398080 932
8388608 1
8334900 156
8297856 98
8294400 1886
8268750 11
8266860 84
8257536 87
8232000 306
8201250 15
8192000 95
8168202 3
8164800 2314
8128512 478
8103375 1
8100000 336
8067360 17
8064000 1920
8037225 14
8028160 66
8001504 180
8000000 57
7971615 1
7962624 194
7938000 851
7902720 509
7875000 44
7873200 354
7864320 49
7840000 200
7838208 637
7779240 102
7776000 2062
7741440 1205
7717500 43
7715736 99
7683200 50
7680000 414
7656250 1
7654500 207
7620480 1657
7593750 5
7563150 2
7560000 1320
7558272 148
7526400 775
7501410 62
7500000 17
7464960 1408
7441875 6
7440174 4
7408800 705
7375872 28
7372800 587
7350000 89
7348320 868
7340032 5
7290000 371
7260624 9
7257600 3588
7225344 152
7203000 40
7200000 497
7168000 218
7144200 560
7112448 325
7087500 79
7085880 64
7077888 85
7058940 2
7056000 1262
7024640 80
7001316 22
7000000 56
6998400 1619
6967296 630
6945750 60
6914880 159
6912000 1826
6889050 61
6881280 222
6860000 60
6858432 467
6834375 2
6806835 2
6804000 1735
6773760 1385
6751269 3
6750000 56
6722800 16
6720000 792
6718464 339
6667920 468
6635520 872
6615000 256
6613488 124
6585600 420
6562500 2
6561000 233
6553600 46
6531840 2230
6482700 72
6480000 1326
6453888 6
6451200 1689
6431250 7
6429780 179
6422528 12
6400000 97
6378750 44
6377292 6
6353046 1
6350400 2035
6322176 124
6300000 363
6298560 578
6291456 9
6272000 307
6251175 12
6223392 93
6220800 2460
6200145 2
6193152 229
6174000 285
6146560 31
6144000 461
6125000 7
6123600 1065
6096384 631
6075000 110
6050520 30
6048000 2830
6021120 361
6002500 3
6001128 93
6000000 92
5971968 330
5953500 260
5927040 704
5906250 7
5904900 68
5898240 212
5880000 402
5878656 494
5834430 24
5832000 1444
5806080 2203
5788125 2
5786802 14
5762400 95
5760000 1080
5740875 8
5734400 147
5715360 1123
5670000 696
5668704 58
5647152 2
5644800 1627
5625000 1
5619712 10
5600000 141
5598720 1344
5556600 354
5531904 83
5529600 1517
5512500 46
5511240 301
5505024 35
5488000 125
5467500 58
5445468 7
5443200 3298
5419008 367
5402250 10
5400000 438
5378240 11
5376000 1128
5358150 88
5334336 297
5315625 3
5314410 8
5308416 165
5294205 2
5292000 1138
5268480 247
5250987 2
5250000 48
5248800 781
5242880 15
5225472 794
5186160 135
5184000 2325
5160960 787
5145000 76
5143824 185
5120000 137
5103000 601
5080320 1899
5062500 15
5042100 12
5040000 1226
5038848 274
5017600 231
5000940 136
5000000 10
4976640 1416
4961250 43
4960116 24
4939200 655
4920750 31
4917248 4
4915200 288
4900000 70
4898880 1551
4862025 8
4860000 762
4840416 16
4838400 3102
4822335 13
4816896 66
4802000 30
4800000 330
4762800 1173
4741632 265
4725000 152
4723920 224
4718592 34
4704000 788
4667544 48
4665600 2312
4644864 545
4630500 117
4609920 127
4608000 1283
4593750 2
4592700 250
4587520 62
4572288 602
4556250 8
4537890 11
4536000 2405
4515840 959
4501875 1
4500846 15
4500000 86
4480000 314
4478976 430
4465125 15
4445280 623
4423680 661
4410000 374
4408992 258
4390400 165
4375000 6
4374000 615
4354560 2727
4321800 95
4320000 1398
4302592 5
4300800 809
4287500 7
4286520 391
4252500 151
4251528 21
4235364 1
4233600 2045
4218750 1
4214784 67
4200000 321
4199040 1048
4194304 1
4167450 70
4148928 101
4147200 2317
4134375 1
4133430 45
4128768 141
4116000 247
4100625 1
4096000 121
4084101 3
4082400 1983
4064256 626
4050000 242
4033680 13
4032000 2136
4014080 80
4000752 173
4000000 63
3981312 316
3969000 570
3951360 552
3937500 17
3936600 215
3932160 89
3920000 193
3919104 700
3889620 79
3888000 2175
3870720 1651
3858750 16
3857868 50
3841600 49
3840000 552
3827250 81
3810240 1628
3781575 1
3780000 971
3779136 137
3763200 849
3750705 12
3750000 10
3732480 1747
3720087 1
3704400 526
3687936 28
3686400 876
3675000 57
3674160 711
3670016 15
3645000 242
3630312 13
3628800 3737
3612672 245
3601500 18
3600000 464
3584000 330
3572100 273
3556224 343
3543750 20
3542940 36
3538944 124
3528000 1140
3512320 76
3500658 13
3500000 25
3499200 1453
3483648 816
3472875 8
3457440 132
3456000 2216
3444525 6
3440640 316
3430000 40
3429216 370
3402000 1207
3386880 1565
3375000 42
3361400 4
3360000 796
3359232 397
3333960 322
3317760 1223
3307500 140
3306744 101
3292800 390
3280500 111
3276800 70
3265920 2309
3241350 20
3240000 1107
3226944 11
3225600 2116
3214890 67
3211264 9
3200000 115
3189375 2
3188646 3
3175200 1711
3161088 195
3150000 226
3149280 516
3145728 19
3136000 315
3111696 89
3110400 2894
3096576 366
3087000 172
3073280 44
3072000 619
3062500 5
3061800 651
3048192 707
3037500 50
3025260 12
3024000 2518
3010560 411
3001250 3
3000564 44
3000000 80
2985984 490
2976750 95
2963520 683
2952450 15
2949120 369
2940000 274
2939328 496
2917215 5
2916000 1114
2903040 2701
2893401 4
2881200 74
2880000 1059
2867200 218
2857680 865
2835000 384
2834352 55
2823576 1
2822400 1683
2812500 5
2809856 17
2800000 145
2799360 1460
2778300 193
2765952 81
2764800 1894
2756250 13
2755620 155
2752512 40
2744000 108
2733750 21
2722734 1
2721600 2933
2709504 479
2701125 3
2700000 335
2689120 9
2688000 1131
2679075 7
2667168 217
2657205 3
2654208 288
2646000 852
2634240 298
2625000 30
2624400 586
2621440 23
2612736 898
2593080 108
2592000 2444
2580480 1019
2572500 25
2571912 129
2560000 203
2551500 297
2540160 1830
2531250 3
2521050 7
2520000 1065
2519424 286
2508800 227
2500470 67
2500000 8
2488320 1825
2480625 6
2480058 10
2469600 555
2460375 4
2458624 11
2457600 406
2450000 44
2449440 1268
2430000 487
2420208 14
2419200 3420
2408448 102
2401000 17
2400000 277
2381400 725
2370816 287
2362500 73
2361960 132
2359296 57
2352000 742
2333772 34
2332800 2230
2322432 767
2315250 44
2304960 103
2304000 1474
2296350 81
2293760 85
2286144 572
2278125 1
2268945 3
2268000 1923
2257920 1249
2250423 4
2250000 60
2240000 290
2239488 483
2222640 464
2211840 848
2205000 231
2204496 197
2195200 164
2187500 2
2187000 319
2177280 2821
2160900 53
2160000 1225
2151296 2
2150400 1059
2143750 1
2143260 212
2126250 53
2125764 10
2117682 1
2116800 1884
2107392 80
2100000 214
2099520 856
2097152 1
2083725 6
2074464 75
2073600 2739
2066715 8
2064384 220
2058000 189
2048000 163
2041200 1383
2032128 727
2025000 103
2016840 11
2016000 2093
2007040 122
2000376 136
2000000 44
1990656 449
1984500 256
1975680 543
1968750 5
1968300 81
1966080 159
1960000 152
1959552 764
1944810 34
1944000 1772
1935360 2094
1929375 7
1928934 15
1920800 41
1920000 554
1913625 15
1905120 1341
1890000 660
1889568 105
1881600 984
1875000 5
1866240 1915
1852200 310
1843968 36
1843200 1165
1837500 24
1837080 409
1835008 14
1822500 89
1815156 7
1814400 3525
1806336 283
1800750 5
1800000 395
1792000 370
1786050 118
1778112 279
1771875 2
1771470 7
1769472 161
1764000 824
1756160 83
1750329 3
1750000 19
1749600 1095
1741824 935
1728720 119
1728000 2220
1720320 422
1715000 23
1714608 296
1701000 673
1693440 1701
1687500 13
1680700 2
1680000 659
1679616 383
1666980 189
1658880 1604
1653750 47
1653372 51
1646400 345
1640250 39
1638400 109
1632960 2108
1620675 7
1620000 735
1613472 7
1612800 2358
1607445 15
1605632 16
1600000 85
1587600 1184
1580544 210
1575000 105
1574640 361
1572864 26
1568000 310
1555848 59
1555200 2851
1548288 523
1543500 89
1536640 39
1536000 739
1530900 314
1524096 759
1518750 6
1512630 8
1512000 2152
1505280 507
1500282 25
1500000 69
1492992 592
1488375 6
1481760 570
1476225 6
1474560 513
1470000 178
1469664 422
1458000 723
1451520 2924
1440600 40
1440000 1005
1433600 269
1428840 524
1417500 178
1417176 35
1411788 2
1411200 1503
1406250 2
1404928 22
1400000 103
1399680 1379
1389150 66
1382976 66
1382400 2221
1377810 43
1376256 85
1372000 83
1366875 2
1361367 2
1360800 2164
1354752 582
1350000 177
1344560 5
1344000 1147
1333584 185
1327104 366
1323000 488
1317120 319
1312500 11
1312200 336
1310720 29
1306368 940
1296540 50
1296000 2063
1290240 1281
1286250 11
1285956 66
1280000 205
1275750 78
1270080 1626
1265625 1
1260525 1
1260000 731
1259712 252
1254400 258
1250235 8
1250000 4
1244160 2061
1240029 2
1234800 365
1229312 15
1228800 477
1225000 21
1224720 941
1215000 268
1210104 11
1209600 3225
1204224 140
1200500 9
1200000 274
1190700 345
1185408 274
1181250 24
1180980 50
1179648 85
1176000 635
1166886 14
1166400 1739
1161216 877
1157625 2
1152480 86
1152000 1529
1148175 9
1146880 111
1143072 459
1134000 1172
1128960 1222
1125000 35
1120000 239
1119744 560
1111320 261
1105920 1180
1102500 82
1102248 136
1097600 165
1093500 133
1088640 2605
1080450 15
1080000 901
1075648 4
1075200 1142
1071630 77
1063125 12
1062882 2
1058841 1
1058400 1368
1053696 82
1050000 121
1049760 701
1048576 5
1037232 60
1036800 2836
1032192 268
1029000 91
1024000 184
1020600 755
1016064 707
1012500 35
1008420 14
1008000 1871
1003520 137
1000188 54
1000000 46
995328 592
992250 74
987840 489
984150 26
983040 183
980000 99
979776 625
972405 4
972000 1205
967680 2276
964467 3
960400 24
960000 559
952560 913
945000 330
944784 77
941192 1
940800 891
937500 3
933120 1853
926100 150
921984 33
921600 1290
918750 6
918540 194
917504 17
911250 20
907578 3
907200 2898
903168 339
900375 1
900000 234
896000 361
893025 21
889056 270
885735 3
884736 249
882000 578
878080 100
875000 7
874800 737
870912 1056
864360 72
864000 1971
860160 578
857500 9
857304 189
850500 262
846720 1490
843750 1
840000 471
839808 388
833490 49
829440 1819
826875 1
826686 15
823200 274
820125 4
819200 113
816480 1582
810000 441
806736 4
806400 2335
802816 25
800000 93
793800 658
790272 200
787500 46
787320 183
786432 42
784000 214
777924 19
777600 2347
774144 619
771750 27
768320 26
768000 729
765450 83
762048 640
759375 1
756000 1543
752640 547
750141 3
750000 32
746496 642
740880 355
737280 591
735000 115
734832 286
729000 384
725760 2719
720300 24
720000 783
716800 284
714420 236
708750 40
708588 10
705600 1189
702464 26
700000 56
699840 1049
694575 6
691488 44
691200 2285
688905 7
688128 107
686000 40
680400 1369
677376 581
675000 91
672280 4
672000 1076
666792 122
663552 442
661500 231
658560 250
656250 2
656100 155
655360 37
653184 907
648270 22
648000 1654
645120 1347
643125 2
642978 32
640000 170
637875 17
635040 1255
630000 425
629856 173
627200 262
625000 1
622080 2063
617400 202
614656 13
614400 576
612500 6
612360 524
607500 101
605052 2
604800 2767
602112 132
600250 5
600000 169
595350 106
592704 197
590625 3
590490 19
589824 112
588000 403
583443 3
583200 1303
580608 940
576240 58
576000 1439
573440 137
571536 324
567000 548
564480 1129
562500 9
560000 210
559872 570
555660 141
552960 1265
551250 29
551124 66
548800 94
546750 37
544320 2106
540225 5
540000 579
537824 1
537600 1090
535815 17
531441 1
529200 907
526848 103
525000 47
524880 434
524288 5
518616 40
518400 2473
516096 393
514500 38
512000 235
510300 379
508032 674
506250 11
504210 1
504000 1362
501760 169
500094 32
500000 16
497664 619
496125 15
493920 333
492075 6
491520 250
490000 58
489888 436
486000 673
483840 2245
480200 8
480000 457
476280 470
472500 122
472392 45
470596 2
470400 714
468750 1
466560 1536
463050 44
460992 29
460800 1466
459270 61
458752 20
455625 4
453789 2
453600 1936
451584 388
450000 133
448000 352
444528 168
442368 263
441000 276
439040 91
437500 4
437400 384
435456 971
432180 44
432000 1623
430080 595
428750 2
428652 97
425250 91
423360 1240
421875 1
420000 351
419904 303
416745 11
414720 1876
413343 3
411600 179
409600 146
408240 949
405000 229
403368 4
403200 2008
401408 37
400000 67
396900 295
395136 186
393750 12
393660 68
393216 50
392000 165
388962 16
388800 1793
387072 681
385875 9
384160 19
384000 662
382725 22
381024 453
378000 887
376320 499
375000 11
373248 632
370440 217
368640 719
367500 31
367416 160
364500 124
362880 2216
360150 6
360000 577
358400 298
357210 93
354375 10
354294 1
352800 851
351232 20
350000 44
349920 759
345744 30
345600 2048
344064 121
343000 27
340200 722
338688 529
337500 31
336140 2
336000 773
333396 43
331776 505
330750 52
329280 206
328050 45
327680 61
326592 697
324135 5
324000 1047
322560 1401
321489 4
320000 138
317520 705
315000 191
314928 102
313600 221
311040 1692
308700 89
307328 7
307200 565
306250 3
306180 225
303750 23
302526 3
302400 2081
301056 167
300000 113
297675 18
296352 175
295245 4
294912 135
294000 271
291600 735
290304 938
288120 29
288000 1172
286720 137
285768 154
283500 247
282240 919
281250 1
280000 149
279936 459
277830 47
276480 1297
275625 3
275562 23
274400 55
273375 4
272160 1423
270000 337
268912 1
268800 1034
264600 432
263424 86
262500 15
262440 212
262144 6
259308 17
259200 1979
258048 385
257250 16
256000 194
255150 93
254016 480
253125 3
252105 2
252000 807
250880 153
250047 4
250000 9
248832 666
246960 219
245760 245
245000 22
244944 330
243000 353
241920 1838
240100 4
240000 352
238140 232
236250 28
236196 18
235200 479
233280 1124
231525 4
230496 21
230400 1374
229635 12
229376 40
226800 1165
225792 316
225000 54
224000 289
222264 99
221184 328
220500 102
219520 69
218700 131
217728 787
216090 11
216000 1121
215040 577
214326 28
212625 9
211680 852
210000 189
209952 199
207360 1650
205800 77
204800 141
204120 511
202500 75
201684 1
201600 1491
200704 26
200000 41
198450 89
197568 136
196875 1
196830 25
196608 44
196000 97
194481 2
194400 1064
193536 618
192080 16
192000 561
190512 301
189000 394
188160 457
187500 7
186624 566
185220 97
184320 684
183750 7
183708 70
182250 34
181440 1598
180075 1
180000 320
179200 260
178605 16
177147 2
176400 483
175616 22
175000 21
174960 441
172872 12
172800 1729
172032 162
171500 13
170100 302
169344 458
168750 6
168000 491
166698 31
165888 473
165375 12
164640 132
164025 6
163840 60
163296 449
162000 532
161280 1282
160000 117
158760 352
157500 67
157464 55
156800 169
156250 1
155520 1347
154350 18
153664 8
153600 582
153090 74
151875 2
151200 1297
150528 135
150000 39
148176 113
147456 139
147000 129
145800 327
145152 725
144060 15
144000 843
143360 129
142884 65
141750 74
141120 625
140000 85
139968 327
138915 8
138240 1204
137781 5
137200 34
136080 817
135000 154
134456 1
134400 824
132300 168
131712 56
131250 8
131220 86
131072 11
129654 7
129600 1276
129024 388
128625 2
128000 160
127575 12
127008 355
126000 478
125440 112
125000 5
124416 616
123480 100
122880 288
122500 12
122472 152
121500 111
120960 1506
120050 3
120000 203
119070 75
118125 3
118098 8
117600 313
116640 670
115248 6
115200 1171
114688 41
113400 540
112896 272
112500 22
112000 191
111132 28
110592 355
110250 26
109760 48
109350 44
108864 581
108000 656
107520 588
107163 6
105840 453
105000 76
104976 123
103680 1314
102900 31
102400 147
102060 192
101250 19
100800 1057
100352 29
100000 25
99225 10
98784 86
98415 6
98304 66
98000 49
97200 556
96768 602
96040 6
96000 407
95256 138
94500 148
94080 334
93312 404
92610 38
92160 656
91854 18
91125 3
90720 1056
90000 146
89600 211
88200 241
87808 23
87500 3
87480 203
86436 5
86400 1307
86016 148
85750 5
85050 78
84672 300
84375 1
84000 332
83349 5
82944 509
82320 70
81920 69
81648 235
81000 239
80640 973
80000 73
79380 150
78750 18
78732 18
78400 122
77760 971
77175 2
76832 7
76800 489
76545 8
75600 730
75264 133
75000 25
74088 51
73728 167
73500 47
72900 102
72576 560
72030 4
72000 566
71680 125
71442 18
70875 5
70560 395
70000 42
69984 204
69120 1049
68600 12
68040 409
67500 44
67228 1
67200 552
66150 44
65856 39
65610 18
65536 13
64800 815
64512 328
64000 135
63504 213
63000 200
62720 101
62500 1
62208 415
61740 54
61440 249
61250 1
61236 53
60750 25
60480 988
60025 1
60000 107
59535 4
58800 171
58320 361
57624 5
57600 783
57344 34
56700 219
56448 230
56250 4
56000 144
55566 14
55296 324
55125 3
54880 29
54675 4
54432 373
54000 320
53760 453
52920 222
52500 27
52488 48
51840 983
51450 7
51200 99
51030 61
50625 3
50400 616
50176 29
50000 16
49392 44
49152 52
49000 32
48600 264
48384 453
48020 2
48000 301
47628 61
47250 29
47040 214
46656 287
46305 5
46080 578
45360 592
45000 65
44800 145
44100 71
43904 12
43750 1
43740 64
43218 5
43200 790
43008 125
42525 9
42336 183
42000 159
41472 387
41160 36
40960 33
40824 121
40500 75
40320 724
40000 43
39690 28
39375 4
39366 6
39200 69
38880 554
38416 2
38400 369
37800 274
37632 103
37500 8
37044 21
36864 158
36750 11
36450 26
36288 395
36000 317
35840 113
35721 2
35280 222
35000 20
34992 128
34560 832
34300 8
34020 146
33750 12
33600 348
33075 4
32928 34
32805 5
32768 11
32400 402
32256 267
32000 77
31752 77
31500 68
31360 62
31104 352
30870 16
30720 224
30618 9
30375 5
30240 573
30000 70
29400 68
29160 154
28812 5
28800 557
28672 26
28350 51
28224 152
28125 2
28000 55
27648 270
27440 12
27216 194
27000 125
26880 332
26460 78
26250 2
26244 21
25920 625
25600 92
25515 6
25200 317
25088 19
25000 9
24696 24
24576 66
24500 8
24300 92
24192 349
24000 175
23814 14
23625 4
23520 118
23328 172
23040 480
22680 256
22500 17
22400 103
22050 18
21952 7
21870 21
21609 1
21600 487
21504 121
21168 111
21000 59
20736 279
20580 18
20480 48
20412 58
20250 22
20160 429
20000 27
19845 5
19600 27
19440 268
19208 1
19200 278
18900 110
18816 52
18522 5
18432 139
18375 1
18225 1
18144 217
18000 132
17920 97
17640 99
17500 5
17496 37
17280 536
17150 2
17010 34
16800 197
16464 11
16384 11
16200 165
16128 198
16000 69
15876 27
15750 13
15680 43
15552 224
15435 4
15360 178
15309 2
15120 286
15000 29
14700 20
14580 70
14406 1
14400 315
14336 20
14175 8
14112 88
14000 25
13824 203
13720 6
13608 87
13500 45
13440 224
13230 20
13122 4
12960 320
12800 72
12600 132
12544 22
12500 6
12348 11
12288 44
12250 5
12150 19
12096 203
12005 1
12000 92
11907 3
11760 68
11664 89
11520 314
11340 103
11250 3
11200 77
11025 4
10976 8
10935 4
10800 209
10752 108
10584 46
10500 14
10368 213
10290 8
10240 45
10206 10
10080 216
10000 14
9800 15
9720 112
9600 176
9450 25
9408 39
9261 1
9216 115
9072 100
9000 49
8960 67
8820 28
8748 8
8640 295
8505 3
8400 85
8232 6
8192 9
8100 36
8064 151
8000 35
7938 5
7875 1
7840 30
7776 110
7680 135
7560 112
7500 12
7350 1
7290 8
7200 178
7168 19
7056 43
7000 12
6912 145
6860 2
6804 43
6750 10
6720 132
6615 5
6480 133
6400 46
6300 45
6272 12
6174 1
6144 42
6125 1
6075 1
6048 113
6000 30
5880 24
5832 33
5760 196
5670 27
5600 30
5488 2
5400 84
5376 58
5292 18
5250 2
5184 118
5145 1
5120 34
5103 1
5040 107
4900 8
4860 30
4802 1
4800 78
4725 2
4704 20
4608 88
4536 55
4500 13
4480 47
4410 16
4375 1
4374 2
4320 145
4200 30
4116 3
4096 8
4050 9
4032 71
4000 15
3920 17
3888 60
3840 81
3780 48
3675 1
3645 1
3600 71
3584 14
3528 16
3500 2
3456 95
3430 2
3402 9
3375 2
3360 67
3240 63
3200 29
3150 16
3136 9
3087 1
3072 42
3024 48
3000 12
2940 9
2916 14
2880 112
2835 4
2800 25
2744 1
2700 23
2688 34
2646 5
2592 56
2560 26
2520 45
2500 1
2430 10
2400 38
2352 11
2304 52
2268 16
2250 1
2240 21
2187 1
2160 68
2100 10
2058 1
2048 8
2025 2
2016 34
2000 4
1960 5
1944 18
1920 48
1890 12
1800 34
1792 10
1764 10
1750 1
1728 52
1701 1
1680 34
1620 19
1600 16
1575 2
1568 7
1536 17
1512 25
1500 12
1440 56
1400 3
1372 1
1350 3
1344 14
1296 30
1280 13
1260 16
1215 3
1200 19
1176 5
1152 27
1134 1
1120 9
1080 22
1050 3
1024 5
1008 18
1000 1
972 2
960 28
945 1
900 12
896 5
882 3
864 31
840 14
810 5
800 4
768 8
756 9
720 29
700 1
672 13
648 12
640 10
600 5
576 14
560 9
540 5
525 2
512 2
504 10
500 2
490 1
486 3
480 17
450 6
448 1
432 3
420 2
405 1
400 2
392 1
384 9
378 1
360 11
336 4
324 2
320 8
315 1
300 2
294 1
288 8
280 2
270 2
252 6
240 5
224 2
216 2
210 1
200 1
192 5
180 3
168 2
160 3
144 4
140 1
120 2
112 1
96 3
72 5
40 1
