3075 1
3071 1
3062 1
3053 1
3047 1
3042 1
3031 1
3030 1
3025 1
3020 1
3018 2
3017 2
3016 2
3014 1
3013 1
3009 1
3008 6
3007 3
3006 3
3005 3
3004 3
3003 5
3002 3
3001 3
3000 7
2999 1
2998 3
2997 3
2996 4
2995 6
2994 5
2993 5
2992 4
2991 4
2990 4
2989 7
2988 6
2987 4
2986 8
2985 11
2984 8
2983 17
2982 3
2981 7
2980 16
2979 9
2978 16
2977 11
2976 13
2975 12
2974 16
2973 18
2972 14
2971 17
2970 20
2969 20
2968 18
2967 23
2966 14
2965 20
2964 19
2963 26
2962 21
2961 17
2960 34
2959 34
2958 30
2957 46
2956 40
2955 34
2954 24
2953 43
2952 45
2951 46
2950 41
2949 55
2948 48
2947 76
2946 50
2945 67
2944 65
2943 71
2942 56
2941 76
2940 68
2939 93
2938 89
2937 58
2936 92
2935 77
2934 85
2933 105
2932 116
2931 108
2930 123
2929 143
2928 131
2927 157
2926 143
2925 139
2924 155
2923 171
2922 177
2921 170
2920 176
2919 191
2918 187
2917 236
2916 211
2915 212
2914 244
2913 259
2912 233
2911 260
2910 274
2909 297
2908 316
2907 324
2906 312
2905 341
2904 355
2903 352
2902 380
2901 388
2900 426
2899 393
2898 419
2897 455
2896 486
2895 507
2894 515
2893 514
2892 513
2891 531
2890 566
2889 605
2888 633
2887 633
2886 689
2885 674
2884 738
2883 738
2882 738
2881 761
2880 831
2879 815
2878 861
2877 875
2876 928
2875 897
2874 989
2873 942
2872 994
2871 1088
2870 1112
2869 1119
2868 1165
2867 1135
2866 1180
2865 1251
2864 1229
2863 1325
2862 1360
2861 1375
2860 1413
2859 1481
2858 1519
2857 1566
2856 1545
2855 1621
2854 1674
2853 1729
2852 1771
2851 1792
2850 1836
2849 1862
2848 2006
2847 2029
2846 1991
2845 2131
2844 2130
2843 2229
2842 2271
2841 2228
2840 2280
2839 2337
2838 2481
2837 2491
2836 2637
2835 2648
2834 2620
2833 2696
2832 2776
2831 2822
2830 2781
2829 2941
2828 2957
2827 3048
2826 3189
2825 3131
2824 3204
2823 3322
2822 3231
2821 3290
2820 3393
2819 3513
2818 3512
2817 3659
2816 3583
2815 3750
2814 3719
2813 3842
2812 3822
2811 3953
2810 3948
2809 4019
2808 4074
2807 4200
2806 4266
2805 4330
2804 4403
2803 4373
2802 4488
2801 4527
2800 4647
2799 4601
2798 4618
2797 4759
2796 4793
2795 4940
2794 4898
2793 4970
2792 5068
2791 4988
2790 4975
2789 5097
2788 5259
2787 5364
2786 5193
2785 5426
2784 5398
2783 5458
2782 5493
2781 5648
2780 5751
2779 5682
2778 5671
2777 5692
2776 5622
2775 5681
2774 5763
2773 5866
2772 5845
2771 5986
2770 5938
2769 5861
2768 5894
2767 5979
2766 6119
2765 6015
2764 6037
2763 6163
2762 6132
2761 6221
2760 6123
2759 6084
2758 6092
2757 6012
2756 6172
2755 6200
2754 6237
2753 6316
2752 6441
2751 6343
2750 6360
2749 6266
2748 6238
2747 6326
2746 6214
2745 6187
2744 6234
2743 6244
2742 6187
2741 6144
2740 6021
2739 6264
2738 6122
2737 6066
2736 6189
2735 6067
2734 5953
2733 5972
2732 5866
2731 5937
2730 5991
2729 5820
2728 5818
2727 5748
2726 5759
2725 5820
2724 5686
2723 5617
2722 5653
2721 5385
2720 5553
2719 5492
2718 5470
2717 5472
2716 5426
2715 5299
2714 5243
2713 5308
2712 5345
2711 5116
2710 4994
2709 5102
2708 5078
2707 4888
2706 4934
2705 4732
2704 4700
2703 4810
2702 4765
2701 4665
2700 4691
2699 4552
2698 4568
2697 4454
2696 4375
2695 4266
2694 4215
2693 4139
2692 4100
2691 4029
2690 3878
2689 3949
2688 3936
2687 3843
2686 3849
2685 3773
2684 3590
2683 3615
2682 3596
2681 3585
2680 3439
2679 3298
2678 3384
2677 3204
2676 3258
2675 3200
2674 3031
2673 2958
2672 2969
2671 2932
2670 2808
2669 2791
2668 2723
2667 2746
2666 2657
2665 2655
2664 2410
2663 2469
2662 2403
2661 2315
2660 2263
2659 2183
2658 2294
2657 2194
2656 2220
2655 1960
2654 1967
2653 1866
2652 1935
2651 1839
2650 1815
2649 1828
2648 1809
2647 1725
2646 1668
2645 1651
2644 1608
2643 1559
2642 1552
2641 1461
2640 1454
2639 1444
2638 1356
2637 1387
2636 1352
2635 1203
2634 1202
2633 1169
2632 1081
2631 1088
2630 1079
2629 1087
2628 1016
2627 1029
2626 1016
2625 979
2624 941
2623 874
2622 866
2621 769
2620 805
2619 778
2618 743
2617 743
2616 699
2615 715
2614 656
2613 642
2612 590
2611 553
2610 599
2609 578
2608 537
2607 522
2606 506
2605 489
2604 468
2603 445
2602 462
2601 412
2600 405
2599 384
2598 383
2597 388
2596 337
2595 344
2594 344
2593 323
2592 285
2591 302
2590 284
2589 267
2588 246
2587 234
2586 281
2585 217
2584 197
2583 236
2582 195
2581 192
2580 177
2579 169
2578 168
2577 175
2576 174
2575 142
2574 139
2573 140
2572 113
2571 148
2570 144
2569 140
2568 120
2567 105
2566 99
2565 84
2564 98
2563 95
2562 95
2561 98
2560 81
2559 85
2558 62
2557 63
2556 68
2555 61
2554 58
2553 47
2552 50
2551 55
2550 41
2549 45
2548 48
2547 39
2546 35
2545 36
2544 32
2543 51
2542 45
2541 30
2540 29
2539 28
2538 18
2537 26
2536 12
2535 21
2534 16
2533 25
2532 16
2531 19
2530 22
2529 17
2528 11
2527 17
2526 8
2525 9
2524 11
2523 12
2522 12
2521 8
2520 11
2519 10
2518 11
2517 7
2516 7
2515 6
2514 8
2513 5
2512 12
2511 10
2510 9
2509 6
2508 7
2507 3
2506 7
2505 4
2504 5
2503 1
2502 4
2501 6
2500 3
2499 2
2498 3
2497 2
2496 1
2495 2
2494 3
2493 4
2492 1
2490 2
2488 1
2487 1
2486 1
2485 1
2484 1
2483 3
2482 2
2481 1
2478 2
2477 1
2476 1
2475 1
2472 1
2469 1
2467 1
2461 1
2457 1
2442 1
