3116 1
3061 1
3055 1
3047 1
3046 1
3037 1
3035 1
3034 1
3032 1
3030 1
3027 1
3026 1
3025 1
3024 2
3023 1
3022 1
3020 2
3019 1
3015 2
3014 3
3012 2
3010 1
3009 3
3008 2
3007 1
3006 1
3004 3
3003 1
3001 9
3000 5
2999 6
2998 6
2997 2
2996 11
2995 4
2994 5
2993 5
2992 3
2991 9
2990 7
2989 3
2988 7
2987 7
2986 10
2985 4
2984 7
2983 13
2982 8
2981 4
2980 12
2979 16
2978 7
2977 11
2976 18
2975 9
2974 12
2973 16
2972 21
2971 15
2970 14
2969 8
2968 22
2967 17
2966 25
2965 23
2964 33
2963 26
2962 28
2961 27
2960 21
2959 31
2958 28
2957 44
2956 28
2955 36
2954 30
2953 37
2952 52
2951 60
2950 49
2949 46
2948 35
2947 47
2946 57
2945 63
2944 50
2943 70
2942 60
2941 63
2940 67
2939 80
2938 87
2937 91
2936 91
2935 110
2934 88
2933 113
2932 128
2931 122
2930 120
2929 132
2928 133
2927 134
2926 132
2925 165
2924 169
2923 171
2922 174
2921 174
2920 182
2919 187
2918 204
2917 202
2916 229
2915 234
2914 265
2913 225
2912 239
2911 263
2910 312
2909 297
2908 297
2907 314
2906 338
2905 339
2904 327
2903 363
2902 355
2901 398
2900 398
2899 436
2898 469
2897 459
2896 498
2895 500
2894 480
2893 532
2892 540
2891 539
2890 560
2889 572
2888 582
2887 649
2886 685
2885 654
2884 702
2883 738
2882 732
2881 766
2880 759
2879 829
2878 847
2877 838
2876 916
2875 950
2874 978
2873 987
2872 1031
2871 1083
2870 1109
2869 1089
2868 1149
2867 1079
2866 1223
2865 1224
2864 1254
2863 1251
2862 1332
2861 1401
2860 1526
2859 1479
2858 1545
2857 1539
2856 1684
2855 1665
2854 1746
2853 1668
2852 1757
2851 1769
2850 1896
2849 1898
2848 1954
2847 2019
2846 2056
2845 2042
2844 2147
2843 2074
2842 2219
2841 2276
2840 2394
2839 2371
2838 2447
2837 2482
2836 2579
2835 2607
2834 2685
2833 2694
2832 2743
2831 2779
2830 2870
2829 2879
2828 2896
2827 2935
2826 3083
2825 3114
2824 3264
2823 3293
2822 3377
2821 3391
2820 3455
2819 3426
2818 3506
2817 3559
2816 3704
2815 3804
2814 3765
2813 3790
2812 3870
2811 3939
2810 4129
2809 4055
2808 4150
2807 4259
2806 4193
2805 4280
2804 4424
2803 4343
2802 4436
2801 4532
2800 4526
2799 4759
2798 4713
2797 4826
2796 4823
2795 4937
2794 4938
2793 5118
2792 5015
2791 5189
2790 5067
2789 5165
2788 5241
2787 5246
2786 5397
2785 5361
2784 5504
2783 5473
2782 5490
2781 5456
2780 5562
2779 5518
2778 5715
2777 5647
2776 5929
2775 5796
2774 5718
2773 5803
2772 5888
2771 5897
2770 6024
2769 5761
2768 6036
2767 5889
2766 6069
2765 5991
2764 6048
2763 6030
2762 6048
2761 6079
2760 6228
2759 6118
2758 6170
2757 6181
2756 6194
2755 6259
2754 6170
2753 6218
2752 6260
2751 6245
2750 6072
2749 6315
2748 6339
2747 6175
2746 6120
2745 6060
2744 6269
2743 6211
2742 6161
2741 6165
2740 6098
2739 6052
2738 6191
2737 6059
2736 6141
2735 6086
2734 6042
2733 5915
2732 5830
2731 5943
2730 5881
2729 5902
2728 5879
2727 5790
2726 5750
2725 5767
2724 5774
2723 5741
2722 5656
2721 5537
2720 5443
2719 5508
2718 5523
2717 5362
2716 5248
2715 5264
2714 5400
2713 5197
2712 5212
2711 5202
2710 5161
2709 5143
2708 5051
2707 4965
2706 4868
2705 4879
2704 4814
2703 4727
2702 4667
2701 4759
2700 4487
2699 4556
2698 4471
2697 4493
2696 4380
2695 4290
2694 4248
2693 4200
2692 4172
2691 4138
2690 4054
2689 3945
2688 3988
2687 3823
2686 3786
2685 3711
2684 3623
2683 3588
2682 3486
2681 3516
2680 3369
2679 3442
2678 3195
2677 3232
2676 3226
2675 3199
2674 3158
2673 3097
2672 2975
2671 2947
2670 2773
2669 2840
2668 2762
2667 2771
2666 2691
2665 2562
2664 2492
2663 2446
2662 2433
2661 2454
2660 2285
2659 2273
2658 2241
2657 2189
2656 2115
2655 2142
2654 2034
2653 2007
2652 1938
2651 1914
2650 1893
2649 1809
2648 1774
2647 1768
2646 1624
2645 1590
2644 1555
2643 1502
2642 1460
2641 1461
2640 1511
2639 1359
2638 1386
2637 1394
2636 1280
2635 1190
2634 1249
2633 1177
2632 1118
2631 1086
2630 1065
2629 1044
2628 1011
2627 999
2626 915
2625 919
2624 909
2623 824
2622 846
2621 771
2620 794
2619 747
2618 751
2617 695
2616 697
2615 701
2614 656
2613 578
2612 611
2611 614
2610 613
2609 595
2608 478
2607 473
2606 442
2605 507
2604 434
2603 425
2602 437
2601 415
2600 414
2599 364
2598 368
2597 362
2596 370
2595 328
2594 324
2593 310
2592 300
2591 250
2590 270
2589 254
2588 243
2587 230
2586 231
2585 220
2584 213
2583 211
2582 202
2581 213
2580 183
2579 195
2578 179
2577 179
2576 169
2575 143
2574 146
2573 158
2572 138
2571 141
2570 111
2569 139
2568 100
2567 103
2566 110
2565 93
2564 78
2563 84
2562 94
2561 75
2560 80
2559 64
2558 60
2557 79
2556 59
2555 73
2554 66
2553 53
2552 56
2551 46
2550 46
2549 59
2548 54
2547 47
2546 47
2545 29
2544 43
2543 31
2542 29
2541 25
2540 25
2539 24
2538 26
2537 23
2536 21
2535 28
2534 22
2533 16
2532 32
2531 18
2530 18
2529 22
2528 17
2527 13
2526 14
2525 16
2524 6
2523 12
2522 5
2521 6
2520 14
2519 12
2518 3
2517 12
2516 6
2515 7
2514 2
2513 7
2512 15
2511 8
2510 4
2509 4
2508 6
2507 5
2506 4
2505 1
2504 4
2503 2
2502 2
2501 4
2500 4
2499 1
2498 2
2497 2
2496 1
2495 2
2494 5
2493 1
2492 1
2489 3
2488 3
2487 1
2486 2
2485 1
2484 1
2482 1
2481 2
2479 2
2478 1
2475 1
2469 1
2468 1
2467 1
2457 1
2430 1
