3042 1
3038 1
3036 1
3034 1
3030 1
3028 1
3027 1
3024 1
3022 1
3019 1
3017 2
3016 1
3015 2
3013 1
3011 3
3010 1
3009 2
3007 4
3006 2
3004 2
3003 5
3002 2
3001 3
3000 1
2999 3
2998 3
2997 2
2996 4
2995 9
2994 1
2993 1
2992 5
2991 10
2990 4
2989 10
2988 10
2987 12
2986 9
2985 5
2984 12
2983 15
2982 6
2981 8
2980 11
2979 17
2978 9
2977 12
2976 16
2975 11
2974 5
2973 15
2972 11
2971 17
2970 17
2969 16
2968 20
2967 17
2966 25
2965 17
2964 25
2963 35
2962 35
2961 30
2960 32
2959 25
2958 35
2957 26
2956 34
2955 37
2954 48
2953 43
2952 41
2951 46
2950 43
2949 62
2948 49
2947 65
2946 63
2945 64
2944 68
2943 65
2942 78
2941 95
2940 87
2939 90
2938 104
2937 88
2936 84
2935 98
2934 113
2933 99
2932 125
2931 104
2930 120
2929 166
2928 132
2927 144
2926 154
2925 152
2924 160
2923 161
2922 178
2921 189
2920 179
2919 205
2918 197
2917 190
2916 260
2915 242
2914 257
2913 266
2912 280
2911 300
2910 288
2909 289
2908 267
2907 300
2906 325
2905 364
2904 356
2903 347
2902 423
2901 377
2900 371
2899 414
2898 440
2897 495
2896 517
2895 449
2894 525
2893 520
2892 575
2891 583
2890 596
2889 607
2888 640
2887 647
2886 641
2885 707
2884 717
2883 735
2882 754
2881 818
2880 830
2879 849
2878 820
2877 896
2876 961
2875 964
2874 1014
2873 988
2872 1045
2871 1059
2870 1121
2869 1100
2868 1151
2867 1155
2866 1240
2865 1260
2864 1339
2863 1281
2862 1342
2861 1453
2860 1447
2859 1387
2858 1525
2857 1492
2856 1553
2855 1689
2854 1693
2853 1565
2852 1848
2851 1858
2850 1826
2849 1862
2848 1934
2847 1891
2846 1980
2845 1965
2844 2089
2843 2141
2842 2212
2841 2273
2840 2316
2839 2361
2838 2424
2837 2506
2836 2579
2835 2494
2834 2640
2833 2696
2832 2736
2831 2723
2830 2912
2829 2961
2828 2995
2827 3021
2826 2979
2825 3125
2824 3298
2823 3283
2822 3363
2821 3333
2820 3451
2819 3546
2818 3556
2817 3564
2816 3601
2815 3669
2814 3810
2813 3816
2812 3888
2811 4009
2810 4022
2809 4105
2808 4158
2807 4235
2806 4272
2805 4292
2804 4413
2803 4335
2802 4521
2801 4549
2800 4565
2799 4625
2798 4809
2797 4716
2796 4848
2795 4871
2794 4915
2793 4958
2792 5006
2791 5097
2790 5122
2789 5215
2788 5215
2787 5203
2786 5261
2785 5357
2784 5501
2783 5506
2782 5528
2781 5485
2780 5547
2779 5518
2778 5605
2777 5621
2776 5662
2775 5744
2774 5742
2773 5927
2772 5746
2771 5744
2770 5799
2769 6016
2768 6028
2767 5960
2766 6124
2765 6129
2764 6029
2763 6076
2762 6089
2761 5899
2760 6124
2759 6185
2758 6056
2757 6278
2756 6117
2755 6233
2754 6146
2753 6354
2752 6060
2751 6212
2750 6340
2749 6123
2748 6296
2747 6274
2746 6076
2745 6293
2744 6141
2743 6259
2742 6220
2741 6180
2740 6086
2739 6210
2738 6016
2737 5963
2736 6095
2735 6072
2734 6062
2733 6051
2732 5925
2731 6037
2730 5848
2729 5919
2728 5842
2727 5881
2726 5682
2725 5654
2724 5746
2723 5776
2722 5657
2721 5706
2720 5568
2719 5491
2718 5602
2717 5475
2716 5289
2715 5416
2714 5242
2713 5259
2712 5285
2711 5274
2710 5066
2709 5150
2708 4992
2707 5015
2706 4969
2705 4835
2704 4831
2703 4973
2702 4808
2701 4559
2700 4569
2699 4560
2698 4464
2697 4431
2696 4275
2695 4381
2694 4327
2693 4059
2692 4235
2691 4070
2690 4060
2689 3842
2688 3890
2687 3836
2686 3799
2685 3757
2684 3708
2683 3637
2682 3591
2681 3502
2680 3428
2679 3355
2678 3285
2677 3235
2676 3267
2675 3156
2674 3053
2673 2991
2672 2952
2671 2998
2670 2808
2669 2827
2668 2715
2667 2720
2666 2652
2665 2587
2664 2482
2663 2436
2662 2429
2661 2380
2660 2276
2659 2255
2658 2214
2657 2230
2656 2195
2655 2122
2654 1904
2653 1904
2652 1916
2651 1819
2650 1854
2649 1780
2648 1746
2647 1745
2646 1676
2645 1592
2644 1560
2643 1581
2642 1492
2641 1486
2640 1440
2639 1307
2638 1350
2637 1297
2636 1277
2635 1144
2634 1161
2633 1140
2632 1131
2631 1115
2630 1095
2629 1052
2628 1027
2627 968
2626 963
2625 945
2624 886
2623 869
2622 864
2621 792
2620 810
2619 785
2618 760
2617 719
2616 724
2615 678
2614 637
2613 619
2612 625
2611 560
2610 578
2609 530
2608 556
2607 530
2606 490
2605 507
2604 452
2603 463
2602 449
2601 434
2600 442
2599 386
2598 384
2597 366
2596 357
2595 334
2594 326
2593 302
2592 275
2591 302
2590 297
2589 253
2588 234
2587 236
2586 254
2585 232
2584 218
2583 209
2582 185
2581 201
2580 198
2579 175
2578 160
2577 158
2576 147
2575 136
2574 144
2573 126
2572 118
2571 127
2570 127
2569 110
2568 109
2567 120
2566 97
2565 94
2564 81
2563 103
2562 91
2561 74
2560 81
2559 77
2558 74
2557 68
2556 71
2555 54
2554 54
2553 51
2552 44
2551 51
2550 49
2549 43
2548 47
2547 44
2546 39
2545 46
2544 38
2543 33
2542 26
2541 38
2540 24
2539 31
2538 19
2537 24
2536 27
2535 23
2534 25
2533 23
2532 26
2531 23
2530 11
2529 18
2528 10
2527 21
2526 25
2525 15
2524 17
2523 11
2522 13
2521 11
2520 7
2519 11
2518 6
2517 3
2516 6
2515 3
2514 3
2513 4
2512 10
2511 5
2510 8
2509 5
2508 7
2507 2
2506 9
2505 5
2504 3
2503 5
2502 5
2501 2
2500 3
2499 3
2498 2
2497 5
2496 4
2494 2
2493 1
2492 2
2490 1
2488 3
2487 1
2486 1
2485 1
2484 1
2480 1
2479 1
2477 2
2472 1
