3069 1
3062 1
3051 1
3043 1
3042 2
3038 2
3036 1
3030 1
3023 2
3020 2
3019 2
3018 1
3017 2
3016 2
3015 1
3014 3
3013 3
3012 2
3011 3
3010 3
3009 4
3008 3
3007 4
3006 2
3005 2
3004 3
3003 3
3002 2
3001 2
3000 3
2999 4
2998 4
2997 5
2996 2
2995 2
2994 3
2993 6
2992 5
2991 1
2990 5
2989 7
2988 11
2987 7
2986 6
2985 9
2984 5
2983 7
2982 6
2981 13
2980 6
2979 7
2978 12
2977 8
2976 10
2975 16
2974 21
2973 20
2972 12
2971 23
2970 21
2969 19
2968 21
2967 21
2966 32
2965 22
2964 22
2963 20
2962 28
2961 23
2960 36
2959 41
2958 38
2957 37
2956 27
2955 44
2954 50
2953 43
2952 41
2951 49
2950 43
2949 49
2948 44
2947 65
2946 61
2945 67
2944 65
2943 71
2942 79
2941 64
2940 64
2939 93
2938 73
2937 72
2936 97
2935 93
2934 130
2933 87
2932 118
2931 106
2930 113
2929 144
2928 147
2927 125
2926 150
2925 160
2924 142
2923 165
2922 167
2921 158
2920 171
2919 181
2918 195
2917 201
2916 210
2915 212
2914 211
2913 218
2912 252
2911 277
2910 286
2909 300
2908 294
2907 344
2906 308
2905 341
2904 343
2903 353
2902 375
2901 394
2900 433
2899 413
2898 414
2897 449
2896 451
2895 468
2894 466
2893 525
2892 577
2891 554
2890 558
2889 594
2888 625
2887 657
2886 638
2885 659
2884 682
2883 716
2882 754
2881 780
2880 779
2879 806
2878 874
2877 840
2876 915
2875 949
2874 895
2873 954
2872 1018
2871 1065
2870 1091
2869 1137
2868 1169
2867 1192
2866 1185
2865 1272
2864 1256
2863 1272
2862 1334
2861 1444
2860 1418
2859 1460
2858 1577
2857 1610
2856 1529
2855 1579
2854 1647
2853 1699
2852 1761
2851 1779
2850 1812
2849 1911
2848 1915
2847 2018
2846 2046
2845 2081
2844 2208
2843 2221
2842 2233
2841 2427
2840 2322
2839 2414
2838 2413
2837 2536
2836 2536
2835 2654
2834 2697
2833 2685
2832 2699
2831 2836
2830 2778
2829 2860
2828 2943
2827 2969
2826 3079
2825 3217
2824 3123
2823 3288
2822 3337
2821 3390
2820 3383
2819 3485
2818 3489
2817 3676
2816 3677
2815 3727
2814 3833
2813 3873
2812 3847
2811 3902
2810 4119
2809 4026
2808 4060
2807 4212
2806 4195
2805 4442
2804 4405
2803 4378
2802 4443
2801 4634
2800 4745
2799 4733
2798 4680
2797 4802
2796 4858
2795 4796
2794 4915
2793 5005
2792 5068
2791 5088
2790 5108
2789 5043
2788 5197
2787 5262
2786 5275
2785 5282
2784 5338
2783 5453
2782 5536
2781 5581
2780 5589
2779 5682
2778 5745
2777 5604
2776 5762
2775 5605
2774 5797
2773 5841
2772 5823
2771 5928
2770 5998
2769 5977
2768 5995
2767 6030
2766 6104
2765 5956
2764 6120
2763 6112
2762 6094
2761 6099
2760 6211
2759 6129
2758 6200
2757 6316
2756 6189
2755 6226
2754 6180
2753 6213
2752 6132
2751 6239
2750 6068
2749 6263
2748 6340
2747 6150
2746 6193
2745 6162
2744 6174
2743 6075
2742 6166
2741 6225
2740 6052
2739 6019
2738 5949
2737 6009
2736 6060
2735 6073
2734 5949
2733 5994
2732 6022
2731 5906
2730 6004
2729 5797
2728 5795
2727 5697
2726 5712
2725 5774
2724 5766
2723 5750
2722 5619
2721 5593
2720 5534
2719 5556
2718 5535
2717 5431
2716 5294
2715 5367
2714 5406
2713 5272
2712 5293
2711 5243
2710 5102
2709 5039
2708 4992
2707 4993
2706 4936
2705 4899
2704 4694
2703 4821
2702 4631
2701 4670
2700 4563
2699 4551
2698 4514
2697 4436
2696 4248
2695 4328
2694 4242
2693 4135
2692 4128
2691 4087
2690 4008
2689 4072
2688 3947
2687 3869
2686 3793
2685 3793
2684 3742
2683 3594
2682 3586
2681 3563
2680 3514
2679 3335
2678 3336
2677 3206
2676 3250
2675 3133
2674 3141
2673 3070
2672 2966
2671 2895
2670 2862
2669 2760
2668 2730
2667 2646
2666 2616
2665 2655
2664 2423
2663 2547
2662 2355
2661 2310
2660 2432
2659 2292
2658 2178
2657 2133
2656 2110
2655 2051
2654 1989
2653 2079
2652 1943
2651 1844
2650 1804
2649 1798
2648 1773
2647 1644
2646 1641
2645 1696
2644 1534
2643 1576
2642 1547
2641 1488
2640 1396
2639 1379
2638 1399
2637 1344
2636 1254
2635 1250
2634 1198
2633 1176
2632 1176
2631 1127
2630 1063
2629 1073
2628 1068
2627 996
2626 959
2625 902
2624 909
2623 870
2622 869
2621 837
2620 791
2619 786
2618 769
2617 717
2616 665
2615 678
2614 663
2613 601
2612 609
2611 578
2610 570
2609 562
2608 563
2607 526
2606 535
2605 525
2604 485
2603 418
2602 412
2601 422
2600 394
2599 359
2598 390
2597 344
2596 309
2595 325
2594 317
2593 323
2592 307
2591 277
2590 251
2589 263
2588 277
2587 251
2586 237
2585 231
2584 187
2583 205
2582 214
2581 219
2580 196
2579 183
2578 169
2577 169
2576 176
2575 138
2574 147
2573 126
2572 146
2571 133
2570 90
2569 102
2568 126
2567 119
2566 81
2565 105
2564 103
2563 86
2562 89
2561 72
2560 67
2559 69
2558 67
2557 69
2556 66
2555 59
2554 69
2553 72
2552 48
2551 59
2550 52
2549 37
2548 51
2547 51
2546 32
2545 43
2544 40
2543 35
2542 35
2541 26
2540 25
2539 29
2538 27
2537 37
2536 26
2535 25
2534 15
2533 31
2532 26
2531 21
2530 22
2529 12
2528 17
2527 12
2526 16
2525 13
2524 13
2523 12
2522 10
2521 13
2520 12
2519 16
2518 7
2517 5
2516 8
2515 5
2514 12
2513 6
2512 5
2511 7
2510 4
2509 3
2508 5
2507 5
2506 4
2505 4
2504 4
2503 5
2502 4
2501 3
2500 4
2499 2
2498 4
2497 2
2496 1
2495 5
2494 1
2491 2
2490 3
2489 2
2488 1
2487 1
2486 2
2485 3
2483 3
2480 1
2478 2
2476 2
2475 1
2474 1
2472 1
2471 1
2470 1
2465 2
2459 2
2447 1
2446 1
