3105 1
3074 1
3070 1
3054 1
3041 1
3036 1
3035 1
3030 1
3027 2
3022 1
3021 2
3019 2
3018 1
3017 2
3016 1
3014 1
3013 2
3012 2
3011 1
3010 1
3008 2
3007 3
3006 1
3005 2
3004 2
3003 2
3002 3
3001 1
3000 2
2999 4
2998 4
2997 3
2996 5
2995 2
2994 4
2993 4
2992 6
2991 6
2990 10
2989 7
2988 5
2987 1
2986 5
2985 13
2984 7
2983 8
2982 8
2981 12
2980 10
2979 16
2978 5
2977 12
2976 14
2975 17
2974 16
2973 10
2972 14
2971 22
2970 13
2969 17
2968 20
2967 18
2966 24
2965 25
2964 28
2963 34
2962 28
2961 24
2960 32
2959 32
2958 46
2957 32
2956 29
2955 33
2954 37
2953 30
2952 55
2951 41
2950 53
2949 49
2948 39
2947 50
2946 52
2945 64
2944 73
2943 74
2942 64
2941 78
2940 61
2939 91
2938 82
2937 88
2936 93
2935 99
2934 119
2933 108
2932 112
2931 104
2930 134
2929 129
2928 159
2927 141
2926 164
2925 159
2924 169
2923 179
2922 170
2921 171
2920 203
2919 186
2918 202
2917 229
2916 225
2915 209
2914 238
2913 275
2912 267
2911 281
2910 278
2909 291
2908 306
2907 325
2906 306
2905 352
2904 345
2903 353
2902 415
2901 387
2900 412
2899 448
2898 484
2897 475
2896 451
2895 462
2894 480
2893 526
2892 514
2891 565
2890 575
2889 627
2888 627
2887 617
2886 651
2885 697
2884 707
2883 742
2882 730
2881 819
2880 810
2879 824
2878 899
2877 866
2876 842
2875 952
2874 873
2873 996
2872 1004
2871 1021
2870 1030
2869 1133
2868 1149
2867 1181
2866 1195
2865 1288
2864 1324
2863 1271
2862 1342
2861 1439
2860 1433
2859 1517
2858 1457
2857 1572
2856 1530
2855 1635
2854 1639
2853 1719
2852 1728
2851 1824
2850 1826
2849 1886
2848 2004
2847 1992
2846 2121
2845 2190
2844 2098
2843 2140
2842 2206
2841 2267
2840 2360
2839 2349
2838 2449
2837 2444
2836 2539
2835 2572
2834 2639
2833 2702
2832 2771
2831 2824
2830 2815
2829 2958
2828 3071
2827 3055
2826 3114
2825 3084
2824 3118
2823 3220
2822 3456
2821 3463
2820 3376
2819 3515
2818 3495
2817 3617
2816 3618
2815 3683
2814 3882
2813 3934
2812 3926
2811 3948
2810 3973
2809 4049
2808 4134
2807 4151
2806 4216
2805 4264
2804 4265
2803 4554
2802 4339
2801 4476
2800 4588
2799 4665
2798 4764
2797 4744
2796 4937
2795 4690
2794 4835
2793 4995
2792 4984
2791 5064
2790 5161
2789 5207
2788 5256
2787 5336
2786 5485
2785 5302
2784 5486
2783 5407
2782 5371
2781 5315
2780 5571
2779 5602
2778 5575
2777 5689
2776 5773
2775 5802
2774 5696
2773 5760
2772 5934
2771 5959
2770 5901
2769 5896
2768 6074
2767 5955
2766 5965
2765 6083
2764 6005
2763 6181
2762 6176
2761 6177
2760 6074
2759 6056
2758 6186
2757 6160
2756 6163
2755 6041
2754 6091
2753 6204
2752 6101
2751 6151
2750 6327
2749 6311
2748 6258
2747 6005
2746 6232
2745 6282
2744 6327
2743 6220
2742 6089
2741 6027
2740 6076
2739 6124
2738 6221
2737 6129
2736 6189
2735 6120
2734 6059
2733 6038
2732 5971
2731 5843
2730 5853
2729 5869
2728 5791
2727 5932
2726 5854
2725 5926
2724 5848
2723 5701
2722 5579
2721 5458
2720 5582
2719 5420
2718 5478
2717 5616
2716 5309
2715 5369
2714 5344
2713 5220
2712 5219
2711 5041
2710 5249
2709 5234
2708 5045
2707 4806
2706 4948
2705 4942
2704 4756
2703 4734
2702 4698
2701 4514
2700 4540
2699 4566
2698 4435
2697 4349
2696 4251
2695 4297
2694 4239
2693 4160
2692 4164
2691 4089
2690 4059
2689 3962
2688 4037
2687 3826
2686 3823
2685 3693
2684 3581
2683 3705
2682 3468
2681 3497
2680 3492
2679 3391
2678 3235
2677 3216
2676 3107
2675 3212
2674 3188
2673 3027
2672 2970
2671 2848
2670 2868
2669 2851
2668 2683
2667 2651
2666 2707
2665 2627
2664 2530
2663 2542
2662 2425
2661 2473
2660 2263
2659 2295
2658 2200
2657 2233
2656 2157
2655 2068
2654 2075
2653 1958
2652 2009
2651 1815
2650 1860
2649 1845
2648 1689
2647 1706
2646 1662
2645 1661
2644 1554
2643 1578
2642 1534
2641 1480
2640 1486
2639 1312
2638 1355
2637 1311
2636 1290
2635 1206
2634 1212
2633 1213
2632 1114
2631 1139
2630 1072
2629 964
2628 1057
2627 989
2626 959
2625 919
2624 927
2623 892
2622 885
2621 828
2620 795
2619 796
2618 697
2617 761
2616 758
2615 671
2614 652
2613 631
2612 602
2611 562
2610 612
2609 559
2608 539
2607 493
2606 522
2605 466
2604 485
2603 434
2602 444
2601 404
2600 371
2599 391
2598 383
2597 380
2596 368
2595 340
2594 326
2593 328
2592 307
2591 290
2590 284
2589 242
2588 248
2587 239
2586 223
2585 242
2584 258
2583 224
2582 182
2581 203
2580 172
2579 175
2578 178
2577 169
2576 138
2575 157
2574 135
2573 155
2572 133
2571 119
2570 118
2569 122
2568 85
2567 97
2566 93
2565 96
2564 107
2563 88
2562 74
2561 72
2560 94
2559 74
2558 68
2557 70
2556 64
2555 60
2554 55
2553 48
2552 63
2551 64
2550 32
2549 44
2548 39
2547 50
2546 43
2545 40
2544 25
2543 31
2542 34
2541 24
2540 28
2539 26
2538 14
2537 27
2536 21
2535 24
2534 19
2533 15
2532 19
2531 20
2530 19
2529 24
2528 14
2527 15
2526 12
2525 9
2524 10
2523 10
2522 8
2521 11
2520 13
2519 9
2518 3
2517 6
2516 11
2515 7
2514 3
2513 6
2512 5
2511 6
2510 5
2509 4
2508 5
2507 4
2506 11
2505 3
2504 6
2503 3
2502 8
2501 2
2500 3
2499 2
2498 3
2497 1
2496 2
2493 1
2492 1
2491 3
2490 2
2489 3
2488 3
2486 2
2485 3
2483 2
2482 1
2480 1
2478 1
2474 1
2473 1
2470 2
2465 1
2461 2
2450 1
2449 1
