4480000000 1
4320000000 1
3936600000 1
3674160000 1
3628800000 1
3499200000 1
3306744000 1
3175200000 1
3110400000 1
2985984000 1
2952450000 1
2903040000 1
2857680000 4
2799360000 1
2764800000 1
2721600000 1
2700000000 1
2645395200 1
2604060900 1
2571912000 1
2540160000 6
2519424000 2
2500470000 1
2488320000 2
2449440000 1
2381400000 1
2361960000 2
2343654810 1
2332800000 2
2322432000 4
2293760000 1
2286144000 2
2268000000 4
2267481600 1
2257920000 2
2239488000 1
2232052200 1
2222640000 2
2204496000 3
2187000000 1
2177280000 3
2149908480 1
2125764000 1
2116800000 2
2099520000 2
2090188800 2
2073600000 3
2064384000 2
2057529600 2
2041200000 5
2032128000 2
2025380700 1
2016000000 2
2000376000 1
1990656000 3
1984500000 1
1968300000 1
1959552000 3
1944810000 1
1944000000 5
1935360000 2
1928934000 2
1905120000 4
1890000000 1
1866240000 3
1857945600 1
1852200000 1
1843200000 5
1837080000 6
1828915200 5
1822500000 1
1814400000 6
1806336000 2
1800000000 1
1791590400 1
1786050000 1
1785641760 1
1778112000 3
1764000000 8
1763596800 3
1749600000 2
1741824000 3
1736040600 1
1728720000 1
1728000000 1
1720320000 1
1714608000 2
1701000000 3
1700611200 2
1693440000 3
1679616000 7
1658880000 5
1653372000 4
1646023680 1
1640250000 1
1632960000 9
1612800000 8
1600300800 2
1600000000 1
1592524800 1
1587600000 7
1587237120 1
1580544000 1
1575296100 2
1574640000 6
1567641600 4
1555848000 2
1555200000 5
1548288000 2
1543147200 2
1536000000 1
1530900000 5
1524096000 4
1512000000 6
1511654400 6
1500282000 1
1492992000 2
1488034800 1
1481760000 2
1481421312 3
1476225000 1
1474560000 1
1470000000 1
1469664000 12
1463132160 3
1458000000 3
1451520000 11
1446700500 2
1445068800 1
1440270720 1
1440000000 2
1433600000 1
1428840000 10
1417500000 1
1417176000 2
1415577600 2
1411200000 5
1410877440 2
1404928000 1
1400000000 1
1399680000 10
1393459200 4
1389150000 1
1388832480 3
1382976000 1
1382400000 3
1377810000 3
1372000000 1
1371686400 11
1360800000 9
1360488960 1
1354752000 1
1350253800 2
1343692800 1
1333584000 1
1327104000 3
1323000000 2
1322697600 7
1306368000 17
1300561920 2
1296540000 1
1296000000 4
1290240000 4
1285956000 14
1284505600 1
1280240640 1
1280000000 1
1274019840 1
1270080000 12
1260236880 1
1260000000 4
1259712000 7
1254400000 2
1254113280 2
1250235000 2
1249949232 1
1244678400 1
1244160000 9
1240029000 1
1238630400 2
1234800000 1
1234517760 3
1229312000 1
1228800000 2
1224720000 15
1219276800 10
1215228420 1
1209600000 13
1209323520 5
1204224000 2
1200225600 14
1194393600 6
1190700000 2
1190427840 3
1185408000 3
1180980000 3
1179648000 1
1175731200 12
1170505728 1
1166400000 14
1161216000 18
1157360400 5
1152480000 3
1152216576 3
1152000000 2
1148175000 1
1143072000 27
1137991680 1
1134000000 7
1133740800 5
1128960000 15
1125211500 3
1120210560 1
1120000000 2
1119744000 11
1111320000 4
1111065984 1
1106380800 2
1105920000 6
1102500000 2
1102248000 15
1097600000 5
1093500000 3
1088640000 34
1083801600 3
1080203040 2
1075200000 4
1074954240 4
1071630000 1
1066867200 6
1062882000 3
1061683200 1
1058400000 13
1058158080 4
1053696000 2
1049760000 20
1045094400 15
1041624360 1
1037232000 3
1036800000 12
1032192000 4
1028764800 15
1024000000 2
1020600000 19
1016064000 25
1012500000 1
1011548160 3
1008189504 1
1008000000 9
1007769600 13
1003520000 1
1003290624 1
1000188000 8
995742720 1
995328000 14
992023200 11
990904320 1
987840000 10
987614208 1
984150000 1
983040000 1
980000000 1
979776000 25
975421440 1
972405000 3
972000000 8
968083200 1
967680000 41
967458816 1
964467000 6
963379200 1
960400000 2
960180480 5
960000000 2
956593800 1
955514880 2
952560000 36
952342272 1
948326400 3
945177660 1
945000000 2
944784000 15
943718400 1
940800000 12
940584960 8
933508800 2
933120000 31
930021750 1
928972800 9
926100000 5
925888320 7
921984000 1
921600000 8
918540000 16
914457600 23
907200000 26
906992640 3
903168000 11
900169200 6
900000000 2
896000000 4
895795200 10
893025000 2
892820880 1
889056000 14
885735000 2
885104640 1
884736000 3
882000000 2
881798400 26
878080000 2
874800000 14
870912000 41
868020300 3
867041280 1
864360000 1
864162432 3
864000000 10
860160000 4
857304000 34
853493760 1
850500000 4
850305600 3
847072800 1
846720000 31
846526464 1
842956800 4
840157920 1
840000000 2
839808000 26
836075520 7
833490000 4
833299488 1
829785600 3
829440000 17
826686000 11
825753600 2
823200000 6
823011840 13
819200000 1
816480000 40
812851200 17
810152280 1
810000000 2
806400000 32
806215680 3
803722500 2
802816000 3
800150400 14
800000000 1
796594176 1
796262400 12
793800000 20
793618560 12
790272000 10
787648050 1
787500000 1
787320000 15
784147392 1
784000000 6
783820800 45
777924000 6
777600000 21
774466560 1
774144000 29
771750000 2
771573600 19
768144384 2
768000000 4
765450000 8
764411904 2
762048000 51
758661120 1
756315000 1
756142128 2
756000000 8
755827200 16
752640000 7
752467968 2
750141000 9
746807040 1
746496000 35
744017400 5
743178240 4
740880000 13
740710656 2
737587200 1
737280000 9
734832000 53
734003200 2
731566080 12
729000000 7
726062400 3
725760000 59
725594112 1
723350250 3
722534400 7
720135360 11
720000000 6
716800000 4
716636160 7
714420000 25
714256704 1
711244800 19
708750000 4
708588000 12
707788800 3
705600000 26
705438720 20
702464000 5
700131600 4
699840000 32
696729600 31
694575000 2
694416240 7
691488000 11
691200000 20
688905000 5
688128000 4
686000000 2
685843200 56
680400000 38
680244480 3
677658240 1
677376000 37
675126900 2
675000000 1
674365440 2
672280000 1
672126336 1
672000000 9
671846400 30
669615660 1
668860416 2
666792000 36
663552000 18
661500000 3
661348800 24
658560000 13
658409472 4
656100000 12
655360000 3
653456160 1
653184000 84
650280960 8
648270000 4
648121824 1
648000000 19
645120000 36
644972544 3
642978000 20
640120320 9
637875000 1
637729200 5
637009920 4
635304600 1
635040000 64
634894848 2
632217600 11
630118440 1
630000000 4
629856000 28
627200000 11
627056640 22
625117500 4
622339200 11
622080000 38
620014500 5
619573248 1
619315200 15
617400000 8
617258880 24
614656000 2
614400000 3
612615150 2
612360000 42
609638400 52
607614210 2
607500000 2
605052000 4
604800000 46
604661760 4
602362880 1
602112000 10
600250000 1
600112800 24
600000000 1
597445632 2
597196800 28
595350000 9
595213920 9
594542592 1
592704000 20
590490000 8
589824000 6
588110544 1
588000000 3
587865600 64
585252864 3
583443000 7
583200000 29
580608000 58
578680200 17
578027520 7
576240000 3
576108288 1
576000000 13
573440000 6
571536000 75
568995840 8
567000000 20
566870400 23
566231040 1
564715200 1
564480000 48
564350976 4
562605750 1
561971200 4
560105280 7
560000000 5
559872000 59
557383680 21
555660000 24
555532992 3
553190400 12
552960000 24
551250000 3
551124000 38
550502400 1
548800000 5
548674560 36
546750000 4
544546800 1
544320000 119
541900800 26
540101520 12
540000000 8
539492352 1
537824000 2
537600000 17
537477120 20
535815000 12
533433600 47
531441000 4
530841600 13
529200000 30
529079040 32
528482304 1
526848000 13
525098700 2
525000000 1
524880000 35
522764928 3
522547200 78
520812180 4
518616000 10
518400000 56
516311040 1
516096000 26
514500000 2
514382400 49
512096256 5
512000000 3
510300000 36
510183360 8
508032000 100
505774080 4
504094752 1
504000000 23
503884800 42
501760000 14
501645312 4
500094000 22
500000000 1
497871360 9
497664000 68
496125000 3
496011600 12
495452160 6
493920000 28
493807104 4
492075000 3
491724800 3
491520000 9
490092120 5
490000000 3
489888000 120
487710720 32
486202500 1
486091368 2
486000000 19
484041600 4
483840000 89
483729408 3
482233500 5
481689600 5
480200000 1
480090240 28
480000000 6
478296900 1
477757440 9
476280000 70
476171136 3
474163200 30
472588830 1
472500000 4
472392000 31
471859200 2
470596000 1
470400000 25
470292480 48
466754400 13
466560000 78
464486400 49
463050000 4
462944160 19
462422016 1
460992000 6
460800000 30
459270000 27
458752000 1
457228800 98
455625000 1
455196672 1
453789000 2
453600000 87
453496320 11
452984832 1
451584000 33
450084600 13
450000000 2
448084224 7
448000000 9
447897600 50
446512500 1
446410440 5
444528000 68
442552320 5
442368000 22
441000000 16
440899200 74
440401920 2
439040000 12
438939648 5
437400000 30
435637440 3
435456000 166
434010150 3
433520640 14
432180000 11
432081216 6
432000000 41
430259200 1
430080000 20
429981696 1
428652000 73
426746880 28
425250000 9
425152800 9
424673280 4
423536400 2
423360000 98
423263232 6
421478400 5
420078960 12
420000000 8
419904000 89
418037760 27
416745000 15
416649744 4
414892800 15
414720000 71
413343000 10
412876800 18
411600000 13
411505920 47
409600000 3
408410100 4
408240000 116
408146688 1
406425600 96
405076140 7
405000000 4
404619264 3
403368000 5
403200000 50
403107840 26
401861250 3
401408000 17
400075200 69
400000000 1
398297088 4
398131200 33
396900000 34
396809280 30
396361728 1
395300640 1
395136000 46
393824025 2
393660000 22
393379840 3
393216000 4
392000000 10
391910400 148
390609135 1
390168576 7
388962000 16
388800000 62
387233280 5
387072000 90
385875000 3
385786800 36
384160000 4
384072192 8
384000000 13
382725000 12
382637520 4
382205952 2
381182760 1
381024000 166
379330560 16
378157500 1
378071064 3
378000000 42
377913600 54
377487360 1
376320000 28
376233984 13
375070500 14
373403520 18
373248000 120
372008700 5
371589120 24
370440000 41
370355328 13
368793600 3
368640000 34
367569090 2
367500000 3
367416000 130
367001600 2
365783040 76
364500000 12
363031200 7
362880000 172
362797056 6
361267200 48
360067680 27
360000000 12
358400000 14
358318080 23
357210000 35
357128352 2
355622400 81
354375000 1
354294000 12
353894400 9
352800000 58
352719360 71
351232000 12
350065800 23
350000000 1
349920000 109
348364800 122
347287500 2
347208120 3
346816512 2
345744000 22
345600000 73
344452500 4
344207360 2
344064000 20
343000000 5
342921600 129
341397504 6
340341750 1
340200000 71
340122240 11
339738624 1
338688000 126
337563450 9
337500000 2
337182720 6
336140000 2
336063168 6
336000000 26
335923200 86
334807830 1
334430208 6
333396000 65
331914240 7
331776000 85
330750000 7
330674400 41
330301440 1
329280000 36
329204736 16
328050000 14
327680000 6
326728080 3
326592000 263
325140480 44
324135000 1
324060912 9
324000000 52
322694400 6
322560000 98
322486272 9
321489000 31
321126400 6
320060160 48
320000000 6
318937500 2
318864600 6
318504960 19
317652300 1
317520000 132
317447424 19
316108800 40
315059220 4
315000000 14
314928000 78
313600000 28
313528320 93
312558750 3
312487308 1
311169600 37
311040000 126
310007250 1
309786624 1
309657600 64
308700000 12
308629440 49
308281344 1
307328000 11
307200000 23
306250000 1
306180000 94
304819200 206
303750000 4
303464448 4
302526000 8
302400000 150
302330880 29
301056000 45
300125000 2
300056400 54
298722816 7
298598400 77
297675000 19
297606960 18
297271296 1
296352000 94
295245000 9
295034880 2
294912000 30
294000000 15
293932800 207
293601280 1
292626432 18
291721500 9
291600000 56
290424960 9
290304000 248
289340100 14
289013760 13
288120000 14
288054144 12
288000000 39
287043750 1
286978140 2
286720000 19
286654464 5
285768000 167
284497920 54
283500000 34
283435200 34
283115520 4
282240000 148
282175488 13
280985600 2
280052640 21
280000000 5
279936000 192
278691840 57
277830000 36
277766496 5
276595200 33
276480000 82
275562000 49
275251200 5
274400000 12
274337280 107
273375000 4
272273400 6
272160000 248
272097792 7
270950400 122
270112500 3
270050760 28
270000000 15
268912000 6
268800000 57
268738560 50
267907500 8
267846264 6
266716800 123
265720500 5
265531392 5
265420800 63
264600000 72
264539520 75
264241152 2
263424000 37
262549350 5
262500000 2
262440000 73
262144000 3
261382464 1
261273600 264
260406090 1
260112384 4
259308000 33
259200000 113
258155520 3
258048000 90
257250000 5
257191200 117
256901120 1
256048128 16
256000000 7
255150000 44
255091680 6
254803968 2
254016000 289
253125000 2
252887040 12
252047376 5
252000000 41
251942400 111
251658240 1
250880000 27
250822656 24
250047000 37
248935680 34
248832000 177
248062500 1
248005800 23
247726080 20
246960000 59
246903552 26
246037500 1
245862400 5
245760000 14
245046060 1
245000000 5
244944000 259
243855360 95
243101250 2
243045684 1
243000000 32
242020800 13
241920000 269
241864704 6
241116750 11
240844800 28
240100000 4
240045120 63
240000000 7
238878720 37
238239225 1
238140000 143
238085568 12
237081600 106
236294415 1
236250000 6
236196000 59
236027904 1
235929600 14
235298000 1
235200000 55
235146240 138
233377200 34
233280000 195
232339968 3
232243200 198
231525000 9
231472080 41
231211008 2
230496000 18
230400000 84
229635000 34
229582512 1
229376000 11
228614400 285
227598336 11
226894500 3
226800000 142
226748160 50
225886080 1
225792000 163
225042300 22
225000000 3
224788480 1
224042112 17
224000000 19
223948800 161
223256250 4
223205220 7
222953472 9
222264000 140
221433750 1
221276160 8
221184000 97
220500000 18
220449600 171
220200960 3
219520000 18
219469824 42
218791125 1
218700000 53
217818720 10
217728000 446
216760320 48
216090000 18
216040608 15
216000000 50
215129600 9
215040000 87
214990848 14
214326000 100
213373440 92
212625000 12
212576400 28
212336640 22
211768200 2
211680000 224
211631616 21
210739200 48
210039480 8
210000000 13
209952000 219
209715200 1
209018880 140
208372500 14
208324872 5
207446400 42
207360000 207
206671500 18
206438400 65
205800000 19
205752960 118
205520896 1
204800000 9
204205050 2
204120000 236
204073344 10
203297472 2
203212800 253
202538070 2
202500000 13
202309632 4
201684000 4
201600000 167
201553920 87
200704000 31
200037600 117
200000000 2
199148544 10
199065600 127
198450000 49
198404640 45
198180864 1
197650320 1
197568000 111
196875000 1
196830000 44
196689920 3
196608000 12
196036848 6
196000000 15
195955200 362
195084288 26
194481000 21
194400000 139
193616640 9
193536000 293
192937500 2
192893400 48
192675840 8
192080000 3
192036096 26
192000000 32
191362500 8
191318760 7
191102976 5
190591380 3
190512000 377
189665280 71
189078750 2
189035532 2
189000000 50
188956800 97
188743680 2
188238400 1
188160000 90
188116992 34
187535250 9
186701760 44
186624000 304
186004350 5
185794560 88
185220000 79
185177664 28
184396800 31
184320000 85
183784545 1
183750000 4
183708000 170
183500800 5
182891520 195
182284263 1
182250000 16
181515600 9
181440000 440
181398528 21
180633600 124
180075000 4
180033840 49
180000000 24
179830784 1
179200000 31
179159040 74
178605000 51
178564176 6
177885288 1
177811200 200
177187500 1
177147000 15
177020928 5
176947200 50
176400000 104
176359680 162
176160768 1
175616000 22
175032900 18
174960000 170
174254976 4
174182400 394
173643750 1
173604060 10
173408256 10
172872000 42
172800000 167
172226250 4
172103680 1
172032000 60
171500000 2
171460800 245
170698752 32
170100000 123
170061120 26
169869312 3
169414560 1
169344000 389
168781725 1
168750000 1
168591360 16
168070000 3
168031584 11
168000000 48
167961600 242
167772160 2
167215104 34
166698000 96
165957120 32
165888000 211
165375000 4
165337200 81
165150720 22
164708600 1
164640000 64
164602368 40
164025000 12
163840000 13
163364040 11
163296000 474
162570240 138
162067500 4
162030456 6
162000000 69
161347200 7
161280000 252
161243136 27
160744500 28
160563200 10
160030080 136
160000000 8
159432300 3
159252480 55
158826150 2
158760000 256
158723712 25
158054400 135
157529610 6
157500000 14
157464000 130
157286400 9
156800000 40
156764160 232
156243654 1
155584800 60
155520000 328
155003625 1
154893312 4
154828800 201
154350000 22
154314720 109
153664000 12
153600000 52
153090000 117
153055008 4
152473104 1
152409600 472
151875000 1
151732224 14
151263000 10
151200000 233
151165440 91
150590720 1
150528000 115
150062500 1
150028200 67
150000000 4
149361408 19
149299200 276
148837500 12
148803480 19
148635648 16
148176000 206
147622500 4
147517440 11
147456000 84
147027636 2
147000000 33
146966400 383
146800640 1
146313216 58
145860750 8
145800000 116
145212480 17
145152000 584
144670050 10
144506880 49
144060000 10
144027072 25
144000000 70
143521875 1
143489070 1
143360000 43
143327232 16
142884000 290
142248960 153
141750000 35
141717600 59
141557760 11
141178800 2
141120000 260
141087744 58
140625000 1
140492800 19
140026320 31
140000000 6
139968000 379
139345920 206
138915000 40
138883248 21
138297600 61
138240000 219
137812500 1
137781000 69
137625600 38
137200000 20
137168640 262
136687500 4
136136700 11
136080000 432
136048896 7
135531648 1
135475200 338
135056250 1
135025380 24
135000000 13
134873088 3
134456000 5
134400000 114
134369280 118
133953750 9
133923132 1
133358400 212
132765696 13
132710400 125
132300000 100
132269760 142
132120576 1
131712000 79
131274675 2
131250000 2
131220000 94
131072000 6
130691232 8
130636800 642
130056192 32
129654000 47
129600000 248
129077760 5
129024000 296
128595600 161
128450560 4
128024064 54
128000000 20
127575000 47
127545840 14
127401984 11
127060920 1
127008000 547
126443520 63
126023688 4
126000000 78
125971200 238
125829120 1
125440000 53
125411328 54
125023500 30
124467840 73
124416000 447
124031250 2
124002900 23
123863040 59
123480000 119
123451776 48
123018750 1
122931200 11
122880000 55
122523030 3
122500000 2
122472000 483
121927680 302
121522842 4
121500000 36
121010400 23
120960000 493
120932352 22
120558375 1
120472576 1
120422400 75
120050000 5
120022560 114
120000000 17
119439360 104
119070000 144
119042784 18
118590192 1
118540800 233
118125000 8
118098000 55
118013952 1
117964800 41
117600000 93
117573120 290
117440512 1
116688600 41
116640000 358
116169984 4
116121600 480
115762500 7
115736040 47
115605504 6
115248000 47
115200000 159
114817500 33
114791256 4
114688000 30
114354828 1
114307200 579
113799168 33
113447250 2
113400000 230
113374080 53
113246208 5
112943040 5
112896000 370
112521150 14
112500000 3
112394240 7
112021056 16
112000000 41
111974400 364
111476736 36
111132000 195
110716875 1
110638080 35
110592000 241
110270727 1
110250000 29
110224800 255
110100480 12
109760000 40
109734912 96
109350000 49
108909360 22
108864000 906
108380160 135
108045000 13
108020304 16
108000000 94
107564800 9
107520000 188
107495424 39
107163000 106
106686720 253
106312500 4
106288200 21
106168320 47
105884100 1
105840000 399
105815808 56
105369600 72
105019740 18
105000000 23
104976000 343
104857600 4
104509440 386
104186250 5
104162436 9
103723200 108
103680000 430
103335750 9
103262208 4
103219200 144
102900000 26
102876480 253
102760448 1
102400000 19
102060000 305
102036672 9
101648736 1
101606400 624
101250000 4
101154816 14
100842000 7
100800000 283
100776960 171
100352000 62
100018800 177
100000000 5
99574272 25
99532800 296
99225000 49
99202320 71
99090432 12
98825160 1
98784000 252
98415000 34
98344960 5
98304000 38
98018424 4
98000000 26
97977600 718
97542144 65
97240500 31
97200000 218
96808320 14
96768000 670
96446700 46
96337920 28
96040000 13
96018048 80
96000000 61
95681250 2
95659380 3
95551488 20
95295690 2
95256000 611
94832640 161
94517766 1
94500000 63
94478400 135
94371840 19
94119200 1
94080000 202
94058496 97
93767625 1
93350880 82
93312000 610
92897280 245
92610000 97
92588832 43
92198400 48
92160000 227
91875000 4
91854000 221
91750400 14
91445760 449
91125000 9
90757800 11
90720000 710
90699264 23
90354432 1
90316800 284
90016920 67
90000000 22
89600000 60
89579520 217
89302500 39
89282088 5
88942644 1
88905600 371
88573500 18
88510464 12
88473600 141
88236750 1
88200000 148
88179840 260
88080384 2
87808000 60
87516450 11
87500000 1
87480000 260
87127488 5
87091200 941
86802030 9
86704128 29
86436000 74
86400000 296
86113125 1
86051840 3
86016000 168
85750000 3
85730400 436
85349376 66
85050000 118
85030560 53
84934656 9
84707280 3
84672000 711
84295680 44
84035000 5
84015792 18
84000000 77
83980800 425
83607552 77
83349000 110
82978560 108
82944000 490
82687500 3
82668600 92
82575360 52
82320000 106
82301184 118
82012500 7
81920000 20
81682020 5
81648000 855
81285120 361
81033750 3
81015228 7
81000000 82
80673600 13
80640000 481
80621568 46
80372250 22
80281600 27
80015040 236
80000000 13
79716150 1
79626240 117
79380000 325
79361856 41
79027200 248
78764805 3
78750000 12
78732000 165
78675968 1
78643200 21
78400000 70
78382080 523
78121827 2
77792400 77
77760000 560
77446656 7
77414400 515
77175000 19
77157360 134
77070336 3
76832000 31
76800000 96
76545000 104
76527504 4
76236552 2
76204800 872
75866112 30
75631500 5
75600000 306
75582720 131
75497472 1
75295360 3
75264000 211
75014100 66
75000000 5
74680704 37
74649600 580
74418750 1
74401740 21
74317824 38
74088000 300
73811250 4
73758720 24
73728000 170
73513818 1
73500000 26
73483200 601
73400320 2
73156608 116
72930375 1
72900000 127
72606240 28
72576000 1209
72253440 102
72030000 12
72013536 49
72000000 110
71744535 1
71680000 79
71663616 45
71442000 321
71124480 271
70875000 24
70858800 73
70778880 57
70589400 1
70560000 404
70543872 103
70246400 30
70013160 49
70000000 15
69984000 567
69672960 525
69457500 39
69441624 14
69177612 1
69148800 98
69120000 495
68906250 1
68890500 50
68812800 92
68600000 21
68584320 442
68068350 3
68040000 644
68024448 26
67765824 3
67737600 678
67512690 15
67500000 29
67436544 4
67228000 5
67200000 200
67184640 304
66976875 3
66679200 330
66430125 1
66382848 22
66355200 377
66150000 120
66134880 188
66060288 8
65856000 170
65610000 108
65536000 17
65345616 20
65318400 1238
65028096 66
64827000 41
64800000 323
64538880 14
64512000 589
64312500 2
64297800 175
64225280 8
64012032 85
64000000 23
63787500 33
63772920 12
63700992 23
63530460 3
63504000 938
63221760 148
63026250 1
63011844 12
63000000 97
62985600 356
62914560 3
62720000 89
62705664 158
62511750 19
62233920 102
62208000 842
62001450 12
61931520 206
61740000 156
61725888 89
61465600 32
61440000 126
61261515 1
61250000 3
61236000 581
60963840 609
60750000 27
60505200 23
60480000 911
60466176 56
60211200 154
60025000 2
60011280 175
60000000 24
59719680 258
59535000 132
59521392 26
59295096 1
59270400 448
59062500 4
59049000 46
59006976 3
58982400 94
58824500 1
58800000 147
58786560 558
58720256 1
58344300 31
58320000 512
58084992 13
58060800 1040
57881250 3
57868020 48
57802752 19
57624000 41
57600000 249
57408750 9
57344000 60
57153600 825
56899584 74
56723625 1
56700000 254
56687040 85
56623104 5
56471520 1
56448000 696
56260575 3
56250000 4
56197120 13
56010528 32
56000000 46
55987200 722
55801305 1
55738368 116
55566000 226
55319040 79
55296000 463
55125000 22
55112400 272
55050240 30
54880000 67
54867456 194
54675000 41
54454680 19
54432000 1360
54190080 338
54022500 9
54010152 35
54000000 120
53782400 6
53760000 308
53747712 52
53581500 101
53343360 381
53156250 3
53144100 17
53084160 131
52942050 1
52920000 520
52907904 99
52684800 147
52509870 20
52500000 9
52488000 408
52428800 6
52254720 780
52093125 2
52081218 4
51861600 113
51840000 781
51667875 2
51631104 4
51609600 382
51450000 24
51438240 374
51380224 1
51200000 45
51030000 293
51018336 13
50824368 3
50803200 1130
50625000 3
50577408 25
50421000 4
50400000 365
50388480 316
50176000 106
50009400 180
50000000 2
49787136 47
49766400 677
49612500 23
49601160 70
49545216 37
49392000 324
49207500 13
49172480 10
49152000 106
49009212 5
49000000 25
48988800 1113
48771072 160
48620250 11
48600000 271
48404160 24
48384000 1172
48223350 34
48168960 53
48020000 14
48009024 97
48000000 99
47840625 1
47829690 2
47775744 50
47628000 719
47416320 292
47250000 56
47239200 174
47185920 40
47059600 2
47040000 308
47029248 192
46675440 81
46656000 1044
46448640 489
46305000 84
46294416 56
46099200 95
46080000 388
45937500 2
45927000 199
45875200 33
45722880 751
45562500 7
45378900 12
45360000 964
45349632 38
45177216 1
45158400 563
45008460 56
45000000 32
44957696 2
44800000 97
44789760 442
44651250 19
44641044 8
44452800 512
44286750 7
44255232 29
44236800 315
44100000 149
44089920 433
44040192 3
43904000 86
43758225 3
43750000 3
43740000 263
43563744 10
43545600 1618
43401015 3
43352064 70
43218000 67
43200000 397
43025920 5
43008000 351
42875000 3
42865200 462
42674688 143
42525000 87
42515280 50
42467328 22
42353640 6
42336000 1061
42187500 2
42147840 79
42017500 2
42007896 19
42000000 100
41990400 652
41803776 169
41674500 100
41489280 138
41472000 958
41343750 1
41334300 56
41287680 112
41160000 113
41150592 191
41006250 4
40960000 51
40841010 4
40824000 1160
40642560 706
40507614 8
40500000 94
40336800 17
40320000 808
40310784 95
40186125 8
40140800 71
40007520 314
40000000 16
39858075 2
39813120 302
39690000 314
39680928 69
39513600 418
39375000 6
39366000 166
39337984 4
39321600 50
39200000 73
39191040 903
38896200 74
38880000 829
38723328 10
38707200 935
38587500 8
38578680 127
38535168 4
38416000 30
38400000 169
38272500 58
38263752 5
38118276 1
38102400 1227
37933056 76
37815750 3
37800000 382
37791360 207
37748736 7
37647680 2
37632000 406
37507050 29
37500000 4
37340352 47
37324800 988
37209375 1
37200870 10
37158912 98
37044000 388
36905625 1
36879360 47
36864000 362
36756909 1
36750000 24
36741600 648
36700160 9
36578304 283
36450000 115
36303120 29
36288000 1898
36126720 259
36015000 17
36006768 63
36000000 146
35840000 139
35831808 97
35721000 295
35562240 459
35437500 14
35429400 57
35389440 115
35294700 3
35280000 591
35271936 190
35123200 66
35006580 41
35000000 15
34992000 851
34836480 924
34728750 11
34720812 15
34574400 141
34560000 814
34445250 21
34420736 1
34406400 188
34300000 27
34292160 657
34034175 2
34020000 655
34012224 39
33882912 1
33868800 1172
33756345 3
33750000 11
33718272 10
33614000 5
33600000 305
33592320 499
33339600 346
33191424 47
33177600 689
33075000 71
33067440 211
33030144 21
32928000 271
32812500 1
32805000 82
32768000 32
32672808 5
32659200 1746
32514048 160
32413500 34
32400000 435
32269440 18
32256000 1009
32156250 1
32148900 129
32112640 16
32006016 174
32000000 37
31893750 14
31886460 6
31850496 67
31765230 3
31752000 1079
31610880 236
31505922 6
31500000 89
31492800 441
31457280 13
31360000 156
31352832 272
31255875 6
31250000 1
31116960 149
31104000 1363
31000725 1
30965760 450
30870000 131
30862944 95
30732800 38
30720000 209
30625000 3
30618000 519
30481920 1069
30375000 23
30252600 17
30240000 1152
30233088 112
30118144 2
30105600 329
30012500 3
30005640 161
30000000 32
29859840 558
29767500 93
29760696 21
29635200 598
29524500 35
29503488 13
29491200 199
29400000 160
29393280 766
29172150 21
29160000 592
29042496 18
29030400 1766
28934010 22
28901376 38
28812000 66
28800000 378
28704375 1
28672000 113
28588707 1
28576800 877
28449792 160
28350000 230
28343520 107
28311552 15
28235760 4
28224000 1016
28125000 2
28098560 25
28005264 40
28000000 52
27993600 1161
27869184 246
27783000 192
27659520 127
27648000 856
27562500 8
27556200 239
27525120 62
27440000 57
27433728 292
27337500 18
27227340 19
27216000 1805
27095040 670
27011250 2
27005076 20
27000000 137
26891200 14
26880000 545
26873856 138
26790750 45
26671680 462
26572050 4
26542080 275
26460000 518
26453952 122
26342400 257
26254935 6
26250000 16
26244000 418
26214400 15
26127360 1301
26040609 2
25930800 136
25920000 1016
25815552 7
25804800 671
25725000 17
25719120 362
25690112 3
25600000 67
25515000 220
25509168 15
25412184 2
25401600 1668
25312500 6
25288704 52
25210500 4
25200000 460
25194240 462
25165824 6
25088000 156
25004700 131
25000000 3
24893568 60
24883200 1248
24806250 10
24800580 45
24772608 75
24696000 388
24603750 7
24586240 7
24576000 161
24504606 4
24500000 20
24494400 1347
24385536 300
24310125 2
24300000 226
24202080 26
24192000 1963
24111675 8
24084480 131
24010000 15
24004512 117
24000000 99
23887872 112
23814000 666
23708160 498
23625000 33
23619600 178
23592960 60
23529800 1
23520000 437
23514624 310
23337720 92
23328000 1342
23224320 954
23152500 46
23147208 39
23049600 120
23040000 585
22963500 129
22937600 65
22861440 1063
22781250 2
22689450 9
22680000 1084
22674816 57
22588608 1
22579200 881
22504230 18
22500000 22
22478848 4
22400000 145
22394880 741
22325625 4
22320522 2
22226400 557
22143375 2
22127616 46
22118400 571
22050000 110
22044960 448
22020096 11
21952000 114
21875000 1
21870000 223
21781872 14
21772800 2479
21676032 145
21609000 61
21600000 515
21512960 5
21504000 530
21437500 2
21432600 379
21337344 210
21262500 33
21257640 37
21233664 53
21176820 1
21168000 1312
21073920 156
21003948 17
21000000 84
20995200 903
20971520 2
20901888 348
20837250 34
20744640 172
20736000 1540
20667150 32
20643840 263
20580000 120
20575296 235
20480000 71
20420505 3
20412000 1208
20321280 1169
20253807 1
20250000 61
20168400 26
20160000 1139
20155392 169
20070400 114
20003760 327
20000000 17
19906560 586
19845000 232
19840464 68
19756800 531
19687500 5
19683000 132
19668992 6
19660800 90
19600000 87
19595520 1353
19448100 50
19440000 980
19361664 13
19353600 1612
19293750 9
19289340 99
19267584 27
19208000 48
19200000 236
19136250 24
19131876 1
19051200 1522
18966528 126
18900000 362
18895680 281
18874368 8
18823840 2
18816000 609
18753525 10
18750000 3
18670176 48
18662400 1535
18600435 2
18579456 188
18522000 333
18439680 83
18432000 658
18375000 17
18370800 632
18350080 13
18289152 411
18225000 61
18151560 17
18144000 2323
18063360 430
18007500 9
18003384 42
18000000 150
17920000 192
17915904 185
17860500 181
17781120 573
17718750 4
17714700 49
17694720 199
17640000 553
17635968 253
17561600 104
17503290 23
17500000 12
17496000 866
17418240 1532
17364375 4
17360406 11
17287200 155
17280000 1107
17222625 4
17203200 384
17150000 19
17146080 665
17010000 553
17006112 30
16934400 1679
16875000 14
16859136 29
16807000 3
16800000 344
16796160 760
16777216 1
16669800 298
16595712 80
16588800 1179
16537500 50
16533720 169
16515072 47
16464000 284
16402500 64
16384000 46
16336404 14
16329600 2240
16257024 276
16206750 10
16200000 433
16134720 19
16128000 1482
16074450 61
16056320 43
16003008 166
16000000 56
15946875 2
15943230 6
15925248 122
15876000 1093
15805440 396
15752961 2
15750000 73
15746400 422
15728640 36
15680000 218
15676416 434
15558480 152
15552000 1802
15482880 750
15435000 93
15431472 121
15366400 40
15360000 324
15312500 1
15309000 381
15240960 1437
15187500 9
15126300 15
15120000 1324
15116544 132
15059072 1
15052800 503
15006250 1
15002820 85
15000000 21
14929920 962
14883750 38
14880348 18
14823774 1
14817600 686
14762250 12
14751744 27
14745600 407
14700000 124
14696640 870
14680064 4
14586075 5
14580000 540
14521248 23
14515200 2768
14467005 5
14450688 90
14406000 53
14400000 442
14348907 1
14336000 210
14288400 870
14224896 223
14175000 132
14171760 121
14155776 40
14117880 4
14112000 1189
14049280 50
14002632 37
14000000 49
13996800 1416
13934592 390
13891500 116
13829760 167
13824000 1380
13781250 6
13778100 133
13762560 129
13720000 61
13716864 412
13668750 4
13613670 16
13608000 2008
13547520 967
13505625 2
13502538 10
13500000 100
13445600 14
13440000 669
13436928 232
13395375 3
13335840 536
13271040 560
13230000 419
13226976 153
13171200 333
13125000 4
13122000 369
13107200 18
13063680 1818
12965400 103
12960000 1272
12907776 10
12902400 1253
12862500 11
12859560 269
12845056 9
12800000 96
12757500 103
12754584 6
12700800 1896
12656250 1
12644352 92
12605250 3
12600000 447
12597120 542
12582912 6
12544000 241
12502350 59
12500000 2
12446784 94
12441600 1855
12403125 3
12400290 22
12386304 138
12348000 372
12293120 41
12288000 279
12252303 3
12250000 15
12247200 1334
12192768 452
12150000 163
12101040 30
12096000 2527
12042240 249
12005000 8
12002256 111
12000000 113
11943936 194
11907000 459
11854080 647
11812500 12
11809800 129
11796480 120
11760000 435
11757312 427
11668860 51
11664000 1505
11612160 1539
11576250 20
11573604 33
11524800 124
11520000 824
11481750 58
11468800 99
11430720 1216
11344725 3
11340000 960
11337408 79
11294304 3
11289600 1321
11252115 6
11250000 19
11239424 6
11200000 160
11197440 1075
11160261 2
11113200 539
11063808 59
11059200 965
11025000 83
11022480 391
11010048 23
10976000 133
10937500 1
10935000 187
10890936 9
10886400 2988
10838016 251
10804500 36
10800000 517
10756480 13
10752000 783
10716300 233
10668672 284
10631250 19
10628820 21
10616832 89
10584000 1383
10536960 204
10501974 7
10500000 81
10497600 927
10485760 5
10450944 565
10418625 7
10372320 191
10368000 2091
10333575 5
10321920 500
10290000 88
10287648 231
10240000 110
10206000 940
10160640 1629
10125000 38
10084200 13
10080000 1228
10077696 203
10035200 178
10001880 219
10000000 14
9953280 1018
9922500 108
9920232 47
9878400 630
9843750 3
9841500 59
9834496 8
9830400 159
9800000 84
9797760 1541
9724050 26
9720000 910
9680832 22
9676800 2460
9646875 1
9644670 48
9633792 41
9604000 30
9600000 310
9568125 3
9565938 3
9525600 1363
9483264 213
9450000 273
9447840 254
9437184 22
9411920 1
9408000 737
9375000 3
9335088 53
9331200 2134
9289728 361
9261000 229
9219840 84
9216000 886
9187500 6
9185400 455
9175040 35
9144576 485
9112500 27
9075780 15
9072000 2631
9031680 697
9003750 4
9001692 45
9000000 141
8960000 269
8957952 270
8930250 58
8890560 729
8857350 10
8847360 400
8820000 567
8817984 275
8780800 137
8751645 7
8750000 5
8748000 783
8709120 2219
8680203 1
8643600 124
8640000 1375
8605184 7
8601600 578
8575000 22
8573040 622
8505000 342
8503056 22
8470728 3
8467200 2030
8437500 4
8429568 48
8400000 315
8398080 939
8334900 187
8297856 87
8294400 1875
8268750 21
8266860 91
8257536 74
8232000 282
8201250 12
8192000 79
8168202 7
8164800 2279
8128512 461
8103375 2
8100000 326
8067360 15
8064000 1947
8037225 10
8028160 65
8001504 216
8000000 63
7971615 1
7962624 200
7938000 824
7902720 509
7875000 36
7873200 381
7864320 57
7840000 180
7838208 617
7779240 107
7776000 2150
7741440 1278
7717500 50
7715736 96
7683200 51
7680000 484
7654500 227
7620480 1634
7593750 2
7563150 9
7560000 1339
7558272 154
7526400 703
7501410 65
7500000 19
7464960 1411
7441875 5
7440174 3
7408800 726
7381125 3
7375872 31
7372800 626
7350000 101
7348320 920
7340032 5
7290000 395
7260624 20
7257600 3488
7225344 181
7203000 51
7200000 511
7168000 301
7144200 593
7112448 330
7087500 72
7085880 65
7077888 58
7058940 1
7056000 1382
7024640 59
7001316 16
7000000 58
6998400 1587
6967296 653
6945750 42
6914880 174
6912000 1798
6889050 58
6881280 216
6860000 58
6858432 413
6834375 1
6806835 2
6804000 1711
6773760 1404
6751269 2
6750000 67
6722800 13
6720000 772
6718464 321
6667920 456
6635520 860
6615000 278
6613488 114
6585600 423
6562500 2
6561000 264
6553600 38
6531840 2235
6482700 57
6480000 1279
6453888 9
6451200 1693
6431250 3
6429780 174
6422528 14
6400000 113
6378750 25
6377292 9
6353046 1
6350400 2097
6322176 127
6302625 2
6300000 339
6298560 529
6291456 9
6272000 262
6251175 11
6250000 4
6223392 73
6220800 2454
6200145 6
6193152 239
6174000 323
6146560 43
6144000 454
6125000 12
6123600 1077
6096384 659
6075000 92
6050520 16
6048000 2808
6021120 319
6002500 7
6001128 89
6000000 89
5971968 352
5953500 232
5927040 694
5906250 5
5904900 62
5898240 252
5880000 357
5878656 527
5834430 27
5832000 1388
5806080 2220
5788125 4
5786802 8
5762400 98
5760000 1035
5740875 4
5734400 157
5715360 1108
5670000 685
5668704 75
5647152 1
5644800 1602
5625000 9
5619712 10
5600000 154
5598720 1379
5556600 338
5531904 67
5529600 1498
5512500 32
5511240 283
5505024 30
5488000 144
5467500 64
5445468 7
5443200 3317
5419008 330
5402250 16
5400000 456
5378240 17
5376000 1026
5359375 1
5358150 78
5334336 281
5315625 3
5314410 7
5308416 172
5294205 2
5292000 1183
5268480 241
5250000 60
5248800 772
5242880 13
5225472 754
5186160 157
5184000 2427
5160960 775
5145000 64
5143824 207
5120000 152
5103000 593
5080320 1901
5062500 18
5042100 11
5040000 1194
5038848 260
5017600 234
5000940 145
5000000 10
4976640 1398
4961250 32
4960116 35
4939200 646
4920750 18
4917248 13
4915200 277
4900000 71
4898880 1655
4862025 5
4860000 797
4840416 13
4838400 3169
4822335 14
4816896 63
4802000 33
4800000 334
4782969 1
4762800 1107
4741632 255
4725000 162
4723920 200
4718592 25
4704000 795
4667544 53
4665600 2369
4644864 551
4630500 120
4609920 112
4608000 1226
4593750 3
4592700 240
4587520 63
4572288 602
4556250 7
4537890 12
4536000 2464
4515840 952
4501875 1
4500846 8
4500000 107
4480000 301
4478976 411
4465125 14
4445280 586
4428675 2
4423680 623
4410000 378
4408992 300
4390400 168
4375000 3
4374000 573
4354560 2628
4321800 99
4320000 1396
4302592 6
4300800 850
4287500 3
4286520 450
4252500 160
4251528 21
4235364 4
4233600 2061
4214784 68
4201750 1
4200000 299
4199040 1012
4167450 67
4148928 90
4147200 2467
4134375 1
4133430 34
4128768 152
4116000 252
4100625 1
4096000 150
4084101 1
4082400 1960
4064256 637
4050000 227
4033680 12
4032000 2252
4014080 97
4000752 177
4000000 48
3981312 310
3969000 547
3951360 602
3937500 21
3936600 231
3932160 99
3920000 178
3919104 724
3889620 84
3888000 2061
3870720 1655
3858750 15
3857868 64
3841600 45
3840000 550
3827250 68
3810240 1632
3781575 3
3780000 986
3779136 154
3764768 1
3763200 839
3750705 7
3750000 12
3732480 1694
3720087 6
3704400 535
3687936 36
3686400 917
3675000 64
3674160 677
3670016 3
3645000 208
3630312 9
3628800 3889
3612672 222
3601500 16
3600000 470
3584000 300
3572100 317
3556224 348
3543750 26
3542940 44
3538944 114
3529470 2
3528000 1098
3512320 107
3500658 8
3500000 32
3499200 1464
3483648 806
3472875 9
3457440 141
3456000 2206
3444525 17
3440640 338
3430000 35
3429216 365
3402000 1235
3386880 1659
3375000 42
3361400 9
3360000 805
3359232 388
3333960 301
3317760 1236
3307500 118
3306744 86
3292800 401
3281250 1
3280500 126
3276800 72
3265920 2296
3241350 24
3240000 1113
3226944 14
3225600 2017
3214890 56
3211264 19
3200000 129
3189375 8
3188646 2
3175200 1686
3161088 178
3150000 196
3149280 509
3145728 14
3136000 287
3125000 1
3111696 69
3110400 2836
3096576 402
3087000 175
3073280 33
3072000 539
3062500 3
3061800 673
3048192 768
3037500 43
3025260 10
3024000 2678
3010560 502
3001250 1
3000564 54
3000000 86
2985984 479
2976750 75
2963520 655
2953125 1
2952450 24
2949120 324
2940000 346
2939328 503
2917215 3
2916000 1066
2903040 2554
2893401 2
2881200 73
2880000 1046
2867200 208
2857680 868
2835000 393
2834352 44
2822400 1743
2812500 5
2809856 19
2800000 135
2799360 1503
2778300 194
2765952 70
2764800 1927
2756250 8
2755620 147
2752512 54
2744000 118
2733750 25
2722734 6
2721600 2946
2709504 506
2701125 2
2700000 329
2689120 9
2688000 1216
2679075 10
2667168 277
2657205 1
2654208 263
2646000 812
2634240 312
2625000 22
2624400 547
2621440 17
2612736 932
2593080 115
2592000 2405
2580480 1044
2572500 31
2571912 126
2560000 157
2551500 268
2540160 1915
2531250 1
2521050 6
2520000 1012
2519424 275
2508800 297
2500470 60
2500000 6
2488320 1829
2480625 6
2480058 11
2469600 508
2460375 5
2458624 12
2457600 392
2450000 32
2449440 1327
2430000 463
2420208 11
2419200 3371
2408448 106
2401000 15
2400000 303
2381400 684
2370816 253
2362500 64
2361960 132
2359296 69
2352980 3
2352000 755
2333772 20
2332800 2208
2322432 747
2315250 46
2304960 98
2304000 1441
2296350 86
2293760 69
2286144 581
2278125 1
2268945 2
2268000 1830
2257920 1157
2250423 6
2250000 73
2240000 294
2239488 532
2222640 463
2211840 837
2205000 195
2204496 184
2195200 144
2187500 1
2187000 304
2177280 2882
2160900 42
2160000 1260
2151296 4
2150400 991
2143260 242
2126250 38
2125764 15
2117682 1
2116800 1790
2107392 88
2100000 223
2099520 909
2097152 2
2083725 15
2074464 82
2073600 2725
2066715 4
2064384 206
2058000 182
2048000 152
2041200 1362
2032128 719
2025000 109
2016840 12
2016000 2201
2007040 132
2000376 105
2000000 41
1990656 463
1984500 261
1975680 504
1968750 7
1968300 118
1966080 155
1960000 155
1959552 762
1944810 21
1944000 1660
1935360 2079
1929375 1
1928934 29
1920800 36
1920000 591
1913625 1
1905120 1292
1890000 629
1889568 117
1881600 872
1875000 6
1866240 1893
1852200 341
1843968 36
1843200 1184
1837500 16
1837080 500
1835008 13
1822500 96
1815156 9
1814400 3561
1806336 330
1800750 10
1800000 353
1792000 375
1786050 105
1778112 302
1771875 2
1771470 16
1769472 180
1764735 1
1764000 859
1756160 107
1750329 2
1750000 12
1749600 1113
1741824 954
1728720 104
1728000 2189
1720320 422
1715000 17
1714608 302
1701000 653
1693440 1741
1687500 9
1680000 659
1679616 429
1666980 151
1658880 1538
1653750 35
1653372 45
1646400 356
1640250 29
1638400 104
1632960 2146
1620675 5
1620000 741
1613472 12
1612800 2317
1607445 15
1605632 27
1600000 105
1587600 1122
1580544 182
1575000 114
1574640 308
1572864 17
1568000 281
1555848 64
1555200 2795
1548288 493
1543500 89
1536640 31
1536000 716
1530900 309
1524096 687
1518750 6
1512630 9
1512000 2174
1505280 520
1500625 1
1500282 27
1500000 57
1492992 576
1488375 6
1481760 571
1476225 6
1474560 523
1470000 195
1469664 446
1458000 737
1451520 2968
1440600 44
1440000 1004
1433600 295
1428840 517
1417500 189
1417176 37
1411200 1563
1404928 18
1400000 88
1399680 1334
1389150 63
1382976 62
1382400 2237
1377810 52
1376256 89
1372000 74
1366875 3
1361367 1
1360800 2228
1354752 531
1350000 214
1344560 5
1344000 1185
1333584 193
1327104 372
1323000 436
1317120 321
1312500 10
1312200 305
1310720 37
1306368 963
1296540 56
1296000 2119
1290240 1260
1286250 6
1285956 71
1280000 190
1275750 72
1270080 1625
1265625 2
1260525 3
1260000 715
1259712 245
1254400 312
1250235 9
1250000 3
1244160 2011
1240029 2
1234800 368
1229312 12
1228800 453
1225000 19
1224720 871
1215000 223
1210104 10
1209600 3260
1204224 132
1200500 14
1200000 242
1190700 338
1185408 274
1181250 17
1180980 57
1179648 104
1176000 617
1166886 15
1166400 1764
1161216 867
1157625 10
1152480 66
1152000 1540
1148175 13
1146880 116
1143072 443
1134000 1222
1128960 1122
1125000 25
1120000 250
1119744 557
1111320 303
1105920 1172
1102500 90
1102248 124
1097600 117
1093750 1
1093500 119
1088640 2585
1080450 18
1080000 958
1075648 3
1075200 1059
1071630 83
1063125 4
1062882 4
1058400 1451
1053696 105
1050000 118
1049760 691
1048576 4
1037232 69
1036800 2758
1032192 259
1029000 97
1024000 201
1020600 778
1016064 764
1012500 45
1008420 4
1008000 1790
1003520 142
1000188 64
1000000 29
995328 538
992250 72
987840 478
984150 33
983040 189
980000 92
979776 637
972405 3
972000 1149
967680 2386
964467 7
960400 24
960000 568
952560 940
945000 325
944784 75
940800 866
937500 3
933120 1793
926100 153
921984 32
921600 1322
918750 5
918540 200
917504 19
911250 18
907578 4
907200 2872
903168 349
900375 2
900000 243
896000 357
893025 17
889056 237
885735 5
884736 237
882000 541
878080 100
875000 9
874800 678
870912 1063
864360 75
864000 2048
860160 507
857500 12
857304 171
850500 272
846720 1553
843750 3
840350 1
840000 506
839808 434
833490 58
829440 1856
826875 6
826686 22
823200 241
820125 1
819200 112
816480 1527
810000 458
806736 6
806400 2292
802816 27
800000 71
793800 646
790272 178
787500 41
787320 187
786432 33
784000 226
777924 13
777600 2347
774144 634
771750 28
768320 37
768000 732
765450 95
762048 572
759375 1
756315 1
756000 1488
752640 574
750141 6
750000 25
746496 658
740880 373
737280 637
735000 95
734832 288
729000 404
725760 2726
720300 30
720000 823
716800 305
714420 247
708750 45
708588 11
705894 1
705600 1287
702464 25
700000 68
699840 1131
694575 16
691488 36
691200 2257
688905 17
688128 116
686000 51
680400 1414
677376 530
675000 93
672280 2
672000 1103
666792 118
663552 496
661500 192
658560 261
656250 1
656100 120
655360 45
653184 876
648270 18
648000 1622
645120 1398
642978 33
640000 176
637875 8
635040 1201
630000 381
629856 201
627200 267
625000 1
622080 2002
617400 180
614656 8
614400 593
612500 13
612360 489
607500 98
605052 6
604800 2786
602112 176
600250 3
600000 148
595350 103
592704 230
590625 3
590490 26
589824 127
588000 462
583443 2
583200 1303
580608 924
576240 56
576000 1390
573440 144
571536 311
567000 576
564480 1069
562500 12
560000 213
559872 517
555660 138
552960 1316
551250 20
551124 54
548800 115
546750 40
544320 2131
540225 3
540000 582
537824 2
537600 1130
535815 22
531441 1
529200 852
526848 77
525000 73
524880 412
524288 7
518616 33
518400 2487
516096 389
514500 41
512000 208
510300 346
508032 655
506250 9
504210 5
504000 1329
501760 144
500094 21
500000 22
497664 641
496125 12
493920 357
492075 7
491520 258
490000 56
489888 470
486000 762
483840 2217
480200 11
480000 506
476280 526
472500 126
472392 39
470400 655
468750 1
466560 1564
463050 55
460992 24
460800 1443
459375 1
459270 63
458752 19
455625 3
453789 1
453600 1972
451584 345
450000 120
448000 328
444528 163
442368 279
441000 288
439040 83
437500 1
437400 355
435456 977
432180 33
432000 1563
430080 575
428750 2
428652 97
425250 94
423360 1173
421875 1
420175 1
420000 299
419904 326
416745 8
414720 1805
413343 3
411600 174
409600 142
408240 945
405000 231
403368 7
403200 2108
401408 26
400000 54
396900 268
395136 173
393750 16
393660 85
393216 40
392000 163
388962 6
388800 1886
387072 648
385875 3
384160 21
384000 703
382725 13
381024 459
378000 847
376320 515
375000 14
373248 620
370440 209
368640 704
367500 45
367416 153
364500 126
362880 2243
360150 9
360000 522
358400 302
357210 77
354375 3
354294 8
352800 765
351232 21
350000 43
349920 787
345744 41
345600 2200
344064 137
343000 24
340200 756
338688 526
337500 31
336000 798
333396 50
331776 538
330750 55
329280 198
328050 36
327680 53
326592 651
324135 5
324000 1025
322560 1346
321489 5
320000 160
317520 736
315000 202
314928 128
313600 213
312500 1
311040 1753
308700 66
307328 9
307200 629
306180 205
303750 20
302526 2
302400 2071
301056 162
300000 126
297675 15
296352 157
295245 4
294912 144
294000 234
291600 733
290304 955
288120 32
288000 1158
286720 137
285768 153
283500 241
282240 912
281250 1
280000 127
279936 455
277830 44
276480 1363
275625 1
275562 22
274400 66
273375 4
272160 1468
270000 309
268912 1
268800 1023
264600 429
263424 73
262500 17
262440 223
262144 14
259308 14
259200 1957
258048 385
257250 16
256000 191
255150 92
254016 481
253125 1
252105 2
252000 877
250880 138
250047 2
250000 11
248832 668
246960 201
245760 303
245000 27
244944 314
243000 323
241920 1887
240100 3
240000 357
238140 205
236250 24
236196 15
235200 501
233280 1134
231525 4
230496 17
230400 1310
229635 13
229376 29
226800 1113
225792 331
225000 68
224000 256
222264 73
221184 373
220500 118
219520 73
218700 142
217728 773
216090 14
216000 1061
215040 614
214326 32
212625 14
211680 806
210000 180
209952 208
207360 1638
205800 84
204800 142
204120 457
202500 72
201684 2
201600 1460
200704 31
200000 37
198450 73
197568 125
196875 1
196830 19
196608 49
196000 107
194481 3
194400 1139
193536 648
192080 14
192000 549
190512 270
189000 432
188160 441
187500 2
186624 546
185220 83
184320 758
183750 10
183708 70
182250 47
181440 1611
180075 1
180000 321
179200 252
178605 8
176400 473
175616 29
175000 11
174960 440
172872 20
172800 1663
172032 152
171500 15
170100 288
169344 414
168750 7
168000 537
166698 16
165888 544
165375 9
164640 133
164025 4
163840 47
163296 456
162000 597
161280 1204
160000 110
158760 358
157500 87
157464 52
156800 162
155520 1430
154350 27
153664 8
153600 543
153090 68
151875 1
151200 1267
150528 144
150000 56
148176 110
147456 163
147000 88
145800 352
145152 819
144060 15
144000 865
143360 151
142884 64
141750 63
141120 634
140000 83
139968 320
138915 8
138240 1293
137781 3
137200 29
136080 808
135000 139
134456 1
134400 786
132300 178
131712 75
131250 4
131220 92
131072 8
129654 5
129600 1307
129024 397
128625 1
128000 143
127575 16
127008 353
126000 514
125440 136
125000 3
124416 606
123480 97
122880 269
122500 9
122472 156
121500 102
120960 1515
120050 1
120000 218
119070 74
118125 1
118098 4
117600 338
116640 706
115248 12
115200 1147
114688 22
113400 535
112896 289
112500 14
112000 209
111132 47
110592 330
110250 29
109760 55
109350 41
108864 623
108045 2
108000 660
107520 540
107163 9
105840 440
105000 78
104976 120
103680 1349
102900 34
102400 127
102060 186
101250 14
100842 1
100800 1069
100352 32
100000 26
99225 12
98784 77
98415 4
98304 58
98000 54
97200 597
96768 590
96040 6
96000 431
95256 135
94500 164
94080 342
93750 1
93312 432
92610 14
92160 740
91875 2
91854 17
91125 6
90720 1034
90000 189
89600 219
88200 217
87808 24
87480 217
86436 4
86400 1212
86016 139
85750 1
85050 75
84672 295
84000 310
83349 5
82944 483
82320 74
81920 57
81648 271
81000 241
80640 957
80000 67
79380 145
78750 20
78732 19
78400 109
77760 953
77175 2
76832 5
76800 495
76545 7
75600 727
75264 133
75000 27
74088 38
73728 178
73500 43
72900 132
72576 586
72030 5
72000 578
71680 116
71442 28
70875 6
70560 404
70000 39
69984 195
69120 1092
68600 13
68040 378
67500 39
67200 531
66150 49
65856 46
65625 2
65610 26
65536 14
64827 1
64800 802
64512 338
64000 134
63504 175
63000 180
62720 96
62500 1
62208 464
61740 32
61440 271
61250 3
61236 57
60750 26
60480 1052
60000 132
59535 10
58800 175
58320 374
57624 5
57600 881
57344 24
56700 194
56448 200
56250 5
56000 116
55566 9
55296 354
55125 5
54880 26
54675 7
54432 348
54000 340
53760 457
52920 225
52500 22
52488 61
51840 977
51450 7
51200 125
51030 50
50625 3
50400 586
50176 30
50000 11
49392 49
49152 53
49000 29
48600 275
48384 454
48020 5
48000 321
47628 57
47250 43
47040 199
46656 298
46305 9
46080 580
45927 2
45360 524
45000 48
44800 162
44100 82
43904 10
43750 1
43740 73
43218 4
43200 813
43008 140
42875 1
42525 6
42336 195
42000 182
41472 407
41160 33
40960 53
40824 130
40500 72
40320 693
40000 48
39690 39
39375 2
39366 5
39200 59
38880 520
38400 388
37800 283
37632 96
37500 7
37044 20
36864 130
36750 13
36450 28
36288 387
36015 1
36000 316
35840 112
35721 3
35280 221
35000 7
34992 112
34560 737
34300 7
34020 117
33750 8
33600 351
33075 7
32928 24
32805 1
32768 13
32400 412
32256 253
32000 94
31752 92
31500 73
31360 50
31104 341
30870 16
30720 235
30625 1
30618 8
30375 2
30240 561
30000 51
29400 81
29160 165
28812 1
28800 508
28672 24
28350 40
28224 148
28000 48
27783 3
27648 245
27440 13
27216 203
27000 131
26880 339
26460 61
26250 7
26244 21
25920 614
25725 2
25600 104
25515 10
25200 286
25088 18
25000 3
24696 14
24576 51
24500 10
24300 70
24192 347
24000 174
23814 12
23625 6
23520 121
23328 176
23040 440
22680 225
22500 29
22400 108
22050 22
21952 12
21870 16
21609 1
21600 379
21504 117
21168 97
21000 62
20736 288
20580 9
20480 50
20412 39
20250 20
20160 432
20000 21
19845 7
19683 1
19600 35
19440 277
19208 2
19200 276
18900 101
18816 78
18522 7
18432 139
18375 1
18225 5
18144 232
18000 138
17920 90
17640 93
17500 6
17496 43
17280 554
17150 1
17010 36
16800 193
16464 20
16384 14
16200 175
16128 170
16000 52
15876 36
15750 22
15680 45
15552 208
15435 1
15360 194
15309 1
15120 276
15000 24
14700 30
14580 52
14400 311
14336 26
14175 3
14112 93
14000 29
13824 216
13720 8
13608 94
13500 47
13440 217
13230 10
13122 7
12960 338
12800 70
12600 101
12544 25
12500 1
12348 9
12288 57
12250 2
12150 26
12096 197
12000 96
11907 4
11760 77
11664 65
11520 324
11340 96
11250 2
11200 63
10976 4
10935 1
10800 210
10752 78
10584 40
10500 21
10368 181
10290 4
10240 49
10206 16
10080 232
10000 7
9800 14
9720 104
9600 179
9450 26
9408 35
9261 1
9216 114
9072 111
9000 49
8960 67
8820 24
8750 3
8748 11
8640 304
8505 3
8400 92
8232 6
8192 14
8100 50
8064 149
8000 41
7938 19
7840 13
7776 103
7680 106
7560 125
7500 5
7350 2
7290 11
7200 193
7168 19
7056 30
7000 11
6912 149
6860 1
6804 31
6750 10
6720 133
6561 1
6480 143
6400 44
6300 38
6272 14
6174 1
6144 39
6075 2
6048 110
6000 39
5880 29
5832 35
5760 210
5670 21
5600 32
5488 3
5400 86
5376 70
5292 14
5250 2
5184 110
5145 3
5120 24
5103 4
5040 111
4900 2
4860 39
4800 104
4725 3
4704 23
4608 80
4536 53
4500 23
4480 36
4410 7
4374 2
4320 144
4200 40
4116 3
4096 5
4050 8
4032 77
4000 15
3969 1
3920 11
3888 66
3840 96
3780 46
3750 2
3675 1
3645 2
3600 71
3584 14
3528 18
3500 10
3456 109
3402 6
3360 64
3240 62
3200 29
3150 7
3136 11
3072 41
3024 40
3000 9
2940 8
2916 10
2880 129
2835 2
2800 22
2744 3
2700 26
2688 35
2646 5
2592 53
2560 23
2520 48
2500 1
2450 2
2430 9
2400 50
2352 10
2304 51
2268 12
2250 2
2240 24
2187 1
2160 83
2100 6
2048 3
2025 2
2016 37
2000 5
1960 4
1944 21
1920 43
1890 9
1800 39
1792 13
1764 10
1728 51
1680 23
1620 17
1600 17
1575 1
1568 2
1536 28
1512 22
1500 10
1470 1
1458 1
1440 54
1400 6
1350 3
1344 23
1296 37
1280 10
1260 7
1200 24
1176 3
1152 46
1134 3
1120 9
1080 28
1024 4
1008 25
1000 3
980 1
972 5
960 27
945 1
900 10
896 6
882 1
864 18
840 12
810 2
800 11
784 2
768 11
756 6
750 1
720 18
700 3
686 1
675 1
672 3
648 10
640 3
630 3
600 10
588 2
576 20
560 7
540 8
512 5
504 10
486 1
480 14
450 1
448 1
432 10
420 2
400 1
384 10
378 2
375 1
360 10
350 1
336 1
324 2
320 5
300 5
294 1
288 15
280 3
256 2
252 2
240 8
216 3
210 1
200 1
192 4
180 1
168 2
162 1
160 2
144 3
120 1
108 1
96 1
84 2
80 1
56 1
48 2
36 1
