5103000000 1
4860000000 1
4665600000 1
4374000000 1
4199040000 1
4147200000 1
4082400000 3
3888000000 1
3732480000 1
3628800000 1
3456000000 1
3401222400 1
3359232000 1
3265920000 1
3175200000 3
3110400000 1
3061800000 1
2939328000 1
2916000000 1
2903040000 1
2893401000 1
2867200000 1
2857680000 3
2834352000 2
2800000000 1
2799360000 2
2764800000 1
2755620000 1
2721600000 1
2720977920 1
2688000000 1
2645395200 3
2624400000 1
2612736000 3
2550916800 3
2540160000 1
2520000000 2
2519424000 4
2500470000 1
2469600000 1
2457600000 1
2449440000 7
2430000000 1
2419200000 1
2418647040 1
2351462400 3
2332800000 8
2322432000 2
2304000000 2
2268000000 3
2267481600 4
2240000000 1
2222640000 1
2204496000 4
2187000000 1
2177280000 5
2160000000 1
2150400000 1
2125764000 1
2099520000 6
2090188800 1
2083248720 1
2073600000 2
2066715000 1
2057529600 2
2041200000 4
2040733440 1
2032128000 2
2016000000 2
2015539200 2
2000376000 5
1990656000 1
1984500000 2
1975680000 1
1960000000 1
1959552000 10
1944000000 1
1935360000 1
1928934000 3
1913187600 1
1905120000 6
1890000000 3
1889568000 3
1881600000 2
1881169920 1
1866240000 11
1843200000 1
1837080000 4
1828915200 3
1814400000 6
1806336000 1
1800338400 2
1791590400 2
1786050000 2
1785641760 1
1778112000 2
1764000000 2
1750329000 2
1750000000 1
1749600000 3
1741824000 9
1736040600 1
1728720000 1
1728000000 1
1714608000 5
1701000000 2
1693440000 5
1679616000 2
1666980000 2
1658880000 1
1653372000 3
1646023680 3
1640250000 1
1632960000 14
1612800000 5
1607445000 1
1600300800 3
1592524800 1
1587600000 10
1587237120 2
1575000000 1
1574640000 5
1555848000 2
1555200000 5
1548288000 2
1543500000 1
1543147200 3
1536000000 1
1530900000 2
1524096000 4
1512000000 4
1511654400 2
1505280000 2
1500000000 1
1492992000 6
1488034800 1
1481760000 4
1481421312 1
1474560000 2
1469664000 12
1458000000 5
1451520000 7
1446700500 2
1445068800 2
1440270720 1
1440000000 2
1433600000 1
1428840000 12
1422489600 2
1417500000 2
1417176000 2
1411200000 5
1410877440 4
1404928000 1
1400263200 2
1400000000 1
1399680000 9
1393459200 4
1389150000 2
1388832480 4
1382976000 1
1382400000 6
1377810000 1
1372000000 1
1371686400 6
1361367000 1
1360800000 6
1360488960 2
1354752000 4
1350253800 1
1344560000 1
1344000000 4
1343692800 3
1339231320 1
1333584000 6
1327104000 4
1323000000 2
1322697600 5
1317120000 1
1316818944 1
1312200000 3
1306368000 17
1296243648 1
1296000000 8
1290240000 3
1285956000 4
1280240640 1
1275750000 2
1275458400 1
1270080000 21
1264435200 2
1260000000 4
1259712000 7
1254400000 3
1254113280 5
1250235000 1
1244678400 4
1244160000 14
1240029000 2
1238630400 1
1234800000 3
1234517760 5
1228800000 3
1224720000 25
1219276800 17
1215000000 1
1209600000 9
1209323520 2
1204224000 1
1200225600 4
1200000000 1
1194393600 3
1190700000 3
1190427840 7
1185408000 6
1180980000 4
1179648000 1
1176000000 2
1175731200 18
1170505728 1
1166886000 1
1166400000 14
1161216000 18
1157360400 4
1156055040 1
1152000000 1
1148175000 1
1146880000 2
1143072000 16
1137991680 1
1134213192 1
1134000000 5
1133740800 4
1128960000 7
1128701952 1
1123942400 2
1120210560 5
1120000000 1
1119744000 10
1114767360 1
1111320000 9
1106380800 2
1105920000 5
1102248000 22
1097600000 4
1097349120 3
1093705578 1
1093500000 2
1089093600 2
1088640000 31
1083801600 3
1080450000 1
1080203040 3
1080000000 1
1075648000 1
1075200000 4
1074954240 2
1071630000 7
1066867200 11
1061683200 3
1058400000 7
1058158080 8
1053696000 2
1050197400 1
1049760000 15
1048576000 1
1045094400 13
1041624360 3
1037232000 1
1036800000 12
1032192000 6
1029000000 1
1028764800 15
1024000000 1
1020600000 15
1020366720 1
1016064000 12
1012690350 1
1012500000 1
1011548160 1
1008420000 1
1008000000 12
1007769600 10
1003520000 2
1000188000 7
995742720 1
995328000 10
992250000 1
992023200 3
987840000 12
987614208 1
984150000 2
983040000 3
980184240 1
979776000 33
975421440 2
972405000 1
972000000 12
967680000 30
964467000 5
960400000 1
960180480 6
960000000 1
952560000 26
952342272 2
948326400 2
945177660 2
945000000 1
944784000 8
940800000 8
940584960 6
933508800 2
933120000 21
930021750 1
928972800 8
926100000 2
925888320 8
924844032 1
921984000 1
921600000 5
918540000 13
917504000 1
914457600 20
911250000 1
907200000 32
906992640 5
903168000 13
900169200 5
900000000 2
896000000 7
895795200 15
893025000 7
892820880 1
889056000 11
885735000 2
885104640 1
884736000 6
882165816 1
882000000 4
881798400 19
878080000 4
875164500 2
874800000 14
870912000 49
868020300 3
867041280 2
864360000 4
864162432 1
864000000 11
860160000 4
857304000 29
853493760 4
850500000 6
850305600 2
847072800 1
846720000 38
846526464 2
842956800 2
840350000 1
840157920 1
840000000 1
839808000 25
836075520 7
833490000 6
829785600 2
829440000 22
826686000 13
825753600 2
823200000 4
823011840 7
820125000 1
819200000 2
816480000 44
816293376 2
812851200 15
810152280 1
810000000 4
806736000 3
806400000 23
806215680 7
803722500 1
802816000 2
800150400 18
796262400 12
793800000 14
793618560 9
790272000 11
787320000 6
786432000 1
784000000 2
783820800 37
781218270 1
777924000 4
777600000 38
774466560 2
774144000 18
771750000 1
771573600 19
768320000 4
768144384 2
768000000 1
765450000 9
765275040 4
762048000 35
758661120 3
756000000 18
755827200 16
752640000 13
752467968 4
750141000 3
746807040 6
746496000 25
744017400 4
743178240 6
740880000 22
740710656 1
737280000 9
735138180 1
734832000 52
731566080 12
729137052 1
729000000 12
726062400 1
725760000 62
725594112 1
722534400 6
720300000 1
720135360 4
720000000 4
716800000 6
716636160 9
714420000 27
714256704 1
711244800 13
708588000 7
708083712 1
707788800 4
705600000 27
705438720 21
702464000 3
700131600 6
700000000 3
699840000 32
696729600 36
694416240 2
691488000 8
691200000 24
688905000 7
688747536 2
688128000 8
686000000 3
685843200 43
682795008 1
680400000 42
680244480 4
677658240 2
677376000 31
675126900 7
672280000 1
672000000 9
671846400 27
669615660 2
668860416 3
666792000 24
663828480 3
663552000 21
661500000 3
661348800 28
658560000 12
658409472 5
656100000 4
655360000 1
653184000 83
650280960 4
648270000 2
648121824 2
648000000 19
645388800 1
645120000 34
642978000 30
642252800 1
640120320 11
640000000 1
637875000 2
637729200 1
637009920 2
635040000 54
634894848 5
632217600 18
630118440 2
630000000 7
629856000 35
627200000 7
627056640 19
625117500 3
622339200 11
622080000 51
620014500 3
619315200 14
617400000 16
617258880 21
614656000 3
614400000 3
612615150 1
612360000 61
612220032 1
609638400 48
607500000 1
605052000 1
604800000 41
604661760 3
602112000 12
600112800 25
600000000 3
597445632 2
597196800 18
595350000 17
595213920 7
594542592 1
592704000 27
590490000 7
589824000 9
588110544 1
588000000 9
587865600 65
585252864 5
583443000 9
583200000 28
580849920 3
580608000 66
578680200 12
578027520 4
576240000 3
576108288 5
576000000 16
573440000 8
571536000 82
568995840 11
567106596 2
567000000 20
566870400 14
564480000 42
564350976 5
562605750 1
562500000 1
561971200 3
560105280 6
560000000 6
559872000 63
558013050 2
557383680 17
555660000 21
555532992 3
553190400 7
552960000 27
551250000 2
551124000 34
550502400 6
548800000 8
548674560 35
546750000 2
544546800 2
544320000 112
544195584 1
542126592 1
541900800 25
540101520 8
540000000 5
537824000 1
537600000 21
537477120 18
535815000 11
535692528 1
533433600 44
531441000 5
531062784 1
530841600 14
529200000 39
529079040 31
526848000 7
525098700 6
524880000 42
524288000 1
522547200 84
520812180 5
520224768 1
518616000 18
518400000 58
516678750 1
516311040 1
516096000 26
514500000 3
514382400 64
512096256 3
512000000 5
510300000 31
510183360 5
509607936 1
508032000 104
505774080 4
504094752 1
504000000 29
503884800 40
501760000 9
501645312 3
500094000 25
497871360 7
497664000 49
496125000 1
496011600 20
495452160 4
493920000 25
493807104 2
492075000 4
491520000 8
490092120 2
490000000 3
489888000 112
487710720 30
486202500 5
486000000 9
484041600 4
483840000 75
483729408 8
482233500 9
481689600 6
480090240 20
480000000 5
477757440 2
476280000 71
476171136 6
474163200 25
472500000 3
472392000 32
471859200 3
470596000 1
470400000 23
470292480 36
466754400 20
466560000 90
464486400 44
463050000 7
462944160 16
462422016 1
460992000 5
460800000 21
459270000 34
458752000 3
457228800 108
455196672 4
453789000 3
453600000 79
453496320 12
451772160 1
451584000 63
450084600 11
450000000 5
448084224 5
448000000 6
447897600 57
446512500 2
446410440 6
445906944 2
444713220 1
444528000 61
442867500 1
442552320 6
442368000 27
441000000 18
440899200 71
439040000 10
438939648 14
437582250 1
437400000 23
435637440 2
435456000 142
433520640 11
432180000 4
432081216 2
432000000 30
430080000 29
429981696 1
428652000 72
426746880 27
425250000 14
425152800 9
424673280 1
423360000 115
423263232 9
421478400 6
420078960 5
420000000 6
419904000 85
418037760 30
416745000 6
416649744 5
414892800 20
414720000 72
413343000 15
413048832 1
412876800 19
411600000 15
411505920 57
410062500 1
409600000 6
408410100 2
408240000 124
408146688 4
406425600 73
405076140 8
405000000 3
404619264 1
403368000 3
403200000 65
403107840 20
401861250 2
401408000 4
400075200 65
400000000 1
398131200 43
396900000 42
396809280 28
395136000 49
393824025 1
393750000 1
393660000 26
393216000 5
392073696 1
392000000 10
391910400 158
390168576 7
388962000 14
388800000 84
387233280 3
387072000 88
385875000 2
385786800 41
385351680 2
384160000 5
384072192 12
384000000 12
382725000 7
382637520 2
382205952 1
381182760 1
381024000 187
379330560 25
378157500 2
378000000 40
377913600 42
377487360 1
376476800 2
376320000 41
376233984 7
375070500 16
373403520 21
373248000 97
372008700 5
371589120 29
370440000 46
370355328 14
369056250 1
368793600 10
368640000 33
367500000 4
367416000 106
367001600 1
365783040 71
364500000 15
363031200 7
362880000 191
362797056 4
361675125 1
361267200 32
360150000 2
360067680 31
360000000 7
358400000 9
358318080 34
357210000 50
357128352 1
355622400 82
354375000 3
354294000 16
354041856 2
353894400 17
352800000 49
352719360 60
351232000 11
350065800 10
350000000 2
349920000 105
348364800 155
347287500 3
347208120 5
346816512 2
345744000 17
345600000 92
344452500 4
344064000 19
343000000 4
342921600 139
341397504 11
340341750 2
340200000 86
340122240 13
338829120 3
338688000 117
337563450 3
337500000 1
337182720 6
336140000 3
336063168 3
336000000 23
335923200 107
334807830 1
334430208 5
333396000 76
331914240 21
331776000 88
330750000 15
330674400 49
330301440 4
329280000 27
329204736 18
328050000 10
327680000 3
326728080 3
326592000 280
325140480 48
324135000 6
324060912 6
324000000 33
322694400 6
322560000 101
322486272 7
321489000 38
321126400 5
320060160 54
320000000 6
318937500 2
318864600 9
318504960 21
317520000 151
317447424 8
316108800 46
315059220 9
315000000 11
314928000 91
314703872 1
314572800 3
313600000 26
313528320 82
312558750 1
311169600 41
311040000 158
310007250 3
309786624 1
309657600 63
308700000 17
308629440 61
307328000 7
307200000 13
306180000 85
306110016 2
304946208 2
304819200 195
303807105 1
303750000 2
303464448 1
302526000 4
302400000 164
302330880 35
301056000 50
300056400 46
300000000 5
298722816 1
298598400 90
297675000 12
297606960 19
297271296 7
296352000 112
295245000 14
295034880 8
294912000 33
294000000 14
293932800 169
293601280 1
292626432 16
291721500 10
291600000 56
290424960 8
290304000 219
289340100 23
289013760 12
288120000 8
288054144 11
288000000 38
287043750 4
286978140 1
286720000 10
286654464 7
285768000 170
284497920 57
283553298 2
283500000 26
283435200 34
283115520 5
282240000 122
282175488 11
281302875 1
280985600 1
280052640 31
280000000 7
279936000 170
278691840 59
277830000 44
277766496 7
276595200 33
276480000 116
275625000 3
275562000 75
275251200 14
274400000 21
274337280 135
273375000 4
272273400 8
272160000 250
272097792 3
270950400 103
270112500 2
270050760 14
270000000 15
269746176 1
268912000 1
268800000 68
268738560 41
267907500 12
267846264 1
266716800 91
265720500 4
265531392 6
265420800 53
264710250 2
264600000 95
264539520 77
263424000 45
262549350 8
262500000 1
262440000 75
262144000 2
261382464 3
261273600 290
260406090 3
260112384 8
259308000 35
259200000 100
258155520 2
258048000 107
257250000 4
257191200 129
256901120 3
256048128 17
256000000 6
255150000 41
255091680 9
254803968 3
254121840 3
254016000 239
252887040 26
252105000 2
252047376 2
252000000 63
251942400 119
250880000 21
250822656 15
250047000 42
250000000 1
248935680 29
248832000 181
248062500 2
248005800 24
247726080 17
246960000 69
246903552 24
246037500 1
245862400 9
245760000 18
245046060 4
245000000 3
244944000 282
243855360 100
243101250 2
243045684 3
243000000 38
242020800 11
241920000 275
241864704 7
241116750 9
240844800 23
240100000 4
240045120 59
240000000 7
239148450 3
238878720 37
238140000 132
238085568 8
237081600 103
236250000 3
236196000 43
235929600 13
235200000 54
235146240 129
233377200 41
233280000 222
232339968 5
232243200 200
231525000 9
231472080 36
230496000 14
230400000 72
229635000 43
229376000 2
228614400 272
227598336 13
226894500 4
226800000 176
226748160 37
226492416 1
225886080 2
225792000 163
225042300 23
225000000 3
224788480 1
224042112 6
224000000 28
223948800 156
223256250 2
223205220 14
222953472 5
222356610 1
222264000 146
221276160 15
221184000 81
220500000 24
220449600 149
220200960 2
219520000 19
219469824 31
218700000 31
217818720 10
217728000 453
217005075 1
216760320 47
216090000 13
216040608 9
216000000 74
215129600 2
215040000 64
214990848 17
214326000 116
213373440 83
212625000 3
212576400 16
212336640 15
211768200 1
211680000 207
211631616 27
210739200 24
210039480 15
210000000 15
209952000 191
209715200 1
209018880 132
208372500 3
208324872 2
207446400 53
207360000 202
206671500 20
206524416 1
206438400 70
205800000 35
205752960 129
204800000 8
204205050 3
204120000 232
204073344 8
203297472 1
203212800 311
202538070 4
202500000 8
202309632 3
201684000 5
201600000 163
201553920 71
201326592 1
200930625 1
200704000 24
200037600 121
200000000 4
199148544 11
199065600 123
198450000 63
198404640 44
198180864 3
197568000 97
196830000 36
196689920 2
196608000 15
196036848 3
196000000 14
195955200 382
195084288 26
194481000 27
194400000 147
193616640 7
193536000 293
192937500 2
192893400 58
192675840 9
192080000 8
192036096 39
192000000 39
191362500 4
191318760 5
191102976 6
190591380 1
190512000 359
189665280 60
189078750 2
189035532 2
189000000 45
188956800 109
188743680 2
188238400 1
188160000 94
188116992 42
187535250 4
186701760 41
186624000 292
186004350 1
185794560 70
185220000 68
185177664 29
184396800 22
184320000 95
183784545 1
183750000 4
183708000 204
183500800 5
182891520 232
182284263 1
182250000 13
181515600 16
181440000 416
181398528 8
180633600 119
180075000 2
180033840 45
180000000 21
179830784 1
179200000 32
179159040 86
178605000 58
178564176 3
177811200 172
177147000 21
177020928 5
176947200 44
176400000 92
176359680 128
176160768 1
175616000 24
175032900 12
175000000 2
174960000 224
174254976 4
174182400 432
173643750 3
173604060 13
173408256 7
172872000 40
172800000 137
172226250 3
172103680 3
172032000 63
171500000 4
171460800 262
170698752 26
170170875 1
170100000 124
170061120 27
169869312 4
169414560 3
169344000 357
168781725 2
168750000 1
168591360 14
168070000 3
168031584 13
168000000 48
167961600 276
167215104 26
166698000 105
165957120 40
165888000 250
165375000 7
165337200 73
165150720 13
164708600 1
164640000 52
164602368 56
164025000 9
163840000 11
163364040 7
163296000 547
162570240 156
162067500 10
162030456 11
162000000 83
161347200 8
161280000 250
161243136 22
160744500 35
160563200 21
160030080 129
160000000 11
159468750 2
159432300 3
159252480 52
158826150 1
158760000 232
158723712 33
158054400 122
157529610 2
157500000 15
157464000 117
157286400 9
156800000 35
156764160 245
155584800 51
155520000 350
154893312 3
154828800 221
154350000 31
154314720 104
154140672 1
153664000 15
153600000 39
153090000 146
153055008 5
152473104 3
152409600 474
151875000 5
151732224 9
151263000 3
151200000 251
151165440 84
150590720 1
150528000 112
150062500 1
150028200 68
150000000 3
149361408 18
149299200 249
148837500 13
148803480 20
148635648 13
148176000 209
147622500 9
147517440 10
147456000 72
147027636 1
147000000 24
146966400 413
146800640 3
146313216 34
145860750 5
145800000 109
145212480 11
145152000 607
144670050 7
144506880 46
144060000 16
144027072 44
144000000 84
143489070 1
143360000 31
143327232 12
142943535 1
142884000 258
142248960 119
141750000 36
141717600 50
141557760 18
141178800 4
141120000 233
141087744 51
140492800 17
140026320 29
140000000 8
139968000 352
139345920 188
138915000 46
138883248 22
138355224 1
138297600 65
138240000 240
137812500 1
137781000 62
137625600 45
137200000 16
137168640 261
136687500 6
136136700 10
136080000 453
136048896 15
135531648 1
135475200 308
135025380 25
135000000 14
134873088 3
134456000 8
134400000 116
134369280 143
133953750 5
133923132 2
133358400 213
132860250 2
132765696 14
132710400 144
132300000 76
132269760 150
132120576 2
131712000 84
131274675 2
131250000 1
131220000 108
131072000 5
130691232 13
130636800 651
130056192 31
129654000 41
129600000 228
129077760 9
129024000 237
128625000 5
128595600 158
128450560 6
128024064 44
128000000 14
127575000 47
127545840 18
127401984 12
127060920 1
127008000 567
126443520 74
126052500 1
126023688 9
126000000 72
125971200 225
125829120 2
125440000 60
125411328 67
125023500 41
124467840 63
124416000 414
124002900 30
123863040 73
123531450 1
123480000 91
123451776 63
122931200 14
122880000 53
122523030 3
122500000 4
122472000 477
121927680 303
121522842 2
121500000 39
121010400 20
120960000 535
120932352 26
120558375 2
120422400 63
120022560 134
120000000 19
119439360 102
119070000 162
119042784 17
118540800 263
118125000 3
118098000 62
118013952 1
117964800 41
117649000 2
117600000 104
117573120 342
116688600 39
116640000 397
116169984 8
116121600 494
115762500 7
115736040 51
115605504 10
115248000 47
115200000 145
114817500 28
114791256 1
114688000 24
114307200 569
113799168 25
113447250 2
113400000 220
113374080 62
113246208 1
112943040 3
112896000 354
112521150 11
112394240 8
112021056 26
112000000 34
111974400 383
111602610 6
111476736 40
111132000 201
110638080 36
110592000 222
110270727 1
110250000 28
110224800 270
110100480 5
109760000 44
109734912 92
109350000 49
108909360 17
108864000 878
108380160 154
108045000 10
108020304 23
108000000 107
107564800 10
107520000 180
107495424 35
107187500 1
107163000 124
106686720 211
106312500 3
106288200 15
106168320 54
105884100 1
105840000 363
105815808 69
105369600 81
105019740 23
105000000 11
104976000 330
104857600 3
104509440 376
104186250 5
104162436 3
103723200 94
103680000 443
103335750 10
103262208 2
103219200 165
102900000 26
102876480 200
102760448 1
102400000 23
102102525 1
102060000 329
102036672 13
101648736 1
101606400 595
101250000 8
101154816 14
100842000 8
100800000 252
100776960 170
100442349 1
100352000 55
100018800 167
100000000 6
99574272 25
99532800 333
99225000 36
99202320 61
99090432 10
98825160 1
98784000 210
98415000 23
98344960 5
98304000 44
98018424 6
98000000 22
97977600 738
97542144 67
97240500 22
97200000 224
96808320 15
96768000 636
96468750 1
96446700 52
96337920 22
96040000 22
96018048 77
96000000 57
95681250 3
95659380 6
95551488 24
95295690 2
95256000 544
94832640 158
94539375 1
94517766 2
94500000 78
94478400 160
94371840 6
94080000 217
94058496 98
93767625 2
93350880 77
93312000 606
93002175 2
92897280 211
92610000 90
92588832 42
92198400 47
92160000 212
91875000 1
91854000 229
91750400 11
91445760 435
91125000 13
90757800 12
90720000 694
90699264 41
90354432 2
90316800 265
90037500 2
90016920 51
90000000 35
89915392 1
89600000 52
89579520 210
89302500 38
89282088 8
88905600 367
88573500 9
88510464 8
88473600 160
88236750 1
88200000 145
88179840 277
88080384 5
87808000 58
87516450 8
87500000 1
87480000 270
87127488 10
87091200 923
86802030 8
86704128 27
86436000 62
86400000 303
86113125 2
86051840 6
86016000 155
85750000 9
85730400 352
85349376 76
85050000 121
85030560 38
84934656 12
84707280 2
84672000 723
84375000 2
84295680 42
84035000 3
84015792 15
84000000 69
83980800 451
83607552 87
83349000 122
82978560 79
82944000 517
82687500 4
82668600 78
82575360 53
82320000 98
82301184 88
82012500 5
81920000 16
81682020 14
81648000 883
81285120 349
81033750 5
81015228 8
81000000 72
80673600 13
80640000 512
80621568 56
80372250 20
80281600 43
80015040 240
80000000 7
79734375 1
79716150 2
79626240 151
79380000 337
79361856 35
79060128 1
79027200 239
78764805 1
78750000 11
78732000 165
78675968 2
78643200 15
78400000 58
78382080 493
77792400 96
77760000 561
77446656 8
77414400 448
77175000 18
77157360 114
77070336 7
76832000 22
76800000 99
76545000 104
76527504 2
76236552 1
76204800 801
75866112 34
75631500 7
75600000 318
75582720 180
75497472 1
75295360 1
75264000 221
75014100 77
75000000 6
74680704 23
74649600 510
74418750 6
74401740 14
74317824 49
74118870 1
74088000 306
73811250 3
73758720 28
73728000 177
73513818 3
73500000 22
73483200 579
73400320 5
73156608 145
72930375 2
72900000 117
72606240 19
72576000 1269
72335025 6
72253440 118
72030000 26
72013536 61
72000000 103
71680000 85
71663616 53
71442000 329
71124480 279
70875000 21
70858800 76
70778880 49
70589400 2
70560000 420
70543872 104
70246400 36
70013160 39
70000000 13
69984000 603
69672960 468
69457500 33
69441624 9
69148800 131
69120000 500
68890500 62
68841472 1
68812800 101
68600000 27
68584320 494
68068350 7
68040000 628
68024448 22
67765824 2
67737600 654
67512690 9
67500000 17
67436544 11
67228000 8
67200000 204
67184640 295
67108864 1
66976875 2
66961566 2
66679200 345
66430125 2
66382848 27
66355200 377
66150000 87
66134880 178
66060288 13
65856000 165
65625000 1
65610000 98
65536000 8
65345616 6
65318400 1178
65028096 71
64827000 50
64800000 335
64538880 17
64512000 509
64312500 1
64297800 184
64225280 11
64012032 98
64000000 37
63787500 25
63772920 10
63700992 30
63530460 3
63504000 845
63221760 134
63026250 1
63011844 7
63000000 110
62985600 327
62914560 6
62720000 94
62705664 134
62511750 21
62233920 121
62208000 880
62001450 12
61931520 208
61740000 138
61725888 92
61465600 29
61440000 127
61250000 1
61236000 556
60963840 588
60750000 35
60505200 20
60480000 883
60466176 47
60211200 161
60025000 1
60011280 137
60000000 31
59719680 257
59535000 162
59521392 24
59270400 434
59062500 3
59049000 60
59006976 3
58982400 105
58824500 1
58800000 118
58786560 573
58720256 1
58344300 41
58320000 534
58084992 8
58060800 1041
57881250 3
57868020 31
57802752 21
57624000 58
57600000 237
57408750 9
57344000 56
57177414 1
57153600 754
56899584 86
56700000 265
56687040 92
56623104 3
56471520 1
56448000 677
56260575 3
56250000 1
56197120 15
56010528 33
56000000 48
55987200 698
55801305 1
55738368 88
55566000 243
55319040 84
55296000 492
55125000 14
55112400 298
55050240 31
54880000 64
54867456 173
54675000 33
54454680 21
54432000 1395
54190080 285
54022500 8
54010152 24
54000000 148
53782400 9
53760000 348
53747712 78
53581500 93
53343360 363
53156250 1
53144100 9
53084160 136
52920000 514
52907904 108
52684800 176
52509870 13
52500000 12
52488000 448
52428800 1
52254720 798
52081218 5
51861600 131
51840000 753
51667875 1
51631104 2
51609600 362
51450000 27
51438240 301
51380224 2
51200000 40
51030000 340
51018336 12
50824368 3
50803200 1131
50625000 6
50577408 24
50421000 5
50400000 389
50388480 328
50176000 101
50009400 163
50000000 6
49787136 44
49766400 720
49612500 30
49601160 73
49545216 29
49392000 333
49207500 16
49172480 10
49152000 96
49009212 7
49000000 24
48988800 1113
48771072 191
48620250 16
48600000 259
48404160 32
48384000 1241
48223350 21
48168960 60
48020000 27
48009024 100
48000000 78
47829690 1
47775744 59
47647845 1
47628000 728
47416320 258
47258883 2
47250000 56
47239200 181
47185920 28
47059600 1
47040000 300
47029248 194
46675440 94
46656000 1015
46448640 483
46305000 81
46294416 58
46099200 76
46080000 400
45937500 1
45927000 190
45875200 22
45722880 765
45562500 5
45378900 14
45360000 1012
45349632 55
45177216 2
45158400 578
45018750 1
45008460 41
45000000 25
44957696 2
44800000 97
44789760 425
44651250 14
44641044 3
44452800 511
44286750 2
44255232 23
44236800 320
44100000 156
44089920 417
44040192 6
43904000 80
43750000 1
43740000 296
43563744 14
43545600 1627
43401015 2
43352064 59
43218000 65
43200000 412
43046721 1
43025920 2
43008000 317
42875000 7
42865200 443
42674688 131
42525000 77
42515280 44
42467328 25
42353640 5
42336000 1055
42187500 1
42147840 77
42017500 3
42007896 23
42000000 89
41990400 688
41943040 3
41803776 182
41674500 87
41489280 125
41472000 946
41343750 2
41334300 53
41287680 128
41160000 138
41150592 180
41006250 4
40960000 51
40841010 8
40824000 1158
40642560 692
40507614 6
40500000 99
40336800 19
40320000 813
40310784 87
40186125 3
40140800 55
40007520 294
40000000 14
39858075 1
39813120 324
39690000 309
39680928 56
39513600 392
39375000 5
39366000 193
39337984 5
39321600 56
39200000 110
39191040 964
38896200 100
38880000 821
38723328 16
38707200 972
38587500 15
38578680 141
38535168 12
38416000 43
38400000 164
38272500 73
38263752 3
38118276 1
38102400 1194
37933056 76
37815750 3
37800000 422
37791360 248
37748736 2
37647680 5
37632000 447
37507050 34
37500000 1
37340352 53
37324800 1040
37200870 9
37158912 94
37044000 352
36879360 57
36864000 345
36750000 23
36741600 648
36700160 11
36578304 244
36450000 104
36303120 30
36288000 1857
36126720 240
36015000 18
36006768 50
36000000 121
35840000 140
35831808 106
35721000 276
35562240 479
35437500 14
35429400 54
35389440 104
35294700 2
35280000 573
35271936 169
35123200 66
35006580 34
35000000 18
34992000 841
34836480 919
34728750 10
34720812 11
34574400 136
34560000 792
34445250 22
34420736 2
34406400 194
34300000 27
34292160 658
34034175 3
34020000 674
34012224 30
33882912 4
33868800 1197
33756345 10
33750000 14
33718272 10
33614000 9
33600000 303
33592320 508
33480783 1
33339600 377
33191424 57
33177600 705
33075000 76
33067440 191
33030144 24
32928000 238
32805000 83
32768000 30
32672808 16
32659200 1833
32514048 168
32413500 35
32400000 407
32269440 24
32256000 955
32148900 132
32112640 24
32006016 147
32000000 36
31893750 10
31886460 11
31850496 67
31765230 1
31752000 1042
31610880 244
31505922 7
31500000 89
31492800 425
31457280 11
31360000 163
31352832 286
31255875 5
31116960 149
31104000 1406
30965760 377
30870000 132
30862944 134
30732800 27
30720000 204
30625000 4
30618000 555
30481920 1053
30375000 24
30252600 24
30240000 1268
30233088 74
30118144 1
30105600 327
30012500 2
30005640 165
30000000 31
29859840 519
29767500 83
29760696 14
29635200 647
29531250 1
29524500 22
29503488 9
29491200 235
29400000 125
29393280 822
29360128 2
29172150 23
29160000 577
29042496 13
29030400 1816
28940625 1
28934010 17
28901376 41
28812000 60
28800000 451
28704375 1
28672000 122
28576800 991
28449792 150
28350000 223
28343520 122
28311552 15
28224000 1037
28125000 2
28098560 34
28005264 42
28000000 50
27993600 1110
27869184 191
27783000 186
27659520 142
27648000 917
27562500 4
27556200 240
27525120 70
27440000 59
27433728 316
27337500 16
27227340 15
27216000 1799
27095040 639
27011250 5
27005076 21
27000000 138
26891200 9
26880000 556
26873856 153
26790750 29
26671680 450
26572050 5
26542080 300
26460000 528
26453952 139
26342400 249
26254935 2
26250000 13
26244000 524
26214400 21
26127360 1268
25930800 126
25920000 1113
25815552 5
25804800 665
25725000 16
25719120 309
25690112 4
25600000 55
25515000 227
25509168 14
25412184 4
25401600 1666
25312500 1
25288704 53
25210500 6
25200000 473
25194240 465
25088000 160
25004700 110
25000000 2
24893568 58
24883200 1233
24806250 6
24800580 40
24772608 62
24696000 412
24603750 5
24586240 19
24576000 196
24504606 6
24500000 23
24494400 1353
24385536 296
24310125 1
24300000 257
24202080 26
24192000 1918
24111675 4
24084480 142
24010000 13
24004512 123
24000000 94
23887872 119
23814000 677
23708160 445
23625000 39
23619600 187
23592960 61
23529800 2
23520000 442
23514624 307
23337720 83
23328000 1335
23224320 903
23152500 46
23147208 43
23049600 116
23040000 607
22968750 1
22963500 120
22937600 59
22861440 1060
22781250 1
22689450 8
22680000 1053
22674816 66
22588608 1
22579200 918
22504230 24
22500000 37
22478848 4
22400000 138
22394880 719
22325625 2
22320522 6
22226400 595
22143375 2
22127616 40
22118400 579
22050000 151
22044960 475
22020096 3
21952000 118
21870000 253
21781872 15
21772800 2537
21676032 163
21609000 52
21600000 494
21512960 12
21504000 508
21437500 2
21432600 374
21337344 218
21262500 41
21257640 35
21233664 48
21176820 1
21168000 1344
21073920 133
21008750 2
21003948 19
21000000 96
20995200 849
20971520 1
20901888 381
20837250 31
20744640 173
20736000 1539
20671875 1
20667150 41
20643840 255
20580000 122
20575296 207
20480000 89
20420505 2
20412000 1178
20321280 1163
20253807 1
20250000 62
20168400 17
20160000 1132
20155392 181
20070400 104
20003760 293
20000000 9
19906560 557
19845000 218
19840464 56
19756800 551
19687500 4
19683000 124
19668992 1
19660800 100
19600000 102
19595520 1329
19448100 65
19440000 968
19361664 13
19353600 1661
19293750 5
19289340 83
19267584 26
19208000 47
19200000 233
19136250 27
19131876 1
19059138 2
19051200 1519
18966528 111
18900000 375
18895680 296
18874368 7
18823840 1
18816000 615
18753525 8
18750000 2
18670176 50
18662400 1525
18600435 1
18579456 176
18522000 323
18439680 64
18432000 618
18375000 14
18370800 634
18350080 18
18289152 425
18225000 75
18151560 22
18144000 2303
18063360 417
18007500 10
18003384 47
18000000 160
17920000 232
17915904 193
17860500 185
17781120 617
17714700 32
17694720 198
17647350 2
17640000 579
17635968 265
17561600 117
17503290 21
17500000 17
17496000 862
17418240 1538
17364375 2
17360406 9
17287200 147
17280000 1063
17222625 4
17210368 3
17203200 337
17150000 21
17146080 698
17010000 551
17006112 37
16941456 2
16934400 1686
16875000 8
16859136 27
16807000 1
16800000 336
16796160 710
16777216 1
16669800 313
16595712 67
16588800 1222
16537500 41
16533720 186
16515072 49
16464000 286
16402500 45
16384000 61
16336404 9
16329600 2226
16257024 304
16206750 22
16200000 403
16134720 31
16128000 1488
16074450 63
16056320 44
16003008 198
16000000 56
15946875 2
15943230 10
15925248 102
15882615 1
15876000 1095
15805440 373
15752961 4
15750000 70
15746400 414
15728640 29
15680000 190
15676416 429
15558480 143
15552000 1792
15482880 754
15435000 95
15431472 118
15366400 59
15360000 344
15309000 362
15240960 1349
15187500 8
15126300 17
15120000 1382
15116544 134
15052800 503
15002820 72
15000000 27
14929920 921
14883750 29
14880348 18
14817600 667
14762250 10
14751744 26
14745600 387
14700000 123
14696640 992
14680064 3
14586075 5
14580000 529
14521248 23
14515200 2720
14467005 4
14450688 100
14406000 58
14400000 487
14336000 216
14288400 774
14224896 230
14175000 139
14171760 113
14155776 32
14117880 5
14112000 1264
14062500 1
14049280 34
14002632 50
14000000 57
13996800 1465
13934592 391
13891500 113
13829760 157
13824000 1338
13781250 2
13778100 133
13762560 118
13720000 66
13716864 381
13668750 6
13613670 9
13608000 2005
13547520 1019
13505625 1
13502538 11
13500000 94
13445600 7
13440000 713
13436928 251
13395375 5
13335840 561
13286025 2
13271040 556
13230000 390
13226976 157
13171200 379
13125000 12
13122000 354
13107200 26
13063680 1869
12965400 87
12960000 1337
12907776 9
12902400 1202
12862500 14
12859560 285
12845056 3
12800000 82
12757500 119
12754584 12
12706092 3
12700800 1911
12644352 92
12605250 1
12600000 436
12597120 541
12582912 1
12544000 226
12502350 66
12500000 3
12446784 70
12441600 1904
12403125 1
12400290 19
12386304 154
12348000 420
12293120 36
12288000 318
12252303 1
12250000 10
12247200 1304
12192768 474
12150000 180
12101040 29
12096000 2451
12042240 236
12005000 8
12002256 100
12000000 124
11943936 207
11907000 482
11854080 670
11812500 13
11809800 113
11796480 161
11764900 1
11760000 421
11757312 433
11668860 52
11664000 1511
11612160 1512
11576250 19
11573604 32
11524800 122
11520000 853
11481750 49
11468800 115
11430720 1194
11340000 962
11337408 89
11294304 3
11289600 1232
11252115 10
11250000 12
11239424 5
11200000 171
11197440 1109
11160261 2
11113200 539
11063808 55
11059200 1007
11025000 83
11022480 420
11010048 27
10976000 145
10935000 139
10890936 16
10886400 3086
10838016 257
10804500 35
10800000 548
10756480 9
10752000 771
10718750 1
10716300 219
10668672 263
10631250 19
10628820 15
10616832 89
10588410 2
10584000 1476
10536960 186
10501974 11
10500000 78
10497600 925
10485760 5
10450944 537
10418625 4
10372320 169
10368000 2003
10333575 2
10321920 517
10290000 99
10287648 243
10240000 103
10206000 970
10160640 1556
10125000 51
10084200 15
10080000 1212
10077696 220
10035200 173
10001880 262
10000000 14
9953280 959
9922500 126
9920232 35
9878400 645
9841500 52
9834496 6
9830400 155
9800000 76
9797760 1611
9724050 34
9720000 938
9680832 13
9676800 2342
9646875 1
9644670 40
9633792 46
9604000 35
9600000 291
9568125 3
9565938 1
9525600 1478
9483264 188
9450000 268
9447840 282
9437184 22
9408000 725
9335088 64
9331200 2051
9289728 308
9261000 242
9219840 90
9216000 932
9187500 6
9185400 430
9175040 42
9144576 600
9112500 32
9075780 16
9072000 2677
9031680 678
9003750 4
9001692 37
9000000 119
8960000 257
8957952 284
8930250 67
8890560 685
8857350 14
8847360 387
8820000 542
8817984 302
8780800 125
8751645 7
8750000 7
8748000 790
8709120 2263
8680203 3
8643600 134
8640000 1307
8605184 6
8601600 542
8575000 10
8573040 638
8505000 357
8503056 31
8470728 2
8467200 1972
8437500 3
8429568 33
8403500 2
8400000 322
8398080 907
8334900 164
8297856 95
8294400 1800
8268750 7
8266860 106
8257536 87
8232000 278
8201250 14
8192000 106
8168202 3
8164800 2329
8128512 480
8103375 1
8100000 305
8067360 23
8064000 1982
8037225 6
8028160 66
8001504 225
8000000 51
7971615 1
7962624 219
7938000 921
7902720 472
7875000 49
7873200 389
7864320 45
7840000 204
7838208 649
7779240 114
7776000 2095
7741440 1218
7717500 50
7715736 87
7683200 53
7680000 452
7654500 215
7620480 1667
7593750 5
7563150 4
7560000 1314
7558272 152
7529536 1
7526400 683
7501410 55
7500000 25
7464960 1384
7441875 3
7440174 3
7408800 675
7381125 2
7375872 34
7372800 640
7350000 83
7348320 847
7340032 6
7290000 388
7260624 17
7257600 3501
7225344 161
7203000 43
7200000 503
7168000 272
7144200 592
7112448 279
7087500 75
7085880 81
7077888 60
7058940 1
7056000 1276
7024640 54
7001316 23
7000000 42
6998400 1584
6967296 560
6945750 38
6914880 159
6912000 1744
6890625 1
6889050 52
6881280 229
6860000 70
6858432 447
6834375 1
6804000 1791
6773760 1332
6751269 2
6750000 68
6722800 13
6720000 793
6718464 316
6667920 455
6635520 841
6615000 247
6613488 139
6585600 404
6562500 1
6561000 225
6553600 43
6531840 2245
6482700 52
6480000 1251
6453888 14
6451200 1663
6431250 1
6429780 135
6422528 7
6400000 100
6378750 34
6377292 7
6350400 2025
6322176 139
6300000 356
6298560 579
6291456 5
6272000 274
6251175 9
6250000 1
6223392 90
6220800 2431
6200145 8
6193152 228
6174000 289
6146560 41
6144000 457
6125000 11
6123600 1112
6096384 604
6075000 120
6050520 20
6048000 2762
6021120 329
6002500 7
6001128 89
6000000 97
5971968 343
5953500 251
5927040 686
5906250 5
5904900 69
5898240 252
5882450 2
5880000 448
5878656 450
5834430 34
5832000 1425
5806080 2273
5788125 3
5786802 11
5762400 97
5760000 1086
5740875 11
5734400 153
5715360 1134
5670000 666
5668704 83
5647152 1
5644800 1561
5625000 11
5619712 10
5600000 172
5598720 1339
5556600 380
5531904 75
5529600 1451
5512500 42
5511240 311
5505024 43
5488000 137
5467500 78
5445468 9
5443200 3291
5419008 376
5402250 12
5400000 461
5378240 7
5376000 1023
5358150 93
5334336 276
5315625 7
5314410 10
5308416 172
5294205 1
5292000 1185
5268480 247
5250987 3
5250000 53
5248800 790
5242880 7
5225472 811
5186160 160
5184000 2388
5160960 763
5145000 59
5143824 194
5120000 155
5103000 564
5080320 1881
5062500 14
5042100 11
5040000 1277
5038848 251
5017600 235
5000940 158
5000000 16
4976640 1409
4961250 54
4960116 28
4939200 606
4920750 20
4917248 10
4915200 268
4900000 67
4898880 1671
4862025 6
4860000 720
4840416 16
4838400 3083
4822335 9
4816896 59
4802000 25
4800000 307
4782969 1
4762800 1104
4741632 246
4725000 161
4723920 206
4718592 30
4705960 1
4704000 826
4667544 44
4665600 2293
4644864 546
4630500 127
4609920 96
4608000 1270
4593750 1
4592700 245
4587520 58
4572288 590
4556250 7
4537890 5
4536000 2413
4515840 962
4501875 1
4500846 17
4500000 79
4480000 283
4478976 445
4465125 20
4445280 614
4428675 2
4423680 626
4410000 353
4408992 214
4390400 147
4375000 5
4374000 617
4354560 2740
4321800 105
4320000 1365
4302592 5
4300800 776
4287500 6
4286520 429
4252500 173
4251528 20
4233600 2117
4214784 67
4200000 305
4199040 971
4194304 2
4167450 56
4148928 105
4147200 2418
4134375 3
4133430 37
4128768 153
4116000 218
4100625 3
4096000 135
4084101 2
4082400 1950
4064256 622
4050000 214
4033680 14
4032000 2179
4014080 93
4000752 167
4000000 52
3981312 350
3969000 525
3951360 601
3937500 13
3936600 238
3932160 97
3920000 178
3919104 705
3889620 68
3888000 2100
3870720 1730
3858750 19
3857868 56
3841600 52
3840000 552
3827250 59
3810240 1674
3781575 1
3780000 1024
3779136 134
3764768 1
3763200 771
3750705 17
3750000 7
3732480 1758
3704400 517
3687936 38
3686400 902
3675000 53
3674160 672
3670016 8
3645000 229
3630312 8
3628800 3770
3612672 229
3601500 20
3600000 456
3584000 333
3572100 323
3556224 343
3543750 22
3542940 35
3538944 83
3528000 1156
3512320 94
3500658 13
3500000 30
3499200 1400
3483648 806
3472875 6
3457440 159
3456000 2100
3444525 7
3440640 307
3430000 43
3429216 399
3402000 1235
3386880 1640
3375000 34
3361400 3
3360000 808
3359232 371
3333960 321
3317760 1234
3307500 120
3306744 72
3292800 383
3280500 101
3276800 69
3265920 2302
3241350 17
3240000 1069
3226944 7
3225600 2038
3215625 2
3214890 76
3211264 17
3200000 124
3176523 4
3175200 1712
3161088 164
3150000 246
3149280 453
3145728 13
3136000 289
3111696 64
3110400 2787
3096576 363
3087000 210
3073280 47
3072000 613
3062500 5
3061800 652
3048192 744
3037500 51
3025260 23
3024000 2704
3010560 437
3001250 1
3000564 49
3000000 90
2985984 465
2976750 90
2963520 643
2952450 33
2949120 363
2940000 330
2939328 483
2917215 10
2916000 1125
2903040 2650
2893401 3
2881200 66
2880000 1050
2867200 235
2857680 872
2835000 365
2834352 50
2823576 1
2822400 1700
2812500 5
2809856 19
2800000 124
2799360 1490
2778300 197
2765952 66
2764800 1887
2756250 12
2755620 163
2752512 67
2744000 123
2733750 22
2722734 3
2721600 2993
2709504 465
2701125 2
2700000 364
2689120 8
2688000 1135
2679075 9
2667168 255
2657205 2
2654208 295
2646000 808
2634240 327
2625000 35
2624400 515
2621440 20
2612736 948
2593080 98
2592000 2470
2580480 1037
2572500 30
2571912 136
2560000 178
2551500 298
2540160 1825
2531250 2
2521050 2
2520000 1002
2519424 278
2508800 276
2500470 50
2500000 9
2488320 1855
2480625 6
2480058 12
2469600 515
2460375 3
2458624 7
2457600 384
2450000 37
2449440 1311
2430000 469
2420208 7
2419200 3479
2408448 97
2401000 15
2400000 292
2381400 736
2370816 300
2362500 59
2361960 134
2359296 46
2352980 1
2352000 778
2333772 33
2332800 2258
2322432 694
2315250 41
2304960 102
2304000 1507
2296350 94
2293760 71
2286144 621
2268945 4
2268000 1850
2257920 1074
2250423 5
2250000 52
2240000 294
2239488 490
2222640 491
2211840 910
2205000 206
2204496 188
2195200 132
2187500 1
2187000 309
2177280 2842
2160900 57
2160000 1152
2151296 1
2150400 952
2143750 1
2143260 229
2126250 43
2125764 10
2117682 1
2116800 1861
2107392 88
2100875 1
2100000 208
2099520 844
2097152 2
2083725 14
2074464 82
2073600 2752
2066715 7
2064384 210
2058000 193
2048000 153
2041200 1400
2032128 721
2025000 105
2016840 14
2016000 2102
2007040 103
2000376 118
2000000 47
1990656 444
1984500 266
1975680 542
1968750 4
1968300 111
1966080 136
1960000 151
1959552 734
1944810 22
1944000 1714
1935360 2087
1929375 4
1928934 14
1920800 39
1920000 562
1913625 5
1905120 1350
1890000 669
1889568 127
1882384 1
1881600 909
1875000 6
1866240 1836
1852200 315
1843968 34
1843200 1166
1837500 23
1837080 422
1835008 12
1822500 92
1815156 6
1814400 3492
1806336 287
1800750 7
1800000 331
1792000 378
1786050 121
1778112 273
1771875 4
1771470 13
1769472 191
1764000 882
1756160 86
1750000 22
1749600 1078
1741824 923
1728720 106
1728000 2226
1720320 457
1715000 21
1714608 262
1701000 685
1693440 1713
1687500 14
1680700 1
1680000 685
1679616 438
1666980 160
1658880 1608
1653750 34
1653372 36
1646400 343
1640250 27
1638400 94
1632960 2045
1620675 2
1620000 743
1613472 9
1612800 2277
1607445 12
1605632 24
1600000 107
1594323 2
1587600 1131
1580544 225
1575000 109
1574640 338
1572864 18
1568000 249
1555848 51
1555200 2771
1548288 511
1543500 89
1536640 34
1536000 708
1530900 340
1524096 681
1518750 11
1512630 4
1512000 2092
1505280 552
1500282 29
1500000 45
1492992 579
1488375 17
1481760 566
1476225 2
1474560 493
1470000 183
1469664 370
1458000 676
1451520 2923
1440600 48
1440000 989
1433600 286
1428840 526
1417500 172
1417176 39
1411788 1
1411200 1556
1406250 2
1404928 16
1400000 114
1399680 1309
1389150 68
1382976 75
1382400 2167
1378125 1
1377810 55
1376256 78
1372000 96
1366875 5
1361367 1
1360800 2256
1354752 593
1350000 226
1344560 8
1344000 1140
1333584 184
1327104 371
1323000 498
1317120 330
1312500 10
1312200 316
1310720 41
1306368 982
1296540 59
1296000 2089
1290240 1286
1286250 3
1285956 84
1280000 189
1275750 77
1270080 1597
1260000 666
1259712 242
1254400 303
1250235 14
1250000 5
1244160 2058
1240029 3
1234800 364
1229312 6
1228800 474
1225000 16
1224720 956
1215000 254
1210104 11
1209600 3322
1204224 113
1200500 4
1200000 250
1190700 359
1185408 259
1181250 20
1180980 57
1179648 92
1176000 634
1166886 14
1166400 1823
1161216 837
1157625 5
1152480 83
1152000 1511
1148175 27
1146880 120
1143072 491
1134000 1258
1128960 1221
1125000 27
1120000 255
1119744 571
1111320 281
1105920 1154
1102500 87
1102248 132
1097600 161
1093500 141
1088640 2586
1080450 20
1080000 937
1075648 6
1075200 1127
1071875 1
1071630 92
1063125 11
1062882 2
1058400 1409
1053696 83
1050000 117
1049760 644
1048576 2
1037232 59
1036800 2770
1032192 302
1029000 100
1024000 171
1020600 756
1016064 752
1012500 40
1008420 7
1008000 1874
1003520 153
1000188 59
1000000 28
995328 590
992250 86
987840 464
984375 1
984150 35
983040 190
980000 116
979776 635
972405 7
972000 1208
967680 2260
964467 4
960400 22
960000 572
952560 881
945000 320
944784 90
940800 839
933120 1854
926100 150
921984 44
921600 1274
918750 5
918540 201
917504 15
911250 16
907578 5
907200 2860
903168 369
900375 1
900000 248
896000 327
893025 15
889056 256
885735 2
884736 252
882000 540
878080 107
875000 8
874800 755
870912 1058
864360 60
864000 2081
860160 539
857500 8
857304 176
850500 293
846720 1602
843750 1
840350 2
840000 494
839808 364
833490 62
829440 1852
826875 8
826686 19
823200 256
820125 4
819200 105
816480 1557
810000 463
806736 3
806400 2285
802816 26
800000 83
793800 656
790272 213
787500 42
787320 194
786432 25
784000 224
777924 33
777600 2407
774144 610
771750 28
768320 25
768000 757
765450 88
762048 597
759375 4
756315 1
756000 1590
752640 616
750141 2
750000 26
746496 655
740880 353
737280 640
735000 112
734832 299
729000 375
725760 2750
720300 17
720000 842
716800 308
714420 276
708750 44
708588 17
705600 1218
702464 27
700000 67
699840 1137
694575 10
691488 66
691200 2208
688905 3
688128 131
686000 57
680400 1458
677376 549
675000 78
672280 6
672000 975
666792 112
663552 468
661500 196
658560 270
656250 6
656100 114
655360 43
653184 835
648270 17
648000 1573
645120 1392
643125 2
642978 28
640000 200
637875 16
635040 1238
630000 378
629856 181
627200 287
622080 2048
617400 181
614656 13
614400 531
612500 13
612360 526
607500 82
605052 4
604800 2677
602112 161
600250 2
600000 164
595350 98
592704 247
590625 2
590490 20
589824 118
588000 419
583200 1268
580608 922
576240 58
576000 1425
573440 130
571536 342
567000 584
564480 1157
562500 9
560000 229
559872 531
555660 137
552960 1342
551250 17
551124 58
548800 89
546750 41
544320 2059
540225 2
540000 553
537824 2
537600 1101
535815 9
531441 1
529200 880
526848 94
525000 75
524880 395
524288 6
518616 35
518400 2541
516096 314
514500 39
512000 182
510300 310
508032 612
506250 13
504210 3
504000 1330
501760 191
500094 26
500000 15
497664 617
496125 14
493920 361
492075 4
491520 251
490000 51
489888 486
486000 753
483840 2214
480200 11
480000 447
476280 483
472500 106
472392 48
470400 690
468750 1
466560 1562
463050 46
460992 28
460800 1402
459375 1
459270 55
458752 18
455625 2
453600 2034
451584 366
450000 124
448000 359
444528 159
442368 268
441000 286
439040 86
437500 3
437400 364
435456 942
432180 23
432000 1611
430080 598
428652 66
425250 88
423360 1186
421875 1
420175 1
420000 337
419904 301
416745 11
414720 1760
413343 3
411600 169
409600 129
408240 995
405000 195
403368 4
403200 2028
401408 28
400000 53
396900 242
395136 171
393750 7
393660 78
393216 39
392000 189
388962 15
388800 1832
387072 715
385875 1
384160 21
384000 667
382725 14
381024 421
378000 860
376320 531
375000 16
373248 597
370440 243
368640 735
367500 29
367416 161
364500 135
362880 2286
360150 12
360000 568
358400 284
357210 84
354375 5
354294 5
352800 811
351232 27
350000 23
349920 758
345744 29
345600 2062
344064 141
343000 17
340200 771
338688 528
337500 33
336000 760
333396 64
331776 524
330750 54
329280 192
328050 35
327680 59
326592 683
324135 3
324000 1020
322560 1457
321489 6
320000 152
317520 740
315000 200
314928 103
313600 216
312500 2
311040 1779
308700 76
307328 6
307200 553
306250 2
306180 198
303750 19
302526 1
302400 2048
301056 164
300125 1
300000 123
297675 11
296352 163
295245 2
294912 134
294000 261
291600 725
290304 873
288120 28
288000 1190
286720 143
285768 184
283500 227
282240 908
281250 4
280000 139
279936 435
277830 41
276480 1452
275625 1
275562 20
274400 75
273375 4
272160 1442
270000 346
268912 3
268800 965
264600 462
263424 92
262500 19
262440 206
262144 6
259308 18
259200 2047
258048 378
257250 10
256000 187
255150 91
254016 508
253125 1
252105 1
252000 922
250880 147
250047 6
250000 11
248832 646
246960 229
245760 275
245000 27
244944 290
243000 335
241920 1990
240100 3
240000 319
238140 195
236250 33
236196 14
235200 457
233280 1174
231525 11
230496 26
230400 1342
229635 6
229376 32
226800 1103
225792 382
225000 58
224000 257
222264 90
221184 321
220500 99
219520 74
218750 1
218700 128
217728 845
216090 16
216000 1156
215040 578
214375 3
214326 33
212625 9
211680 825
210000 200
209952 219
207360 1704
205800 79
204800 129
204120 497
202500 77
201684 3
201600 1485
200704 52
200000 34
198450 66
197568 126
196875 1
196830 19
196608 55
196000 111
194481 1
194400 1138
193536 650
192080 11
192000 584
190512 287
189000 425
188160 442
187500 3
186624 543
185220 92
184320 764
183750 9
183708 63
182250 30
181440 1719
180000 320
179200 272
178605 18
176400 456
175616 20
175000 18
174960 451
172872 15
172800 1773
172032 151
171500 15
170100 264
169344 463
168750 7
168070 1
168000 525
166698 17
165888 492
165375 9
164640 135
164025 6
163840 56
163296 450
162000 528
161280 1246
160000 134
158760 391
157500 49
157464 57
156800 176
155520 1379
154350 23
153664 8
153600 595
153090 68
151875 1
151200 1262
150528 130
150000 52
148176 118
147456 144
147000 114
145800 353
145152 743
144060 19
144000 896
143360 143
142884 67
141750 64
141120 633
140000 80
139968 300
138915 6
138240 1284
137781 5
137200 48
136080 802
135000 124
134456 1
134400 843
132300 171
131712 65
131250 2
131220 89
131072 8
129654 6
129600 1416
129024 359
128625 2
128000 145
127575 19
127008 303
126000 448
125440 121
125000 5
124416 545
123480 99
122880 285
122500 6
122472 146
121500 108
120960 1526
120050 4
120000 230
119070 71
118125 6
118098 7
117600 293
116640 759
115248 15
115200 1142
114688 34
113400 511
112896 261
112500 21
112000 183
111132 37
110592 328
110250 42
109760 52
109350 31
108864 557
108045 3
108000 642
107520 523
107163 3
105840 526
105000 68
104976 127
103680 1384
102900 34
102400 169
102060 200
101250 20
100842 1
100800 1047
100352 37
100000 17
99225 14
98784 85
98415 3
98304 46
98000 72
97200 608
96768 586
96040 6
96000 453
95256 130
94500 171
94080 321
93312 433
92610 31
92160 708
91875 1
91854 23
91125 4
90720 1101
90000 156
89600 225
88200 180
87808 17
87500 10
87480 248
86436 1
86400 1175
86016 152
85750 4
85050 82
84672 291
84375 1
84000 315
83349 3
82944 439
82320 68
81920 69
81648 253
81000 223
80640 972
80000 88
79380 166
78750 18
78732 24
78400 102
77760 935
77175 2
76832 7
76800 474
76545 9
75600 641
75264 128
75000 25
74088 52
73728 168
73500 47
72900 143
72576 569
72030 2
72000 551
71680 122
71442 26
70875 8
70560 424
70000 35
69984 214
69120 1002
68600 15
68040 388
67500 44
67200 535
66150 47
65856 53
65610 21
65536 8
64800 881
64512 336
64000 120
63504 186
63000 192
62720 115
62500 1
62208 493
61740 39
61440 267
61236 59
60750 24
60480 996
60000 102
59535 10
58800 163
58320 392
57624 5
57600 830
57344 29
56700 169
56448 211
56250 3
56000 102
55566 11
55296 317
55125 7
54880 23
54675 8
54432 380
54000 356
53760 455
52920 227
52500 28
52488 57
51840 938
51450 7
51200 128
51030 45
50625 1
50400 595
50176 22
50000 12
49392 43
49152 62
49000 27
48600 236
48384 498
48020 3
48000 300
47628 58
47250 32
47040 219
46656 303
46305 4
46080 586
45927 5
45360 560
45000 66
44800 168
44100 93
43904 19
43740 96
43218 4
43200 786
43008 123
42525 12
42336 185
42000 158
41472 422
41160 37
40960 55
40824 120
40500 84
40320 682
40000 45
39690 32
39375 5
39366 4
39200 68
38880 551
38400 392
37800 290
37632 92
37500 6
37044 23
36864 162
36750 3
36450 30
36288 340
36015 1
36000 304
35840 134
35721 5
35280 216
35000 16
34992 107
34560 792
34300 9
34020 133
33750 7
33600 371
33075 10
32928 31
32805 1
32768 9
32400 401
32256 246
32000 99
31752 89
31500 61
31360 86
31104 294
30870 9
30720 234
30618 16
30375 2
30240 612
30000 53
29400 52
29160 166
28812 1
28800 599
28672 18
28350 52
28224 141
28000 61
27648 312
27440 14
27216 183
27000 128
26880 324
26460 79
26250 6
26244 21
25920 628
25725 2
25600 94
25515 8
25200 310
25088 20
25000 4
24696 26
24576 58
24500 3
24300 94
24192 340
24000 169
23814 21
23625 3
23520 108
23328 168
23040 506
22680 242
22500 27
22400 107
22050 26
21952 10
21870 13
21609 2
21600 394
21504 115
21168 90
21000 68
20736 305
20580 8
20480 43
20412 45
20250 19
20160 444
20000 23
19845 5
19683 3
19600 33
19440 285
19208 3
19200 253
18900 91
18816 62
18522 3
18432 155
18375 2
18225 7
18144 211
18000 159
17920 73
17640 93
17500 1
17496 54
17280 543
17150 2
17010 42
16800 224
16464 15
16384 11
16200 167
16128 205
16000 52
15876 44
15750 12
15680 24
15552 198
15435 1
15360 186
15120 287
15000 14
14700 23
14580 66
14406 1
14400 346
14336 14
14175 4
14112 72
14000 25
13824 207
13720 8
13608 76
13500 49
13440 201
13230 27
13125 1
13122 7
12960 318
12800 67
12600 135
12544 17
12500 1
12348 6
12288 35
12250 1
12150 14
12096 196
12000 99
11907 6
11760 59
11664 71
11520 319
11340 78
11250 7
11200 49
11025 3
10976 5
10935 1
10800 201
10752 69
10584 47
10500 14
10368 172
10240 40
10206 10
10125 1
10080 256
10000 15
9800 16
9720 96
9600 180
9450 28
9408 48
9261 1
9216 107
9072 94
9000 47
8960 66
8820 31
8748 16
8640 290
8575 2
8505 4
8400 88
8232 6
8192 5
8100 50
8064 136
8000 26
7938 5
7875 3
7840 27
7776 94
7680 146
7560 114
7500 9
7350 5
7290 15
7200 163
7168 19
7056 36
7000 11
6912 136
6860 2
6804 28
6750 6
6720 145
6615 4
6561 1
6480 170
6400 34
6300 48
6272 14
6250 2
6174 3
6144 44
6125 1
6075 3
6048 127
6000 42
5880 19
5832 28
5760 213
5670 23
5625 2
5600 27
5488 1
5400 92
5376 54
5292 10
5250 4
5184 123
5120 32
5103 2
5040 103
5000 3
4900 10
4860 36
4802 1
4800 98
4725 2
4704 24
4608 76
4536 36
4500 16
4480 42
4410 16
4374 3
4320 171
4200 24
4116 3
4096 13
4050 15
4032 85
4000 11
3920 15
3888 37
3840 100
3780 35
3750 2
3675 2
3645 3
3600 86
3584 13
3528 11
3500 3
3456 75
3430 1
3402 7
3375 1
3360 70
3240 82
3200 23
3150 7
3136 8
3072 28
3024 45
3000 7
2940 8
2916 10
2880 109
2835 2
2800 20
2744 2
2700 22
2688 32
2646 3
2625 2
2592 58
2560 21
2520 42
2450 3
2430 6
2400 40
2352 13
2304 53
2268 19
2250 2
2240 20
2205 1
2160 78
2100 10
2048 12
2025 1
2016 39
2000 7
1960 4
1944 27
1920 52
1890 8
1800 28
1792 8
1764 7
1750 2
1728 42
1701 1
1680 29
1620 23
1600 15
1568 6
1536 24
1512 12
1500 3
1470 2
1458 3
1440 59
1400 7
1350 5
1344 16
1296 37
1280 22
1260 16
1250 1
1225 1
1215 2
1200 14
1176 5
1152 32
1134 1
1120 9
1080 32
1050 1
1024 3
1008 19
1000 1
972 7
960 31
900 7
896 8
864 34
840 12
810 5
800 5
784 3
768 13
756 2
750 3
720 19
675 2
672 7
648 12
640 5
630 4
600 7
588 1
576 10
567 1
560 3
540 2
525 2
512 5
504 4
486 1
480 20
450 1
448 2
432 7
420 6
400 3
392 1
384 6
360 13
336 5
324 1
320 2
300 3
288 8
280 2
270 3
256 4
252 1
240 3
225 1
216 5
200 1
196 1
192 3
189 1
180 1
162 1
150 1
144 1
140 2
135 1
128 3
126 1
120 3
96 2
84 1
72 1
70 1
48 1
32 1
24 1
