3063 1
3050 1
3036 2
3028 1
3025 1
3023 1
3022 3
3019 2
3018 1
3017 2
3016 3
3015 1
3014 2
3013 2
3012 1
3011 3
3010 1
3009 3
3007 2
3006 3
3005 2
3004 4
3003 3
3001 1
3000 3
2998 7
2997 4
2996 4
2995 1
2994 4
2993 3
2992 5
2991 4
2990 5
2989 8
2988 10
2987 6
2986 4
2985 8
2984 9
2983 12
2982 11
2981 10
2980 7
2979 9
2978 7
2977 11
2976 13
2975 13
2974 9
2973 19
2972 14
2971 19
2970 23
2969 16
2968 24
2967 30
2966 25
2965 15
2964 20
2963 30
2962 23
2961 24
2960 28
2959 20
2958 30
2957 26
2956 31
2955 40
2954 40
2953 43
2952 55
2951 53
2950 46
2949 43
2948 69
2947 66
2946 56
2945 57
2944 61
2943 68
2942 66
2941 86
2940 77
2939 99
2938 102
2937 88
2936 77
2935 100
2934 110
2933 96
2932 128
2931 111
2930 116
2929 106
2928 138
2927 128
2926 151
2925 148
2924 166
2923 165
2922 169
2921 173
2920 194
2919 182
2918 220
2917 198
2916 218
2915 242
2914 264
2913 233
2912 283
2911 275
2910 272
2909 302
2908 268
2907 292
2906 321
2905 349
2904 355
2903 356
2902 385
2901 399
2900 411
2899 407
2898 401
2897 472
2896 487
2895 528
2894 515
2893 548
2892 534
2891 577
2890 525
2889 611
2888 602
2887 656
2886 651
2885 699
2884 675
2883 724
2882 758
2881 754
2880 773
2879 817
2878 873
2877 884
2876 906
2875 923
2874 956
2873 976
2872 1005
2871 1060
2870 1094
2869 1126
2868 1169
2867 1201
2866 1168
2865 1224
2864 1278
2863 1375
2862 1395
2861 1388
2860 1429
2859 1452
2858 1499
2857 1577
2856 1609
2855 1699
2854 1684
2853 1665
2852 1734
2851 1725
2850 1902
2849 1834
2848 1870
2847 2015
2846 2049
2845 2196
2844 2040
2843 2113
2842 2210
2841 2293
2840 2334
2839 2362
2838 2453
2837 2582
2836 2603
2835 2572
2834 2605
2833 2698
2832 2728
2831 2704
2830 2820
2829 2889
2828 2965
2827 3009
2826 3008
2825 3151
2824 3221
2823 3323
2822 3263
2821 3401
2820 3456
2819 3484
2818 3644
2817 3533
2816 3627
2815 3774
2814 3695
2813 3816
2812 3859
2811 3981
2810 3982
2809 4151
2808 4124
2807 4207
2806 4204
2805 4376
2804 4493
2803 4427
2802 4533
2801 4430
2800 4663
2799 4581
2798 4698
2797 4777
2796 4824
2795 4897
2794 4933
2793 4948
2792 5044
2791 4995
2790 4948
2789 5091
2788 5260
2787 5332
2786 5302
2785 5316
2784 5420
2783 5451
2782 5413
2781 5561
2780 5609
2779 5685
2778 5568
2777 5545
2776 5704
2775 5700
2774 5827
2773 5771
2772 5838
2771 5905
2770 5943
2769 5949
2768 6042
2767 6175
2766 6090
2765 5912
2764 6082
2763 6017
2762 6268
2761 6116
2760 6156
2759 6164
2758 6064
2757 6073
2756 6127
2755 6184
2754 6079
2753 6238
2752 6156
2751 6180
2750 6177
2749 6148
2748 6161
2747 6371
2746 6233
2745 6144
2744 6242
2743 6281
2742 6138
2741 5940
2740 6206
2739 6124
2738 6073
2737 6104
2736 6128
2735 6008
2734 6118
2733 6048
2732 6044
2731 6099
2730 5946
2729 5951
2728 5891
2727 5825
2726 5795
2725 5719
2724 5767
2723 5592
2722 5658
2721 5712
2720 5662
2719 5514
2718 5424
2717 5539
2716 5366
2715 5396
2714 5288
2713 5312
2712 5039
2711 5267
2710 5120
2709 4931
2708 5108
2707 5031
2706 4982
2705 4909
2704 4840
2703 4707
2702 4742
2701 4623
2700 4462
2699 4484
2698 4499
2697 4487
2696 4423
2695 4320
2694 4236
2693 4193
2692 4191
2691 4121
2690 4004
2689 3849
2688 3897
2687 3877
2686 3784
2685 3624
2684 3674
2683 3591
2682 3551
2681 3417
2680 3388
2679 3322
2678 3319
2677 3238
2676 3270
2675 3062
2674 3113
2673 2997
2672 2997
2671 2804
2670 2788
2669 2799
2668 2820
2667 2686
2666 2609
2665 2546
2664 2608
2663 2507
2662 2471
2661 2317
2660 2330
2659 2238
2658 2185
2657 2079
2656 2227
2655 2090
2654 2088
2653 1951
2652 1880
2651 1912
2650 1834
2649 1891
2648 1790
2647 1681
2646 1677
2645 1583
2644 1706
2643 1585
2642 1556
2641 1490
2640 1413
2639 1409
2638 1400
2637 1333
2636 1281
2635 1264
2634 1208
2633 1188
2632 1092
2631 1164
2630 1104
2629 1048
2628 1048
2627 976
2626 943
2625 999
2624 919
2623 891
2622 848
2621 776
2620 794
2619 757
2618 741
2617 738
2616 722
2615 713
2614 643
2613 647
2612 616
2611 555
2610 579
2609 525
2608 533
2607 500
2606 512
2605 470
2604 455
2603 447
2602 420
2601 459
2600 403
2599 380
2598 378
2597 366
2596 338
2595 363
2594 328
2593 317
2592 292
2591 284
2590 291
2589 281
2588 258
2587 243
2586 242
2585 224
2584 212
2583 223
2582 238
2581 179
2580 185
2579 195
2578 161
2577 156
2576 157
2575 136
2574 136
2573 137
2572 116
2571 131
2570 115
2569 127
2568 93
2567 117
2566 91
2565 103
2564 101
2563 101
2562 92
2561 83
2560 80
2559 75
2558 79
2557 52
2556 61
2555 72
2554 45
2553 57
2552 55
2551 42
2550 47
2549 48
2548 51
2547 53
2546 35
2545 46
2544 44
2543 28
2542 25
2541 27
2540 42
2539 39
2538 22
2537 24
2536 21
2535 21
2534 20
2533 14
2532 17
2531 11
2530 19
2529 25
2528 16
2527 11
2526 12
2525 14
2524 11
2523 15
2522 10
2521 9
2520 10
2519 9
2518 5
2517 13
2516 4
2515 7
2514 4
2513 6
2512 3
2511 3
2510 4
2509 3
2508 3
2507 7
2506 3
2505 2
2504 2
2503 3
2502 6
2501 6
2500 6
2499 2
2498 2
2496 2
2495 3
2494 5
2493 1
2492 1
2491 2
2488 2
2487 2
2486 1
2485 1
2484 4
2483 1
2482 1
2481 1
2479 2
2478 1
2476 2
2473 1
2471 1
2470 1
2469 2
2463 1
2461 1
2454 1
2446 1
2444 1
2427 1
2405 1
