4665600000 2
4032000000 1
3969000000 1
3674160000 2
3628800000 2
3528000000 1
3359232000 1
3214890000 2
3149280000 1
3110400000 2
3061800000 1
3024000000 2
2939328000 2
2903040000 2
2893401000 1
2857680000 1
2834352000 1
2799360000 3
2755620000 1
2721600000 3
2720977920 1
2645395200 1
2612736000 1
2592000000 2
2571912000 3
2551500000 1
2540160000 1
2520000000 2
2480058000 1
2469600000 1
2430000000 2
2419200000 2
2381400000 1
2380855680 1
2361960000 1
2352000000 1
2332800000 4
2322432000 4
2304000000 2
2286144000 1
2268000000 1
2257920000 3
2239488000 2
2222640000 2
2204496000 1
2177280000 3
2143260000 3
2116800000 1
2116316160 1
2099520000 3
2090188800 1
2073600000 3
2064384000 1
2057529600 3
2041200000 7
2032128000 1
2025000000 1
2016000000 2
2015539200 4
2000376000 1
1990656000 3
1984500000 1
1975680000 1
1968300000 2
1959552000 7
1944000000 1
1935360000 4
1920000000 1
1913187600 1
1905120000 5
1889568000 2
1881169920 1
1866240000 4
1852200000 2
1837080000 6
1814400000 11
1800338400 1
1791590400 1
1778112000 1
1764000000 3
1763596800 6
1756160000 1
1749600000 4
1741824000 8
1728720000 1
1728000000 1
1715000000 1
1714608000 8
1701000000 3
1700611200 2
1693440000 5
1680000000 2
1679616000 8
1672151040 1
1666980000 2
1658880000 5
1653372000 1
1640250000 1
1632960000 10
1625702400 4
1620000000 1
1612800000 2
1612431360 1
1607445000 2
1592524800 1
1587600000 1
1587237120 1
1580544000 4
1574640000 5
1567641600 5
1555200000 5
1548288000 1
1543500000 1
1543147200 6
1536000000 2
1530900000 2
1524096000 6
1512000000 5
1511654400 2
1505280000 2
1500282000 1
1492992000 8
1488034800 1
1481760000 5
1476225000 1
1469664000 9
1468006400 1
1463132160 1
1458000000 3
1451520000 12
1440270720 2
1440000000 2
1428840000 7
1422489600 3
1417500000 2
1417176000 4
1411200000 3
1410877440 2
1406192886 1
1404928000 2
1399680000 8
1393459200 3
1388832480 3
1382400000 2
1377810000 6
1376256000 1
1372000000 1
1371686400 9
1360800000 14
1360488960 1
1354752000 5
1350253800 1
1350000000 1
1344000000 2
1343692800 8
1333584000 7
1328602500 1
1327104000 3
1323000000 1
1322697600 11
1317120000 1
1312200000 5
1306368000 13
1296540000 1
1296000000 7
1290240000 5
1285956000 12
1280240640 1
1275750000 3
1270080000 17
1260000000 5
1259712000 9
1254400000 2
1254113280 4
1250235000 3
1244678400 6
1244160000 16
1240029000 2
1234800000 4
1234517760 6
1225000000 1
1224720000 20
1224440064 1
1219276800 5
1215000000 1
1209600000 15
1200225600 7
1194393600 6
1190700000 4
1190427840 4
1185408000 2
1180980000 5
1176000000 1
1175731200 11
1170505728 1
1166886000 1
1166400000 12
1161216000 13
1157360400 2
1152000000 6
1148175000 2
1143072000 25
1137991680 4
1134000000 6
1133740800 4
1128960000 6
1123942400 1
1120210560 2
1120000000 1
1119744000 12
1114767360 2
1111320000 3
1105920000 7
1102500000 1
1102248000 14
1097600000 1
1097349120 3
1089093600 2
1088640000 23
1083801600 4
1080450000 1
1080203040 3
1080000000 4
1075200000 3
1074954240 5
1071630000 9
1066867200 8
1062882000 3
1061683200 1
1058400000 12
1058158080 8
1053696000 1
1050197400 3
1049760000 16
1045094400 12
1037232000 1
1036800000 21
1032192000 4
1029000000 1
1028764800 11
1024192512 1
1024000000 1
1020600000 18
1020366720 1
1016064000 20
1012690350 2
1011548160 2
1008000000 8
1007769600 13
1003520000 2
1000188000 7
995742720 2
995328000 7
992250000 1
992023200 5
987840000 8
984150000 2
983040000 1
979776000 24
975421440 4
972405000 2
972000000 5
968083200 1
967680000 19
967458816 1
964467000 4
960400000 3
960180480 8
960000000 3
955514880 3
952560000 19
952342272 1
948326400 6
945177660 1
945000000 2
944784000 10
940800000 11
940584960 10
937461924 1
933508800 6
933120000 26
928972800 6
925888320 6
921984000 1
921600000 7
918540000 11
914457600 31
907200000 29
906992640 4
903168000 8
900169200 5
896000000 1
895795200 12
893025000 4
892820880 4
891813888 1
889056000 9
885104640 1
884736000 6
882000000 3
881798400 28
878080000 4
877879296 2
875164500 1
874800000 13
871274880 1
870912000 33
868020300 3
867041280 1
864360000 8
864162432 1
864000000 6
860160000 7
857500000 1
857304000 23
853493760 4
850500000 8
850305600 3
849346560 1
847072800 1
846720000 25
846526464 2
840157920 4
840000000 5
839808000 20
836075520 10
833490000 7
829785600 1
829440000 25
826686000 5
825753600 1
823200000 4
823011840 10
819200000 2
816820200 1
816480000 55
816293376 1
812851200 14
810152280 3
810000000 3
806400000 34
806215680 5
803722500 1
802816000 1
800150400 21
800000000 2
796262400 10
793800000 17
793618560 4
792723456 1
790272000 10
787648050 2
787320000 21
786432000 1
784000000 9
783820800 37
781218270 1
780337152 1
777924000 7
777600000 21
774466560 2
774144000 18
771750000 1
771573600 17
768320000 1
768144384 1
768000000 3
765450000 6
765275040 1
762048000 41
758661120 2
756142128 1
756000000 13
755827200 15
752640000 11
752467968 3
750141000 4
746807040 4
746496000 33
744017400 3
743178240 6
740880000 15
740710656 1
737587200 1
737280000 10
735138180 1
735000000 2
734832000 35
731566080 3
729000000 4
725760000 58
723350250 1
722534400 7
720300000 2
720135360 11
720000000 2
716800000 2
716636160 7
714420000 20
711244800 22
708750000 2
708588000 10
705600000 24
705438720 16
702464000 5
700131600 5
699840000 37
696729600 45
694575000 1
694416240 8
691488000 6
691200000 21
688905000 4
688128000 3
686000000 2
685843200 52
682795008 1
680683500 1
680400000 36
680244480 9
677658240 1
677376000 38
675126900 2
675000000 1
674365440 1
672126336 1
672000000 15
671846400 25
668860416 1
666792000 32
663552000 17
661500000 8
661348800 28
658560000 2
658409472 8
656100000 6
655360000 1
653456160 2
653184000 90
650280960 3
648270000 6
648000000 24
645120000 32
644972544 1
642978000 21
642252800 3
640120320 11
640000000 2
637875000 1
637729200 1
635040000 68
634894848 5
632217600 13
630118440 3
630000000 7
629856000 36
627200000 2
627056640 17
625117500 3
622339200 9
622080000 62
620014500 5
619315200 20
617400000 15
617258880 20
614656000 4
614400000 8
612360000 48
612220032 2
609638400 66
607614210 2
607500000 1
606928896 1
604800000 51
604661760 9
602112000 11
600112800 29
597445632 1
597196800 27
595350000 7
595213920 8
592704000 32
590490000 10
589824000 7
588000000 9
587865600 70
587202560 1
585252864 3
583443000 8
583200000 27
580849920 2
580608000 76
578680200 13
576240000 5
576108288 3
576000000 9
573956280 1
573440000 4
573308928 1
571774140 1
571536000 71
568995840 11
567106596 1
567000000 16
566870400 14
566231040 1
564480000 51
564350976 2
562605750 2
561971200 2
560105280 9
560000000 2
559872000 54
557383680 8
555660000 22
553190400 10
552960000 39
551250000 1
551124000 25
550502400 1
548800000 9
548674560 37
546852789 1
546750000 6
544546800 3
544320000 121
541900800 30
540225000 1
540101520 6
540000000 7
537600000 14
537477120 9
535815000 10
533433600 39
530841600 13
529200000 27
529079040 34
526848000 17
525098700 7
525000000 1
524880000 45
524288000 2
522547200 71
520812180 2
520224768 1
518616000 10
518400000 51
516560652 1
516096000 34
514500000 1
514382400 55
512096256 3
512000000 4
510300000 24
510183360 7
508032000 102
505774080 3
504000000 21
503884800 31
502211745 1
501760000 11
500094000 18
497871360 8
497664000 58
496125000 4
496011600 16
495452160 3
494125800 1
493920000 37
493807104 11
492075000 1
491724800 5
491520000 5
490092120 2
490000000 2
489888000 112
487710720 24
486091368 2
486000000 16
484041600 5
483840000 113
483729408 4
482233500 9
481689600 6
480200000 3
480090240 26
480000000 8
478296900 2
477757440 7
476478450 1
476280000 63
476171136 6
474163200 36
472588830 1
472500000 2
472392000 23
471859200 3
470400000 14
470292480 45
468730962 2
466754400 17
466560000 74
464486400 52
463050000 8
462944160 13
460992000 8
460800000 27
459270000 28
458752000 3
457228800 99
455196672 4
453789000 4
453600000 80
453496320 8
451584000 52
450084600 7
450000000 3
449576960 2
448084224 2
448000000 8
447897600 61
446512500 2
446410440 2
445906944 1
444528000 74
442867500 1
442552320 4
442368000 31
441000000 13
440899200 81
439040000 16
438939648 6
437400000 27
435637440 2
435456000 161
434010150 7
433520640 10
432180000 10
432081216 4
432000000 21
430080000 25
429981696 1
428830605 1
428750000 1
428652000 67
426746880 30
425250000 10
425152800 20
424673280 5
423536400 1
423360000 104
423263232 8
421478400 12
420175000 1
420078960 9
420000000 7
419904000 87
418037760 47
416745000 7
416649744 3
414892800 10
414720000 71
413343000 23
412876800 12
411600000 9
411505920 56
409600000 3
408240000 124
408146688 2
406425600 95
405076140 2
405000000 7
403368000 2
403200000 65
403107840 25
401408000 6
400075200 48
400000000 1
398580750 1
398297088 3
398131200 37
396900000 36
396809280 30
395136000 64
393660000 28
393379840 1
393216000 3
392073696 1
392000000 9
391910400 149
390168576 6
388962000 19
388800000 77
387233280 7
387072000 81
385875000 4
385786800 30
385351680 2
384160000 4
384072192 11
384000000 23
382725000 12
382637520 2
382205952 1
381182760 1
381024000 136
379330560 21
378071064 2
378000000 43
377913600 48
376320000 35
376233984 10
375070500 10
373403520 18
373248000 106
372008700 10
371589120 23
370440000 42
370355328 6
368793600 5
368640000 17
367500000 2
367416000 119
367001600 2
365783040 71
364500000 13
363031200 7
362880000 195
362797056 3
361267200 38
360150000 2
360067680 31
360000000 13
358400000 14
358318080 34
357210000 55
357128352 3
355622400 71
354375000 2
354294000 15
353894400 14
352947000 1
352800000 61
352719360 76
351232000 9
350065800 13
350000000 1
349920000 84
348509952 4
348364800 141
347287500 4
347208120 7
345744000 30
345600000 65
344452500 9
344207360 1
344064000 23
343000000 3
342921600 125
341397504 9
340341750 2
340200000 73
340122240 18
338829120 2
338688000 127
337563450 2
337500000 2
337182720 5
336140000 1
336063168 6
336000000 27
335923200 80
334430208 14
333396000 55
331914240 10
331776000 71
330812181 1
330750000 7
330674400 59
330301440 3
329280000 27
329204736 13
328050000 8
327680000 4
326728080 4
326592000 261
325140480 40
324135000 2
324060912 1
324000000 38
322694400 1
322560000 104
322486272 6
321489000 26
321126400 3
320060160 53
320000000 5
318937500 3
318864600 2
318504960 13
317652300 2
317520000 178
317447424 16
316108800 44
315059220 3
315000000 11
314928000 80
314572800 2
313600000 25
313528320 84
312558750 1
312487308 5
311299254 1
311169600 49
311040000 120
310007250 3
309786624 2
309657600 76
308700000 25
308629440 49
308281344 1
307328000 6
307200000 16
306250000 1
306180000 92
306110016 4
304946208 1
304819200 198
303807105 1
303750000 4
303464448 2
302526000 6
302400000 142
302330880 28
301056000 41
300056400 46
300000000 1
298722816 3
298598400 80
297675000 11
297606960 16
297271296 6
296352000 95
295245000 5
295034880 5
294912000 27
294055272 2
294000000 10
293932800 174
292626432 20
291721500 7
291600000 67
290424960 5
290304000 234
289340100 8
289013760 11
288120000 10
288054144 17
288000000 45
286720000 10
286654464 4
285768000 171
284497920 46
283553298 1
283500000 25
283435200 38
283115520 1
282357600 1
282240000 104
282175488 16
280985600 12
280052640 29
280000000 8
279936000 197
278691840 56
277830000 36
277766496 9
276595200 34
276480000 96
275562000 64
275251200 9
274400000 14
274337280 125
273375000 4
272273400 8
272160000 237
272097792 3
270950400 130
270112500 2
270050760 18
270000000 14
269746176 1
268912000 3
268800000 59
268738560 48
267907500 12
267846264 1
266827932 1
266716800 125
265531392 1
265420800 37
264600000 93
264539520 58
264241152 1
263424000 47
262549350 1
262440000 66
262144000 4
261382464 3
261273600 276
260406090 2
260112384 5
259308000 27
259200000 125
258155520 2
258048000 105
257250000 2
257191200 122
256901120 2
256048128 13
256000000 10
255150000 39
255091680 11
254803968 2
254121840 4
254016000 265
252887040 15
252105000 1
252047376 7
252000000 60
251942400 112
250880000 28
250822656 19
250047000 33
248935680 27
248832000 214
248062500 3
248005800 18
247726080 20
246960000 75
246903552 25
246037500 2
245862400 7
245760000 25
245046060 7
245000000 6
244944000 266
243855360 116
243045684 1
243000000 18
242020800 10
241920000 237
241864704 10
241116750 5
240844800 31
240100000 4
240045120 71
240000000 18
238878720 38
238140000 126
238085568 8
237180384 1
237081600 99
236250000 6
236196000 53
236027904 2
235929600 7
235298000 2
235200000 50
235146240 138
233377200 39
233280000 200
232339968 3
232243200 158
231525000 13
231472080 38
231211008 3
230496000 28
230400000 67
229635000 26
229582512 1
229376000 8
228709656 1
228614400 306
227598336 13
226894500 2
226800000 166
226748160 45
225792000 162
225042300 29
225000000 4
224788480 2
224042112 10
224000000 24
223948800 155
223256250 2
223205220 7
222953472 15
222264000 147
221276160 13
221184000 87
220500000 22
220449600 190
220200960 4
219520000 20
219469824 38
218791125 1
218700000 39
217818720 9
217728000 418
216760320 61
216090000 15
216040608 19
216000000 56
215129600 6
215040000 81
214990848 12
214326000 111
213373440 85
212625000 10
212576400 15
212336640 21
211680000 226
211631616 24
210739200 28
210039480 17
210000000 7
209952000 188
209715200 2
209018880 133
208372500 12
208324872 8
207446400 59
207360000 221
206671500 13
206438400 55
205800000 26
205752960 135
205031250 1
204800000 14
204205050 5
204120000 238
204073344 1
203212800 270
202538070 6
202500000 8
202309632 2
201684000 2
201600000 159
201553920 83
200704000 33
200037600 129
200000000 3
199148544 7
199065600 132
198450000 62
198404640 50
198180864 5
197568000 130
196830000 37
196608000 16
196036848 3
196000000 22
195955200 394
195084288 26
194481000 20
194400000 176
193616640 9
193536000 268
192893400 38
192675840 3
192080000 13
192036096 27
192000000 37
191362500 5
191318760 6
191102976 4
190591380 4
190512000 345
189665280 51
189078750 1
189035532 2
189000000 55
188956800 117
188743680 2
188238400 2
188160000 109
188116992 26
187535250 4
186701760 40
186624000 275
185794560 82
185220000 67
185177664 16
184396800 15
184320000 103
183750000 1
183708000 208
183500800 4
182891520 184
182250000 16
181515600 5
181440000 437
181398528 7
180633600 116
180075000 3
180033840 54
180000000 22
179830784 1
179200000 23
179159040 89
178605000 59
178564176 3
177811200 215
177187500 2
177147000 22
177020928 6
176947200 43
176473500 1
176400000 98
176359680 168
175616000 27
175032900 19
175000000 3
174960000 166
174254976 5
174182400 380
173643750 2
173604060 18
173408256 10
172872000 42
172800000 163
172226250 2
172103680 3
172032000 73
171500000 6
171460800 274
170698752 33
170100000 117
170061120 34
169869312 4
169414560 3
169344000 346
168591360 9
168070000 1
168031584 13
168000000 47
167961600 222
167215104 31
166698000 89
165957120 38
165888000 224
165375000 8
165337200 82
165150720 17
164708600 1
164640000 56
164602368 57
164025000 11
163840000 12
163364040 12
163296000 561
162570240 148
162067500 7
162030456 5
162000000 67
161347200 9
161280000 220
161243136 15
160744500 24
160563200 9
160030080 136
160000000 7
159432300 5
159252480 42
158760000 233
158723712 22
158054400 106
157529610 6
157500000 12
157464000 127
157286400 9
156800000 33
156764160 248
156279375 1
156243654 3
155584800 73
155520000 334
154893312 1
154828800 203
154350000 23
154314720 114
153664000 13
153600000 47
153090000 113
153055008 3
152473104 4
152409600 468
151875000 2
151732224 10
151263000 3
151200000 225
151165440 77
150994944 1
150590720 2
150528000 121
150028200 60
150000000 2
149361408 15
149299200 256
148837500 11
148803480 16
148635648 11
148176000 201
147622500 9
147517440 8
147456000 80
147027636 2
147000000 28
146966400 376
146800640 2
146313216 56
145860750 7
145800000 98
145212480 17
145152000 623
144670050 15
144506880 45
144060000 22
144027072 31
144000000 71
143489070 1
143360000 38
143327232 14
142884000 294
142248960 151
141750000 37
141717600 49
141557760 17
141178800 1
141120000 251
141087744 61
140492800 11
140026320 23
140000000 16
139968000 368
139345920 187
138915000 37
138883248 13
138297600 70
138240000 253
137812500 1
137781000 65
137682944 2
137625600 37
137200000 11
137168640 265
136687500 1
136136700 11
136080000 476
136048896 16
135475200 321
135056250 1
135025380 22
135000000 18
134873088 1
134456000 8
134400000 95
134369280 130
133953750 3
133923132 3
133413966 1
133358400 238
132860250 2
132765696 9
132710400 148
132300000 78
132269760 108
132120576 5
131766880 1
131712000 91
131274675 1
131250000 2
131220000 108
131072000 7
130691232 6
130636800 609
130056192 25
129654000 47
129600000 211
129077760 5
129024000 262
128625000 6
128595600 188
128450560 5
128024064 32
128000000 18
127575000 46
127545840 10
127401984 8
127060920 1
127008000 522
126443520 62
126052500 1
126023688 8
126000000 80
125971200 230
125829120 3
125440000 65
125411328 59
125023500 39
124467840 75
124416000 421
124031250 2
124002900 24
123863040 69
123480000 100
123451776 50
122931200 12
122880000 55
122523030 2
122500000 1
122472000 445
121927680 313
121522842 1
121500000 25
121010400 15
120960000 544
120932352 31
120558375 1
120422400 72
120050000 5
120022560 111
120000000 21
119439360 112
119070000 166
119042784 18
118540800 239
118125000 4
118098000 61
118013952 3
117964800 41
117649000 2
117600000 90
117573120 302
117440512 2
116688600 38
116640000 369
116169984 5
116121600 523
115762500 7
115736040 50
115605504 2
115248000 44
115200000 138
114817500 25
114791256 1
114688000 26
114354828 1
114307200 520
113906250 1
113799168 26
113400000 228
113374080 57
112943040 1
112896000 370
112521150 10
112500000 3
112394240 8
112021056 21
112000000 36
111974400 368
111628125 2
111602610 2
111476736 46
111132000 182
110638080 30
110592000 239
110270727 1
110250000 19
110224800 247
110100480 13
109760000 48
109734912 74
109375000 1
109350000 55
108909360 17
108864000 945
108380160 143
108045000 12
108020304 23
108000000 98
107564800 4
107520000 173
107495424 35
107187500 2
107163000 117
106686720 204
106312500 3
106288200 17
106168320 51
105884100 3
105840000 362
105815808 64
105369600 91
105019740 14
105000000 14
104976000 299
104857600 1
104509440 361
104186250 8
104162436 6
103723200 85
103680000 442
103335750 13
103262208 1
103219200 148
102900000 28
102876480 240
102400000 11
102060000 306
102036672 8
101648736 4
101606400 653
101269035 3
101250000 4
101154816 11
100842000 13
100800000 289
100776960 168
100352000 61
100018800 147
100000000 2
99574272 23
99532800 372
99225000 46
99202320 70
99090432 17
98784000 228
98415000 36
98344960 8
98304000 29
98018424 5
98000000 22
97977600 739
97542144 67
97240500 23
97200000 229
96808320 23
96768000 661
96468750 1
96446700 62
96337920 26
96040000 21
96018048 69
96000000 47
95681250 4
95659380 4
95551488 18
95295690 1
95256000 571
94832640 164
94517766 3
94500000 59
94478400 182
94371840 12
94119200 2
94080000 194
94058496 90
93767625 2
93350880 91
93312000 616
92897280 208
92610000 93
92588832 32
92198400 48
92160000 193
91875000 1
91854000 221
91750400 17
91445760 428
91125000 12
90757800 16
90720000 681
90699264 43
90354432 1
90316800 278
90016920 75
90000000 28
89915392 2
89600000 67
89579520 231
89302500 38
89282088 6
88905600 376
88573500 8
88510464 8
88473600 127
88236750 1
88200000 147
88179840 291
87808000 50
87516450 10
87480000 237
87127488 6
87091200 901
86802030 9
86704128 27
86436000 74
86400000 264
86113125 1
86093442 2
86051840 2
86016000 162
85750000 2
85730400 397
85349376 62
85050000 127
85030560 40
84934656 9
84707280 5
84672000 668
84295680 34
84035000 1
84015792 20
84000000 83
83980800 413
83607552 67
83349000 107
82978560 85
82944000 555
82687500 3
82668600 89
82575360 55
82320000 92
82301184 110
82012500 9
81920000 22
81682020 10
81648000 940
81285120 332
81033750 3
81015228 7
81000000 86
80673600 15
80640000 485
80621568 53
80372250 18
80281600 35
80015040 239
80000000 8
79716150 2
79626240 119
79413075 1
79380000 326
79361856 55
79027200 236
78764805 2
78750000 6
78732000 152
78643200 14
78400000 64
78382080 537
77792400 77
77760000 600
77446656 5
77414400 461
77175000 22
77157360 133
77070336 6
76832000 30
76800000 112
76545000 124
76527504 3
76236552 2
76204800 862
75937500 1
75866112 33
75631500 6
75600000 330
75582720 145
75497472 3
75264000 236
75014100 57
75000000 4
74680704 43
74649600 531
74418750 2
74401740 20
74317824 41
74118870 1
74088000 301
73811250 3
73758720 33
73728000 165
73513818 1
73500000 27
73483200 587
73400320 5
73156608 113
72930375 2
72900000 135
72606240 26
72576000 1177
72335025 2
72253440 130
72030000 22
72013536 56
72000000 111
71680000 94
71663616 37
71442000 312
71124480 286
70875000 28
70858800 59
70778880 27
70589400 2
70560000 442
70543872 115
70246400 45
70013160 39
70000000 10
69984000 629
69672960 495
69457500 25
69441624 16
69148800 100
69120000 474
68890500 55
68841472 2
68812800 105
68600000 29
68584320 455
68068350 4
68040000 622
68024448 21
67765824 3
67737600 697
67512690 16
67500000 16
67436544 10
67228000 8
67200000 208
67184640 307
66961566 2
66679200 310
66382848 31
66355200 368
66150000 122
66134880 160
66060288 11
65856000 165
65625000 1
65610000 99
65536000 8
65345616 5
65318400 1188
65028096 75
64827000 51
64800000 344
64538880 17
64512000 558
64312500 3
64297800 195
64225280 5
64012032 120
64000000 37
63787500 18
63772920 16
63700992 29
63530460 4
63504000 875
63221760 108
63026250 1
63011844 5
63000000 97
62985600 337
62914560 4
62720000 95
62705664 142
62511750 17
62500000 1
62233920 107
62208000 853
62001450 16
61931520 180
61740000 168
61725888 79
61509375 1
61465600 29
61440000 112
61261515 2
61250000 3
61236000 559
60963840 599
60750000 23
60505200 18
60480000 865
60466176 58
60236288 1
60211200 188
60025000 2
60011280 148
60000000 23
59719680 258
59535000 137
59521392 21
59270400 437
59062500 1
59049000 56
59006976 4
58982400 91
58824500 1
58800000 158
58786560 591
58720256 1
58344300 40
58320000 528
58084992 8
58060800 1002
57881250 2
57868020 46
57802752 24
57624000 57
57600000 262
57408750 11
57395628 1
57344000 72
57177414 2
57153600 842
56953125 1
56899584 85
56723625 1
56700000 219
56687040 93
56623104 9
56471520 2
56448000 636
56260575 1
56250000 3
56197120 13
56010528 36
56000000 49
55987200 755
55738368 108
55566000 248
55319040 72
55296000 512
55125000 8
55112400 266
55050240 34
54880000 64
54867456 163
54675000 31
54454680 22
54432000 1427
54190080 325
54022500 15
54010152 27
54000000 122
53782400 14
53760000 321
53747712 71
53581500 89
53343360 358
53156250 1
53144100 17
53084160 122
52920000 502
52907904 106
52684800 144
52509870 17
52500000 11
52488000 374
52428800 9
52254720 743
52093125 1
52081218 4
51861600 144
51840000 760
51667875 3
51631104 2
51609600 380
51450000 31
51438240 295
51380224 2
51200000 53
51030000 327
51018336 11
50824368 1
50803200 1117
50625000 11
50577408 28
50421000 12
50400000 366
50388480 299
50176000 116
50009400 157
50000000 1
49787136 47
49766400 704
49612500 36
49601160 50
49545216 27
49392000 324
49207500 23
49172480 12
49152000 100
49009212 5
49000000 28
48988800 1063
48771072 173
48620250 9
48600000 263
48404160 22
48384000 1175
48223350 22
48168960 53
48020000 22
48009024 92
48000000 88
47840625 1
47829690 1
47775744 62
47647845 2
47628000 683
47416320 305
47258883 2
47250000 56
47239200 216
47185920 39
47059600 4
47040000 288
47029248 186
46675440 84
46656000 983
46448640 465
46305000 85
46294416 60
46099200 85
46080000 409
45937500 1
45927000 203
45875200 38
45722880 755
45378900 7
45360000 984
45349632 70
45177216 4
45158400 536
45018750 4
45008460 63
45000000 40
44957696 3
44800000 93
44789760 440
44651250 17
44641044 3
44452800 491
44286750 5
44255232 26
44236800 297
44100000 158
44089920 398
44040192 3
43904000 95
43758225 4
43740000 297
43563744 15
43545600 1670
43401015 3
43352064 60
43218000 79
43200000 427
43025920 5
43008000 296
42875000 3
42865200 457
42674688 145
42525000 91
42515280 40
42467328 20
42353640 1
42336000 1067
42147840 69
42017500 3
42007896 21
42000000 87
41990400 703
41943040 1
41803776 209
41674500 73
41489280 127
41472000 949
41343750 3
41334300 54
41287680 123
41160000 123
41150592 183
40960000 52
40841010 8
40824000 1097
40642560 745
40507614 7
40500000 76
40336800 25
40320000 821
40310784 101
40186125 1
40140800 67
40007520 298
40000000 20
39813120 318
39690000 315
39680928 77
39530064 1
39513600 390
39375000 11
39366000 141
39337984 1
39321600 59
39200000 76
39191040 892
38896200 90
38880000 745
38723328 10
38707200 957
38587500 14
38578680 126
38535168 10
38416000 37
38400000 149
38272500 67
38263752 7
38102400 1288
37933056 74
37815750 2
37800000 402
37791360 246
37748736 6
37647680 4
37632000 402
37507050 37
37500000 4
37340352 58
37324800 1033
37200870 14
37158912 114
37044000 359
36905625 1
36879360 38
36864000 354
36756909 4
36750000 31
36741600 671
36700160 7
36578304 274
36450000 119
36303120 28
36288000 1848
36126720 248
36015000 15
36006768 67
36000000 134
35840000 133
35831808 91
35721000 273
35562240 482
35437500 12
35429400 56
35389440 102
35294700 4
35280000 535
35271936 179
35123200 61
35006580 42
35000000 11
34992000 826
34836480 972
34728750 11
34720812 19
34574400 140
34560000 777
34445250 23
34420736 2
34406400 186
34300000 30
34292160 592
34034175 2
34020000 697
34012224 37
33882912 7
33868800 1165
33756345 5
33750000 14
33718272 10
33614000 9
33600000 301
33592320 504
33339600 339
33191424 45
33177600 704
33075000 80
33067440 213
33030144 13
32928000 233
32805000 52
32768000 32
32672808 8
32659200 1872
32514048 170
32413500 36
32400000 440
32269440 22
32256000 979
32148900 114
32112640 16
32006016 144
32000000 38
31893750 4
31886460 9
31850496 52
31765230 3
31752000 1071
31610880 234
31505922 4
31500000 108
31492800 431
31457280 13
31360000 140
31352832 292
31255875 5
31250000 1
31116960 116
31104000 1416
31000725 3
30965760 434
30870000 114
30862944 117
30732800 34
30720000 202
30625000 4
30618000 533
30481920 1052
30375000 31
30252600 13
30240000 1184
30233088 97
30105600 305
30012500 1
30005640 139
30000000 27
29859840 553
29767500 90
29760696 24
29647548 1
29635200 636
29524500 34
29503488 17
29491200 207
29400000 177
29393280 802
29360128 4
29172150 17
29160000 582
29042496 14
29030400 1812
28934010 17
28901376 32
28812000 58
28800000 389
28704375 2
28672000 99
28576800 938
28449792 145
28350000 222
28343520 129
28311552 10
28235760 4
28224000 1009
28125000 2
28098560 24
28005264 43
28000000 54
27993600 1102
27869184 206
27783000 193
27659520 111
27648000 852
27562500 11
27556200 224
27525120 69
27440000 79
27433728 283
27337500 15
27227340 14
27216000 1829
27095040 634
27011250 7
27005076 23
27000000 116
26891200 13
26880000 494
26873856 150
26790750 35
26671680 464
26572050 6
26542080 300
26460000 492
26453952 124
26342400 244
26254935 7
26250000 7
26244000 411
26214400 16
26127360 1284
25930800 108
25920000 1087
25815552 6
25804800 721
25725000 20
25719120 334
25690112 6
25600000 54
25515000 230
25509168 8
25412184 2
25401600 1689
25312500 2
25288704 54
25210500 8
25200000 467
25194240 474
25165824 1
25088000 167
25004700 141
25000000 5
24893568 75
24883200 1237
24806250 12
24800580 58
24772608 67
24706290 1
24696000 392
24603750 5
24586240 31
24576000 193
24504606 4
24500000 24
24494400 1346
24385536 298
24310125 7
24300000 251
24202080 28
24192000 1912
24111675 10
24084480 114
24010000 14
24004512 97
24000000 104
23887872 111
23814000 646
23708160 459
23625000 42
23619600 164
23592960 66
23529800 1
23520000 428
23514624 310
23337720 81
23328000 1322
23224320 945
23152500 41
23147208 41
23049600 128
23040000 603
22963500 108
22937600 67
22861440 1078
22781250 1
22689450 9
22680000 1098
22674816 79
22588608 3
22579200 944
22504230 34
22500000 19
22478848 4
22400000 134
22394880 759
22325625 3
22320522 3
22226400 559
22143375 3
22127616 38
22118400 555
22050000 154
22044960 475
22020096 15
21952000 127
21870000 248
21781872 19
21772800 2538
21676032 158
21609000 57
21600000 469
21512960 14
21504000 581
21437500 1
21432600 388
21337344 221
21262500 42
21257640 43
21233664 49
21176820 4
21168000 1403
21073920 128
21003948 21
21000000 95
20995200 877
20971520 1
20901888 361
20837250 33
20744640 190
20736000 1559
20667150 44
20643840 260
20580000 126
20575296 223
20480000 78
20420505 4
20412000 1186
20321280 1158
20253807 2
20250000 64
20168400 16
20160000 1005
20155392 174
20070400 114
20003760 302
20000000 18
19906560 573
19845000 241
19840464 61
19756800 601
19687500 4
19683000 139
19668992 11
19660800 100
19600000 82
19595520 1331
19448100 65
19440000 1009
19361664 17
19353600 1631
19293750 5
19289340 107
19267584 24
19208000 47
19200000 233
19136250 21
19131876 5
19059138 1
19051200 1522
18966528 132
18907875 1
18900000 353
18895680 329
18874368 10
18823840 1
18816000 630
18753525 7
18750000 4
18670176 62
18662400 1602
18600435 5
18579456 201
18522000 349
18439680 89
18432000 631
18375000 16
18370800 640
18350080 22
18289152 378
18225000 70
18151560 33
18144000 2408
18063360 452
18007500 13
18003384 46
18000000 158
17920000 180
17915904 197
17860500 187
17781120 628
17718750 2
17714700 37
17694720 255
17640000 589
17635968 266
17561600 106
17503290 29
17500000 8
17496000 930
17418240 1512
17364375 3
17360406 7
17287200 171
17280000 1076
17222625 4
17210368 2
17203200 407
17150000 17
17146080 719
17010000 594
17006112 26
16941456 3
16934400 1638
16875000 3
16859136 24
16807000 5
16800000 368
16796160 753
16669800 287
16595712 76
16588800 1240
16537500 29
16533720 159
16515072 47
16464000 328
16402500 42
16384000 58
16336404 6
16329600 2265
16257024 305
16206750 13
16200000 427
16134720 19
16128000 1543
16074450 51
16056320 31
16003008 213
16000000 40
15946875 5
15943230 8
15925248 129
15882615 2
15876000 1100
15805440 366
15752961 5
15750000 68
15746400 440
15728640 30
15680000 189
15676416 438
15558480 147
15552000 1866
15482880 773
15435000 75
15431472 119
15366400 44
15360000 327
15312500 1
15309000 389
15240960 1438
15187500 8
15126300 11
15120000 1394
15116544 116
15052800 481
15006250 3
15002820 104
15000000 18
14929920 912
14883750 37
14880348 14
14817600 639
14762250 16
14751744 32
14745600 384
14700000 124
14696640 965
14680064 1
14586075 8
14580000 558
14521248 14
14515200 2804
14467005 5
14450688 74
14406000 62
14400000 428
14336000 191
14288400 816
14224896 212
14175000 149
14171760 113
14155776 38
14117880 5
14112000 1266
14049280 43
14002632 28
14000000 58
13996800 1430
13934592 397
13891500 111
13829760 159
13824000 1332
13781250 4
13778100 132
13762560 147
13720000 71
13716864 395
13668750 11
13613670 11
13608000 1931
13547520 1023
13502538 15
13500000 109
13445600 8
13440000 634
13436928 236
13395375 9
13335840 511
13286025 3
13271040 540
13230000 397
13226976 145
13171200 315
13125000 12
13122000 341
13107200 20
13063680 1844
12965400 104
12960000 1235
12907776 8
12902400 1191
12862500 4
12859560 274
12845056 13
12800000 87
12757500 144
12754584 9
12706092 1
12700800 1958
12644352 87
12605250 1
12600000 453
12597120 563
12582912 4
12544000 235
12502350 56
12500000 2
12446784 78
12441600 1881
12403125 5
12400290 22
12386304 136
12348000 380
12301875 2
12293120 34
12288000 295
12250000 14
12247200 1313
12192768 473
12150000 187
12101040 30
12096000 2500
12042240 220
12005000 14
12002256 104
12000000 129
11943936 207
11907000 487
11854080 614
11812500 20
11809800 121
11796480 123
11760000 381
11757312 435
11668860 48
11664000 1505
11612160 1567
11576250 24
11573604 37
11524800 121
11520000 852
11481750 46
11468800 103
11430720 1218
11390625 1
11340000 1021
11337408 81
11294304 2
11289600 1336
11252115 7
11250000 10
11239424 7
11200000 154
11197440 1127
11113200 506
11063808 48
11059200 995
11025000 59
11022480 440
11010048 9
10976000 139
10937500 2
10935000 162
10890936 17
10886400 3108
10838016 243
10804500 39
10800000 546
10756480 20
10752000 764
10716300 249
10668672 282
10631250 23
10628820 28
10616832 102
10588410 4
10584000 1375
10536960 178
10501974 15
10500000 80
10497600 910
10485760 10
10450944 588
10418625 6
10372320 174
10368000 2045
10333575 6
10321920 493
10290000 105
10287648 252
10240000 105
10206000 949
10160640 1594
10125000 42
10084200 12
10080000 1211
10077696 232
10035200 179
10001880 230
10000000 15
9953280 994
9922500 138
9920232 40
9882516 1
9878400 642
9843750 1
9841500 66
9834496 4
9830400 172
9800000 79
9797760 1635
9724050 25
9720000 943
9680832 16
9676800 2333
9646875 4
9644670 39
9633792 42
9604000 29
9600000 304
9568125 2
9565938 1
9529569 1
9525600 1442
9483264 212
9450000 265
9447840 272
9437184 13
9411920 3
9408000 766
9375000 1
9335088 60
9331200 2128
9289728 334
9261000 241
9219840 101
9216000 955
9187500 11
9185400 437
9175040 38
9144576 522
9112500 33
9075780 14
9072000 2710
9031680 744
9003750 4
9001692 41
9000000 139
8960000 240
8957952 305
8930250 66
8890560 715
8857350 15
8847360 390
8820000 517
8817984 289
8780800 113
8751645 7
8750000 4
8748000 783
8709120 2231
8680203 1
8643600 109
8640000 1330
8605184 5
8601600 532
8575000 14
8573040 690
8505000 357
8503056 31
8467200 1979
8437500 3
8429568 54
8400000 349
8398080 1021
8334900 157
8297856 72
8294400 1856
8268750 16
8266860 110
8257536 85
8232000 318
8201250 21
8192000 109
8168202 3
8164800 2330
8128512 450
8103375 3
8100000 315
8067360 19
8064000 1963
8037225 10
8028160 51
8001504 174
8000000 56
7971615 1
7962624 219
7938000 869
7902720 477
7875000 46
7873200 359
7864320 38
7840000 183
7838208 630
7812500 2
7779240 111
7776000 2101
7741440 1241
7717500 56
7715736 94
7683200 44
7680000 470
7654500 213
7620480 1733
7593750 1
7563150 6
7560000 1243
7558272 177
7526400 756
7501410 41
7500000 20
7464960 1297
7441875 4
7440174 7
7408800 665
7375872 43
7372800 618
7350000 82
7348320 903
7340032 6
7290000 406
7260624 15
7257600 3387
7225344 150
7203000 34
7200000 523
7168000 283
7144200 628
7112448 319
7087500 64
7085880 82
7077888 66
7058940 2
7056000 1351
7024640 62
7001316 34
7000000 50
6998400 1539
6967296 574
6945750 47
6914880 164
6912000 1780
6889050 57
6881280 187
6860000 58
6858432 399
6834375 1
6804000 1684
6773760 1421
6751269 4
6750000 72
6722800 7
6720000 836
6718464 352
6667920 464
6635520 901
6615000 260
6613488 122
6585600 415
6562500 1
6561000 227
6553600 45
6531840 2274
6482700 64
6480000 1283
6453888 4
6451200 1654
6431250 4
6429780 157
6422528 15
6400000 104
6378750 52
6377292 4
6350400 2052
6322176 154
6300000 356
6298560 559
6291456 7
6272000 275
6251175 13
6250000 1
6223392 86
6220800 2475
6200145 3
6193152 242
6174000 329
6146560 36
6144000 441
6125000 11
6123600 1041
6096384 588
6075000 103
6050520 26
6048000 2758
6021120 330
6002500 12
6001128 99
6000000 111
5971968 326
5953500 264
5927040 730
5906250 5
5904900 52
5898240 214
5882450 1
5880000 414
5878656 513
5834430 22
5832000 1447
5806080 2173
5788125 1
5786802 18
5762400 104
5760000 988
5740875 10
5734400 179
5715360 1149
5670000 741
5668704 76
5647152 2
5644800 1568
5625000 16
5619712 16
5600000 150
5598720 1396
5556600 327
5531904 78
5529600 1446
5512500 37
5511240 301
5505024 53
5488000 133
5467500 76
5445468 9
5443200 3191
5419008 365
5402250 8
5400000 446
5378240 9
5376000 973
5358150 93
5334336 306
5315625 3
5314410 5
5308416 165
5292000 1184
5268480 269
5250987 3
5250000 49
5248800 794
5242880 9
5225472 808
5186160 152
5184000 2422
5160960 760
5145000 68
5143824 186
5120000 149
5103000 616
5080320 1888
5062500 7
5042100 9
5040000 1168
5038848 284
5017600 227
5000940 136
5000000 11
4976640 1445
4961250 39
4960116 29
4939200 658
4920750 25
4917248 11
4915200 274
4900000 65
4898880 1592
4862025 5
4860000 740
4840416 25
4838400 3007
4822335 11
4816896 80
4802000 35
4800000 306
4762800 1181
4741632 264
4725000 167
4723920 211
4718592 31
4705960 1
4704000 776
4667544 35
4665600 2241
4644864 564
4630500 116
4609920 99
4608000 1210
4593750 5
4592700 206
4587520 56
4572288 565
4556250 7
4537890 3
4536000 2485
4515840 964
4501875 1
4500846 26
4500000 106
4480000 294
4478976 436
4465125 11
4445280 629
4428675 1
4423680 598
4410000 342
4408992 255
4390400 143
4375000 4
4374000 588
4354560 2668
4321800 105
4320000 1362
4302592 3
4300800 772
4287500 3
4286520 424
4252500 172
4251528 16
4235364 5
4233600 2093
4218750 2
4214784 73
4201750 2
4200000 293
4199040 976
4167450 56
4148928 72
4147200 2434
4133430 43
4128768 142
4116000 240
4100625 2
4096000 124
4082400 1974
4064256 588
4050000 215
4033680 17
4032000 2187
4014080 101
4000752 177
4000000 43
3981312 346
3969000 568
3951360 604
3937500 17
3936600 216
3932160 90
3920000 166
3919104 727
3889620 65
3888000 2059
3870720 1745
3858750 10
3857868 61
3841600 67
3840000 578
3827250 76
3810240 1628
3796875 1
3781575 2
3780000 1025
3779136 143
3763200 829
3750705 9
3750000 6
3732480 1762
3720087 1
3704400 522
3687936 35
3686400 907
3675000 59
3674160 687
3670016 10
3645000 236
3630312 13
3628800 3793
3612672 203
3601500 14
3600000 482
3584000 310
3572100 284
3556224 325
3543750 21
3542940 35
3538944 104
3529470 2
3528000 1181
3512320 77
3500658 8
3500000 43
3499200 1409
3483648 789
3472875 7
3457440 152
3456000 2111
3444525 9
3440640 326
3430000 29
3429216 396
3402000 1227
3386880 1716
3375000 44
3361400 3
3360000 757
3359232 413
3333960 293
3317760 1203
3307500 135
3306744 76
3292800 402
3281250 1
3280500 103
3276800 64
3265920 2263
3241350 27
3240000 1047
3226944 12
3225600 2152
3215625 1
3214890 62
3211264 13
3200000 116
3189375 3
3175200 1664
3161088 183
3150000 219
3149280 468
3145728 19
3136000 306
3125000 2
3111696 62
3110400 2782
3096576 371
3087000 179
3073280 45
3072000 569
3062500 2
3061800 675
3048192 677
3037500 41
3025260 10
3024000 2692
3010560 472
3000564 63
3000000 84
2985984 475
2976750 73
2963520 659
2953125 1
2952450 19
2949120 362
2940000 330
2939328 456
2917215 14
2916000 1125
2903040 2687
2893401 7
2881200 89
2880000 1053
2867200 198
2857680 873
2835000 401
2834352 70
2823576 2
2822400 1624
2812500 4
2809856 14
2800000 134
2799360 1479
2778300 207
2765952 84
2764800 1925
2756250 15
2755620 162
2752512 61
2744000 110
2733750 15
2722734 7
2721600 2901
2709504 467
2701125 2
2700000 360
2689120 8
2688000 1161
2679075 11
2667168 265
2657205 1
2654208 244
2646000 822
2634240 280
2625000 28
2624400 558
2621440 19
2612736 900
2593080 86
2592000 2389
2580480 1019
2572500 25
2571912 143
2560000 201
2551500 289
2540160 1835
2531250 3
2521050 4
2520000 1004
2519424 299
2508800 252
2500470 62
2500000 6
2488320 1793
2480625 5
2480058 18
2469600 513
2460375 4
2458624 8
2457600 361
2450000 38
2449440 1395
2430000 501
2420208 16
2419200 3444
2408448 98
2401000 14
2400000 289
2381400 706
2370816 313
2362500 52
2361960 123
2359296 55
2352980 1
2352000 789
2333772 24
2332800 2199
2322432 730
2315250 41
2304960 90
2304000 1484
2296350 96
2293760 93
2286144 614
2268945 3
2268000 1838
2257920 1147
2250423 6
2250000 54
2240000 296
2239488 529
2222640 502
2211840 930
2205000 211
2204496 193
2195200 163
2187500 1
2187000 348
2177280 2969
2160900 46
2160000 1186
2151296 2
2150400 968
2143750 2
2143260 246
2126250 46
2125764 14
2116800 1947
2107392 79
2100875 1
2100000 188
2099520 898
2097152 3
2083725 16
2074464 94
2073600 2789
2066715 7
2064384 208
2058000 172
2048000 161
2041200 1412
2032128 728
2025000 106
2016840 9
2016000 2121
2007040 110
2000376 131
2000000 43
1990656 467
1984500 249
1975680 548
1968750 2
1968300 112
1966080 144
1960000 168
1959552 797
1944810 25
1944000 1702
1935360 2115
1929375 1
1928934 19
1920800 46
1920000 563
1913625 14
1905120 1354
1890000 635
1889568 128
1882384 1
1881600 900
1875000 3
1866240 1896
1852200 303
1843968 40
1843200 1140
1837500 20
1837080 421
1835008 12
1822500 91
1815156 4
1814400 3403
1806336 287
1800750 12
1800000 345
1792000 369
1786050 111
1778112 331
1771875 4
1771470 14
1769472 164
1764000 860
1756160 107
1750329 4
1750000 15
1749600 1112
1741824 1007
1728720 107
1728000 2190
1720320 395
1715000 23
1714608 313
1701000 626
1693440 1770
1687500 11
1680000 683
1679616 445
1666980 162
1658880 1608
1653750 52
1653372 31
1646400 366
1640250 32
1638400 85
1632960 2124
1620675 5
1620000 764
1613472 9
1612800 2317
1607445 14
1605632 24
1600000 118
1587600 1149
1580544 192
1575000 107
1574640 355
1572864 18
1568000 283
1555848 51
1555200 2848
1548288 491
1543500 88
1536640 45
1536000 680
1531250 4
1530900 327
1524096 720
1518750 12
1512630 6
1512000 2052
1505280 559
1500282 24
1500000 60
1492992 622
1488375 17
1481760 524
1476225 5
1474560 488
1470000 193
1469664 397
1458000 741
1451520 2848
1440600 44
1440000 1019
1433600 269
1428840 495
1417500 153
1417176 34
1411788 1
1411200 1516
1406250 2
1404928 22
1400000 96
1399680 1400
1389150 61
1382976 74
1382400 2165
1378125 1
1377810 37
1376256 86
1372000 96
1361367 2
1360800 2192
1354752 561
1350000 199
1344560 12
1344000 1131
1333584 196
1327104 351
1323000 449
1317120 313
1312500 11
1312200 331
1310720 18
1306368 985
1296540 64
1296000 2088
1290240 1335
1286250 11
1285956 69
1280000 167
1275750 78
1270080 1682
1260525 1
1260000 717
1259712 262
1254400 281
1250235 17
1250000 3
1244160 2046
1240029 2
1234800 371
1229312 6
1228800 522
1225000 25
1224720 925
1215000 244
1210104 9
1209600 3193
1204224 124
1200500 8
1200000 250
1190700 338
1185408 302
1181250 26
1180980 65
1179648 81
1176000 578
1166886 10
1166400 1815
1161216 860
1157625 8
1152480 86
1152000 1464
1148175 13
1146880 104
1143072 447
1134000 1218
1128960 1272
1125000 30
1120000 271
1119744 551
1111320 293
1105920 1105
1102500 95
1102248 104
1097600 123
1093500 141
1088640 2599
1080450 23
1080000 896
1075648 1
1075200 1129
1071875 1
1071630 75
1063125 2
1062882 4
1058400 1443
1053696 97
1050000 129
1049760 664
1048576 4
1037232 77
1036800 2870
1032192 292
1029000 88
1024000 190
1020600 797
1016064 702
1012500 43
1008420 5
1008000 1868
1003520 141
1000188 62
1000000 29
995328 537
992250 68
987840 445
984375 2
984150 29
983040 178
980000 95
979776 705
972405 7
972000 1239
967680 2304
964467 2
960400 28
960000 565
952560 873
945000 314
944784 80
940800 825
937500 2
933120 1778
926100 138
921984 31
921600 1336
918750 6
918540 225
917504 21
911250 25
907578 1
907200 2889
903168 328
900375 1
900000 239
896000 358
893025 16
889056 231
885735 3
884736 263
882000 537
878080 87
875000 3
874800 697
870912 1058
864360 62
864000 2007
860160 538
857500 6
857304 155
850500 273
846720 1435
843750 1
840350 2
840000 500
839808 387
833490 57
829440 1859
826875 1
826686 18
823200 261
820125 3
819200 109
816480 1592
810000 459
806736 5
806400 2331
802816 30
800000 106
793800 602
790272 208
787500 32
787320 175
786432 40
784000 242
781250 1
777924 25
777600 2271
774144 607
771750 33
768320 34
768000 763
765450 97
762048 637
756315 1
756000 1446
752640 552
750141 4
750000 34
746496 658
740880 354
737280 608
735000 88
734832 279
729000 351
725760 2673
720300 24
720000 792
716800 317
714420 270
708750 51
708588 10
705894 1
705600 1213
702464 24
700000 74
699840 1147
694575 13
691488 46
691200 2369
688905 5
688128 126
686000 45
680400 1474
677376 571
675000 85
672280 3
672000 1034
666792 114
663552 424
661500 218
658560 243
656250 2
656100 139
655360 48
653184 826
648270 18
648000 1611
645120 1394
643125 3
642978 31
640000 158
637875 10
635040 1247
630000 397
629856 204
627200 260
625000 2
622080 1990
617400 184
614656 11
614400 583
612500 9
612360 524
607500 139
605052 1
604800 2793
602112 148
600250 2
600000 147
595350 104
592704 222
590625 1
590490 20
589824 110
588000 439
583443 3
583200 1247
580608 970
576240 44
576000 1506
573440 132
571536 327
567000 628
564480 1081
562500 10
560000 195
559872 559
555660 157
552960 1253
551250 19
551124 53
548800 103
546750 35
544320 2077
540225 1
540000 634
537824 1
537600 1101
535815 17
531441 2
529200 841
526848 89
525000 58
524880 439
524288 7
518616 32
518400 2520
516096 349
514500 54
512000 207
510300 332
508032 647
506250 13
504210 2
504000 1330
501760 171
500094 27
500000 20
497664 679
496125 7
493920 363
492075 8
491520 261
490000 57
489888 495
486000 713
483840 2191
480200 18
480000 507
476280 515
472500 134
472392 53
470400 654
466560 1632
463050 53
460992 25
460800 1391
459375 1
459270 51
458752 24
455625 3
453600 2012
451584 395
450000 120
448000 320
444528 159
442368 299
441000 277
439040 79
437500 7
437400 378
435456 1026
432180 32
432000 1608
430080 586
428750 3
428652 100
425250 85
423360 1197
420000 325
419904 304
416745 14
414720 1781
413343 7
411600 153
409600 140
408240 986
405000 212
403368 6
403200 2068
401408 38
400000 69
396900 285
395136 178
393750 6
393660 83
393216 45
392000 135
388962 9
388800 1818
387072 698
385875 4
384160 19
384000 667
382725 10
381024 437
378000 859
376320 518
375000 11
373248 635
370440 207
368640 722
367500 40
367416 131
364500 139
362880 2215
360150 15
360000 552
358400 318
357210 64
354375 3
354294 6
352800 799
351232 33
350000 41
349920 750
345744 39
345600 2086
344064 127
343000 32
340200 691
338688 523
337500 45
336140 3
336000 804
333396 47
331776 518
330750 78
329280 197
328050 48
327680 52
326592 728
324135 3
324000 1015
322560 1364
321489 2
320000 147
317520 740
315000 181
314928 106
313600 224
311040 1815
308700 64
307328 13
307200 571
306250 2
306180 230
303750 31
302526 3
302400 2067
301056 152
300125 2
300000 113
297675 16
296352 165
294912 140
294000 231
291600 716
290304 932
288120 33
288000 1256
286720 160
285768 169
283500 256
282240 894
281250 1
280000 136
279936 481
277830 47
276480 1351
275625 4
275562 17
274400 72
273375 3
272160 1388
270000 309
268912 2
268800 983
264600 441
263424 90
262500 22
262440 218
262144 6
259308 17
259200 1982
258048 416
257250 8
256000 234
255150 100
254016 476
253125 1
252000 873
250880 143
250047 6
250000 10
248832 668
246960 219
245760 278
245000 28
244944 324
243000 345
241920 2002
240100 5
240000 350
238140 239
236250 41
236196 12
235200 506
233280 1188
231525 7
230496 18
230400 1229
229635 6
229376 33
226800 1181
225792 334
225000 50
224000 280
222264 90
221184 319
220500 114
219520 68
218750 1
218700 156
217728 816
216090 14
216000 1154
215040 583
214375 2
214326 26
212625 9
211680 837
210000 169
209952 193
207360 1605
205800 91
204800 153
204120 499
202500 73
201684 2
201600 1507
200704 49
200000 47
198450 66
197568 118
196830 20
196608 41
196000 107
194481 2
194400 1096
193536 691
192080 13
192000 550
190512 275
189000 408
188160 467
187500 5
186624 539
185220 80
184320 733
183750 11
183708 76
182250 40
181440 1605
180075 1
180000 324
179200 290
178605 13
176400 448
175616 22
175000 17
174960 456
172872 24
172800 1688
172032 140
171500 12
170100 287
169344 467
168750 3
168070 1
168000 514
166698 18
165888 507
165375 11
164640 128
164025 2
163840 54
163296 422
162000 556
161280 1211
160000 116
158760 396
157500 75
157464 59
156800 173
155520 1405
154350 23
153664 4
153600 594
153090 64
151875 1
151200 1307
150528 146
150000 56
148176 95
147456 147
147000 109
145800 346
145152 743
144060 9
144000 865
143360 161
142884 91
141750 53
141120 613
140625 1
140000 78
139968 346
138915 8
138240 1268
137781 5
137200 27
136080 823
135000 133
134400 767
132300 171
131712 75
131250 5
131220 79
131072 12
129654 4
129600 1343
129024 390
128625 3
128000 157
127575 10
127008 316
126000 496
125440 120
125000 5
124416 594
123480 110
122880 278
122500 19
122472 150
121500 116
120960 1510
120050 2
120000 221
119070 64
118125 3
118098 2
117600 361
116640 719
115248 12
115200 1071
114688 29
113400 494
112896 298
112500 19
112000 178
111132 30
110592 357
110250 33
109760 51
109350 34
108864 589
108045 1
108000 645
107520 538
107163 4
105840 471
105000 81
104976 104
103680 1376
102900 22
102400 151
102060 222
101250 14
100800 1019
100352 39
100000 36
99225 15
98784 86
98415 3
98304 53
98000 57
97200 597
96768 586
96040 8
96000 475
95256 159
94500 179
94080 337
93312 398
92610 27
92160 680
91875 1
91854 9
91125 3
90720 1032
90000 167
89600 240
88200 215
87808 16
87500 3
87480 199
86436 6
86400 1263
86016 128
85750 5
85050 76
84672 284
84375 1
84035 1
84000 313
83349 1
82944 460
82320 65
81920 59
81648 271
81000 236
80640 1035
80000 74
79380 147
78750 14
78732 28
78400 87
77760 957
77175 3
76832 11
76800 501
76545 12
75600 685
75264 117
75000 15
74088 52
73728 154
73500 34
72900 135
72576 553
72030 2
72000 526
71680 129
71442 16
70875 11
70560 371
70000 31
69984 225
69120 1026
68600 19
68040 360
67500 48
67200 565
66150 40
65856 37
65610 24
65536 19
64827 1
64800 825
64512 338
64000 130
63504 194
63000 172
62720 100
62500 2
62208 454
61740 45
61440 276
61250 1
61236 74
60750 30
60480 1015
60000 91
59535 6
59049 1
58800 170
58320 383
57624 9
57600 821
57344 28
56700 177
56448 226
56250 1
56000 116
55566 10
55296 344
55125 6
54880 31
54675 5
54432 350
54000 338
53760 398
52920 186
52500 29
52488 54
51840 1003
51450 5
51200 130
51030 54
50625 1
50400 629
50176 33
50000 14
49392 54
49152 69
49000 23
48600 261
48384 469
48020 4
48000 306
47628 61
47250 20
47040 242
46656 250
46305 5
46080 615
45927 3
45360 565
45000 66
44800 167
44100 86
43904 11
43740 65
43218 2
43200 753
43008 120
42875 1
42525 8
42336 200
42000 164
41472 415
41160 35
40960 61
40824 123
40500 83
40320 716
40000 55
39690 37
39375 2
39366 5
39200 57
38880 561
38416 4
38400 374
37800 292
37632 98
37500 9
37044 23
36864 180
36750 15
36450 26
36288 388
36000 298
35840 108
35721 1
35280 201
35000 13
34992 117
34560 780
34300 6
34020 145
33750 8
33600 326
33075 4
32928 17
32805 3
32768 8
32400 418
32256 275
32000 96
31752 82
31500 76
31360 69
31250 1
31104 329
30870 11
30720 248
30618 11
30375 1
30240 583
30000 65
29400 77
29160 135
28812 2
28800 591
28672 28
28350 60
28224 137
28000 68
27783 3
27648 247
27440 14
27216 192
27000 99
26880 340
26460 81
26250 4
26244 19
25920 571
25725 1
25600 101
25515 5
25200 259
25088 18
25000 5
24696 17
24576 56
24500 11
24300 88
24192 310
24010 1
24000 187
23814 22
23625 2
23520 135
23328 182
23040 471
22680 247
22500 24
22400 106
22050 20
21952 7
21870 14
21600 468
21504 125
21168 91
21000 75
20736 288
20580 14
20480 46
20412 50
20250 15
20160 462
20000 28
19845 5
19600 31
19440 273
19208 2
19200 295
18900 86
18816 63
18750 2
18522 9
18432 138
18375 1
18225 2
18144 236
18000 137
17920 87
17640 94
17500 9
17496 54
17280 509
17150 2
17010 36
16875 2
16800 196
16464 15
16384 8
16200 171
16128 199
16000 53
15876 35
15750 14
15680 39
15552 197
15435 2
15360 192
15309 1
15120 253
15000 26
14700 23
14580 56
14400 344
14336 28
14175 6
14112 77
14000 25
13824 215
13720 6
13608 75
13500 43
13440 228
13230 19
13125 1
13122 7
12960 327
12800 72
12600 109
12544 18
12348 11
12288 56
12250 2
12150 18
12096 212
12000 109
11907 1
11760 61
11664 77
11520 342
11340 89
11250 6
11200 56
11025 2
10976 6
10935 3
10800 196
10752 74
10584 35
10500 23
10368 193
10290 3
10240 39
10206 17
10125 2
10080 259
10000 13
9800 15
9720 117
9600 184
9450 22
9408 35
9261 1
9216 120
9072 96
9000 53
8960 62
8820 32
8748 19
8640 305
8505 5
8400 86
8232 7
8192 17
8100 50
8064 135
8000 29
7938 10
7875 3
7840 16
7776 108
7680 165
7560 136
7500 3
7350 2
7290 6
7200 166
7168 21
7056 33
7000 10
6912 156
6860 1
6804 39
6750 7
6720 110
6615 1
6561 2
6480 133
6400 33
6300 43
6272 10
6174 2
6144 45
6075 4
6048 107
6000 45
5880 27
5832 38
5760 188
5670 11
5600 31
5488 1
5400 102
5376 66
5292 16
5250 3
5184 107
5145 2
5120 32
5103 1
5040 104
5000 3
4900 2
4860 39
4800 89
4725 3
4704 16
4608 86
4536 47
4500 15
4480 28
4410 7
4374 7
4320 173
4200 31
4116 1
4096 11
4050 17
4032 83
4000 14
3920 6
3888 41
3840 94
3780 42
3750 1
3645 2
3600 82
3584 13
3528 12
3500 5
3456 93
3402 9
3360 66
3240 61
3200 43
3150 5
3136 6
3087 1
3072 29
3024 50
3000 14
2940 10
2916 8
2880 124
2835 1
2800 17
2700 19
2688 35
2646 2
2625 1
2592 59
2560 20
2520 42
2500 1
2450 2
2430 9
2400 49
2352 12
2304 70
2268 8
2250 1
2240 16
2205 1
2160 75
2100 11
2048 3
2025 2
2016 33
2000 5
1960 3
1944 23
1920 57
1890 9
1800 28
1792 7
1764 7
1728 58
1680 21
1620 16
1600 9
1575 3
1568 1
1536 20
1512 18
1500 2
1470 3
1458 3
1440 60
1400 8
1372 1
1350 7
1344 27
1323 3
1296 24
1280 22
1260 10
1215 1
1200 19
1176 3
1152 23
1134 4
1125 1
1120 10
1080 20
1050 2
1024 5
1008 19
1000 2
980 2
972 10
960 28
945 5
900 8
896 5
882 2
864 17
840 18
810 3
800 9
784 4
768 16
756 4
750 1
720 23
700 3
675 1
672 10
648 14
640 8
630 4
600 9
588 2
576 11
560 3
540 5
512 3
504 10
500 3
490 1
486 2
480 19
450 3
448 5
432 8
420 8
405 1
400 2
392 1
384 4
360 8
336 4
324 4
320 3
294 1
288 6
280 1
270 1
256 3
240 6
224 2
216 3
210 2
192 2
180 3
162 1
150 1
147 1
144 5
128 1
112 1
108 1
96 4
90 1
81 1
80 1
72 1
64 3
40 1
24 1
