3074 1
3046 1
3039 1
3032 1
3031 4
3030 1
3029 1
3026 1
3024 1
3022 1
3021 1
3020 2
3019 1
3018 1
3016 1
3015 1
3012 1
3010 1
3009 3
3008 2
3007 4
3006 3
3005 2
3004 1
3003 6
3002 3
3001 3
3000 1
2999 3
2998 7
2997 3
2996 3
2995 4
2994 5
2993 6
2992 1
2991 13
2990 6
2989 10
2988 10
2987 5
2986 4
2985 8
2984 9
2983 16
2982 6
2981 13
2980 9
2979 11
2978 15
2977 18
2976 16
2975 14
2974 22
2973 12
2972 10
2971 16
2970 17
2969 10
2968 15
2967 18
2966 22
2965 25
2964 20
2963 25
2962 25
2961 34
2960 32
2959 27
2958 20
2957 29
2956 40
2955 31
2954 30
2953 51
2952 41
2951 62
2950 50
2949 46
2948 46
2947 58
2946 64
2945 82
2944 57
2943 63
2942 76
2941 81
2940 69
2939 89
2938 86
2937 95
2936 74
2935 91
2934 98
2933 92
2932 114
2931 120
2930 127
2929 132
2928 141
2927 140
2926 116
2925 140
2924 145
2923 147
2922 162
2921 164
2920 189
2919 205
2918 171
2917 232
2916 216
2915 246
2914 230
2913 257
2912 255
2911 261
2910 320
2909 299
2908 288
2907 333
2906 342
2905 344
2904 364
2903 374
2902 392
2901 400
2900 376
2899 387
2898 450
2897 450
2896 478
2895 470
2894 506
2893 508
2892 533
2891 521
2890 576
2889 604
2888 671
2887 661
2886 645
2885 699
2884 677
2883 709
2882 794
2881 758
2880 794
2879 818
2878 856
2877 816
2876 942
2875 948
2874 952
2873 1003
2872 968
2871 1114
2870 1071
2869 1117
2868 1156
2867 1212
2866 1206
2865 1319
2864 1284
2863 1310
2862 1371
2861 1396
2860 1410
2859 1479
2858 1584
2857 1586
2856 1667
2855 1590
2854 1697
2853 1693
2852 1797
2851 1794
2850 1846
2849 1869
2848 1876
2847 2012
2846 1994
2845 2089
2844 2098
2843 2177
2842 2249
2841 2164
2840 2365
2839 2380
2838 2450
2837 2448
2836 2522
2835 2581
2834 2571
2833 2749
2832 2735
2831 2710
2830 2785
2829 2904
2828 3015
2827 3029
2826 3056
2825 3074
2824 3249
2823 3185
2822 3266
2821 3407
2820 3498
2819 3409
2818 3569
2817 3663
2816 3652
2815 3687
2814 3777
2813 3839
2812 3952
2811 3997
2810 4080
2809 4078
2808 4061
2807 4179
2806 4283
2805 4212
2804 4268
2803 4334
2802 4509
2801 4685
2800 4587
2799 4627
2798 4746
2797 4827
2796 4819
2795 4852
2794 4968
2793 4876
2792 4944
2791 5145
2790 5017
2789 5265
2788 5227
2787 5262
2786 5282
2785 5544
2784 5527
2783 5489
2782 5472
2781 5612
2780 5547
2779 5662
2778 5667
2777 5665
2776 5616
2775 5728
2774 5924
2773 5767
2772 5825
2771 5870
2770 5921
2769 5836
2768 5877
2767 6012
2766 5882
2765 6101
2764 6041
2763 6158
2762 5991
2761 6107
2760 6045
2759 6129
2758 6107
2757 6227
2756 6186
2755 6314
2754 6208
2753 6070
2752 6286
2751 6316
2750 6142
2749 6118
2748 6312
2747 6267
2746 6084
2745 6255
2744 6064
2743 6204
2742 6069
2741 6198
2740 6079
2739 6190
2738 6078
2737 6086
2736 6109
2735 6143
2734 6006
2733 5886
2732 5871
2731 6045
2730 5851
2729 5975
2728 5943
2727 5777
2726 5641
2725 5803
2724 5745
2723 5631
2722 5637
2721 5627
2720 5617
2719 5494
2718 5441
2717 5390
2716 5341
2715 5246
2714 5302
2713 5079
2712 5205
2711 5097
2710 5061
2709 4881
2708 4929
2707 5064
2706 5008
2705 4839
2704 4914
2703 4782
2702 4589
2701 4759
2700 4539
2699 4589
2698 4581
2697 4406
2696 4393
2695 4321
2694 4241
2693 4265
2692 4100
2691 4059
2690 4017
2689 3952
2688 3830
2687 3686
2686 3747
2685 3691
2684 3746
2683 3696
2682 3478
2681 3517
2680 3456
2679 3340
2678 3305
2677 3337
2676 3284
2675 3185
2674 3055
2673 3113
2672 2988
2671 2925
2670 2924
2669 2819
2668 2797
2667 2874
2666 2631
2665 2658
2664 2544
2663 2485
2662 2426
2661 2408
2660 2317
2659 2318
2658 2252
2657 2148
2656 2119
2655 2128
2654 2053
2653 2007
2652 1852
2651 1880
2650 1850
2649 1834
2648 1756
2647 1735
2646 1697
2645 1626
2644 1683
2643 1633
2642 1445
2641 1448
2640 1398
2639 1391
2638 1314
2637 1277
2636 1313
2635 1267
2634 1261
2633 1183
2632 1190
2631 1177
2630 1105
2629 1089
2628 985
2627 953
2626 973
2625 893
2624 932
2623 955
2622 909
2621 854
2620 816
2619 751
2618 753
2617 676
2616 716
2615 685
2614 623
2613 622
2612 626
2611 615
2610 580
2609 558
2608 511
2607 522
2606 482
2605 514
2604 473
2603 469
2602 427
2601 429
2600 393
2599 409
2598 381
2597 368
2596 352
2595 348
2594 318
2593 341
2592 295
2591 289
2590 302
2589 252
2588 271
2587 227
2586 251
2585 223
2584 205
2583 195
2582 178
2581 192
2580 170
2579 187
2578 181
2577 131
2576 144
2575 138
2574 149
2573 146
2572 148
2571 123
2570 119
2569 122
2568 99
2567 107
2566 107
2565 102
2564 90
2563 77
2562 113
2561 89
2560 71
2559 88
2558 61
2557 69
2556 65
2555 62
2554 66
2553 56
2552 45
2551 46
2550 37
2549 37
2548 44
2547 43
2546 47
2545 38
2544 39
2543 26
2542 33
2541 24
2540 22
2539 33
2538 26
2537 31
2536 28
2535 24
2534 25
2533 25
2532 28
2531 17
2530 18
2529 13
2528 19
2527 14
2526 13
2525 14
2524 19
2523 10
2522 10
2521 9
2520 7
2519 13
2518 8
2517 14
2516 10
2515 3
2514 6
2513 5
2512 6
2511 6
2510 6
2509 8
2508 2
2507 5
2506 6
2505 6
2504 2
2503 2
2502 4
2501 5
2500 6
2499 4
2498 1
2497 1
2496 3
2495 2
2494 3
2493 3
2492 1
2491 2
2490 1
2489 5
2485 3
2484 4
2482 1
2480 1
2479 2
2476 2
2475 1
2474 1
2471 1
2469 1
2465 1
2461 1
2460 1
2457 1
2449 1
