4320000000 1
4032000000 1
3969000000 1
3779136000 1
3674160000 2
3499200000 1
3348078300 1
3306744000 1
3265920000 2
3214890000 1
3110400000 4
2985984000 1
2916000000 1
2903040000 1
2880000000 2
2857680000 3
2822400000 1
2799360000 1
2721600000 4
2688000000 1
2624400000 2
2612736000 3
2592000000 1
2580480000 1
2571912000 2
2551500000 2
2540160000 5
2519424000 3
2500470000 1
2488320000 1
2449440000 2
2430000000 2
2419200000 1
2381400000 1
2380855680 1
2351462400 1
2332800000 2
2304000000 1
2286144000 3
2268000000 3
2257920000 3
2250423000 1
2250000000 1
2239488000 2
2222640000 1
2211840000 2
2204496000 2
2187000000 2
2177280000 7
2160000000 1
2143260000 1
2125764000 2
2099520000 6
2090188800 1
2073600000 6
2057529600 4
2041200000 6
2040733440 1
2032128000 4
2025380700 1
2016000000 2
2000376000 3
1984500000 1
1984046400 2
1975680000 2
1968300000 1
1959552000 6
1944000000 1
1935360000 2
1928934000 2
1920000000 1
1911029760 1
1905120000 4
1890000000 1
1889568000 2
1881600000 1
1866240000 7
1857945600 1
1852200000 2
1851776640 1
1843200000 1
1837080000 3
1828915200 1
1822500000 2
1814400000 6
1813985280 1
1806336000 1
1800338400 2
1792000000 1
1791590400 2
1786050000 2
1778112000 1
1771470000 1
1763596800 4
1756160000 1
1750329000 2
1749600000 3
1741824000 1
1728000000 2
1720320000 1
1714608000 4
1701000000 1
1693440000 5
1693052928 1
1679616000 7
1666980000 1
1666598976 1
1658880000 3
1653372000 6
1651507200 1
1646023680 5
1640250000 1
1632960000 15
1625702400 1
1620304560 1
1620000000 2
1612800000 7
1612431360 1
1607445000 1
1607077584 1
1600300800 2
1592524800 2
1587600000 10
1587237120 2
1575296100 1
1574640000 2
1567641600 5
1555848000 2
1555200000 8
1548288000 3
1543147200 2
1530900000 4
1524096000 9
1512000000 6
1511654400 1
1505280000 1
1500282000 2
1492992000 8
1474560000 2
1469664000 12
1463132160 2
1458000000 1
1451520000 12
1446700500 2
1445068800 1
1440000000 1
1428840000 14
1422489600 3
1417176000 2
1415577600 1
1411200000 3
1410877440 3
1404928000 1
1400263200 1
1400000000 1
1399680000 9
1393459200 6
1389150000 3
1382976000 1
1382400000 3
1377810000 4
1377495072 1
1376256000 1
1372000000 1
1371686400 3
1361367000 1
1360800000 12
1360488960 2
1354752000 6
1350253800 1
1344000000 3
1343692800 5
1339231320 2
1333584000 3
1322697600 7
1317120000 1
1316818944 1
1312200000 1
1306368000 18
1302030450 1
1300561920 3
1296000000 7
1290240000 6
1285956000 6
1280240640 2
1275750000 2
1270080000 12
1269789696 2
1264435200 1
1260236880 1
1260000000 1
1259712000 8
1254400000 3
1254113280 2
1244678400 3
1244160000 10
1240029000 3
1238630400 2
1234800000 4
1234517760 4
1229312000 1
1224720000 11
1219276800 5
1215000000 1
1209600000 6
1209323520 2
1204224000 1
1200500000 1
1200225600 5
1194393600 4
1190700000 5
1190427840 2
1185408000 6
1180980000 3
1179648000 2
1176000000 2
1175731200 14
1166400000 15
1161216000 11
1157360400 3
1152216576 1
1152000000 1
1148175000 1
1147912560 1
1143072000 16
1137991680 2
1134213192 1
1134000000 10
1133740800 4
1128960000 10
1128701952 1
1120210560 2
1119744000 10
1114767360 3
1111320000 8
1111065984 1
1106380800 1
1105920000 8
1102707270 1
1102248000 19
1097600000 1
1097349120 1
1093500000 3
1089093600 2
1088640000 21
1083801600 3
1080450000 2
1080000000 5
1075648000 1
1075200000 3
1074954240 1
1071630000 8
1066867200 7
1062882000 3
1061683200 1
1058400000 10
1058158080 5
1053696000 2
1050197400 1
1049760000 11
1045094400 17
1041624360 4
1037232000 6
1036800000 12
1032192000 4
1029000000 1
1028764800 11
1020600000 10
1020366720 2
1016064000 28
1012690350 1
1011548160 1
1008000000 9
1007769600 9
1006632960 1
1003290624 1
1000188000 10
995742720 1
995328000 8
992250000 4
992023200 9
990904320 1
987840000 9
987614208 1
984150000 2
983449600 1
983040000 1
980184240 1
980000000 3
979776000 34
975421440 4
972405000 3
972000000 8
968083200 2
967680000 22
964467000 6
960180480 6
960000000 1
952560000 27
948326400 7
945177660 1
945000000 1
944784000 11
943718400 1
940800000 4
940584960 3
933508800 4
933120000 28
928972800 9
926100000 4
925888320 8
921984000 1
921600000 5
918540000 14
914457600 15
907578000 2
907200000 34
906992640 6
903168000 15
900169200 3
900000000 1
896000000 2
895795200 11
893025000 3
892820880 4
889056000 15
885735000 1
885104640 1
884736000 1
882000000 3
881798400 31
878080000 1
877879296 2
875164500 1
874800000 21
870912000 50
868020300 1
867041280 3
864360000 2
864000000 8
860934420 1
860160000 2
857661210 1
857304000 30
853493760 3
850500000 6
850305600 6
846720000 32
846526464 4
840157920 3
840000000 2
839808000 31
836075520 3
833490000 6
829785600 5
829440000 26
826686000 11
825753600 4
823200000 3
823011840 16
820125000 1
819200000 1
816820200 2
816480000 42
816293376 2
812851200 22
810152280 3
810000000 3
806400000 21
806215680 5
803722500 1
802816000 2
800150400 15
800000000 1
797161500 1
796594176 2
796262400 4
793800000 18
793618560 5
790272000 12
787648050 1
787320000 17
786432000 2
784000000 7
783820800 45
781218270 1
777924000 8
777600000 39
774144000 27
771750000 1
771573600 20
768320000 4
768144384 2
768000000 4
765450000 6
765275040 3
762048000 54
758661120 5
756315000 1
756000000 9
755827200 16
752953600 1
752640000 13
752467968 3
750141000 5
746807040 6
746496000 21
744017400 3
743178240 3
740880000 11
740710656 3
737280000 5
735000000 1
734832000 51
731566080 13
729137052 1
729000000 5
725760000 57
725594112 1
722534400 5
720135360 7
720000000 4
716800000 9
716636160 5
714420000 26
714256704 1
711244800 16
708750000 2
708588000 8
707788800 2
705600000 20
705438720 12
702464000 2
700131600 8
700000000 1
699840000 28
696729600 27
694575000 1
694416240 2
691488000 4
691200000 28
688905000 8
688128000 8
686000000 3
685843200 38
682795008 2
680400000 28
680244480 4
677658240 1
677376000 42
675126900 6
675000000 1
674365440 1
672126336 2
672000000 5
671846400 20
669615660 1
668860416 1
666792000 42
663828480 3
663552000 21
661500000 5
661348800 21
660602880 1
658560000 9
658409472 3
656100000 10
653456160 3
653184000 92
650280960 7
648270000 3
648121824 1
648000000 23
645388800 3
645120000 20
644972544 1
642978000 20
642252800 3
640120320 22
640000000 1
637875000 1
637729200 3
637009920 2
635040000 63
634894848 6
632217600 6
630118440 3
630000000 6
629856000 22
629145600 1
627200000 12
627056640 19
625117500 2
622339200 11
622080000 60
620014500 4
619315200 12
617400000 5
617258880 14
614656000 4
614400000 7
612615150 1
612360000 50
612220032 2
609638400 54
607614210 1
607500000 2
606928896 1
605052000 3
604800000 51
604661760 10
602112000 11
600250000 1
600112800 14
597196800 22
595350000 8
595213920 11
592950960 1
592704000 27
590490000 5
589824000 3
588110544 2
588000000 6
587865600 64
585252864 1
583443000 7
583200000 27
580849920 2
580608000 89
578680200 14
578027520 1
576240000 3
576108288 4
576000000 10
574087500 2
573440000 2
573308928 1
571536000 73
568995840 15
567000000 20
566870400 16
566231040 2
564480000 46
564350976 4
560105280 10
560000000 7
559872000 74
557383680 9
555660000 9
555532992 6
553190400 13
552960000 28
551250000 2
551124000 23
550502400 1
548800000 7
548674560 33
546750000 4
544546800 3
544320000 106
544195584 2
541900800 30
540225000 1
540101520 8
540000000 7
537824000 2
537600000 24
537477120 10
535815000 15
535692528 1
533433600 37
531441000 2
530841600 15
529420500 1
529200000 34
529079040 29
526848000 11
525098700 6
525000000 2
524880000 37
522764928 1
522547200 79
520812180 4
518616000 13
518400000 56
516311040 1
516096000 21
514500000 4
514382400 51
512096256 5
510300000 30
510183360 9
508243680 1
508032000 93
505774080 5
504210000 3
504094752 2
504000000 27
503884800 34
501760000 7
501645312 6
500094000 15
497871360 13
497664000 67
496125000 5
496011600 12
495452160 3
493920000 26
493807104 6
491724800 2
491520000 4
490092120 1
489888000 123
487710720 28
486202500 2
486091368 2
486000000 22
484041600 4
483840000 85
483729408 3
482233500 10
481689600 8
480090240 22
480000000 6
478296900 3
477757440 10
476280000 76
476171136 4
474163200 32
472588830 3
472500000 3
472392000 21
471859200 3
470400000 36
470292480 49
466754400 18
466560000 94
464486400 47
463050000 3
462944160 22
462422016 1
460992000 6
460800000 34
459270000 28
458752000 3
457228800 128
455625000 1
455196672 2
453789000 1
453600000 85
453496320 10
451584000 44
450084600 16
448084224 3
448000000 8
447897600 47
446512500 3
446410440 2
445906944 3
444528000 64
442867500 2
442552320 5
442368000 36
441000000 16
440899200 100
439040000 10
438939648 10
437582250 2
437400000 19
435637440 4
435456000 162
434010150 2
433520640 9
432180000 11
432081216 5
432000000 27
430080000 20
429981696 6
428750000 1
428652000 76
426746880 23
425250000 9
425152800 11
424673280 2
423536400 5
423360000 95
423263232 11
421478400 15
420175000 1
420078960 9
420000000 8
419904000 77
418037760 42
416745000 14
416649744 3
414892800 23
414720000 80
413343000 20
412876800 16
411600000 13
411505920 48
410062500 1
409600000 1
408410100 7
408240000 130
408146688 2
406425600 89
405076140 3
405000000 6
403368000 2
403200000 63
403107840 24
401861250 1
401408000 10
400075200 57
400000000 2
398580750 1
398297088 4
398131200 42
396900000 41
396809280 25
395136000 48
393750000 2
393660000 23
393216000 4
392073696 3
392000000 8
391910400 121
390168576 10
388962000 11
388800000 66
387233280 5
387072000 85
385875000 3
385786800 40
385351680 3
384160000 9
384072192 10
384000000 14
382725000 10
382637520 3
382205952 1
381182760 1
381024000 171
379330560 14
378000000 39
377913600 35
377487360 2
376320000 34
376233984 12
375070500 5
373403520 24
373248000 102
372008700 3
371589120 24
370440000 39
370355328 4
368793600 9
368640000 36
367569090 1
367500000 2
367416000 109
367001600 4
365783040 74
364568526 2
364500000 16
363031200 6
362880000 201
362797056 10
361267200 34
360150000 3
360067680 26
360000000 8
358400000 10
358318080 29
357210000 47
357128352 6
355622400 70
354375000 1
354294000 13
354041856 1
353894400 10
352947000 2
352800000 54
352719360 59
351232000 4
350065800 8
350000000 2
349920000 91
348509952 1
348364800 123
347287500 4
347208120 12
346816512 1
345744000 31
345600000 79
344452500 7
344064000 18
343000000 5
342921600 133
341397504 8
340200000 72
340122240 18
338688000 162
337563450 5
337500000 1
336140000 1
336063168 3
336000000 23
335923200 93
334807830 2
334430208 8
333396000 63
331914240 10
331776000 79
330812181 2
330750000 11
330674400 72
330301440 1
329417200 1
329280000 29
329204736 19
328050000 7
327680000 2
326728080 1
326592000 261
325140480 48
324135000 6
324060912 8
324000000 49
322694400 2
322560000 83
322486272 8
321489000 31
321126400 7
320060160 55
320000000 2
318864600 5
318504960 13
317652300 1
317520000 154
317447424 12
316108800 53
315059220 6
315000000 11
314928000 88
313600000 20
313528320 73
312558750 2
312487308 1
311169600 34
311040000 156
310007250 2
309786624 2
309657600 56
308700000 18
308629440 59
307328000 9
307200000 21
306307575 1
306180000 76
306110016 1
304946208 1
304819200 166
303807105 2
303464448 2
302526000 2
302400000 123
302330880 34
301327047 1
301056000 46
300056400 40
298722816 6
298598400 83
297675000 13
297606960 17
297271296 3
296352000 99
295245000 5
295034880 4
294912000 18
294000000 12
293932800 185
292626432 19
291721500 9
291600000 84
290424960 2
290304000 252
289340100 18
289013760 8
288120000 16
288054144 19
288000000 37
286978140 3
286720000 11
286654464 2
285768000 192
284497920 39
283500000 28
283435200 35
283115520 4
282357600 1
282240000 146
282175488 18
281250000 1
280985600 8
280052640 17
280000000 2
279936000 188
278691840 49
277830000 48
277766496 5
276595200 27
276480000 89
275625000 2
275562000 65
275251200 7
274400000 10
274337280 112
273375000 3
272273400 8
272160000 293
272097792 5
270950400 127
270112500 2
270050760 19
270000000 19
269746176 1
268912000 4
268800000 52
268738560 38
267907500 11
266716800 126
265720500 5
265531392 3
265420800 42
264600000 71
264539520 70
264241152 1
263424000 37
262549350 3
262500000 1
262440000 89
262144000 2
261382464 4
261273600 256
260406090 2
260112384 8
259308000 25
259200000 129
258155520 3
258048000 104
257250000 1
257191200 111
256901120 2
256048128 12
256000000 3
255150000 37
255091680 9
254803968 2
254121840 1
254016000 266
253125000 1
252887040 25
252047376 5
252000000 56
251942400 108
250880000 28
250822656 23
250047000 40
248935680 26
248832000 158
248062500 2
248005800 22
247726080 27
246960000 71
246903552 19
246037500 2
245862400 4
245760000 21
245046060 2
245000000 6
244944000 262
243855360 110
243101250 1
243045684 2
243000000 32
242020800 17
241920000 248
241864704 8
241116750 3
240844800 21
240100000 5
240045120 67
240000000 9
238878720 40
238140000 120
238085568 4
237081600 91
236294415 1
236250000 6
236196000 48
236027904 3
235929600 13
235200000 56
235146240 133
233377200 25
233280000 216
232339968 6
232243200 187
231525000 8
231472080 29
231211008 1
230496000 19
230400000 68
229635000 27
229582512 1
229376000 10
228709656 1
228614400 291
227598336 9
226894500 1
226800000 151
226748160 35
225886080 1
225792000 170
225042300 17
225000000 3
224788480 2
224042112 11
224000000 24
223948800 150
223205220 6
222953472 12
222264000 133
221276160 16
221184000 91
220500000 17
220449600 161
220200960 2
219520000 21
219469824 31
218700000 43
217818720 15
217728000 453
217005075 1
216760320 51
216090000 17
216040608 16
216000000 57
215129600 1
215040000 67
214990848 8
214326000 120
213373440 106
212625000 9
212576400 20
212336640 18
211768200 1
211680000 213
211631616 21
210739200 34
210087500 1
210039480 9
210000000 6
209952000 183
209018880 141
208372500 13
208324872 3
207446400 43
207360000 190
206671500 13
206438400 58
205800000 26
205752960 154
205520896 1
204800000 14
204205050 1
204120000 218
204073344 5
203212800 266
202538070 3
202500000 11
202309632 8
201684000 6
201600000 147
201553920 71
200884698 1
200704000 26
200037600 127
200000000 2
199148544 10
199065600 126
198450000 57
198404640 60
198180864 1
197568000 120
196875000 4
196830000 28
196689920 1
196608000 9
196036848 2
196000000 18
195955200 394
195084288 25
194481000 20
194400000 157
193616640 7
193536000 284
192893400 59
192675840 10
192080000 10
192036096 19
192000000 20
191362500 6
191318760 1
191102976 12
190591380 3
190512000 337
189665280 73
189035532 1
189000000 53
188956800 92
188743680 9
188238400 2
188160000 93
188116992 31
187535250 11
186701760 41
186624000 333
186004350 2
185794560 72
185220000 54
185177664 26
184396800 21
184320000 88
183750000 3
183708000 189
183500800 4
182891520 195
182284263 1
182250000 19
181515600 9
181440000 416
181398528 14
180633600 143
180075000 3
180033840 53
180000000 29
179830784 1
179200000 32
179159040 70
178605000 56
178564176 7
177811200 182
177187500 2
177147000 21
177020928 4
176947200 50
176473500 1
176400000 110
176359680 144
175616000 34
175032900 13
175000000 1
174960000 174
174254976 4
174182400 391
173643750 1
173604060 9
173408256 12
172872000 32
172800000 153
172226250 4
172103680 1
172032000 61
171532242 1
171500000 3
171460800 293
170698752 41
170100000 105
170061120 26
169869312 1
169414560 2
169344000 351
168750000 1
168591360 10
168070000 2
168031584 8
168000000 49
167961600 234
167215104 29
166698000 120
165957120 33
165888000 226
165375000 9
165337200 79
165150720 22
164640000 72
164602368 38
164025000 10
163840000 11
163364040 10
163296000 582
162570240 130
162067500 10
162030456 5
162000000 62
161347200 9
161280000 283
161243136 30
160744500 42
160563200 18
160030080 123
160000000 6
159432300 4
159252480 44
158760000 261
158723712 26
158120256 1
158054400 116
157529610 4
157500000 11
157464000 152
157286400 5
156800000 38
156764160 234
156243654 1
155584800 61
155520000 317
154893312 4
154828800 219
154350000 27
154314720 116
154140672 1
153664000 18
153600000 55
153090000 143
153055008 2
152409600 480
151875000 1
151732224 14
151263000 7
151200000 261
151165440 85
150590720 3
150528000 105
150028200 67
150000000 2
149361408 16
149299200 270
148837500 9
148803480 15
148635648 14
148176000 211
147622500 8
147517440 9
147456000 82
147027636 1
147000000 29
146966400 403
146800640 2
146313216 61
145860750 5
145800000 110
145212480 14
145152000 616
144670050 9
144506880 48
144060000 9
144027072 28
144000000 66
143360000 46
143327232 19
142884000 282
142248960 137
141776649 1
141750000 39
141717600 50
141557760 13
141178800 1
141120000 281
141087744 45
140492800 9
140026320 47
140000000 12
139968000 383
139345920 186
138915000 46
138883248 11
138297600 62
138240000 242
137812500 1
137781000 78
137625600 36
137200000 24
137168640 263
136687500 1
136136700 12
136080000 465
136048896 10
135531648 2
135475200 298
135025380 19
135000000 14
134873088 1
134456000 6
134400000 117
134369280 136
133953750 7
133923132 2
133358400 224
132765696 9
132710400 119
132300000 92
132269760 125
132120576 3
131712000 87
131274675 1
131220000 92
131072000 4
130691232 5
130636800 601
130203045 1
130056192 21
129654000 44
129600000 232
129077760 6
129024000 263
128625000 4
128595600 157
128450560 5
128024064 47
128000000 12
127575000 38
127545840 14
127401984 4
127060920 3
127008000 553
126443520 52
126023688 11
126000000 79
125971200 211
125829120 1
125440000 65
125411328 58
125023500 47
125000000 1
124467840 62
124416000 492
124031250 2
124002900 19
123863040 67
123480000 114
123451776 40
123018750 1
122931200 11
122880000 56
122523030 3
122500000 4
122472000 458
121927680 298
121522842 3
121500000 45
121010400 17
120960000 572
120932352 23
120422400 70
120050000 3
120022560 117
120000000 21
119439360 130
119070000 166
119042784 15
118590192 1
118540800 267
118125000 6
118098000 54
118013952 1
117964800 39
117649000 1
117600000 84
117573120 312
116688600 38
116640000 348
116169984 5
116121600 539
115762500 8
115736040 55
115605504 8
115248000 46
115200000 131
114817500 24
114791256 2
114688000 32
114354828 1
114307200 556
113799168 36
113447250 3
113400000 223
113374080 56
113246208 4
112943040 2
112896000 337
112521150 16
112500000 3
112394240 8
112021056 23
112000000 29
111974400 354
111628125 1
111602610 1
111476736 42
111132000 211
110638080 36
110592000 252
110250000 17
110224800 237
110100480 13
109760000 35
109734912 84
109375000 1
109350000 47
108909360 19
108864000 861
108380160 141
108045000 17
108020304 11
108000000 121
107564800 6
107520000 176
107495424 26
107163000 113
106686720 213
106312500 3
106288200 23
106168320 52
105884100 2
105840000 371
105815808 60
105369600 79
105019740 26
105000000 18
104976000 311
104857600 3
104509440 351
104186250 3
104162436 3
103723200 100
103680000 438
103335750 8
103262208 3
103219200 162
102900000 29
102876480 239
102400000 28
102102525 1
102060000 309
102036672 12
101648736 2
101606400 632
101250000 3
101154816 9
100842000 11
100800000 287
100776960 172
100352000 47
100018800 152
100000000 5
99574272 23
99532800 316
99225000 60
99202320 72
99090432 16
98784000 224
98437500 1
98415000 32
98344960 7
98304000 55
98018424 1
98000000 28
97977600 702
97542144 72
97240500 23
97200000 257
96808320 17
96768000 650
96468750 1
96446700 45
96337920 29
96040000 12
96018048 64
96000000 62
95681250 2
95659380 3
95551488 17
95295690 2
95256000 590
94832640 138
94539375 2
94517766 3
94500000 64
94478400 167
94371840 15
94119200 2
94080000 200
94058496 77
93350880 72
93312000 604
92897280 226
92610000 103
92588832 40
92198400 54
92160000 185
91875000 2
91854000 229
91750400 16
91445760 421
91125000 4
90757800 10
90720000 736
90699264 30
90316800 272
90037500 2
90016920 62
90000000 34
89915392 1
89600000 54
89579520 217
89302500 36
89282088 6
88905600 362
88573500 10
88510464 11
88473600 147
88236750 1
88200000 157
88179840 296
88080384 1
87808000 49
87516450 11
87500000 3
87480000 229
87127488 7
87091200 850
86802030 6
86704128 25
86472015 1
86436000 65
86400000 279
86113125 1
86016000 156
85750000 4
85730400 388
85349376 86
85050000 120
85030560 35
84934656 9
84707280 2
84672000 707
84295680 19
84035000 1
84015792 16
84000000 63
83980800 432
83886080 2
83607552 94
83349000 88
82978560 92
82944000 548
82687500 4
82668600 90
82575360 56
82320000 101
82301184 110
82012500 11
81920000 25
81682020 9
81648000 922
81285120 329
81033750 1
81015228 4
81000000 88
80673600 17
80640000 511
80621568 50
80372250 19
80281600 30
80015040 226
80000000 17
79716150 4
79626240 123
79380000 326
79361856 54
79027200 210
78764805 3
78750000 11
78732000 188
78675968 2
78643200 20
78400000 64
78382080 573
77792400 89
77760000 558
77446656 2
77414400 471
77175000 25
77157360 131
77070336 3
76832000 29
76800000 98
76545000 99
76527504 4
76236552 1
76204800 834
75937500 1
75866112 45
75631500 8
75600000 342
75582720 161
75497472 3
75264000 226
75014100 60
75000000 8
74680704 34
74649600 617
74418750 1
74401740 26
74317824 28
74118870 1
74088000 301
73811250 4
73758720 27
73728000 171
73513818 2
73500000 33
73483200 539
73400320 4
73156608 137
72930375 2
72900000 123
72606240 22
72576000 1171
72253440 129
72030000 17
72013536 47
72000000 117
71744535 1
71680000 77
71663616 38
71442000 363
71124480 287
70875000 23
70858800 64
70778880 44
70589400 4
70560000 413
70543872 108
70246400 31
70013160 33
70000000 10
69984000 620
69672960 456
69457500 35
69441624 21
69148800 115
69120000 492
68890500 45
68841472 1
68812800 95
68600000 28
68584320 496
68343750 2
68068350 4
68040000 601
68024448 29
67765824 4
67737600 646
67512690 11
67500000 17
67436544 7
67228000 6
67200000 195
67184640 301
66976875 2
66961566 1
66679200 323
66382848 25
66355200 373
66150000 93
66134880 184
66060288 7
65883440 1
65856000 201
65625000 1
65610000 119
65536000 14
65345616 8
65318400 1198
65028096 65
64827000 46
64800000 388
64538880 12
64512000 555
64312500 2
64297800 155
64225280 6
64012032 113
64000000 22
63787500 24
63772920 9
63700992 19
63530460 5
63504000 891
63281250 1
63221760 132
63026250 2
63011844 7
63000000 111
62985600 346
62914560 2
62720000 100
62705664 144
62511750 21
62233920 108
62208000 835
62001450 14
61931520 203
61740000 151
61725888 87
61465600 21
61440000 103
61261515 2
61250000 2
61236000 550
60963840 602
60750000 35
60505200 19
60480000 917
60466176 68
60236288 1
60211200 173
60025000 2
60011280 144
60000000 20
59719680 241
59535000 141
59521392 14
59270400 462
59062500 4
59049000 60
59006976 3
58982400 86
58824500 1
58800000 140
58786560 555
58720256 3
58344300 47
58320000 511
58084992 14
58060800 1007
57881250 6
57868020 38
57802752 15
57624000 69
57600000 270
57408750 9
57395628 2
57344000 65
57177414 1
57153600 825
56899584 100
56700000 258
56687040 117
56623104 5
56448000 699
56260575 2
56250000 1
56197120 9
56010528 27
56000000 47
55987200 765
55738368 109
55566000 240
55319040 96
55296000 484
55125000 18
55112400 268
55050240 26
54880000 56
54867456 154
54675000 43
54454680 25
54432000 1406
54190080 325
54022500 17
54010152 23
54000000 129
53782400 7
53760000 316
53747712 70
53581500 81
53343360 382
53156250 2
53144100 15
53084160 139
52942050 1
52920000 507
52907904 93
52684800 154
52509870 15
52500000 12
52488000 391
52428800 4
52254720 785
52093125 1
52081218 5
51861600 129
51840000 743
51667875 1
51631104 2
51609600 358
51450000 33
51438240 318
51380224 3
51200000 40
51030000 326
51018336 20
50824368 6
50803200 1104
50625000 3
50577408 23
50421000 7
50400000 370
50388480 287
50176000 114
50009400 164
50000000 4
49787136 49
49766400 717
49612500 33
49601160 74
49545216 32
49412580 2
49392000 321
49207500 20
49172480 10
49152000 109
49009212 4
49000000 26
48988800 1086
48771072 188
48620250 14
48600000 257
48404160 25
48384000 1269
48223350 24
48168960 72
48020000 17
48009024 98
48000000 87
47829690 1
47775744 51
47647845 2
47628000 706
47416320 287
47258883 1
47250000 43
47239200 203
47185920 31
47059600 3
47040000 290
47029248 173
46675440 110
46656000 979
46448640 512
46305000 78
46294416 51
46099200 85
46080000 401
45937500 1
45927000 202
45875200 34
45722880 785
45562500 5
45378900 12
45360000 948
45349632 43
45158400 532
45018750 2
45008460 47
45000000 38
44957696 3
44800000 119
44789760 417
44651250 13
44641044 7
44452800 534
44286750 5
44255232 24
44236800 312
44100000 141
44089920 409
44040192 4
43904000 92
43758225 1
43750000 1
43740000 288
43563744 8
43545600 1604
43401015 4
43352064 58
43218000 82
43200000 380
43025920 8
43008000 292
42875000 3
42865200 422
42674688 133
42525000 84
42515280 45
42467328 25
42353640 4
42336000 1045
42147840 83
42017500 3
42007896 20
42000000 101
41990400 652
41943040 1
41803776 199
41674500 84
41489280 133
41472000 971
41343750 2
41334300 76
41287680 134
41160000 123
41150592 165
41006250 1
40960000 43
40841010 3
40824000 1137
40642560 696
40516875 1
40507614 9
40500000 86
40336800 14
40320000 829
40310784 94
40186125 3
40140800 57
40007520 298
40000000 8
39813120 341
39690000 337
39680928 54
39513600 390
39375000 5
39366000 179
39337984 1
39321600 51
39200000 78
39191040 957
38896200 83
38880000 831
38723328 8
38707200 944
38587500 7
38578680 151
38535168 15
38416000 30
38400000 158
38272500 67
38263752 1
38102400 1234
37933056 70
37815750 4
37800000 370
37791360 233
37748736 3
37647680 3
37632000 403
37507050 28
37500000 2
37340352 45
37324800 1102
37209375 2
37200870 19
37158912 92
37044000 376
36905625 1
36879360 44
36864000 374
36756909 2
36750000 29
36741600 672
36700160 7
36578304 286
36450000 96
36303120 35
36288000 1924
36126720 241
36015000 20
36006768 64
36000000 145
35840000 138
35831808 84
35721000 304
35562240 456
35437500 11
35429400 65
35389440 94
35294700 1
35280000 569
35271936 196
35123200 66
35006580 36
35000000 15
34992000 754
34836480 907
34728750 11
34720812 14
34574400 140
34560000 772
34445250 20
34406400 181
34300000 25
34292160 615
34034175 1
34020000 731
34012224 33
33882912 2
33868800 1130
33756345 3
33750000 10
33718272 14
33614000 5
33600000 292
33592320 519
33339600 332
33191424 50
33177600 762
33075000 80
33067440 195
33030144 19
32941720 2
32928000 256
32805000 81
32768000 25
32672808 5
32659200 1877
32514048 187
32413500 53
32400000 409
32269440 20
32256000 1013
32156250 1
32148900 104
32112640 21
32006016 162
32000000 47
31893750 7
31886460 11
31850496 59
31765230 4
31752000 1061
31610880 254
31505922 8
31500000 90
31492800 429
31457280 16
31360000 158
31352832 297
31255875 6
31116960 141
31104000 1336
31000725 1
30965760 429
30870000 119
30862944 111
30732800 47
30720000 227
30625000 1
30618000 545
30481920 1030
30375000 20
30252600 21
30240000 1146
30233088 81
30118144 2
30105600 312
30012500 4
30005640 148
30000000 21
29859840 602
29767500 85
29760696 14
29635200 612
29531250 1
29524500 26
29503488 16
29491200 197
29412250 1
29400000 140
29393280 809
29360128 1
29172150 23
29160000 579
29042496 22
29030400 1836
28934010 24
28901376 61
28812000 64
28800000 405
28704375 2
28672000 130
28576800 933
28449792 156
28350000 222
28343520 121
28311552 11
28235760 6
28224000 983
28125000 3
28098560 26
28005264 37
28000000 63
27993600 1201
27869184 209
27783000 199
27659520 117
27648000 880
27562500 7
27556200 223
27525120 69
27440000 66
27433728 293
27337500 13
27227340 21
27216000 1813
27095040 608
27011250 5
27005076 20
27000000 134
26891200 18
26880000 492
26873856 136
26790750 33
26671680 490
26578125 1
26572050 7
26542080 277
26460000 490
26453952 129
26342400 256
26254935 5
26250000 9
26244000 428
26214400 11
26127360 1330
25930800 145
25920000 1025
25815552 6
25804800 714
25725000 19
25719120 377
25690112 4
25600000 51
25515000 234
25509168 13
25412184 3
25401600 1591
25288704 61
25210500 5
25200000 422
25194240 456
25165824 1
25088000 200
25004700 128
25000000 4
24893568 67
24883200 1236
24806250 13
24800580 60
24772608 68
24696000 378
24603750 7
24586240 20
24576000 169
24504606 3
24500000 33
24494400 1407
24385536 312
24310125 5
24300000 274
24202080 38
24192000 1815
24111675 10
24084480 134
24010000 17
24004512 116
24000000 93
23887872 114
23814000 623
23708160 443
23625000 40
23619600 179
23592960 68
23529800 2
23520000 383
23514624 343
23337720 93
23328000 1332
23224320 892
23152500 56
23147208 43
23049600 124
23040000 652
22963500 126
22937600 69
22861440 1036
22781250 4
22689450 7
22680000 1070
22674816 77
22588608 1
22579200 911
22504230 14
22500000 26
22478848 3
22400000 168
22394880 785
22325625 3
22320522 3
22226400 614
22143375 1
22127616 29
22118400 549
22050000 130
22044960 455
22020096 10
21952000 128
21875000 1
21870000 226
21781872 19
21772800 2364
21676032 140
21609000 65
21600000 476
21512960 11
21504000 587
21437500 2
21432600 404
21337344 221
21262500 47
21257640 27
21233664 53
21176820 2
21168000 1326
21073920 139
21008750 1
21003948 13
21000000 104
20995200 884
20971520 5
20901888 340
20837250 48
20744640 172
20736000 1465
20667150 22
20643840 305
20580000 117
20575296 215
20503125 1
20480000 72
20412000 1143
20321280 1131
20253807 2
20250000 49
20168400 18
20160000 1056
20155392 142
20070400 113
20003760 315
20000000 16
19906560 601
19845000 231
19840464 66
19756800 570
19687500 4
19683000 133
19668992 4
19660800 89
19600000 113
19595520 1281
19448100 58
19440000 923
19361664 10
19353600 1671
19293750 4
19289340 102
19267584 27
19208000 30
19200000 256
19136250 25
19131876 4
19059138 1
19051200 1480
18966528 134
18907875 3
18900000 341
18895680 294
18874368 8
18823840 1
18816000 604
18753525 3
18750000 3
18670176 58
18662400 1624
18600435 1
18579456 190
18522000 340
18439680 81
18432000 644
18375000 17
18370800 608
18350080 10
18289152 380
18225000 59
18151560 29
18144000 2360
18063360 482
18007500 7
18003384 71
18000000 143
17920000 198
17915904 188
17860500 171
17781120 672
17718750 6
17714700 31
17694720 229
17647350 3
17640000 583
17635968 259
17561600 111
17503290 35
17500000 11
17496000 899
17418240 1514
17364375 1
17360406 8
17287200 152
17280000 1139
17222625 1
17210368 1
17203200 371
17150000 26
17146080 705
17010000 578
17006112 43
16941456 4
16934400 1718
16875000 11
16859136 32
16807000 2
16800000 340
16796160 694
16669800 268
16595712 77
16588800 1233
16537500 45
16533720 162
16515072 50
16470860 1
16464000 299
16402500 53
16384000 54
16336404 7
16329600 2269
16257024 334
16206750 11
16200000 428
16134720 30
16128000 1471
16078125 1
16074450 62
16056320 38
16003008 191
16000000 43
15946875 1
15943230 1
15925248 109
15882615 1
15876000 1089
15805440 354
15750000 68
15746400 450
15728640 31
15680000 183
15676416 449
15625000 1
15558480 157
15552000 1855
15482880 763
15435000 88
15431472 122
15366400 56
15360000 361
15309000 384
15240960 1445
15187500 13
15126300 16
15120000 1360
15116544 142
15052800 506
15006250 1
15002820 97
15000000 17
14929920 899
14883750 30
14880348 17
14817600 706
14762250 11
14751744 15
14745600 355
14700000 137
14696640 922
14680064 4
14586075 4
14580000 510
14521248 17
14515200 2696
14467005 9
14450688 89
14406000 53
14400000 476
14336000 182
14288400 843
14224896 244
14175000 165
14171760 111
14155776 44
14117880 2
14112000 1192
14062500 1
14049280 37
14002632 36
14000000 49
13996800 1497
13934592 362
13891500 114
13829760 149
13824000 1378
13781250 4
13778100 171
13762560 124
13720000 88
13716864 350
13668750 4
13613670 6
13608000 1934
13547520 1007
13505625 2
13502538 15
13500000 111
13445600 7
13440000 653
13436928 258
13395375 8
13335840 495
13286025 1
13271040 546
13230000 428
13226976 141
13171200 362
13125000 8
13122000 356
13107200 33
13063680 1816
12965400 98
12960000 1267
12907776 10
12902400 1158
12862500 5
12859560 287
12845056 10
12800000 103
12757500 103
12754584 7
12706092 3
12700800 1977
12644352 99
12605250 1
12600000 424
12597120 549
12582912 3
12544000 245
12502350 59
12500000 3
12446784 82
12441600 1849
12403125 3
12400290 17
12386304 154
12348000 376
12293120 28
12288000 337
12252303 1
12250000 12
12247200 1288
12192768 464
12150000 191
12101040 31
12096000 2408
12042240 224
12005000 11
12002256 116
12000000 103
11943936 242
11907000 470
11854080 633
11812500 18
11809800 129
11796480 135
11764900 1
11760000 404
11757312 444
11668860 53
11664000 1622
11612160 1522
11576250 16
11573604 27
11524800 117
11520000 819
11481750 38
11468800 112
11430720 1189
11390625 1
11344725 1
11340000 921
11337408 80
11294304 2
11289600 1310
11252115 4
11250000 20
11239424 8
11200000 149
11197440 1156
11160261 1
11113200 538
11063808 59
11059200 1019
11025000 82
11022480 404
11010048 18
10976000 135
10935000 153
10890936 14
10886400 3001
10838016 254
10804500 41
10800000 528
10756480 11
10752000 844
10716300 217
10668672 218
10631250 23
10628820 17
10616832 108
10588410 1
10584000 1351
10536960 227
10501974 5
10500000 82
10497600 936
10485760 8
10450944 535
10418625 4
10372320 209
10368000 2014
10333575 4
10321920 464
10290000 99
10287648 224
10240000 98
10206000 956
10160640 1530
10125000 25
10084200 18
10080000 1281
10077696 204
10035200 173
10001880 251
10000000 16
9953280 1017
9922500 121
9920232 56
9878400 653
9841500 60
9834496 6
9830400 154
9800000 87
9797760 1599
9724050 24
9720000 964
9680832 11
9676800 2348
9644670 49
9633792 46
9604000 46
9600000 307
9568125 6
9565938 1
9525600 1449
9483264 183
9450000 265
9447840 297
9437184 17
9411920 2
9408000 758
9335088 78
9331200 2065
9289728 338
9261000 211
9219840 108
9216000 973
9187500 6
9185400 441
9175040 49
9144576 523
9112500 41
9075780 17
9072000 2689
9031680 714
9003750 4
9001692 41
9000000 120
8960000 244
8957952 316
8930250 60
8890560 753
8859375 2
8857350 17
8847360 410
8820000 547
8817984 297
8780800 124
8751645 3
8750000 7
8748000 748
8709120 2306
8680203 3
8643600 128
8640000 1380
8605184 7
8601600 541
8575000 8
8573040 634
8505000 338
8503056 29
8470728 4
8467200 2081
8437500 6
8429568 59
8403500 1
8400000 325
8398080 951
8388608 1
8334900 174
8297856 84
8294400 1733
8268750 6
8266860 101
8257536 93
8235430 1
8232000 308
8201250 9
8192000 75
8168202 5
8164800 2302
8128512 479
8103375 2
8100000 341
8067360 24
8064000 1950
8037225 7
8028160 61
8001504 193
8000000 45
7971615 2
7962624 207
7938000 826
7902720 517
7875000 43
7873200 369
7864320 48
7840000 200
7838208 658
7779240 124
7776000 2145
7741440 1251
7717500 42
7715736 89
7683200 56
7680000 439
7656250 1
7654500 243
7620480 1660
7593750 2
7563150 4
7560000 1293
7558272 151
7529536 4
7526400 688
7501410 47
7500000 23
7464960 1415
7441875 8
7440174 9
7408800 676
7381125 1
7375872 34
7372800 644
7350000 103
7348320 911
7340032 5
7290000 402
7260624 15
7257600 3409
7225344 167
7203000 41
7200000 528
7168000 272
7144200 588
7112448 287
7087500 66
7085880 73
7077888 66
7058940 1
7056000 1263
7024640 66
7001316 27
7000000 54
6998400 1556
6967296 616
6945750 40
6914880 157
6912000 1801
6889050 46
6881280 215
6860000 62
6858432 435
6834375 1
6806835 3
6804000 1744
6773760 1391
6751269 5
6750000 60
6722800 6
6720000 750
6718464 337
6667920 439
6635520 878
6615000 269
6613488 127
6585600 438
6562500 2
6561000 220
6553600 38
6531840 2293
6482700 63
6480000 1319
6453888 13
6451200 1634
6431250 2
6429780 142
6422528 18
6400000 116
6378750 40
6377292 8
6353046 2
6350400 2054
6322176 145
6300000 342
6298560 545
6291456 6
6272000 292
6251175 12
6223392 60
6220800 2427
6200145 2
6193152 268
6174000 317
6146560 41
6144000 467
6125000 8
6123600 1008
6096384 614
6075000 110
6050520 22
6048000 2772
6021120 336
6002500 5
6001128 72
6000000 95
5971968 319
5953500 262
5927040 691
5906250 7
5904900 76
5898240 232
5880000 404
5878656 492
5834430 19
5832000 1421
5806080 2273
5788125 2
5786802 17
5762400 119
5760000 999
5740875 7
5734400 158
5715360 1077
5670000 741
5668704 59
5647152 1
5644800 1594
5625000 9
5619712 19
5600000 157
5598720 1339
5556600 341
5531904 64
5529600 1537
5512500 40
5511240 310
5505024 38
5488000 139
5468750 1
5467500 79
5445468 6
5443200 3242
5419008 388
5402250 12
5400000 415
5378240 9
5376000 1056
5359375 1
5358150 88
5334336 316
5315625 2
5314410 8
5308416 176
5292000 1245
5268480 272
5250000 39
5248800 790
5242880 11
5225472 777
5186160 164
5184000 2377
5160960 746
5145000 66
5143824 189
5120000 140
5103000 620
5080320 1821
5062500 15
5042100 5
5040000 1256
5038848 296
5017600 240
5000940 142
5000000 12
4976640 1359
4961250 46
4960116 34
4939200 580
4920750 23
4917248 9
4915200 255
4900000 61
4898880 1536
4862025 4
4860000 721
4840416 19
4838400 3059
4822335 8
4816896 65
4802000 30
4800000 321
4762800 1173
4741632 261
4725000 160
4723920 227
4718592 48
4704000 776
4667544 50
4665600 2278
4644864 498
4630500 121
4609920 96
4608000 1227
4593750 3
4592700 229
4587520 44
4572288 570
4556250 9
4537890 6
4536000 2457
4515840 969
4501875 1
4500846 18
4500000 107
4480000 305
4478976 426
4465125 8
4445280 654
4428675 2
4423680 643
4410000 359
4408992 264
4390400 137
4375000 4
4374000 565
4354560 2754
4321800 93
4320000 1427
4300800 824
4287500 3
4286520 433
4252500 156
4251528 19
4233600 2177
4214784 73
4201750 1
4200000 286
4199040 946
4194304 3
4167450 73
4148928 92
4147200 2543
4134375 2
4133430 39
4128768 142
4116000 240
4100625 2
4096000 141
4082400 1936
4064256 619
4050000 245
4033680 18
4032000 2128
4014080 89
4000752 209
4000000 53
3981312 337
3969000 558
3951360 533
3937500 25
3936600 224
3932160 84
3920000 168
3919104 720
3889620 55
3888000 2061
3870720 1711
3858750 10
3857868 43
3841600 43
3840000 537
3827250 71
3810240 1607
3796875 1
3781575 2
3780000 1024
3779136 178
3764768 1
3763200 830
3750705 11
3750000 6
3732480 1647
3720087 1
3704400 511
3687936 30
3686400 942
3675000 62
3674160 679
3670016 12
3645000 219
3630312 14
3628800 3668
3612672 208
3601500 21
3600000 431
3584000 329
3572100 277
3556224 334
3543750 14
3542940 32
3538944 103
3529470 1
3528000 1143
3512320 75
3500658 7
3500000 37
3499200 1489
3483648 771
3472875 11
3457440 127
3456000 2084
3444525 11
3440640 330
3430000 46
3429216 377
3402000 1194
3386880 1682
3375000 29
3361400 5
3360000 783
3359232 389
3333960 305
3317760 1277
3307500 128
3306744 88
3292800 421
3280500 102
3276800 70
3265920 2299
3241350 40
3240000 1079
3226944 8
3225600 2156
3214890 61
3211264 15
3200000 113
3189375 5
3188646 2
3175200 1668
3161088 196
3150000 210
3149280 470
3145728 13
3136000 283
3125000 1
3111696 66
3110400 2837
3096576 368
3087000 194
3073280 37
3072000 598
3062500 6
3061800 660
3048192 679
3037500 30
3025260 14
3024000 2664
3010560 397
3001250 2
3000564 45
3000000 92
2985984 467
2976750 88
2963520 711
2952450 17
2949120 359
2940000 313
2939328 480
2917215 4
2916000 1134
2903040 2666
2893401 3
2881200 90
2880000 1099
2867200 238
2857680 870
2835000 403
2834352 59
2823576 2
2822400 1660
2812500 3
2809856 16
2800000 136
2799360 1521
2778300 219
2765952 87
2764800 1912
2756250 16
2755620 167
2752512 62
2744000 105
2733750 17
2722734 6
2721600 2912
2709504 496
2701125 4
2700000 340
2689120 11
2688000 1134
2679075 11
2667168 225
2657205 2
2654208 251
2646000 806
2634240 292
2625000 22
2624400 576
2621440 26
2612736 866
2593080 114
2592000 2357
2580480 1099
2572500 45
2571912 147
2560000 194
2551500 264
2540160 1886
2531250 2
2521050 4
2520000 961
2519424 267
2508800 251
2500470 60
2500000 6
2488320 1752
2480625 7
2480058 8
2469600 522
2460375 4
2458624 18
2457600 373
2450000 46
2449440 1360
2430000 495
2420208 13
2419200 3423
2408448 93
2401000 13
2400000 283
2381400 710
2370816 262
2362500 64
2361960 131
2359296 46
2352980 1
2352000 781
2333772 32
2332800 2213
2322432 734
2315250 43
2304960 102
2304000 1457
2296350 87
2293760 83
2286144 581
2278125 1
2268945 4
2268000 1923
2257920 1163
2250423 1
2250000 58
2240000 308
2239488 521
2222640 471
2211840 916
2205000 200
2204496 234
2195200 146
2187500 1
2187000 304
2177280 2863
2160900 48
2160000 1221
2151296 2
2150400 986
2143750 4
2143260 247
2126250 47
2125764 11
2117682 2
2116800 1903
2107392 89
2100000 232
2099520 865
2097152 4
2083725 13
2074464 65
2073600 2891
2066715 8
2064384 224
2058000 171
2048000 169
2041200 1457
2032128 713
2025000 109
2016840 8
2016000 2142
2007040 144
2000376 103
2000000 32
1990656 446
1984500 264
1975680 568
1968750 4
1968300 112
1966080 141
1960000 150
1959552 729
1944810 28
1944000 1718
1935360 2175
1928934 22
1920800 37
1920000 578
1913625 7
1905120 1320
1890000 604
1889568 134
1881600 897
1875000 4
1866240 1883
1852200 305
1843968 44
1843200 1215
1837500 21
1837080 401
1835008 12
1822500 113
1815156 10
1814400 3533
1806336 313
1800750 3
1800000 377
1792000 347
1786050 104
1778112 305
1771875 2
1771470 13
1769472 205
1764000 896
1756160 92
1750329 4
1750000 28
1749600 1184
1741824 1020
1728720 113
1728000 2162
1720320 460
1715000 27
1714608 288
1701000 709
1693440 1707
1687500 7
1680700 5
1680000 664
1679616 416
1666980 147
1658880 1589
1653750 42
1653372 43
1646400 321
1640250 36
1638400 79
1632960 2138
1620675 5
1620000 754
1613472 10
1612800 2360
1607445 11
1605632 25
1600000 95
1587600 1198
1580544 214
1575000 125
1574640 334
1572864 14
1568000 299
1555848 45
1555200 2752
1548288 492
1543500 88
1536640 44
1536000 719
1531250 1
1530900 331
1524096 703
1518750 7
1512630 5
1512000 2256
1505280 559
1500625 1
1500282 26
1500000 53
1492992 621
1488375 18
1481760 563
1476225 3
1474560 490
1470000 178
1469664 389
1458000 726
1451520 2871
1440600 38
1440000 964
1433600 302
1428840 510
1417500 165
1417176 41
1411200 1618
1404928 23
1400000 105
1399680 1320
1389150 75
1382976 72
1382400 2259
1378125 2
1377810 55
1376256 71
1372000 79
1361367 1
1360800 2216
1354752 587
1350000 181
1344560 3
1344000 1137
1333584 203
1327104 395
1323000 438
1317120 299
1312500 7
1312200 313
1310720 37
1306368 984
1296540 48
1296000 2065
1290240 1329
1286250 9
1285956 77
1280000 172
1275750 102
1270080 1692
1260525 1
1260000 718
1259712 239
1254400 303
1250235 13
1250000 4
1244160 2082
1234800 389
1229312 16
1228800 500
1225000 20
1224720 957
1215000 257
1210104 11
1209600 3367
1204224 105
1200500 8
1200000 225
1190700 345
1185408 315
1181250 20
1180980 58
1179648 75
1176000 591
1166886 11
1166400 1838
1161216 871
1157625 9
1152480 79
1152000 1469
1148175 16
1146880 102
1143072 439
1134000 1211
1128960 1184
1125000 37
1120000 290
1119744 592
1111320 286
1105920 1098
1102500 92
1102248 119
1097600 108
1093500 144
1088640 2581
1080450 17
1080000 932
1075648 2
1075200 1153
1071875 1
1071630 82
1063125 6
1062882 4
1058400 1401
1053696 108
1050000 118
1049760 696
1048576 5
1037232 45
1036800 2868
1032192 296
1029000 82
1024000 187
1020600 761
1016064 747
1012500 50
1008420 8
1008000 1864
1003520 160
1000188 64
1000000 20
995328 543
992250 77
987840 449
984150 33
983040 203
980000 95
979776 637
972405 8
972000 1262
967680 2338
964467 2
960400 31
960000 565
952560 923
945000 370
944784 91
940800 872
937500 1
933120 1912
926100 156
921984 27
921600 1328
918750 3
918540 181
917504 20
911250 24
907578 2
907200 2823
903168 325
900000 206
896000 356
893025 22
889056 213
885735 3
884736 256
882000 565
878080 92
875000 11
874800 722
870912 1056
864360 59
864000 1982
860160 543
857500 8
857304 176
850500 281
846720 1541
843750 5
840350 1
840000 465
839808 368
833490 66
829440 1764
826875 1
826686 13
823200 247
820125 8
819200 104
816480 1517
810000 489
806736 5
806400 2205
802816 34
800000 85
793800 637
790272 202
787500 57
787320 192
786432 40
784000 242
777924 23
777600 2359
774144 627
771750 24
768320 35
768000 704
765450 80
762048 593
756000 1541
752640 595
750141 8
750000 22
746496 687
740880 378
737280 580
735000 102
734832 274
729000 380
725760 2752
720300 25
720000 814
716800 275
714420 230
708750 47
708588 15
705600 1218
703125 1
702464 25
700000 57
699840 1127
694575 12
691488 52
691200 2339
688905 13
688128 113
686000 56
680400 1419
677376 545
675000 91
672280 4
672000 1028
666792 128
663552 494
661500 187
658560 276
656250 4
656100 126
655360 48
653184 922
648270 19
648000 1607
645120 1412
642978 28
640000 163
637875 11
635040 1169
630000 401
629856 191
627200 281
622080 2100
617400 195
614656 10
614400 547
612500 14
612360 513
607500 99
605052 2
604800 2719
602112 148
600250 3
600000 175
595350 112
592704 239
590625 2
590490 18
589824 124
588000 449
583443 4
583200 1313
580608 916
576240 50
576000 1421
573440 113
571536 320
567000 624
564480 1121
562500 3
560000 191
559872 499
555660 142
552960 1332
551250 19
551124 64
548800 92
546750 47
544320 2083
540225 3
540000 564
537824 2
537600 1084
535815 12
531441 1
529200 860
526848 91
525000 45
524880 424
524288 10
518616 42
518400 2518
516096 344
514500 35
512000 210
510300 358
508032 646
506250 8
504210 2
504000 1388
501760 173
500094 28
500000 13
497664 665
496125 13
493920 350
492075 3
491520 224
490000 61
489888 487
486000 741
483840 2323
480200 15
480000 438
476280 491
472500 107
472392 48
470400 732
466560 1640
463050 52
460992 36
460800 1444
459375 1
459270 78
458752 26
455625 5
453789 2
453600 1905
451584 340
450000 121
448000 326
444528 156
442368 310
441000 268
439040 85
437500 3
437400 344
435456 1018
432180 30
432000 1567
430080 569
428750 3
428652 77
425250 93
423360 1223
421875 1
420175 2
420000 364
419904 292
416745 13
414720 1879
413343 4
411600 131
409600 123
408240 965
405000 196
403368 5
403200 2012
401408 33
400000 62
396900 279
395136 179
393750 15
393660 81
393216 47
392000 178
388962 7
388800 1718
387072 657
385875 4
384160 33
384000 685
382725 18
381024 426
378000 892
376320 516
375000 20
373248 674
370440 178
368640 731
367500 45
367416 150
364500 134
362880 2285
360150 4
360000 565
358400 293
357210 94
354375 3
354294 6
352800 800
351232 25
350000 35
349920 772
345744 38
345600 2091
344064 135
343000 23
340200 715
338688 508
337500 41
336140 1
336000 826
333396 53
331776 515
330750 64
329280 219
328050 39
327680 59
326592 658
324135 5
324000 1097
322560 1381
321489 1
320000 144
317520 784
315000 195
314928 111
313600 236
312500 1
311040 1801
308700 75
307328 11
307200 623
306180 214
303750 21
302526 1
302400 1975
301056 160
300000 104
297675 13
296352 164
295245 5
294912 159
294000 229
291600 746
290304 878
288120 23
288000 1156
286720 149
285768 154
283500 235
282240 856
281250 1
280000 120
279936 430
277830 36
276480 1301
275625 4
275562 20
274400 64
273375 8
272160 1506
270000 345
268800 1034
264600 440
263424 81
262500 24
262440 219
262144 10
259308 18
259200 1961
258048 381
257250 12
256000 181
255150 84
254016 477
253125 1
252105 1
252000 834
250880 152
250047 3
250000 6
248832 610
246960 231
245760 273
245000 28
244944 281
243000 356
241920 1918
240100 10
240000 327
238140 203
236250 25
236196 24
235298 1
235200 491
233280 1090
231525 12
230496 25
230400 1328
229635 8
229376 31
226800 1130
225792 319
225000 52
224000 250
222264 81
221184 334
220500 118
219520 65
218700 137
217728 789
216090 10
216000 1006
215040 591
214326 25
212625 12
211680 842
210000 152
209952 208
207360 1663
205800 74
204800 160
204120 496
202500 68
201600 1495
200704 41
200000 48
198450 72
197568 126
196875 3
196830 18
196608 50
196000 99
194400 1169
193536 680
192080 15
192000 572
190512 313
189000 414
188160 452
187500 4
186624 521
185220 107
184320 753
183750 11
183708 71
182250 36
181440 1722
180075 1
180000 307
179200 284
178605 12
176400 481
175616 27
175000 13
174960 439
172872 17
172800 1707
172032 126
171500 9
170100 271
169344 405
168750 10
168070 1
168000 552
166698 14
165888 503
165375 10
164640 135
164025 3
163840 51
163296 523
162000 540
161280 1253
160000 112
158760 361
157500 56
157464 54
156800 169
155520 1411
154350 27
153664 7
153600 570
153090 76
151875 5
151200 1220
150528 145
150000 52
148176 101
147456 136
147000 125
145800 325
145152 743
144060 15
144000 852
143360 145
142884 67
141750 65
141120 674
140000 79
139968 321
138915 5
138240 1240
137781 1
137200 35
136080 807
135000 138
134400 819
132300 163
131712 66
131250 7
131220 73
131072 7
129654 9
129600 1436
129024 364
128625 3
128000 168
127575 5
127008 337
126000 458
125440 122
125000 3
124416 632
123480 111
122880 278
122500 13
122472 151
121500 113
120960 1473
120050 2
120000 219
119070 65
118125 3
118098 8
117600 328
116640 715
115248 12
115200 1119
114688 43
113400 517
112896 276
112500 20
112000 208
111132 33
110592 347
110250 35
109760 40
109375 1
109350 35
108864 584
108045 2
108000 654
107520 543
107163 3
105840 471
105000 68
104976 113
103680 1380
102900 24
102400 154
102060 181
101250 23
100842 2
100800 1036
100352 36
100000 25
99225 12
98784 76
98415 3
98304 49
98000 46
97200 612
96768 593
96040 5
96000 463
95256 152
94500 138
94080 358
93750 1
93312 437
92610 26
92160 707
91875 5
91854 20
91125 7
90720 1039
90000 154
89600 185
88200 209
87808 17
87500 5
87480 222
86436 7
86400 1186
86016 150
85750 3
85050 62
84672 287
84375 1
84000 335
83349 1
82944 472
82320 68
81920 57
81648 272
81000 237
80640 954
80000 72
79380 151
78750 22
78732 20
78400 108
77760 924
77175 2
76832 4
76800 494
76545 13
75600 710
75264 118
75000 20
74088 46
73728 172
73500 35
72900 122
72576 522
72030 5
72000 538
71680 119
71442 17
70875 5
70560 422
70000 34
69984 218
69120 1053
68600 22
68040 394
67500 46
67228 1
67200 507
66150 42
65856 40
65625 2
65610 21
65536 13
64800 833
64512 328
64000 134
63504 202
63000 198
62720 108
62208 437
61740 38
61440 285
61250 1
61236 47
60750 27
60480 971
60000 132
59535 10
58800 188
58320 397
57624 7
57600 776
57344 32
56700 177
56448 197
56250 5
56000 103
55566 10
55296 285
55125 2
54880 24
54675 3
54432 395
54000 338
53760 428
52920 231
52500 27
52488 64
51840 958
51450 13
51200 114
51030 45
50625 1
50400 613
50176 33
50000 11
49392 48
49152 50
49000 20
48600 248
48384 421
48020 1
48000 300
47628 50
47250 48
47040 231
46656 297
46305 4
46080 619
45927 6
45360 554
45000 79
44800 174
44100 75
43904 13
43750 1
43740 74
43218 5
43200 813
43008 147
42875 2
42525 10
42336 191
42000 141
41472 390
41160 31
40960 56
40824 130
40500 67
40320 653
40000 43
39690 48
39366 4
39200 68
38880 542
38416 3
38400 350
37800 308
37632 102
37500 3
37044 27
36864 164
36750 13
36450 30
36288 379
36000 322
35840 122
35721 3
35280 218
35000 15
34992 128
34560 784
34300 2
34020 134
33750 11
33600 345
33075 5
32928 18
32805 1
32768 11
32400 441
32256 256
32000 80
31752 103
31500 69
31360 75
31104 311
30870 6
30720 256
30618 22
30375 4
30240 579
30000 64
29400 79
29160 152
28812 1
28800 543
28672 27
28350 36
28224 131
28000 56
27783 2
27648 274
27440 22
27216 178
27000 129
26880 359
26460 70
26250 6
26244 21
25920 638
25725 1
25600 89
25515 5
25200 286
25088 24
25000 5
24696 20
24576 55
24500 13
24300 86
24192 343
24000 196
23814 22
23625 4
23520 122
23328 175
23040 489
22680 253
22500 24
22400 126
22050 16
21952 8
21870 13
21600 459
21504 119
21168 110
21000 49
20736 290
20580 13
20480 48
20412 44
20250 21
20160 418
20000 18
19845 5
19683 1
19600 33
19440 245
19208 2
19200 267
18900 88
18816 64
18750 1
18522 1
18432 163
18375 2
18225 2
18144 231
18000 149
17920 73
17640 114
17500 9
17496 35
17280 513
17150 1
17010 31
16875 3
16800 197
16464 14
16384 12
16200 172
16128 210
16000 58
15876 31
15750 14
15680 57
15552 202
15360 197
15309 2
15120 302
15000 27
14700 26
14580 57
14400 313
14336 22
14175 4
14112 77
14000 29
13824 226
13720 8
13608 94
13500 47
13440 224
13230 24
13122 6
12960 338
12800 68
12600 107
12544 20
12348 6
12288 51
12250 3
12150 21
12096 186
12000 93
11907 1
11760 55
11664 63
11520 355
11340 85
11250 3
11200 75
11025 2
10976 6
10800 195
10752 66
10584 47
10500 21
10368 219
10290 6
10240 36
10206 8
10125 3
10080 236
10000 6
9800 11
9720 116
9604 1
9600 178
9450 22
9408 57
9216 109
9072 92
9000 57
8960 47
8820 30
8750 2
8748 18
8640 322
8505 6
8400 76
8232 7
8192 9
8100 40
8064 107
8000 26
7938 8
7875 2
7840 23
7776 102
7680 120
7560 134
7500 5
7350 6
7290 16
7200 169
7168 11
7056 42
7000 15
6912 159
6860 2
6804 35
6750 7
6720 122
6561 1
6480 161
6400 55
6300 51
6272 10
6174 5
6144 39
6075 3
6048 113
6000 44
5880 27
5832 38
5760 213
5670 13
5600 31
5488 2
5400 83
5376 58
5292 18
5250 6
5184 121
5120 33
5103 1
5040 119
5000 5
4900 3
4860 38
4800 94
4725 1
4704 26
4608 94
4536 40
4500 10
4480 29
4410 11
4374 5
4320 157
4200 30
4116 4
4096 7
4050 7
4032 79
4000 16
3969 1
3920 10
3888 60
3840 78
3780 42
3750 3
3645 1
3600 83
3584 9
3528 18
3500 1
3456 79
3402 5
3375 1
3360 61
3240 54
3200 23
3150 7
3136 10
3087 1
3072 30
3024 59
3000 9
2940 11
2916 17
2880 111
2835 3
2800 10
2744 2
2700 23
2688 41
2646 3
2592 61
2560 22
2520 44
2500 1
2450 1
2430 11
2400 46
2352 8
2304 42
2268 13
2250 1
2240 27
2205 1
2160 88
2100 9
2048 7
2016 36
2000 11
1960 4
1944 21
1920 42
1890 8
1800 26
1792 8
1764 2
1750 2
1728 42
1680 28
1620 18
1600 13
1575 1
1568 4
1536 24
1512 18
1500 6
1470 2
1458 3
1440 66
1400 6
1372 1
1350 6
1344 14
1296 24
1280 13
1260 5
1215 1
1200 21
1176 2
1152 34
1134 7
1125 2
1120 13
1080 29
1050 3
1024 1
1008 18
1000 3
980 5
972 6
960 31
945 1
900 7
896 5
882 2
864 32
840 10
810 4
800 7
768 14
756 2
720 28
700 2
672 7
648 6
640 11
630 2
600 8
588 1
576 17
567 1
560 5
540 5
512 2
504 6
500 2
486 2
480 10
450 1
432 6
420 2
400 2
392 2
384 7
378 3
360 9
336 4
324 5
320 1
315 1
300 2
288 9
280 2
270 2
256 1
252 4
240 4
225 1
224 2
216 4
210 1
200 2
192 2
180 4
168 2
162 1
160 2
144 1
128 1
112 1
108 1
96 1
80 1
72 1
64 1
50 1
48 1
36 1
24 1
