3097 1
3067 1
3042 1
3038 1
3036 1
3034 1
3030 1
3029 2
3028 1
3023 2
3021 1
3020 1
3019 1
3017 1
3016 1
3014 1
3011 3
3010 3
3008 1
3007 2
3006 1
3004 5
3003 2
3002 5
3001 1
3000 3
2999 5
2998 3
2997 4
2996 2
2995 3
2994 3
2993 2
2992 2
2991 1
2990 5
2989 5
2988 4
2987 7
2986 10
2985 5
2984 8
2983 14
2982 11
2981 8
2980 11
2979 10
2978 12
2977 19
2976 12
2975 20
2974 11
2973 12
2972 11
2971 14
2970 18
2969 19
2968 17
2967 26
2966 17
2965 21
2964 21
2963 26
2962 32
2961 32
2960 28
2959 28
2958 42
2957 39
2956 42
2955 25
2954 37
2953 35
2952 38
2951 40
2950 57
2949 57
2948 46
2947 53
2946 63
2945 67
2944 80
2943 69
2942 64
2941 82
2940 80
2939 88
2938 99
2937 75
2936 83
2935 85
2934 103
2933 88
2932 122
2931 132
2930 123
2929 98
2928 143
2927 145
2926 160
2925 155
2924 140
2923 173
2922 185
2921 173
2920 181
2919 206
2918 208
2917 214
2916 214
2915 231
2914 222
2913 252
2912 269
2911 254
2910 298
2909 280
2908 300
2907 342
2906 334
2905 327
2904 352
2903 340
2902 368
2901 411
2900 377
2899 384
2898 447
2897 428
2896 486
2895 493
2894 525
2893 544
2892 525
2891 540
2890 589
2889 562
2888 599
2887 646
2886 650
2885 725
2884 718
2883 747
2882 750
2881 790
2880 765
2879 858
2878 846
2877 882
2876 916
2875 990
2874 959
2873 984
2872 1052
2871 1027
2870 1109
2869 1054
2868 1180
2867 1253
2866 1196
2865 1256
2864 1309
2863 1313
2862 1309
2861 1433
2860 1424
2859 1455
2858 1450
2857 1484
2856 1659
2855 1622
2854 1673
2853 1760
2852 1769
2851 1817
2850 1779
2849 1933
2848 1950
2847 2076
2846 2022
2845 2053
2844 2153
2843 2157
2842 2234
2841 2238
2840 2334
2839 2312
2838 2456
2837 2426
2836 2538
2835 2569
2834 2607
2833 2644
2832 2804
2831 2751
2830 2994
2829 2942
2828 2944
2827 2929
2826 3045
2825 3137
2824 3197
2823 3155
2822 3300
2821 3409
2820 3385
2819 3465
2818 3517
2817 3680
2816 3743
2815 3774
2814 3791
2813 3758
2812 3945
2811 3996
2810 3981
2809 4095
2808 4133
2807 4249
2806 4301
2805 4212
2804 4357
2803 4475
2802 4432
2801 4502
2800 4599
2799 4629
2798 4668
2797 4631
2796 4875
2795 4826
2794 4890
2793 4969
2792 4949
2791 5110
2790 5052
2789 5063
2788 5266
2787 5247
2786 5323
2785 5376
2784 5470
2783 5376
2782 5459
2781 5582
2780 5417
2779 5554
2778 5709
2777 5697
2776 5695
2775 5755
2774 5920
2773 6047
2772 5878
2771 5827
2770 6002
2769 5956
2768 5988
2767 5965
2766 6048
2765 5942
2764 6150
2763 6042
2762 6163
2761 6209
2760 6113
2759 6126
2758 6170
2757 6139
2756 6109
2755 6158
2754 6233
2753 6275
2752 6264
2751 6246
2750 6240
2749 6059
2748 6365
2747 6125
2746 6296
2745 6326
2744 6091
2743 6117
2742 6155
2741 6021
2740 6205
2739 6116
2738 6024
2737 5977
2736 6065
2735 6123
2734 6030
2733 6108
2732 6062
2731 5956
2730 5911
2729 5946
2728 5831
2727 5879
2726 5887
2725 5655
2724 5676
2723 5762
2722 5820
2721 5663
2720 5458
2719 5688
2718 5416
2717 5536
2716 5237
2715 5301
2714 5257
2713 5246
2712 5074
2711 5060
2710 5137
2709 5137
2708 5060
2707 5067
2706 4888
2705 4881
2704 4825
2703 4763
2702 4640
2701 4686
2700 4607
2699 4552
2698 4330
2697 4473
2696 4366
2695 4256
2694 4196
2693 4196
2692 4172
2691 4084
2690 3960
2689 3998
2688 3912
2687 3868
2686 3777
2685 3748
2684 3655
2683 3593
2682 3577
2681 3461
2680 3504
2679 3421
2678 3293
2677 3253
2676 3194
2675 3161
2674 3062
2673 2993
2672 2829
2671 2938
2670 2846
2669 2797
2668 2781
2667 2685
2666 2534
2665 2548
2664 2446
2663 2529
2662 2340
2661 2452
2660 2312
2659 2219
2658 2301
2657 2229
2656 2066
2655 2081
2654 1995
2653 2079
2652 1917
2651 1906
2650 1769
2649 1831
2648 1691
2647 1682
2646 1768
2645 1624
2644 1580
2643 1535
2642 1441
2641 1487
2640 1536
2639 1397
2638 1362
2637 1320
2636 1324
2635 1233
2634 1229
2633 1177
2632 1161
2631 1110
2630 1097
2629 1052
2628 973
2627 1030
2626 1009
2625 931
2624 886
2623 839
2622 825
2621 851
2620 806
2619 735
2618 798
2617 715
2616 723
2615 683
2614 682
2613 621
2612 622
2611 641
2610 579
2609 581
2608 549
2607 515
2606 501
2605 468
2604 463
2603 484
2602 431
2601 423
2600 403
2599 405
2598 381
2597 355
2596 327
2595 364
2594 309
2593 331
2592 310
2591 287
2590 295
2589 269
2588 259
2587 216
2586 262
2585 213
2584 234
2583 216
2582 180
2581 185
2580 195
2579 188
2578 156
2577 167
2576 160
2575 159
2574 163
2573 114
2572 119
2571 124
2570 129
2569 108
2568 112
2567 124
2566 96
2565 104
2564 84
2563 92
2562 86
2561 78
2560 77
2559 63
2558 81
2557 61
2556 62
2555 54
2554 67
2553 59
2552 63
2551 41
2550 48
2549 34
2548 57
2547 49
2546 37
2545 38
2544 29
2543 27
2542 33
2541 27
2540 29
2539 22
2538 32
2537 29
2536 39
2535 20
2534 28
2533 19
2532 22
2531 27
2530 9
2529 17
2528 17
2527 13
2526 16
2525 20
2524 14
2523 17
2522 12
2521 15
2520 10
2519 11
2518 9
2517 6
2516 9
2515 6
2514 7
2513 2
2512 3
2511 9
2510 8
2509 9
2508 6
2507 5
2506 6
2505 3
2504 4
2503 8
2502 3
2501 6
2500 3
2499 5
2498 3
2497 2
2496 2
2495 6
2494 2
2493 5
2492 1
2491 2
2490 2
2489 1
2488 3
2487 2
2485 2
2483 4
2482 1
2481 1
2480 1
2478 3
2477 1
2475 1
2474 1
2472 2
2468 1
2467 1
2458 1
2440 1
