4665600000 1
4536000000 1
4147200000 1
4133430000 1
4082400000 1
3628800000 1
3317760000 1
3265920000 1
3240000000 1
3150000000 1
3149280000 1
3072000000 1
3024000000 1
3023308800 1
2940000000 1
2939328000 3
2916000000 2
2869781400 1
2857680000 1
2835000000 1
2822400000 1
2799360000 4
2778300000 1
2721600000 1
2624400000 2
2612736000 1
2592000000 1
2580480000 1
2571912000 1
2551500000 2
2520000000 1
2488320000 1
2480058000 1
2449440000 2
2430000000 1
2381400000 2
2380855680 1
2351462400 2
2332800000 2
2322432000 1
2296350000 2
2286144000 4
2268000000 3
2239488000 2
2222640000 2
2211840000 1
2204496000 2
2195200000 1
2177280000 3
2160000000 1
2143260000 1
2099520000 4
2090188800 1
2073600000 1
2066715000 1
2057529600 3
2041200000 2
2032128000 4
2016000000 1
2000376000 4
1990656000 1
1984046400 2
1975680000 1
1959552000 1
1944810000 2
1944000000 6
1935360000 5
1928934000 1
1913187600 1
1905120000 3
1890000000 2
1889568000 3
1866240000 3
1857945600 1
1843200000 2
1837080000 2
1828915200 2
1814400000 8
1800338400 3
1791590400 1
1786050000 1
1778112000 4
1771470000 2
1763596800 3
1749600000 2
1741824000 4
1728720000 3
1728000000 3
1720320000 1
1714608000 4
1701000000 3
1700611200 2
1693440000 2
1680000000 1
1679616000 6
1672151040 1
1666980000 2
1658880000 2
1653372000 3
1646023680 1
1640250000 1
1632960000 14
1625702400 4
1620304560 1
1612800000 4
1612431360 3
1600300800 3
1592524800 1
1587600000 6
1587237120 4
1580544000 4
1574640000 4
1567641600 4
1555848000 1
1555200000 4
1548288000 1
1543147200 2
1536000000 1
1530900000 2
1524096000 6
1511654400 6
1492992000 4
1488034800 1
1486356480 1
1481760000 1
1470000000 1
1469664000 11
1451520000 16
1440000000 2
1433600000 3
1433272320 2
1428840000 3
1428513408 1
1417176000 2
1415577600 1
1411200000 2
1410877440 7
1404928000 1
1400263200 2
1400000000 1
1399680000 11
1393459200 7
1382400000 5
1377810000 1
1372000000 2
1371686400 5
1360800000 15
1354752000 5
1350253800 2
1344560000 1
1344000000 3
1343692800 4
1339231320 1
1333584000 1
1327104000 5
1323000000 2
1322697600 5
1317120000 2
1316818944 1
1312200000 4
1306368000 19
1302030450 1
1300561920 2
1296000000 5
1290240000 6
1289945088 1
1285956000 12
1280240640 2
1275750000 1
1270080000 23
1264435200 2
1260000000 2
1259712000 10
1254400000 2
1254113280 2
1250235000 3
1244678400 1
1244160000 16
1240029000 3
1238630400 1
1234800000 5
1234517760 2
1229312000 1
1228800000 1
1224720000 15
1219276800 6
1215228420 1
1215000000 1
1209600000 10
1209323520 3
1200225600 5
1194393600 6
1190700000 4
1185408000 7
1180980000 3
1179648000 1
1176000000 1
1175731200 10
1166886000 1
1166400000 18
1161216000 16
1157360400 3
1156055040 1
1152480000 1
1152000000 7
1148175000 2
1143072000 17
1134000000 6
1133740800 5
1128960000 10
1128701952 1
1125211500 4
1120000000 1
1119744000 17
1116026100 1
1114767360 2
1111320000 9
1111065984 1
1106380800 1
1105920000 3
1102248000 21
1101004800 1
1097600000 2
1097349120 6
1093500000 4
1088640000 30
1083801600 5
1080450000 1
1080203040 5
1080000000 1
1075648000 1
1075200000 3
1074954240 4
1071630000 3
1071385056 1
1066867200 5
1062882000 1
1058400000 10
1058158080 4
1050000000 1
1049760000 16
1045094400 19
1041624360 1
1037232000 3
1036800000 18
1033357500 2
1032192000 6
1029000000 1
1028764800 17
1024192512 1
1020600000 18
1016064000 22
1008000000 8
1007769600 9
1003520000 2
1000188000 9
995328000 7
992250000 2
992023200 6
990904320 1
987840000 10
983449600 1
983040000 3
979776000 45
975421440 1
972405000 1
972182736 2
972000000 11
967680000 20
964467000 3
963379200 1
960400000 1
960180480 8
960000000 3
955514880 2
952956900 1
952560000 28
948326400 7
945000000 1
944784000 12
941192000 1
940800000 6
940584960 11
933508800 2
933120000 23
928972800 13
926100000 2
925888320 9
921600000 3
918540000 15
914457600 16
910393344 1
907200000 26
903168000 9
900169200 7
896000000 4
895795200 14
893025000 4
892820880 2
889056000 14
885735000 2
884736000 6
882000000 10
881798400 27
878080000 2
877879296 1
874800000 15
870912000 36
868020300 2
867041280 3
864360000 3
864000000 11
860160000 8
857304000 26
853493760 4
850500000 5
850305600 8
846720000 26
846526464 2
842956800 1
840000000 5
839808000 16
836075520 8
833490000 9
829785600 2
829440000 29
826686000 12
823200000 3
823011840 9
820125000 1
816820200 1
816480000 47
812851200 17
810000000 6
806736000 1
806400000 22
806215680 5
803722500 2
803538792 1
802816000 3
800150400 10
797161500 1
796262400 8
793800000 15
793618560 5
790272000 10
787320000 12
786432000 1
784000000 5
783820800 41
777924000 10
777600000 33
774144000 22
771750000 1
771573600 21
770703360 1
768320000 2
768144384 3
768000000 3
765450000 3
765275040 2
762365520 1
762048000 38
758661120 1
756315000 1
756000000 11
755827200 17
752640000 17
752467968 2
750141000 6
746807040 2
746496000 40
744017400 6
743178240 3
740880000 21
740710656 2
737587200 1
737280000 7
734832000 42
731566080 18
729137052 1
729000000 9
726062400 2
725760000 58
723350250 2
722534400 8
720135360 6
720000000 7
716800000 8
716636160 5
714420000 24
714256704 1
711244800 31
708750000 3
708588000 8
707788800 3
705600000 19
705438720 14
702464000 2
700131600 11
699840000 35
697019904 1
696729600 34
694416240 7
691488000 7
691200000 23
688905000 9
688128000 5
686000000 1
685843200 47
682795008 1
680683500 1
680400000 39
680244480 2
677658240 1
677376000 25
675126900 1
674365440 2
672126336 4
672000000 6
671846400 20
669615660 1
668860416 2
666792000 19
663828480 2
663552000 19
661500000 5
661348800 27
658560000 12
658409472 2
656100000 5
655360000 1
653456160 2
653184000 87
650280960 4
648270000 3
648121824 2
648000000 14
645388800 1
645120000 27
644972544 2
642978000 20
640120320 23
637875000 1
637729200 4
637009920 3
635040000 56
634894848 5
632217600 7
630118440 2
630000000 9
629856000 34
629145600 1
627200000 7
627056640 14
625117500 3
622339200 9
622080000 66
620014500 6
619315200 13
617400000 13
617258880 22
614400000 2
612615150 1
612500000 1
612360000 39
612220032 1
609638400 52
607500000 2
606928896 1
605052000 4
604800000 44
604661760 10
602112000 10
600112800 17
600000000 1
597196800 20
595350000 5
595213920 8
592704000 27
590490000 9
589824000 8
588110544 1
588000000 10
587865600 70
587202560 1
585252864 1
583443000 7
583200000 33
580849920 3
580608000 64
578680200 13
578027520 2
576240000 7
576108288 5
576000000 20
574087500 3
573440000 2
573308928 2
571774140 1
571536000 81
568995840 7
567106596 2
567000000 18
566870400 9
564715200 1
564480000 58
564350976 4
561971200 3
560105280 4
560000000 7
559872000 55
557383680 10
555660000 20
555532992 5
553190400 12
552960000 28
551124000 37
550502400 3
548800000 6
548674560 30
546750000 1
544546800 2
544320000 112
544195584 1
541900800 36
540225000 2
540101520 6
540000000 3
537824000 1
537600000 16
537477120 15
535815000 9
533433600 40
531441000 3
531062784 1
530841600 12
529420500 1
529200000 37
529079040 29
526848000 10
525098700 3
525000000 1
524880000 44
524288000 1
522764928 2
522547200 97
520812180 7
518616000 18
518400000 65
516311040 1
516096000 30
514500000 4
514382400 54
512096256 3
512000000 2
510300000 20
510183360 8
508032000 93
505774080 8
504094752 3
504000000 31
503884800 39
501760000 8
501645312 7
500094000 27
497871360 6
497664000 56
496125000 3
496011600 19
495452160 2
493920000 28
493807104 5
492075000 1
491724800 5
491520000 6
489888000 130
487710720 27
486202500 1
486000000 23
484041600 6
483840000 82
483729408 3
482233500 5
481689600 6
480200000 2
480090240 28
480000000 6
478296900 2
477757440 13
476478450 1
476280000 67
476171136 7
474163200 36
472500000 3
472392000 34
471859200 5
470400000 24
470292480 60
466754400 22
466560000 90
464486400 45
463050000 8
462944160 16
460992000 8
460800000 26
459270000 23
459165024 2
458752000 4
457419312 1
457228800 111
455196672 2
453789000 3
453600000 70
453496320 13
451772160 1
451584000 44
450084600 12
450000000 2
448084224 3
448000000 5
447897600 47
446512500 2
446410440 3
445906944 4
444528000 52
442867500 1
442552320 4
442368000 28
441000000 9
440899200 80
440401920 3
439040000 7
438939648 7
437400000 28
435637440 1
435456000 147
434010150 5
433520640 6
432180000 6
432081216 5
432000000 31
430080000 24
429981696 2
428652000 75
426746880 25
425250000 10
425152800 12
424673280 4
423360000 111
423263232 6
421478400 9
420175000 1
420078960 11
420000000 2
419904000 89
418037760 34
416745000 11
416649744 6
414892800 25
414720000 82
413343000 19
412876800 13
411600000 7
411505920 55
409600000 4
408410100 1
408240000 136
408146688 3
406425600 89
405076140 3
405000000 5
403368000 1
403200000 63
403107840 25
401861250 1
401769396 1
401408000 11
400075200 52
400000000 1
398297088 4
398131200 31
396900000 31
396809280 22
395136000 49
393750000 2
393660000 34
393216000 7
392000000 9
391910400 143
390168576 6
388962000 13
388800000 70
387233280 2
387072000 96
385875000 1
385786800 36
385351680 2
384160000 6
384072192 10
384000000 12
382725000 14
382637520 2
381024000 177
379330560 11
378000000 35
377913600 42
377487360 1
376320000 38
376233984 5
375070500 4
373403520 8
373248000 116
372008700 9
371589120 22
370440000 45
370355328 9
369056250 1
368793600 15
368640000 30
367569090 3
367500000 2
367416000 118
367001600 1
365783040 65
364568526 1
364500000 7
363031200 4
362880000 193
362797056 3
361267200 30
360150000 2
360067680 27
360000000 7
358400000 11
358318080 21
357210000 46
357128352 6
355622400 86
354375000 1
354294000 17
353894400 13
352800000 65
352719360 52
351232000 12
350065800 13
350000000 6
349920000 104
348509952 1
348364800 128
347287500 5
347208120 12
346816512 2
345744000 14
345600000 62
344452500 5
344064000 16
343000000 5
342921600 140
341397504 7
340341750 1
340200000 93
340122240 9
339738624 1
338829120 3
338688000 131
337563450 6
337182720 7
336140000 2
336063168 6
336000000 25
335923200 101
334807830 4
334430208 6
333534915 1
333396000 63
331914240 7
331776000 90
330812181 1
330750000 9
330674400 62
330301440 5
329417200 1
329280000 26
329204736 10
328050000 11
327680000 5
326728080 7
326592000 250
325140480 48
324135000 8
324060912 7
324000000 36
322694400 5
322560000 105
322486272 4
321489000 38
321126400 4
320060160 61
320000000 2
318864600 4
318504960 11
317652300 2
317520000 139
317447424 11
316108800 40
315059220 3
315000000 14
314928000 70
314572800 1
313600000 14
313528320 90
312558750 2
311169600 34
311040000 136
310007250 1
309657600 66
308700000 13
308629440 64
307328000 9
307200000 11
306180000 69
306110016 1
304946208 1
304819200 180
303750000 2
303464448 2
302526000 3
302400000 140
302330880 34
301989888 1
301056000 46
300056400 44
300000000 1
298722816 8
298598400 102
297675000 14
297606960 13
297271296 4
296352000 83
295245000 8
295034880 2
294912000 33
294055272 2
294000000 17
293932800 182
292626432 17
291721500 6
291600000 75
290424960 4
290304000 232
289340100 13
289013760 14
288120000 12
288054144 8
288000000 34
287043750 1
286720000 11
286654464 4
285768000 187
284497920 50
283500000 30
283435200 35
283115520 3
282240000 135
282175488 30
280985600 3
280052640 27
280000000 8
279936000 172
278691840 53
277830000 39
277766496 13
276595200 26
276480000 89
275625000 2
275562000 62
275251200 13
274400000 16
274337280 100
273375000 4
272273400 9
272160000 308
272097792 7
270950400 121
270112500 4
270050760 19
270000000 14
268912000 1
268800000 64
268738560 41
267907500 6
266716800 121
265720500 4
265531392 7
265420800 60
264600000 63
264539520 68
263424000 41
262549350 1
262500000 2
262440000 74
262144000 4
261382464 3
261273600 259
260406090 3
260112384 8
259308000 30
259200000 119
258155520 2
258048000 94
257250000 2
257191200 121
256901120 1
256048128 17
256000000 6
255150000 44
255091680 13
254803968 5
254121840 1
254016000 278
252887040 18
252105000 2
252047376 3
252000000 61
251942400 126
250880000 25
250822656 22
250047000 34
250000000 1
248935680 35
248832000 194
248062500 4
248005800 32
247726080 22
247062900 1
246960000 75
246903552 24
245862400 5
245760000 22
245046060 2
245000000 3
244944000 282
243855360 100
243045684 3
243000000 28
242020800 14
241920000 257
241864704 11
241116750 4
240844800 21
240100000 7
240045120 68
240000000 11
238878720 40
238140000 114
238085568 11
237081600 91
236250000 8
236196000 54
235929600 13
235200000 56
235146240 116
233377200 29
233280000 178
232339968 2
232243200 187
231525000 12
231472080 44
231211008 1
230496000 17
230400000 76
229635000 35
229376000 13
228614400 255
227812500 2
227598336 16
226894500 6
226800000 166
226748160 34
226492416 2
225792000 167
225042300 20
225000000 3
224788480 1
224042112 15
224000000 19
223948800 186
223256250 1
223205220 3
222953472 8
222356610 1
222264000 130
221276160 20
221184000 77
220541454 1
220500000 19
220449600 180
220200960 4
219520000 20
219469824 35
218700000 50
217818720 12
217728000 434
216760320 46
216090000 17
216040608 12
216000000 56
215129600 1
215040000 70
214990848 10
214326000 136
213373440 103
212625000 11
212576400 16
212336640 19
211768200 2
211680000 220
211631616 26
210739200 28
210039480 16
210000000 14
209952000 173
209018880 158
208372500 18
208324872 4
207446400 57
207360000 208
206671500 14
206438400 54
205800000 16
205752960 149
205031250 1
204800000 14
204205050 1
204120000 241
204073344 6
203297472 4
203212800 276
202538070 2
202500000 10
202309632 1
201684000 8
201600000 150
201553920 89
200704000 29
200037600 129
200000000 3
199290375 1
199148544 17
199065600 124
198450000 48
198404640 49
198180864 3
197568000 115
196875000 1
196830000 36
196689920 4
196608000 16
196036848 3
196000000 20
195955200 387
195084288 36
194481000 31
194400000 131
193616640 11
193536000 275
192893400 55
192675840 9
192080000 8
192036096 21
192000000 37
191362500 8
191318760 4
191102976 7
190591380 1
190512000 366
189665280 68
189035532 2
189000000 45
188956800 105
188743680 2
188160000 101
188116992 42
187535250 13
186701760 40
186624000 293
186004350 5
185794560 74
185220000 72
185177664 26
184396800 26
184320000 84
183784545 1
183750000 2
183708000 190
183500800 3
182891520 195
182250000 14
181515600 13
181440000 427
181398528 20
180708864 1
180633600 121
180075000 4
180033840 60
180000000 26
179200000 40
179159040 92
178605000 55
178564176 6
177811200 218
177147000 19
177020928 1
176947200 38
176400000 112
176359680 156
175616000 16
175032900 19
175000000 1
174960000 175
174254976 7
174182400 394
173643750 2
173604060 11
173408256 13
172872000 45
172800000 142
172226250 7
172103680 1
172032000 60
171500000 3
171460800 285
170698752 27
170100000 126
170061120 31
169869312 6
169414560 3
169344000 329
168781725 2
168750000 2
168591360 14
168070000 1
168031584 11
168000000 44
167961600 231
167215104 42
166698000 93
165957120 44
165888000 262
165375000 6
165337200 91
165150720 8
164640000 48
164602368 53
164025000 20
163840000 10
163364040 13
163296000 544
162570240 124
162067500 7
162030456 6
162000000 60
161347200 7
161280000 230
161243136 25
160744500 30
160563200 13
160030080 140
160000000 10
159468750 1
159432300 9
159252480 39
158826150 1
158760000 256
158723712 23
158054400 113
157529610 7
157500000 13
157464000 147
157351936 1
157286400 6
156800000 46
156764160 214
156279375 1
156243654 2
155584800 73
155520000 316
154893312 6
154828800 209
154350000 20
154314720 111
154140672 1
153664000 17
153600000 38
153125000 1
153090000 127
153055008 3
152409600 473
151875000 3
151732224 10
151263000 2
151200000 248
151165440 66
150590720 1
150528000 112
150028200 67
150000000 2
149361408 15
149299200 240
148837500 8
148803480 23
148635648 13
148237740 1
148176000 190
147622500 1
147517440 16
147456000 75
147027636 2
147000000 27
146966400 364
146313216 46
145860750 4
145800000 111
145212480 15
145152000 623
144670050 6
144506880 42
144060000 17
144027072 39
144000000 68
143360000 42
143327232 16
142884000 312
142248960 130
141776649 1
141750000 37
141717600 66
141557760 15
141178800 1
141120000 269
141087744 53
140492800 24
140026320 26
140000000 9
139968000 385
139345920 187
138915000 43
138883248 12
138297600 56
138240000 232
137781000 62
137682944 1
137625600 32
137200000 13
137168640 248
136687500 3
136136700 7
136080000 464
136048896 14
135531648 1
135475200 346
135025380 15
135000000 20
134873088 3
134456000 6
134400000 117
134369280 132
133953750 6
133923132 1
133358400 238
132860250 1
132765696 10
132710400 137
132300000 79
132269760 114
131712000 91
131250000 2
131220000 105
131072000 6
130691232 8
130636800 654
130203045 2
130056192 42
129654000 42
129600000 253
129077760 6
129024000 255
128625000 4
128595600 161
128450560 2
128024064 52
128000000 18
127575000 34
127545840 13
127401984 10
127060920 2
127008000 529
126443520 62
126052500 2
126023688 5
126000000 86
125971200 205
125829120 2
125440000 65
125411328 70
125023500 53
124467840 62
124416000 374
124002900 26
123863040 66
123480000 124
123451776 49
123018750 1
122931200 10
122880000 52
122523030 2
122500000 6
122472000 438
121927680 285
121550625 1
121522842 2
121500000 45
121010400 23
120960000 481
120932352 24
120472576 2
120422400 79
120050000 3
120022560 125
120000000 19
119439360 114
119070000 175
119042784 16
118540800 245
118125000 4
118098000 55
118013952 3
117964800 42
117649000 1
117600000 89
117573120 271
116688600 49
116640000 357
116169984 4
116121600 469
115762500 9
115736040 44
115605504 9
115248000 33
115200000 151
114817500 36
114791256 1
114688000 32
114354828 1
114307200 542
113799168 29
113447250 3
113400000 234
113374080 69
113246208 1
112943040 4
112896000 345
112521150 17
112500000 1
112394240 7
112021056 26
112000000 37
111974400 341
111602610 4
111476736 41
111132000 185
110638080 39
110592000 221
110250000 18
110224800 251
110100480 15
109760000 49
109734912 87
109350000 56
108909360 21
108864000 878
108380160 156
108045000 14
108020304 15
108000000 89
107564800 5
107520000 184
107495424 29
107163000 121
106686720 223
106312500 4
106288200 22
106168320 59
105840000 364
105815808 58
105369600 72
105019740 34
105000000 14
104976000 324
104857600 2
104509440 374
104186250 5
104162436 9
103723200 100
103680000 467
103335750 7
103262208 6
103219200 181
102900000 31
102876480 251
102400000 24
102060000 301
102036672 11
101606400 625
101269035 1
101250000 6
101154816 18
100842000 9
100800000 270
100776960 168
100352000 49
100018800 188
100000000 5
99574272 24
99532800 290
99225000 45
99202320 68
99090432 15
98784000 256
98415000 26
98344960 6
98304000 45
98018424 3
98000000 18
97977600 737
97542144 96
97240500 25
97200000 211
96808320 14
96768000 665
96468750 1
96446700 51
96337920 31
96040000 16
96018048 60
96000000 56
95681250 2
95659380 2
95551488 20
95295690 1
95256000 587
94832640 131
94517766 1
94500000 76
94478400 164
94371840 8
94119200 3
94080000 211
94058496 93
93767625 2
93350880 72
93312000 601
93002175 1
92897280 216
92610000 97
92588832 29
92198400 48
92160000 215
91854000 208
91750400 14
91445760 439
91125000 14
90757800 14
90720000 727
90699264 31
90316800 289
90037500 1
90016920 56
90000000 30
89915392 1
89600000 58
89579520 195
89302500 46
89282088 7
88905600 361
88593750 1
88573500 10
88510464 9
88473600 136
88200000 131
88179840 296
88080384 1
87808000 51
87516450 10
87480000 245
87127488 11
87091200 896
86802030 8
86704128 29
86436000 67
86400000 294
86113125 3
86051840 3
86016000 177
85750000 4
85730400 405
85349376 61
85050000 117
85030560 36
84934656 7
84707280 2
84672000 711
84295680 42
84035000 1
84015792 21
84000000 66
83980800 415
83607552 97
83349000 111
82978560 91
82944000 492
82687500 3
82668600 88
82575360 60
82320000 81
82301184 103
82012500 6
81920000 24
81682020 4
81648000 926
81285120 336
81033750 8
81015228 7
81000000 86
80673600 16
80640000 460
80621568 43
80372250 14
80281600 26
80015040 235
80000000 13
79716150 8
79626240 122
79380000 334
79361856 44
79027200 248
78764805 2
78750000 14
78732000 171
78675968 1
78643200 28
78400000 58
78382080 546
78121827 1
77792400 90
77760000 548
77446656 6
77414400 497
77175000 20
77157360 147
77070336 4
76832000 26
76800000 103
76545000 106
76527504 2
76236552 3
76204800 864
75937500 4
75866112 36
75631500 11
75600000 316
75582720 165
75497472 2
75295360 1
75264000 236
75014100 68
75000000 5
74680704 34
74649600 555
74418750 2
74401740 15
74317824 38
74088000 309
73811250 1
73758720 21
73728000 170
73513818 3
73500000 32
73483200 593
73400320 4
73156608 136
72930375 1
72900000 146
72606240 23
72576000 1146
72335025 1
72253440 124
72030000 17
72013536 50
72000000 105
71744535 1
71680000 88
71663616 44
71442000 337
71124480 286
70875000 27
70858800 70
70778880 48
70589400 1
70560000 449
70543872 109
70246400 30
70013160 59
70000000 11
69984000 650
69672960 473
69457500 31
69441624 18
69148800 111
69120000 453
68890500 60
68812800 90
68600000 23
68584320 493
68343750 1
68068350 3
68040000 618
68024448 29
67737600 689
67512690 16
67500000 13
67436544 6
67228000 7
67200000 218
67184640 289
66976875 2
66961566 1
66679200 358
66382848 25
66355200 333
66150000 98
66134880 185
66060288 7
65883440 1
65856000 167
65625000 1
65610000 101
65536000 13
65345616 10
65318400 1157
65028096 94
64827000 51
64800000 345
64538880 14
64512000 556
64312500 1
64297800 191
64225280 8
64012032 90
64000000 28
63787500 35
63772920 11
63700992 23
63530460 1
63504000 924
63221760 120
63011844 11
63000000 100
62985600 411
62914560 5
62720000 100
62705664 157
62511750 15
62233920 128
62208000 871
62001450 11
61931520 184
61740000 135
61725888 94
61465600 34
61440000 120
61261515 2
61250000 1
61236000 585
60963840 595
60761421 3
60750000 49
60505200 25
60480000 892
60466176 53
60211200 150
60025000 2
60011280 149
60000000 30
59719680 272
59535000 148
59521392 18
59270400 442
59062500 3
59049000 47
59006976 5
58982400 75
58824500 2
58800000 154
58786560 585
58344300 43
58320000 528
58084992 6
58060800 1088
57881250 3
57868020 40
57802752 16
57624000 56
57600000 233
57408750 16
57395628 2
57344000 68
57153600 765
56899584 78
56700000 242
56687040 96
56623104 5
56471520 5
56448000 610
56260575 2
56250000 4
56197120 13
56010528 34
56000000 65
55987200 761
55801305 2
55738368 110
55566000 222
55319040 84
55296000 504
55125000 21
55112400 269
55050240 27
54880000 64
54867456 171
54675000 46
54454680 20
54432000 1466
54190080 322
54022500 10
54010152 33
54000000 116
53782400 8
53760000 352
53747712 80
53581500 98
53343360 338
53156250 1
53144100 17
53084160 128
52942050 1
52920000 505
52907904 100
52684800 143
52509870 19
52500000 16
52488000 409
52428800 7
52254720 775
52081218 7
51861600 142
51840000 746
51667875 2
51631104 2
51609600 361
51450000 15
51438240 336
51200000 43
51030000 352
51018336 12
50824368 1
50803200 1108
50625000 5
50577408 33
50421000 11
50400000 378
50388480 300
50176000 103
50009400 163
50000000 1
49787136 38
49766400 708
49612500 33
49601160 77
49545216 42
49392000 328
49207500 12
49172480 11
49152000 94
49009212 3
49000000 22
48988800 1124
48771072 168
48620250 8
48600000 242
48404160 30
48384000 1222
48223350 26
48168960 77
48020000 14
48009024 102
48000000 76
47829690 4
47775744 52
47628000 645
47416320 302
47250000 60
47239200 203
47185920 26
47059600 1
47040000 295
47029248 191
46675440 100
46656000 1021
46448640 547
46305000 84
46294416 57
46099200 87
46080000 363
45927000 180
45875200 42
45722880 816
45562500 9
45378900 12
45360000 987
45349632 44
45177216 1
45158400 539
45018750 1
45008460 55
45000000 28
44957696 1
44800000 99
44789760 432
44651250 24
44641044 7
44452800 524
44286750 2
44255232 23
44236800 289
44100000 147
44089920 408
44040192 3
43904000 88
43758225 2
43740000 289
43563744 14
43545600 1616
43401015 2
43352064 70
43218000 58
43200000 419
43025920 10
43008000 329
42875000 5
42865200 416
42674688 127
42525000 104
42515280 38
42467328 23
42353640 3
42336000 997
42147840 92
42007896 22
42000000 85
41990400 646
41943040 2
41803776 181
41674500 85
41489280 153
41472000 963
41343750 1
41334300 75
41287680 128
41160000 124
41150592 164
41006250 3
40960000 55
40841010 7
40824000 1165
40642560 678
40516875 1
40507614 4
40500000 69
40336800 18
40320000 789
40310784 89
40186125 2
40140800 74
40007520 309
40000000 20
39813120 326
39690000 351
39680928 65
39513600 392
39375000 6
39366000 134
39337984 5
39321600 42
39200000 84
39191040 943
38896200 83
38880000 828
38723328 7
38707200 1049
38587500 8
38578680 155
38535168 15
38416000 44
38400000 182
38272500 81
38263752 4
38118276 2
38102400 1258
37968750 1
37933056 67
37815750 6
37800000 425
37791360 225
37748736 4
37647680 1
37632000 407
37507050 25
37500000 1
37340352 58
37324800 1016
37200870 9
37158912 92
37044000 384
36905625 1
36879360 45
36864000 365
36756909 1
36750000 23
36741600 665
36700160 11
36578304 241
36450000 114
36303120 35
36288000 1838
36126720 249
36015000 5
36006768 62
36000000 167
35840000 135
35831808 92
35721000 286
35562240 455
35437500 13
35429400 52
35389440 98
35294700 2
35280000 513
35271936 176
35123200 68
35006580 43
35000000 15
34992000 799
34836480 988
34728750 12
34720812 17
34574400 154
34560000 781
34445250 21
34420736 1
34406400 199
34300000 25
34292160 661
34034175 1
34020000 626
34012224 28
33868800 1215
33756345 3
33750000 10
33718272 13
33614000 3
33600000 258
33592320 493
33339600 342
33191424 57
33177600 687
33075000 76
33067440 173
33030144 21
32928000 271
32805000 84
32768000 21
32672808 12
32659200 1811
32514048 161
32413500 33
32400000 409
32269440 20
32256000 939
32156250 5
32148900 138
32112640 26
32006016 170
32000000 47
31893750 5
31886460 11
31850496 47
31765230 2
31752000 1154
31610880 235
31505922 4
31500000 102
31492800 470
31457280 14
31360000 130
31352832 290
31255875 3
31116960 179
31104000 1352
31000725 2
30965760 399
30870000 112
30862944 108
30732800 46
30720000 209
30625000 2
30618000 548
30481920 1069
30375000 26
30252600 18
30240000 1182
30233088 91
30118144 1
30105600 315
30012500 1
30005640 137
30000000 24
29859840 519
29767500 76
29760696 29
29635200 638
29531250 1
29524500 21
29503488 12
29491200 190
29400000 159
29393280 772
29172150 16
29160000 577
29042496 18
29030400 1799
28934010 29
28901376 45
28812000 62
28800000 408
28704375 5
28672000 111
28576800 949
28449792 151
28350000 216
28343520 102
28311552 13
28235760 3
28224000 990
28125000 2
28098560 28
28005264 42
28000000 50
27993600 1099
27869184 193
27783000 184
27659520 131
27648000 856
27562500 14
27556200 229
27525120 71
27440000 68
27433728 294
27337500 18
27227340 20
27216000 1814
27095040 637
27011250 6
27005076 14
27000000 130
26891200 17
26880000 514
26873856 151
26790750 46
26671680 449
26578125 1
26572050 7
26542080 277
26471025 2
26460000 523
26453952 110
26342400 248
26254935 1
26250000 17
26244000 466
26214400 10
26127360 1297
26040609 1
25930800 129
25920000 1089
25815552 10
25804800 661
25725000 21
25719120 327
25690112 4
25600000 68
25515000 229
25509168 14
25412184 1
25401600 1576
25312500 4
25288704 62
25210500 5
25200000 488
25194240 466
25165824 2
25088000 171
25004700 115
25000000 3
24893568 80
24883200 1278
24806250 13
24800580 50
24772608 85
24696000 388
24603750 11
24586240 24
24576000 190
24504606 5
24500000 22
24494400 1384
24385536 316
24310125 2
24300000 263
24202080 29
24192000 1870
24111675 4
24084480 136
24010000 12
24004512 100
24000000 96
23887872 103
23814000 637
23708160 437
23625000 38
23619600 182
23592960 59
23529800 3
23520000 397
23514624 312
23337720 74
23328000 1389
23224320 923
23152500 37
23147208 43
23049600 104
23040000 610
22963500 142
22937600 64
22861440 1036
22781250 1
22689450 5
22680000 1090
22674816 71
22588608 5
22579200 918
22504230 29
22500000 25
22478848 5
22400000 128
22394880 761
22325625 3
22320522 2
22226400 588
22143375 2
22127616 41
22118400 585
22050000 137
22044960 471
22020096 18
21952000 93
21875000 1
21870000 261
21781872 18
21772800 2491
21676032 136
21609000 59
21600000 463
21512960 10
21504000 506
21437500 2
21432600 330
21337344 211
21262500 43
21257640 31
21233664 40
21176820 7
21168000 1350
21073920 144
21003948 19
21000000 100
20995200 902
20971520 2
20901888 352
20837250 46
20744640 181
20736000 1586
20667150 31
20643840 281
20580000 142
20575296 228
20503125 1
20480000 81
20412000 1196
20321280 1161
20253807 2
20250000 64
20168400 27
20160000 1111
20155392 172
20070400 141
20003760 316
20000000 16
19906560 590
19845000 230
19840464 66
19756800 569
19687500 3
19683000 137
19668992 5
19660800 96
19600000 99
19595520 1347
19448100 62
19440000 939
19361664 10
19353600 1648
19293750 5
19289340 120
19267584 24
19208000 36
19200000 248
19136250 19
19131876 1
19059138 1
19051200 1520
18966528 138
18907875 1
18900000 390
18895680 294
18874368 9
18823840 1
18816000 569
18753525 3
18750000 2
18670176 55
18662400 1597
18600435 2
18579456 204
18522000 299
18439680 72
18432000 598
18375000 19
18370800 671
18350080 18
18289152 427
18225000 68
18151560 27
18144000 2451
18063360 486
18007500 7
18003384 64
18000000 126
17920000 215
17915904 210
17860500 178
17781120 641
17718750 2
17714700 32
17694720 214
17647350 1
17640000 608
17635968 267
17561600 101
17503290 17
17500000 15
17496000 896
17418240 1488
17364375 2
17360406 10
17287200 174
17280000 1081
17222625 4
17210368 2
17203200 372
17150000 22
17146080 694
17010000 549
17006112 41
16941456 3
16934400 1689
16875000 10
16859136 29
16807000 1
16800000 343
16796160 779
16777216 1
16669800 287
16595712 80
16588800 1258
16537500 43
16533720 132
16515072 48
16464000 291
16402500 33
16384000 58
16336404 8
16329600 2290
16257024 320
16206750 22
16200000 443
16134720 19
16128000 1515
16074450 54
16056320 35
16003008 234
16000000 50
15946875 1
15943230 7
15925248 104
15876000 1130
15805440 370
15752961 1
15750000 60
15746400 413
15728640 36
15680000 196
15676416 433
15558480 150
15552000 1846
15482880 803
15435000 99
15431472 103
15366400 41
15360000 329
15312500 2
15309000 412
15240960 1417
15187500 12
15126300 11
15120000 1344
15116544 128
15052800 519
15006250 1
15002820 116
15000000 37
14929920 920
14883750 27
14880348 16
14817600 699
14762250 11
14751744 22
14745600 375
14700000 132
14696640 912
14680064 2
14586075 5
14580000 521
14521248 20
14515200 2700
14467005 4
14450688 99
14406000 55
14400000 483
14348907 1
14336000 162
14288400 778
14224896 242
14175000 143
14171760 95
14155776 32
14117880 3
14112000 1225
14062500 1
14049280 44
14002632 38
14000000 51
13996800 1506
13934592 381
13891500 115
13829760 158
13824000 1476
13781250 3
13778100 141
13762560 116
13720000 69
13716864 388
13668750 8
13613670 13
13608000 1890
13547520 999
13502538 8
13500000 107
13445600 11
13440000 659
13436928 228
13395375 7
13335840 527
13286025 1
13271040 561
13230000 423
13226976 129
13176688 1
13171200 319
13125000 9
13122000 391
13107200 29
13063680 1842
12965400 102
12960000 1282
12907776 10
12902400 1142
12862500 7
12859560 260
12845056 9
12800000 77
12757500 130
12754584 10
12706092 3
12700800 1951
12656250 1
12644352 95
12605250 2
12600000 432
12597120 532
12582912 4
12544000 220
12502350 50
12446784 95
12441600 1924
12403125 1
12400290 30
12386304 148
12348000 381
12301875 2
12293120 21
12288000 297
12252303 2
12250000 7
12247200 1309
12192768 500
12150000 176
12101040 31
12096000 2470
12042240 222
12005000 8
12002256 132
12000000 125
11943936 219
11907000 461
11854080 603
11812500 19
11809800 118
11796480 138
11760000 440
11757312 450
11668860 53
11664000 1506
11612160 1564
11576250 17
11573604 39
11524800 120
11520000 879
11481750 53
11468800 113
11430720 1240
11340000 955
11337408 74
11294304 1
11289600 1239
11252115 8
11250000 18
11239424 7
11200000 171
11197440 1056
11113200 477
11063808 53
11059200 979
11025000 87
11022480 437
11010048 19
10976000 125
10935000 161
10890936 20
10886400 3184
10838016 235
10804500 34
10800000 498
10756480 12
10752000 789
10716300 211
10668672 254
10631250 22
10628820 15
10616832 99
10584000 1388
10536960 203
10501974 17
10500000 65
10497600 960
10485760 7
10450944 554
10418625 2
10372320 162
10368000 2050
10333575 9
10321920 525
10290000 94
10287648 260
10240000 122
10206000 1009
10160640 1572
10125000 27
10084200 12
10080000 1249
10077696 237
10035200 185
10001880 263
10000000 15
9953280 1020
9922500 138
9920232 44
9878400 615
9843750 2
9841500 65
9834496 9
9830400 178
9800000 59
9797760 1628
9724050 23
9720000 929
9680832 19
9676800 2386
9644670 51
9633792 46
9604000 37
9600000 285
9568125 3
9525600 1467
9483264 191
9450000 277
9447840 257
9437184 24
9408000 772
9335088 68
9331200 2071
9289728 311
9261000 238
9219840 99
9216000 932
9187500 7
9185400 448
9175040 30
9144576 568
9112500 24
9075780 20
9072000 2642
9031680 696
9003750 4
9001692 34
9000000 124
8960000 258
8957952 308
8930250 54
8890560 677
8857350 6
8847360 387
8823675 1
8820000 526
8817984 316
8780800 138
8751645 10
8750000 8
8748000 820
8709120 2203
8680203 2
8643600 106
8640000 1270
8605184 4
8601600 572
8575000 11
8573040 626
8505000 363
8503056 35
8467200 2056
8437500 5
8429568 37
8403500 1
8400000 336
8398080 976
8388608 2
8334900 194
8297856 104
8294400 1814
8268750 14
8266860 104
8257536 99
8235430 1
8232000 303
8201250 11
8192000 92
8168202 5
8164800 2236
8128512 427
8103375 2
8100000 324
8067360 25
8064000 1940
8037225 16
8028160 65
8001504 221
8000000 50
7962624 227
7938000 860
7902720 539
7875000 45
7873200 372
7864320 46
7840000 176
7838208 655
7779240 101
7776000 2047
7741440 1180
7717500 58
7715736 99
7683200 42
7680000 452
7656250 1
7654500 219
7620480 1661
7593750 1
7563150 11
7560000 1347
7558272 156
7529536 2
7526400 668
7501410 53
7500000 13
7464960 1367
7441875 4
7440174 6
7408800 676
7381125 1
7375872 32
7372800 630
7350000 99
7348320 869
7340032 6
7290000 393
7260624 14
7257600 3526
7225344 174
7203000 54
7200000 517
7168000 259
7144200 597
7112448 308
7087500 67
7085880 70
7077888 67
7056000 1300
7024640 72
7001316 26
7000000 51
6998400 1587
6967296 598
6945750 52
6914880 189
6912000 1836
6889050 45
6881280 214
6860000 58
6858432 434
6806835 1
6804000 1749
6773760 1377
6751269 1
6750000 60
6722800 6
6720000 791
6718464 332
6667920 474
6635520 906
6615000 251
6613488 128
6585600 405
6562500 2
6561000 218
6553600 48
6531840 2282
6482700 54
6480000 1204
6453888 17
6451200 1629
6431250 4
6429780 160
6422528 14
6400000 110
6378750 34
6377292 6
6353046 1
6350400 1940
6322176 123
6300000 374
6298560 541
6291456 5
6272000 282
6251175 9
6223392 88
6220800 2431
6200145 4
6193152 277
6174000 313
6146560 28
6144000 466
6125000 4
6123600 1042
6096384 630
6075000 97
6050520 21
6048000 2728
6021120 352
6002500 9
6001128 94
6000000 117
5971968 321
5953500 249
5927040 731
5906250 4
5904900 59
5898240 247
5880000 370
5878656 515
5834430 35
5832000 1476
5806080 2097
5788125 2
5786802 10
5762400 105
5760000 989
5740875 4
5734400 155
5715360 1099
5670000 689
5668704 77
5644800 1560
5625000 10
5619712 12
5600000 164
5598720 1344
5556600 324
5531904 75
5529600 1432
5512500 42
5511240 312
5505024 50
5488000 126
5467500 58
5445468 11
5443200 3148
5419008 361
5402250 12
5400000 459
5378240 9
5376000 1020
5358150 97
5334336 281
5315625 2
5314410 8
5308416 160
5294205 1
5292000 1176
5268480 241
5250987 1
5250000 69
5248800 821
5242880 11
5225472 860
5186160 140
5184000 2387
5160960 748
5145000 49
5143824 249
5120000 147
5103000 611
5080320 1887
5062500 13
5042100 9
5040000 1202
5038848 246
5017600 238
5000940 148
5000000 14
4976640 1431
4961250 39
4960116 35
4939200 645
4920750 23
4917248 6
4915200 258
4900000 66
4898880 1575
4862025 4
4860000 725
4840416 9
4838400 3000
4822335 7
4816896 76
4802000 31
4800000 305
4762800 1174
4741632 265
4725000 161
4723920 208
4718592 39
4704000 796
4667544 48
4665600 2150
4644864 552
4630500 121
4609920 103
4608000 1250
4593750 4
4592700 218
4587520 55
4572288 582
4556250 12
4537890 5
4536000 2429
4515840 877
4500846 26
4500000 86
4480000 297
4478976 451
4465125 3
4445280 627
4428675 1
4423680 615
4410000 381
4408992 280
4390400 154
4375000 7
4374000 532
4354560 2664
4321800 97
4320000 1380
4302592 4
4300800 743
4287500 5
4286520 428
4252500 154
4251528 18
4235364 1
4233600 2128
4218750 1
4214784 76
4201750 1
4200000 286
4199040 1007
4194304 2
4167450 70
4148928 81
4147200 2375
4134375 2
4133430 40
4128768 155
4116000 220
4100625 1
4096000 156
4084101 1
4082400 1993
4064256 588
4050000 234
4033680 21
4032000 2183
4014080 115
4000752 158
4000000 60
3981312 309
3969000 556
3951360 540
3937500 15
3936600 219
3932160 100
3920000 217
3919104 742
3889620 61
3888000 2053
3870720 1663
3858750 20
3857868 55
3841600 52
3840000 537
3827250 77
3810240 1594
3780000 1069
3779136 177
3763200 891
3750705 12
3750000 10
3732480 1690
3704400 513
3687936 46
3686400 865
3675000 65
3674160 749
3670016 7
3645000 208
3630312 13
3628800 3708
3612672 238
3601500 20
3600000 485
3584000 332
3572100 302
3556224 309
3543750 13
3542940 42
3538944 108
3529470 1
3528000 1139
3512320 85
3500658 20
3500000 33
3499200 1486
3483648 818
3472875 5
3457440 151
3456000 2173
3444525 9
3440640 324
3430000 32
3429216 356
3402000 1212
3386880 1674
3375000 27
3361400 3
3360000 747
3359232 394
3333960 299
3317760 1192
3307500 123
3306744 101
3292800 406
3281250 2
3280500 98
3276800 78
3265920 2326
3241350 21
3240000 1090
3226944 8
3225600 2066
3214890 68
3211264 18
3200000 94
3189375 8
3176523 1
3175200 1686
3161088 150
3150000 236
3149280 464
3145728 9
3136000 319
3111696 65
3110400 2752
3096576 390
3087000 212
3073280 51
3072000 544
3062500 4
3061800 653
3048192 655
3037500 37
3025260 13
3024000 2689
3010560 430
3001250 1
3000564 54
3000000 92
2985984 427
2976750 83
2963520 694
2952450 29
2949120 379
2940000 310
2939328 474
2917215 3
2916000 1085
2903040 2623
2893401 8
2881200 111
2880000 1046
2867200 219
2857680 912
2835000 420
2834352 54
2823576 3
2822400 1641
2812500 3
2809856 17
2800000 140
2799360 1467
2778300 206
2765952 82
2764800 1850
2756250 13
2755620 161
2752512 62
2744000 110
2733750 28
2722734 4
2721600 2967
2709504 492
2701125 2
2700000 366
2689120 9
2688000 1153
2679075 21
2667168 276
2657205 2
2654208 279
2646000 751
2634240 294
2625000 27
2624400 551
2621440 30
2612736 967
2593080 90
2592000 2456
2580480 1044
2572500 20
2571912 135
2560000 146
2551500 262
2540160 1853
2531250 3
2521050 3
2520000 979
2519424 261
2508800 264
2500470 76
2500000 7
2488320 1746
2480625 8
2480058 8
2469600 553
2460375 3
2458624 15
2457600 397
2450000 42
2449440 1386
2430000 492
2420208 16
2419200 3383
2408448 93
2401000 14
2400000 317
2381400 705
2370816 312
2362500 75
2361960 132
2359296 46
2352000 760
2333772 25
2332800 2292
2322432 737
2315250 52
2304960 96
2304000 1502
2296350 76
2293760 90
2286144 574
2268945 3
2268000 1993
2257920 1165
2250423 4
2250000 56
2240000 270
2239488 527
2222640 501
2211840 928
2205000 229
2204496 224
2195200 158
2187000 321
2177280 2872
2160900 47
2160000 1199
2151296 4
2150400 1010
2143750 3
2143260 222
2126250 39
2125764 9
2116800 1834
2107392 73
2100000 213
2099520 940
2097152 2
2083725 8
2074464 78
2073600 2734
2066715 10
2064384 207
2058000 182
2048000 167
2041200 1404
2032128 714
2025000 107
2016840 12
2016000 2168
2007040 127
2000376 133
2000000 33
1990656 486
1984500 276
1975680 557
1968750 2
1968300 106
1966080 135
1960000 145
1959552 726
1944810 22
1944000 1790
1935360 2088
1929375 5
1928934 11
1920800 48
1920000 610
1913625 13
1905120 1383
1890000 672
1889568 146
1882384 2
1881600 891
1875000 2
1866240 1831
1852200 319
1843968 30
1843200 1150
1837500 14
1837080 450
1835008 13
1822500 92
1815156 7
1814400 3533
1806336 302
1800750 9
1800000 347
1792000 384
1786050 133
1778112 317
1771470 7
1769472 158
1764000 898
1756160 89
1750329 1
1750000 26
1749600 1112
1741824 949
1728720 118
1728000 2306
1720320 457
1715000 24
1714608 295
1701000 756
1693440 1760
1687500 18
1680700 3
1680000 658
1679616 430
1666980 196
1658880 1603
1653750 36
1653372 45
1646400 354
1640625 1
1640250 43
1638400 88
1632960 2052
1620675 8
1620000 757
1613472 12
1612800 2318
1607445 20
1605632 23
1600000 91
1587600 1169
1580544 201
1575000 125
1574640 357
1572864 18
1568000 301
1555848 50
1555200 2684
1548288 528
1543500 92
1536640 40
1536000 674
1531250 1
1530900 287
1524096 733
1518750 9
1512630 2
1512000 2236
1505280 520
1500282 20
1500000 59
1492992 573
1488375 8
1481760 514
1476225 2
1474560 535
1470000 175
1469664 390
1458000 717
1451520 2801
1440600 44
1440000 931
1433600 256
1428840 483
1417500 188
1417176 29
1411200 1557
1404928 21
1400000 105
1399680 1422
1389150 72
1382976 57
1382400 2128
1378125 1
1377810 56
1376256 78
1372000 100
1366875 2
1360800 2249
1354752 548
1350000 185
1344560 10
1344000 1173
1333584 195
1327104 347
1323000 486
1317120 303
1312500 7
1312200 322
1310720 33
1306368 988
1296540 48
1296000 2147
1290240 1391
1286250 10
1285956 60
1280000 179
1275750 85
1270080 1604
1265625 1
1260000 700
1259712 250
1254400 317
1250235 13
1250000 8
1244160 2010
1240029 2
1234800 347
1229312 14
1228800 469
1225000 17
1224720 889
1215000 257
1210104 7
1209600 3285
1204224 128
1200500 5
1200000 235
1190700 337
1185408 300
1181250 23
1180980 58
1179648 79
1176490 2
1176000 647
1166886 13
1166400 1771
1161216 899
1157625 9
1152480 68
1152000 1471
1148175 7
1146880 116
1143072 460
1134000 1174
1128960 1164
1125000 26
1120000 260
1119744 547
1111320 308
1105920 1060
1102500 85
1102248 134
1097600 125
1093500 146
1088640 2670
1080450 22
1080000 911
1075648 2
1075200 1144
1071630 83
1063125 3
1062882 6
1058400 1383
1053696 99
1050000 113
1049760 697
1048576 4
1037232 63
1036800 2834
1032192 282
1029000 99
1024000 212
1020600 813
1016064 701
1012500 51
1008420 8
1008000 1840
1003520 170
1000188 67
1000000 36
995328 563
992250 86
987840 491
984375 3
984150 44
983040 201
980000 98
979776 624
972405 9
972000 1228
967680 2284
964467 4
960400 24
960000 554
952560 909
945000 320
944784 76
940800 839
937500 3
933120 1877
926100 166
921984 29
921600 1324
918750 10
918540 201
917504 15
911250 20
907578 3
907200 2839
903168 370
900000 232
896000 337
893025 16
889056 228
885735 3
884736 226
882000 545
878080 94
875000 13
874800 626
870912 991
864360 59
864000 2035
860160 542
857500 9
857304 163
850500 298
846720 1550
843750 3
840350 2
840000 500
839808 411
833490 47
829440 1833
826875 3
826686 21
823200 239
820125 4
819200 107
816480 1529
810000 457
806736 10
806400 2365
802816 31
800000 100
793800 646
790272 221
787500 41
787320 170
786432 38
784000 221
777924 23
777600 2473
774144 618
771750 35
768320 21
768000 712
765450 109
762048 667
756000 1473
752640 531
750141 3
750000 26
746496 638
740880 372
737280 636
735000 104
734832 293
729000 360
725760 2770
720300 23
720000 869
716800 290
714420 273
708750 41
708588 16
705600 1203
702464 33
700000 70
699840 1154
694575 11
691488 51
691200 2317
688905 4
688128 95
686000 43
680400 1364
677376 596
675000 102
672000 1003
666792 134
663552 470
661500 195
658560 270
656250 1
656100 160
655360 54
653184 839
648270 25
648000 1633
645120 1420
643125 1
642978 25
640000 175
637875 10
635040 1210
630000 416
629856 178
627200 253
625000 2
622080 1997
617400 202
614656 11
614400 594
612500 7
612360 529
607500 101
605052 3
604800 2698
602112 124
600250 4
600000 172
595350 104
592704 230
590625 5
590490 22
589824 128
588000 441
583200 1280
580608 920
576240 49
576000 1456
573440 130
571536 301
567000 607
564480 1112
562500 4
560000 225
559872 500
555660 168
552960 1229
551250 18
551124 58
548800 78
546750 42
544320 2105
540225 4
540000 595
537824 1
537600 1127
535815 9
529200 868
526848 89
525000 49
524880 447
524288 9
518616 28
518400 2504
516096 349
514500 37
512000 196
510300 338
508032 640
506250 10
504210 3
504000 1329
501760 143
500094 26
500000 15
497664 657
496125 7
493920 328
492075 4
491520 231
490000 55
489888 477
486000 698
483840 2199
480200 17
480000 497
476280 487
472500 148
472392 61
470400 684
466560 1652
463050 49
460992 35
460800 1433
459270 70
458752 27
455625 5
453789 1
453600 2003
451584 329
450000 117
448000 333
444528 173
442368 308
441000 288
439040 101
437500 3
437400 353
435456 912
432180 24
432000 1569
430080 607
428750 4
428652 90
425250 64
423360 1237
420000 337
419904 326
416745 13
414720 1861
413343 4
411600 152
409600 152
408240 999
405000 215
403368 5
403200 2065
401408 29
400000 58
396900 288
395136 167
393750 4
393660 88
393216 49
392000 188
388962 12
388800 1729
387072 682
385875 2
384160 20
384000 683
382725 14
381024 470
378000 877
376320 565
375000 18
373248 629
370440 202
368640 753
367500 36
367416 154
364500 157
362880 2353
360150 8
360000 567
358400 314
357210 64
354375 3
354294 3
352947 1
352800 859
351232 23
350000 24
349920 759
345744 35
345600 2135
344064 132
343000 23
340200 735
338688 567
337500 25
336140 1
336000 799
333396 43
331776 507
330750 65
329280 211
328050 40
327680 59
326592 715
324135 6
324000 1015
322560 1395
321489 6
320000 145
317520 746
315000 202
314928 123
313600 222
311040 1743
308700 85
307328 10
307200 544
306250 1
306180 235
303750 21
302526 2
302400 1947
301056 145
300000 105
297675 18
296352 171
295245 1
294912 180
294000 248
291600 759
290304 917
288120 33
288000 1208
286720 139
285768 176
283500 257
282240 863
281250 5
280000 133
279936 442
277830 46
276480 1355
275625 2
275562 17
274400 56
273375 7
272160 1383
270000 328
268912 2
268800 1029
264600 443
263424 94
262500 21
262440 223
262144 7
259308 16
259200 1901
258048 338
257250 9
256000 177
255150 97
254016 472
253125 1
252000 875
250880 116
250047 3
250000 5
248832 653
246960 201
245760 276
245000 31
244944 269
243000 336
241920 1870
240100 4
240000 341
238140 215
236250 28
236196 15
235200 516
233280 1184
231525 10
230496 21
230400 1263
229635 8
229376 24
226800 1132
225792 333
225000 59
224000 267
222264 82
221184 366
220500 124
219520 56
218750 1
218700 131
217728 797
216090 13
216000 1100
215040 605
214375 1
214326 25
212625 13
211680 825
210000 171
209952 213
207360 1642
205800 73
204800 136
204120 493
202500 80
201684 2
201600 1521
200704 32
200000 36
198450 68
197568 121
196875 4
196830 26
196608 64
196000 99
194481 4
194400 1141
193536 634
192080 12
192000 612
190512 253
189000 380
188160 440
187500 7
186624 534
185220 93
184320 728
183750 11
183708 69
182250 24
181440 1707
180000 343
179200 271
178605 19
177147 2
176400 479
175616 28
175000 12
174960 472
172872 21
172800 1686
172032 133
171500 6
170100 270
169344 419
168750 7
168000 544
166698 16
165888 522
165375 12
164640 139
164025 2
163840 55
163296 446
162000 496
161280 1275
160000 115
158760 354
157500 80
157464 55
156800 178
156250 1
155520 1421
154350 34
153664 6
153600 575
153125 1
153090 56
151875 2
151200 1293
150528 175
150000 41
148176 114
147456 178
147000 101
145800 357
145152 735
144060 16
144000 893
143360 150
142884 52
141750 49
141120 635
140000 74
139968 338
138915 7
138240 1271
137781 2
137200 38
136080 808
135000 111
134400 791
132300 188
131712 62
131250 3
131220 71
131072 12
129654 5
129600 1341
129024 377
128625 3
128000 157
127575 22
127008 329
126000 481
125440 111
124416 585
123480 95
122880 275
122500 11
122472 132
121500 136
120960 1463
120050 5
120000 205
119070 56
118125 8
118098 3
117600 300
116640 723
115248 14
115200 1170
114688 29
113400 510
112896 310
112500 15
112000 179
111132 44
110592 353
110250 30
109760 44
109350 41
108864 573
108045 2
108000 645
107520 541
107163 4
105840 487
105000 65
104976 120
103680 1418
102900 29
102400 127
102060 189
101250 12
100842 2
100800 984
100352 28
100000 23
99225 18
98784 96
98415 4
98304 69
98000 55
97200 627
96768 606
96040 4
96000 420
95256 113
94500 154
94080 295
93312 455
92610 34
92160 706
91875 2
91854 18
91125 3
90720 1078
90000 193
89600 227
88200 206
87808 28
87500 7
87480 215
86436 6
86400 1286
86016 146
85750 1
85050 63
84672 308
84000 345
83349 1
82944 496
82320 72
81920 58
81648 258
81000 239
80640 960
80000 88
79380 169
78750 17
78732 25
78400 104
77760 956
77175 2
76832 3
76800 493
76545 6
75600 662
75264 128
75000 28
74088 46
73728 184
73500 38
72900 129
72576 591
72030 4
72000 569
71680 145
71442 27
70875 12
70560 374
70000 38
69984 192
69120 1050
68600 20
68040 395
67500 33
67228 3
67200 558
66150 49
65856 48
65610 22
65536 12
64827 3
64800 826
64512 360
64000 143
63504 185
63000 214
62720 96
62500 4
62208 440
61740 38
61440 289
61250 2
61236 55
60750 27
60480 952
60000 129
59535 8
59049 3
58800 140
58320 378
57624 3
57600 830
57344 24
56700 180
56448 230
56250 4
56000 114
55566 9
55296 322
55125 3
54880 34
54675 4
54432 379
54000 309
53760 424
52920 215
52500 25
52488 58
51840 975
51450 7
51200 122
51030 49
50625 1
50400 588
50176 29
50000 16
49392 35
49152 54
49000 23
48600 262
48384 478
48000 283
47628 59
47250 37
47040 202
46656 272
46305 6
46080 651
45927 4
45360 511
45000 68
44800 171
44100 82
43904 16
43740 65
43218 1
43200 757
43008 149
42875 2
42525 6
42336 198
42000 161
41472 399
41160 37
40960 53
40824 113
40500 77
40320 680
40000 57
39690 38
39375 3
39366 5
39200 61
38880 535
38416 3
38400 372
37800 331
37632 91
37500 6
37044 22
36864 170
36750 19
36450 27
36288 392
36000 274
35840 106
35721 6
35280 195
35000 15
34992 122
34560 793
34300 1
34020 155
33750 5
33600 371
33075 9
32928 43
32805 5
32768 10
32400 415
32256 289
32000 93
31752 99
31500 66
31360 74
31104 322
30870 13
30720 200
30618 21
30375 3
30240 590
30000 55
29400 80
29160 166
28812 2
28800 535
28672 37
28350 35
28224 153
28000 69
27648 273
27440 9
27216 198
27000 134
26880 318
26460 73
26250 5
26244 25
25920 625
25725 2
25600 102
25515 5
25200 334
25088 27
25000 5
24696 25
24576 52
24500 7
24300 79
24192 317
24000 197
23814 14
23625 2
23520 129
23328 174
23040 471
22680 247
22500 19
22400 114
22050 29
21952 10
21870 18
21600 432
21504 111
21168 95
21000 83
20736 320
20580 14
20480 48
20412 59
20250 12
20160 437
20000 16
19845 9
19683 1
19600 19
19440 286
19208 1
19200 238
18900 96
18816 60
18750 1
18522 2
18432 149
18375 3
18225 2
18144 207
18000 138
17920 75
17640 91
17500 4
17496 52
17280 526
17150 2
17010 28
16875 2
16800 172
16464 17
16384 17
16200 176
16128 180
16000 58
15876 26
15750 14
15680 39
15552 202
15435 1
15360 201
15309 4
15120 294
15000 27
14700 31
14580 48
14406 2
14400 357
14336 21
14175 3
14112 83
14000 23
13824 208
13720 7
13608 82
13500 31
13440 219
13230 18
13125 1
13122 6
12960 332
12800 64
12600 126
12544 17
12500 1
12348 11
12288 50
12150 16
12096 238
12000 95
11760 63
11664 76
11520 336
11340 72
11250 6
11200 62
11025 2
10976 7
10935 2
10800 205
10752 105
10584 47
10500 25
10368 187
10290 3
10240 34
10206 7
10125 1
10080 214
10000 8
9800 15
9720 118
9604 1
9600 189
9450 26
9408 47
9261 2
9216 119
9072 100
9000 41
8960 64
8820 35
8750 3
8748 9
8640 306
8505 1
8400 66
8232 3
8192 14
8100 51
8064 140
8000 32
7938 9
7875 4
7840 21
7776 108
7680 146
7560 108
7500 8
7350 10
7290 14
7200 164
7168 23
7056 34
7000 11
6912 162
6860 4
6804 24
6750 13
6720 126
6615 2
6561 1
6480 158
6400 48
6300 47
6272 11
6144 43
6048 129
6000 46
5880 21
5832 35
5760 219
5670 14
5600 24
5488 4
5400 68
5376 49
5292 12
5250 3
5184 123
5145 1
5120 37
5103 3
5040 114
5000 7
4900 3
4860 26
4800 113
4725 2
4704 29
4608 79
4536 47
4500 16
4480 45
4410 5
4374 4
4320 152
4200 52
4116 4
4096 6
4050 5
4032 70
4000 13
3969 2
3920 15
3888 58
3840 89
3780 39
3750 1
3675 1
3645 3
3600 84
3584 11
3528 19
3500 7
3456 89
3402 5
3375 1
3360 69
3240 50
3200 22
3150 12
3136 7
3072 38
3024 63
3000 13
2940 6
2916 10
2880 104
2835 2
2800 9
2744 1
2700 22
2688 39
2646 1
2625 1
2592 53
2560 32
2520 39
2500 4
2430 7
2400 50
2352 7
2304 56
2268 16
2250 1
2240 20
2160 74
2100 7
2058 1
2048 7
2025 1
2016 42
2000 9
1960 2
1944 21
1920 52
1890 6
1800 24
1792 11
1764 3
1750 1
1728 55
1701 1
1680 37
1620 23
1600 29
1575 4
1568 3
1536 13
1512 18
1500 2
1470 4
1458 3
1440 65
1400 8
1350 5
1344 15
1323 1
1296 25
1280 11
1260 15
1215 1
1200 18
1176 5
1152 28
1134 1
1120 8
1080 24
1050 4
1024 6
1008 17
1000 1
980 2
972 2
960 26
945 1
900 4
896 6
882 1
864 23
840 14
810 3
800 6
768 11
756 10
750 1
720 17
700 3
672 17
648 8
640 6
630 6
625 1
600 10
588 3
576 13
567 2
560 5
540 7
525 2
512 2
504 3
500 1
486 2
480 14
450 4
448 6
432 15
420 1
405 1
400 2
384 8
360 5
336 4
324 1
320 2
300 1
288 5
280 1
270 2
256 1
252 2
245 1
240 5
216 1
210 1
200 1
196 1
192 3
180 1
168 2
162 1
160 2
150 1
144 4
140 1
135 1
128 2
120 3
96 2
90 1
80 1
72 2
36 1
24 1
