4723920000 1
4665600000 1
4199040000 1
4082400000 1
4032000000 1
3779136000 1
3686400000 1
3674160000 1
3628800000 1
3499200000 1
3456000000 1
3265920000 4
3240000000 1
3175200000 1
3149280000 1
3061800000 1
2939328000 1
2893401000 1
2880000000 1
2857680000 5
2834352000 1
2822400000 2
2799360000 1
2764800000 1
2755620000 1
2721600000 1
2687385600 1
2624400000 1
2612736000 3
2592000000 1
2571912000 1
2550916800 1
2540160000 1
2520000000 1
2519424000 2
2500470000 2
2488320000 2
2449440000 1
2419200000 3
2388787200 1
2381400000 1
2361960000 1
2351462400 2
2332800000 2
2322432000 2
2314720800 1
2296350000 1
2293760000 1
2286144000 1
2268000000 1
2267481600 1
2232052200 1
2222640000 1
2211840000 4
2204496000 1
2187000000 1
2177280000 4
2143260000 3
2116800000 1
2100000000 1
2099520000 3
2083248720 1
2073600000 3
2064384000 1
2057529600 1
2041200000 2
2032128000 1
2016000000 2
2015539200 1
2000376000 2
1984500000 1
1984046400 2
1975680000 2
1968300000 1
1959552000 3
1944810000 2
1944000000 1
1935360000 1
1928934000 3
1905120000 3
1890000000 1
1889568000 3
1881600000 2
1866240000 1
1860043500 1
1857945600 1
1851776640 4
1843200000 2
1837080000 4
1828915200 4
1822500000 1
1814400000 10
1791590400 2
1786050000 3
1785641760 1
1778112000 3
1771470000 1
1769472000 1
1764000000 1
1763596800 3
1749600000 3
1741824000 2
1728000000 4
1720320000 1
1714608000 5
1701000000 4
1700611200 2
1693440000 6
1680000000 1
1679616000 6
1672151040 1
1658880000 4
1653372000 3
1646023680 4
1632960000 11
1625702400 4
1612800000 2
1607445000 3
1600300800 5
1592524800 1
1587600000 10
1587237120 3
1580544000 1
1574640000 4
1567641600 8
1555848000 2
1555200000 4
1548288000 2
1543147200 3
1536000000 1
1530900000 5
1524096000 10
1512000000 4
1511654400 2
1505280000 2
1500282000 2
1492992000 12
1488034800 1
1486356480 1
1481760000 3
1481421312 2
1474560000 2
1469664000 11
1463132160 1
1458000000 4
1451520000 17
1451188224 1
1445068800 1
1440270720 3
1433600000 1
1433272320 1
1428840000 12
1428513408 1
1422489600 3
1417500000 1
1417176000 3
1415577600 1
1411200000 8
1404928000 1
1400263200 1
1399680000 11
1393459200 3
1389150000 2
1388832480 1
1382976000 1
1382400000 2
1377810000 4
1371686400 6
1360800000 13
1354752000 4
1350253800 3
1350000000 1
1344000000 1
1343692800 4
1339231320 1
1333584000 7
1327104000 1
1323000000 1
1322697600 5
1317120000 2
1312200000 5
1306368000 19
1302030450 2
1300561920 3
1296540000 1
1296000000 6
1290240000 3
1285956000 5
1284505600 1
1280000000 1
1275750000 1
1270080000 16
1264435200 1
1260236880 3
1260000000 6
1259712000 7
1254113280 3
1250235000 1
1244678400 1
1244160000 9
1240029000 1
1238630400 1
1234517760 4
1229312000 1
1228800000 1
1224720000 19
1219276800 10
1209600000 8
1209323520 2
1205308188 1
1204224000 1
1200225600 6
1194393600 4
1190700000 3
1190427840 1
1185408000 5
1180980000 2
1179648000 1
1176000000 1
1175731200 9
1170505728 1
1166886000 1
1166400000 17
1161216000 14
1157360400 7
1152000000 3
1148175000 1
1147912560 2
1146880000 1
1146617856 1
1143072000 28
1134000000 8
1133740800 6
1132462080 1
1128960000 12
1128701952 1
1125211500 2
1123942400 1
1120210560 2
1119744000 15
1111320000 8
1106380800 1
1105920000 10
1102500000 2
1102248000 16
1097600000 1
1097349120 9
1093500000 2
1088640000 33
1083801600 2
1080450000 2
1080203040 3
1075200000 6
1074954240 3
1071630000 4
1066867200 7
1062882000 2
1061683200 1
1058400000 17
1058158080 2
1053696000 4
1050197400 4
1050000000 1
1049760000 10
1045094400 23
1037232000 3
1036800000 15
1033357500 1
1032192000 6
1028764800 13
1020600000 16
1020366720 1
1016064000 21
1012500000 1
1011548160 1
1008000000 11
1007769600 5
1003520000 1
1000188000 8
995328000 12
992023200 3
987840000 8
987614208 2
984150000 1
980000000 1
979776000 42
975421440 9
972405000 1
972182736 1
972000000 5
967680000 25
964467000 5
963379200 2
960180480 3
955514880 1
952956900 1
952560000 22
952342272 1
948326400 4
945000000 2
944784000 12
940800000 7
940584960 10
933508800 5
933120000 25
928972800 12
926100000 1
925888320 7
921600000 9
918540000 14
917504000 3
914457600 21
907200000 33
906992640 1
903168000 11
900169200 6
896000000 3
895795200 3
893025000 3
892820880 1
889056000 22
885735000 1
884736000 5
882000000 8
881798400 28
878080000 3
877879296 2
874800000 16
871274880 1
870912000 40
868020300 2
864360000 2
864000000 13
860160000 6
859963392 3
857304000 34
853493760 4
850659894 1
850500000 6
850305600 5
846720000 25
846526464 1
842956800 1
840157920 3
840000000 1
839808000 32
838860800 1
836075520 6
833490000 5
829785600 5
829440000 26
826686000 13
825753600 2
823011840 10
819200000 3
816820200 1
816480000 55
812851200 14
810152280 5
810000000 3
806400000 21
806215680 5
803722500 1
802816000 1
800150400 13
800000000 2
796262400 7
793800000 12
793618560 8
792723456 1
790272000 11
787500000 2
787320000 13
784000000 3
783820800 33
780337152 1
777924000 6
777600000 35
774144000 23
771750000 1
771573600 17
768320000 3
768144384 1
768000000 4
765450000 6
765275040 1
762048000 39
758661120 4
756000000 8
755827200 19
752640000 10
752467968 3
750141000 6
746807040 1
746496000 25
744017400 5
743178240 3
740880000 15
737587200 2
737280000 15
734832000 44
731566080 14
729137052 1
729000000 2
726062400 1
725760000 54
725594112 1
722534400 5
720300000 1
720135360 11
720000000 5
716800000 3
716636160 5
714420000 27
714256704 1
711244800 22
708883245 1
708750000 3
708588000 5
707788800 1
705600000 22
705438720 17
702464000 6
700131600 8
700000000 1
699840000 39
696729600 38
694575000 5
694416240 5
691488000 11
691200000 18
688905000 4
688128000 3
685843200 50
682795008 3
680683500 2
680400000 28
680244480 7
679477248 1
677376000 41
675126900 2
674365440 1
672000000 12
671846400 23
669615660 1
668860416 1
666792000 23
663828480 1
663552000 23
661500000 3
661348800 27
660602880 2
658560000 7
658409472 5
656100000 10
655360000 3
653456160 1
653184000 93
650280960 3
648270000 3
648121824 2
648000000 21
645120000 29
644972544 2
642978000 15
642252800 1
640120320 13
640000000 5
637875000 1
637729200 4
637009920 6
635304600 1
635040000 85
634894848 4
632217600 12
630118440 3
630000000 7
629856000 27
627200000 5
627056640 15
625117500 1
622339200 12
622080000 41
620014500 3
619315200 11
617400000 15
617258880 22
614656000 1
614400000 4
612500000 1
612360000 41
609892416 1
609638400 49
607614210 1
607500000 4
605052000 1
604800000 56
604661760 9
602362880 1
602112000 7
600112800 20
600000000 1
597196800 23
595350000 5
595213920 9
594542592 1
592704000 26
590490000 3
589824000 7
588000000 10
587865600 56
585252864 3
583443000 9
583200000 41
580849920 1
580608000 69
578680200 17
578027520 3
576240000 2
576108288 8
576000000 8
574087500 2
573440000 7
571774140 1
571536000 83
568995840 11
567000000 21
566870400 18
566231040 1
564480000 36
564350976 11
561971200 5
560105280 4
560000000 4
559872000 71
558013050 1
557383680 14
555660000 22
555532992 4
553190400 6
552960000 42
551250000 1
551124000 31
550502400 4
548800000 5
548674560 27
546750000 3
544546800 3
544320000 102
544195584 3
541900800 23
540225000 1
540101520 14
540000000 10
537824000 4
537600000 15
537477120 15
535815000 12
535692528 2
533433600 43
531441000 1
530841600 7
529200000 34
529079040 30
526848000 7
525098700 7
524880000 42
522764928 3
522547200 94
520812180 1
520224768 3
518616000 10
518400000 56
516678750 1
516311040 1
516096000 30
514500000 5
514382400 44
512096256 5
512000000 3
510300000 28
510183360 4
508032000 98
506250000 1
505774080 4
504210000 1
504094752 3
504000000 27
503884800 49
501760000 10
501645312 3
500094000 27
497871360 8
497664000 58
496125000 1
496011600 12
495452160 6
493920000 32
493807104 3
492075000 3
491724800 1
491520000 7
490092120 3
490000000 1
489888000 119
487710720 31
486202500 1
486091368 1
486000000 17
484041600 1
483840000 85
483729408 3
482233500 13
481689600 3
480200000 1
480090240 27
480000000 4
478296900 2
477757440 11
476478450 1
476280000 63
476171136 4
474163200 28
472500000 4
472392000 27
471859200 5
470400000 24
470292480 46
466754400 17
466560000 72
464679936 1
464486400 43
463050000 9
462944160 17
462422016 1
460992000 5
460800000 31
459270000 23
459165024 2
458752000 7
457228800 101
455625000 1
455196672 2
453789000 4
453600000 79
453496320 20
451584000 51
450084600 19
450000000 3
448084224 5
448000000 10
447897600 50
446512500 3
446410440 1
445906944 1
444528000 54
442867500 2
442552320 3
442368000 30
441082908 2
441000000 17
440899200 70
439040000 12
438939648 12
437400000 40
435637440 2
435456000 148
434010150 2
433520640 15
432180000 6
432081216 5
432000000 33
430259200 1
430080000 15
429981696 1
428652000 76
426746880 25
425250000 12
425152800 6
424673280 7
423536400 1
423360000 107
423263232 8
421478400 9
420078960 13
420000000 7
419904000 82
418037760 58
416745000 11
416649744 5
414892800 24
414720000 91
413343000 15
412876800 12
411771500 1
411600000 10
411505920 52
409600000 5
408410100 1
408240000 117
408146688 2
406425600 123
405076140 3
405000000 4
403368000 4
403200000 74
403107840 30
401408000 9
400075200 56
400000000 1
398297088 3
398131200 46
396900000 35
396809280 26
395136000 49
393824025 1
393660000 31
393216000 2
392073696 1
392000000 10
391910400 140
390609135 1
390168576 3
388962000 13
388800000 84
387233280 3
387072000 111
385875000 2
385786800 35
385351680 2
384160000 4
384072192 12
384000000 14
382725000 12
382637520 5
382205952 1
381024000 147
379330560 17
378000000 30
377913600 34
377487360 1
376476800 2
376320000 41
376233984 12
375070500 10
373403520 22
373248000 111
372008700 8
371589120 20
370440000 43
370355328 19
368793600 4
368640000 28
367500000 4
367416000 115
367001600 4
365783040 66
364500000 9
363031200 10
362880000 193
362797056 3
361267200 38
360150000 3
360067680 27
360000000 10
358400000 13
358318080 28
357210000 64
357128352 4
355770576 1
355622400 85
354294000 12
353894400 13
352800000 57
352719360 73
351232000 13
350065800 13
350000000 2
349920000 88
348509952 2
348364800 127
347287500 3
347208120 11
346816512 1
345744000 17
345600000 75
344452500 5
344064000 26
343000000 3
342921600 140
341397504 5
340200000 64
340122240 17
339738624 1
338829120 1
338688000 129
337563450 4
337500000 1
337182720 5
336063168 4
336000000 36
335923200 89
334430208 3
333396000 60
331914240 9
331776000 102
330750000 9
330674400 52
330301440 5
329280000 22
329204736 18
328050000 9
327680000 2
326728080 7
326592000 259
325140480 45
324135000 4
324060912 5
324000000 48
322694400 1
322560000 97
322486272 4
321489000 30
321126400 7
320060160 45
320000000 1
318937500 1
318864600 5
318504960 11
317652300 1
317520000 132
317447424 13
316108800 46
315059220 11
315000000 7
314928000 79
314703872 1
314572800 1
313600000 25
313528320 69
312558750 1
311169600 31
311040000 142
310007250 2
309657600 66
308700000 20
308629440 57
307328000 8
307200000 18
306307575 1
306180000 98
306110016 1
304819200 188
303807105 1
303750000 5
303464448 2
302526000 8
302400000 117
302330880 32
301181440 1
301056000 38
300056400 46
300000000 2
298722816 7
298598400 109
297675000 17
297606960 21
297271296 2
296352000 101
295245000 9
295034880 4
294912000 30
294055272 1
294000000 16
293932800 191
293601280 3
292626432 26
291721500 5
291600000 77
290424960 9
290304000 271
289340100 10
289013760 9
288120000 6
288054144 15
288000000 47
286978140 1
286720000 18
286654464 5
285768000 177
284497920 58
283553298 3
283500000 32
283435200 47
283115520 4
282357600 1
282240000 111
282175488 16
281302875 1
280985600 7
280052640 18
280000000 14
279936000 184
278691840 54
277830000 38
277766496 6
276595200 25
276480000 89
275625000 2
275562000 66
275251200 9
274400000 9
274337280 102
273375000 3
272273400 7
272160000 309
272097792 5
270950400 108
270112500 1
270050760 14
270000000 17
268800000 55
268738560 61
267907500 13
267846264 2
266716800 142
265720500 1
265531392 2
265420800 49
264600000 64
264539520 61
264241152 1
263424000 47
262549350 3
262500000 1
262440000 71
262144000 2
261382464 4
261273600 256
260406090 2
260112384 16
259308000 33
259200000 124
258155520 6
258048000 101
257250000 3
257191200 112
256901120 2
256048128 16
256000000 3
255150000 38
255091680 9
254803968 2
254121840 2
254016000 266
252887040 15
252047376 3
252000000 56
251942400 97
251658240 2
250880000 32
250822656 15
250047000 36
248935680 28
248832000 179
248062500 4
248005800 19
247726080 23
246960000 69
246903552 21
246037500 2
245862400 7
245760000 21
245046060 7
245000000 2
244944000 252
243855360 105
243101250 1
243045684 3
243000000 31
242020800 13
241920000 244
241864704 11
241116750 3
240844800 27
240100000 4
240045120 54
240000000 9
238878720 41
238140000 140
238085568 4
237081600 108
236250000 13
236196000 38
235929600 8
235298000 1
235200000 54
235146240 146
234881024 1
233377200 32
233280000 221
232339968 1
232243200 211
231525000 7
231472080 40
231211008 2
230496000 22
230400000 66
229635000 40
229376000 8
228614400 288
227598336 12
226894500 4
226800000 157
226748160 42
225886080 2
225792000 148
225042300 16
225000000 3
224788480 2
224042112 13
224000000 22
223948800 136
223256250 2
223205220 5
222953472 10
222264000 132
221276160 22
221184000 98
220541454 1
220500000 21
220449600 166
219520000 15
219469824 24
218750000 1
218700000 46
217818720 15
217728000 444
217005075 1
216760320 57
216090000 12
216040608 19
216000000 53
215129600 4
215040000 73
214990848 15
214326000 117
213373440 85
212625000 5
212576400 22
212336640 14
211680000 203
211631616 20
210739200 32
210039480 19
210000000 9
209952000 194
209715200 2
209018880 154
208372500 18
208324872 4
207446400 47
207360000 214
206671500 15
206524416 2
206438400 62
205800000 17
205752960 126
204800000 8
204205050 4
204120000 241
204073344 8
203297472 1
203212800 281
202538070 5
202500000 8
202309632 3
201684000 6
201600000 171
201553920 72
201326592 1
200704000 26
200037600 144
200000000 1
199148544 9
199065600 112
198450000 54
198404640 48
198180864 5
197568000 117
196830000 35
196689920 2
196608000 16
196036848 4
196000000 20
195955200 396
195084288 22
194481000 25
194400000 151
193616640 8
193536000 292
192893400 49
192675840 10
192080000 11
192036096 27
192000000 37
191362500 9
191318760 7
191102976 8
190591380 1
190512000 338
189665280 70
189078750 1
189035532 2
189000000 51
188956800 104
188743680 4
188160000 88
188116992 46
187535250 10
186701760 43
186624000 307
186004350 7
185794560 86
185220000 80
185177664 16
184396800 24
184320000 94
183784545 1
183708000 188
183500800 3
182891520 203
182250000 10
181515600 15
181440000 423
181398528 7
180633600 109
180075000 6
180033840 52
180000000 19
179200000 35
179159040 68
178605000 57
178564176 6
177885288 1
177811200 208
177147000 25
177020928 7
176947200 43
176473500 1
176400000 112
176359680 179
175616000 29
175032900 16
175000000 1
174960000 180
174254976 7
174182400 384
173643750 2
173604060 13
173408256 5
172872000 43
172800000 180
172226250 4
172103680 1
172032000 68
171500000 4
171460800 278
170698752 33
170100000 103
170061120 38
169869312 1
169414560 3
169344000 362
168781725 2
168750000 2
168591360 14
168070000 3
168031584 10
168000000 45
167961600 238
167215104 38
166698000 97
165957120 32
165888000 243
165375000 7
165337200 71
165150720 17
164640000 53
164602368 45
164025000 13
163840000 7
163364040 15
163296000 562
162570240 139
162067500 2
162030456 7
162000000 78
161347200 9
161280000 240
161243136 18
160744500 42
160563200 11
160030080 127
160000000 11
159468750 1
159432300 5
159252480 47
158826150 1
158760000 266
158723712 31
158054400 125
157529610 5
157500000 10
157464000 139
157286400 15
156800000 32
156764160 238
155584800 72
155520000 343
155003625 1
154893312 2
154828800 192
154350000 33
154314720 101
154140672 3
153664000 14
153600000 51
153125000 1
153090000 134
153055008 1
152409600 493
151875000 4
151732224 14
151263000 7
151200000 227
151165440 82
150528000 104
150028200 77
150000000 3
149361408 19
149299200 258
148837500 13
148803480 26
148635648 16
148176000 213
147622500 6
147517440 13
147456000 58
147027636 2
147000000 31
146966400 403
146800640 3
146313216 56
145860750 9
145800000 125
145212480 18
145152000 589
144670050 14
144506880 56
144060000 19
144027072 26
144000000 72
143360000 52
143327232 13
142884000 289
142248960 141
141750000 31
141717600 48
141557760 16
141178800 3
141120000 263
141087744 56
140492800 20
140026320 44
140000000 7
139968000 334
139345920 189
138915000 33
138883248 11
138297600 55
138240000 225
137781000 59
137625600 29
137200000 16
137168640 261
136687500 2
136136700 8
136080000 470
136048896 10
135531648 1
135475200 322
135025380 23
135000000 18
134873088 2
134456000 4
134400000 117
134369280 111
133953750 2
133923132 3
133358400 232
132860250 3
132765696 12
132710400 136
132300000 87
132269760 125
132120576 2
131712000 109
131250000 1
131220000 115
131072000 7
130691232 2
130636800 666
130056192 23
129654000 31
129600000 243
129077760 5
129024000 256
128625000 1
128595600 168
128450560 2
128024064 49
128000000 19
127575000 43
127545840 19
127401984 11
127008000 576
126443520 59
126023688 3
126000000 89
125971200 230
125829120 3
125440000 54
125411328 53
125023500 32
124467840 69
124416000 455
124031250 3
124002900 24
123863040 75
123480000 104
123451776 62
123018750 1
122931200 12
122880000 64
122523030 2
122500000 6
122472000 428
121927680 292
121522842 4
121500000 34
121010400 22
120960000 521
120932352 18
120422400 53
120050000 8
120022560 123
120000000 12
119439360 117
119070000 163
119042784 19
118590192 1
118540800 223
118125000 2
118098000 64
118013952 3
117964800 31
117649000 1
117600000 92
117573120 313
116688600 34
116640000 379
116169984 3
116121600 522
115762500 8
115736040 50
115605504 8
115248000 36
115200000 155
114817500 28
114688000 31
114354828 1
114307200 520
113906250 1
113799168 31
113400000 222
113374080 64
113246208 1
112943040 3
112896000 394
112521150 17
112500000 2
112394240 5
112021056 20
112000000 38
111974400 397
111602610 3
111476736 27
111132000 194
110716875 1
110638080 44
110592000 230
110250000 27
110224800 243
110100480 7
109760000 34
109734912 92
109350000 40
108909360 16
108864000 944
108380160 154
108045000 17
108020304 23
108000000 97
107564800 6
107520000 168
107495424 34
107163000 112
106686720 218
106312500 2
106288200 19
106168320 46
105884100 3
105840000 392
105815808 68
105369600 86
105019740 17
105000000 18
104976000 306
104857600 4
104509440 351
104186250 4
104162436 9
103723200 90
103680000 444
103335750 7
103219200 177
102900000 30
102876480 249
102400000 30
102102525 2
102060000 269
102036672 8
101648736 1
101606400 642
101269035 3
101250000 9
101154816 8
100842000 10
100800000 230
100776960 179
100442349 1
100352000 56
100018800 188
100000000 4
99574272 20
99532800 355
99225000 33
99202320 76
99090432 10
98784000 241
98437500 1
98415000 40
98344960 8
98304000 32
98018424 1
98000000 29
97977600 793
97542144 67
97240500 19
97200000 224
96808320 16
96768000 679
96446700 59
96337920 24
96040000 18
96018048 61
96000000 49
95681250 1
95659380 2
95551488 17
95256000 564
94832640 153
94517766 2
94500000 76
94478400 161
94371840 9
94119200 2
94080000 192
94058496 82
93767625 3
93350880 85
93312000 592
93002175 1
92897280 223
92610000 95
92588832 40
92198400 52
92160000 205
91875000 4
91854000 241
91750400 14
91445760 459
91125000 16
90757800 18
90720000 715
90699264 29
90354432 2
90316800 262
90037500 2
90016920 75
90000000 33
89915392 1
89600000 67
89579520 223
89302500 38
89282088 5
88905600 392
88593750 1
88573500 12
88510464 15
88473600 125
88236750 1
88200000 142
88179840 278
88080384 2
87808000 37
87516450 11
87500000 2
87480000 252
87127488 6
87091200 927
86802030 12
86704128 34
86436000 55
86400000 288
86051840 2
86016000 171
85750000 8
85730400 381
85349376 86
85050000 125
85030560 47
84934656 12
84707280 3
84672000 733
84295680 29
84035000 2
84015792 18
84000000 73
83980800 427
83886080 1
83607552 94
83349000 135
82978560 90
82944000 503
82687500 2
82668600 93
82575360 51
82320000 114
82301184 108
82012500 7
81920000 24
81682020 16
81648000 901
81285120 360
81033750 3
81015228 5
81000000 80
80673600 15
80640000 493
80621568 53
80372250 18
80281600 35
80015040 249
80000000 16
79716150 1
79626240 133
79380000 316
79361856 39
79027200 247
78764805 3
78750000 13
78732000 182
78675968 1
78643200 15
78400000 58
78382080 546
77792400 82
77760000 609
77446656 4
77414400 503
77175000 18
77157360 128
77070336 2
76832000 21
76800000 108
76545000 106
76527504 8
76236552 2
76204800 875
75866112 33
75631500 14
75600000 377
75582720 138
75264000 247
75014100 60
75000000 5
74680704 49
74649600 535
74418750 3
74401740 18
74317824 31
74088000 332
73811250 4
73758720 42
73728000 177
73513818 2
73500000 34
73483200 592
73400320 8
73156608 131
72930375 4
72900000 136
72606240 28
72576000 1213
72335025 1
72253440 115
72030000 16
72013536 46
72000000 113
71680000 64
71663616 39
71442000 321
71124480 298
70875000 27
70858800 77
70778880 40
70560000 424
70543872 114
70246400 37
70013160 45
70000000 10
69984000 603
69672960 490
69457500 36
69441624 16
69148800 120
69120000 478
68890500 57
68841472 1
68812800 102
68600000 25
68584320 432
68068350 6
68040000 578
68024448 37
67765824 1
67737600 675
67512690 16
67500000 24
67436544 7
67228000 7
67200000 189
67184640 289
66976875 2
66961566 2
66679200 379
66382848 32
66355200 358
66150000 112
66134880 167
66060288 12
65856000 174
65625000 2
65610000 121
65536000 16
65345616 14
65318400 1188
65028096 88
64827000 33
64800000 337
64538880 20
64512000 481
64312500 1
64297800 199
64225280 12
64012032 100
64000000 30
63787500 19
63772920 16
63700992 20
63530460 3
63504000 931
63221760 128
63026250 1
63011844 10
63000000 89
62985600 349
62914560 7
62720000 106
62705664 152
62511750 25
62233920 100
62208000 860
62001450 15
61931520 214
61740000 116
61725888 92
61465600 28
61440000 123
61261515 3
61250000 6
61236000 533
60963840 612
60761421 1
60750000 34
60505200 10
60480000 860
60466176 69
60211200 163
60025000 9
60011280 182
60000000 24
59719680 290
59535000 138
59521392 19
59270400 441
59062500 2
59049000 45
59006976 4
58982400 120
58824500 1
58800000 121
58786560 519
58344300 35
58320000 503
58084992 11
58060800 1049
57881250 6
57868020 39
57802752 23
57624000 59
57600000 287
57408750 12
57344000 61
57153600 785
56899584 83
56723625 2
56700000 256
56687040 102
56623104 8
56471520 4
56448000 670
56260575 4
56250000 2
56197120 13
56010528 43
56000000 49
55987200 747
55801305 2
55738368 99
55566000 221
55319040 99
55296000 472
55125000 15
55112400 287
55050240 26
54880000 59
54867456 175
54675000 40
54454680 17
54432000 1433
54190080 353
54022500 13
54010152 19
54000000 116
53782400 7
53760000 310
53747712 62
53581500 95
53343360 378
53144100 15
53084160 123
52942050 1
52920000 500
52907904 95
52684800 146
52509870 18
52500000 13
52488000 441
52428800 3
52254720 771
52093125 2
52081218 1
51861600 141
51840000 725
51667875 2
51631104 4
51609600 389
51450000 31
51438240 322
51380224 1
51200000 55
51030000 324
51018336 7
50824368 1
50803200 1113
50625000 3
50577408 25
50421000 11
50400000 416
50388480 327
50176000 98
50009400 173
50000000 3
49787136 41
49766400 716
49612500 26
49601160 78
49545216 35
49392000 323
49207500 16
49172480 12
49152000 95
49009212 4
49000000 37
48988800 1120
48771072 148
48620250 15
48600000 243
48404160 33
48384000 1220
48223350 35
48168960 70
48020000 20
48009024 86
48000000 76
47829690 2
47775744 57
47628000 670
47416320 332
47258883 1
47250000 64
47239200 188
47185920 28
47059600 3
47040000 306
47029248 189
46675440 104
46656000 966
46448640 504
46305000 82
46294416 52
46099200 86
46080000 392
45937500 1
45927000 200
45875200 37
45722880 770
45562500 4
45378900 20
45360000 957
45349632 49
45177216 4
45158400 588
45008460 52
45000000 27
44957696 2
44800000 100
44789760 434
44651250 22
44641044 4
44471322 1
44452800 524
44286750 4
44255232 22
44236800 292
44100000 158
44089920 426
44040192 2
43904000 111
43758225 5
43750000 3
43740000 290
43563744 14
43545600 1600
43401015 2
43352064 70
43218000 60
43200000 438
43025920 7
43008000 338
42875000 4
42865200 416
42674688 152
42525000 102
42515280 41
42467328 25
42353640 3
42336000 1058
42147840 72
42007896 21
42000000 78
41990400 682
41943040 2
41803776 189
41674500 82
41489280 130
41472000 957
41343750 2
41334300 72
41287680 116
41160000 120
41150592 161
41006250 3
40960000 41
40841010 1
40824000 1171
40642560 685
40507614 4
40500000 80
40336800 20
40320000 857
40310784 84
40186125 4
40140800 51
40007520 274
40000000 10
39858075 1
39813120 304
39690000 307
39680928 66
39513600 398
39375000 12
39366000 161
39337984 4
39321600 59
39200000 75
39191040 961
38896200 96
38880000 810
38723328 11
38707200 985
38587500 11
38578680 144
38535168 8
38416000 24
38400000 164
38272500 58
38263752 8
38118276 1
38102400 1267
37933056 92
37815750 5
37800000 365
37791360 209
37748736 5
37647680 3
37632000 412
37507050 32
37500000 3
37340352 81
37324800 1014
37200870 12
37158912 97
37044000 371
36879360 66
36864000 370
36756909 1
36750000 29
36741600 724
36700160 14
36578304 253
36450000 101
36303120 29
36288000 1875
36126720 260
36015000 16
36006768 63
36000000 150
35840000 142
35831808 103
35721000 285
35562240 453
35437500 7
35429400 61
35389440 119
35294700 3
35280000 549
35271936 185
35123200 63
35006580 40
35000000 10
34992000 832
34836480 904
34728750 16
34720812 13
34574400 157
34560000 756
34445250 19
34420736 1
34406400 168
34300000 17
34292160 627
34034175 1
34020000 705
34012224 30
33882912 1
33868800 1170
33756345 3
33750000 11
33718272 14
33614000 3
33600000 296
33592320 531
33480783 1
33339600 378
33191424 35
33177600 736
33075000 72
33067440 194
33030144 21
32928000 243
32805000 80
32768000 33
32672808 10
32659200 1815
32514048 173
32413500 24
32400000 403
32269440 14
32256000 985
32156250 1
32148900 97
32112640 23
32006016 142
32000000 40
31893750 9
31886460 6
31850496 57
31752000 1101
31610880 234
31505922 1
31500000 105
31492800 417
31457280 18
31360000 149
31352832 267
31255875 2
31116960 147
31104000 1376
31000725 3
30965760 411
30870000 118
30862944 126
30732800 35
30720000 202
30625000 3
30618000 512
30481920 1056
30375000 24
30252600 22
30240000 1170
30233088 91
30105600 305
30012500 5
30005640 133
30000000 29
29859840 535
29767500 77
29760696 22
29635200 618
29524500 24
29503488 12
29491200 195
29400000 151
29393280 840
29172150 25
29160000 620
29042496 14
29030400 1843
28940625 1
28934010 28
28901376 53
28812000 69
28800000 367
28704375 2
28697814 1
28672000 116
28576800 885
28449792 171
28350000 250
28343520 141
28311552 9
28235760 8
28224000 927
28098560 34
28005264 34
28000000 62
27993600 1115
27869184 193
27783000 194
27659520 112
27648000 918
27562500 5
27556200 254
27525120 70
27440000 87
27433728 284
27337500 20
27227340 12
27216000 1942
27095040 608
27011250 6
27005076 17
27000000 151
26891200 9
26880000 495
26873856 158
26790750 51
26671680 480
26572050 5
26542080 279
26471025 1
26460000 495
26453952 121
26353376 2
26342400 256
26254935 2
26250000 12
26244000 422
26214400 7
26127360 1256
26040609 2
25930800 142
25920000 1083
25815552 10
25804800 692
25725000 23
25719120 340
25690112 3
25600000 65
25515000 203
25509168 13
25412184 2
25401600 1613
25312500 2
25288704 62
25210500 8
25200000 464
25194240 418
25165824 3
25088000 154
25004700 117
25000000 4
24893568 73
24883200 1251
24806250 7
24800580 54
24772608 64
24696000 401
24603750 4
24586240 25
24576000 174
24504606 2
24500000 17
24494400 1380
24385536 284
24310125 1
24300000 213
24202080 35
24192000 1927
24111675 9
24084480 133
24010000 17
24004512 125
24000000 116
23887872 128
23814000 676
23708160 483
23625000 49
23619600 157
23592960 71
23529800 1
23520000 416
23514624 281
23337720 70
23328000 1393
23224320 929
23152500 62
23147208 48
23049600 116
23040000 619
22963500 108
22937600 67
22861440 1113
22781250 2
22689450 9
22680000 1108
22674816 82
22588608 1
22579200 942
22504230 22
22500000 27
22478848 6
22400000 131
22394880 739
22325625 3
22320522 5
22226400 592
22143375 1
22127616 43
22118400 597
22050000 121
22044960 483
22020096 20
21952000 131
21875000 1
21870000 267
21781872 14
21772800 2390
21676032 170
21609000 68
21600000 495
21512960 12
21504000 539
21437500 4
21432600 382
21337344 201
21262500 47
21257640 39
21233664 49
21176820 1
21168000 1378
21093750 1
21073920 142
21003948 15
21000000 94
20995200 890
20971520 4
20901888 373
20837250 27
20744640 184
20736000 1506
20667150 23
20643840 287
20580000 119
20575296 209
20480000 74
20420505 1
20412000 1199
20321280 1132
20253807 2
20250000 70
20168400 16
20160000 1077
20155392 160
20070400 117
20003760 287
20000000 12
19906560 611
19845000 223
19840464 54
19756800 582
19687500 7
19683000 149
19668992 5
19660800 87
19600000 79
19595520 1380
19448100 53
19440000 927
19361664 12
19353600 1641
19293750 5
19289340 91
19267584 17
19208000 32
19200000 242
19136250 21
19131876 2
19059138 3
19051200 1524
18966528 160
18900000 389
18895680 270
18874368 6
18823840 3
18816000 593
18753525 12
18750000 4
18670176 58
18662400 1644
18600435 4
18579456 199
18522000 351
18439680 76
18432000 650
18375000 16
18370800 670
18350080 16
18289152 375
18225000 74
18151560 19
18144000 2335
18063360 471
18007500 7
18003384 57
18000000 155
17920000 191
17915904 187
17860500 190
17781120 629
17718750 4
17714700 31
17694720 242
17640000 553
17635968 268
17561600 103
17503290 15
17500000 13
17496000 833
17418240 1547
17364375 6
17360406 6
17287200 157
17280000 1096
17222625 9
17210368 2
17203200 354
17150000 20
17146080 691
17010000 568
17006112 40
16941456 4
16934400 1671
16875000 8
16859136 23
16807000 2
16800000 353
16796160 707
16669800 338
16595712 59
16588800 1235
16537500 48
16533720 157
16515072 36
16470860 1
16464000 330
16402500 39
16384000 57
16336404 7
16329600 2267
16257024 289
16206750 22
16200000 418
16134720 26
16128000 1533
16074450 51
16056320 44
16003008 193
16000000 52
15943230 2
15925248 95
15882615 1
15876000 1097
15805440 383
15752961 2
15750000 62
15746400 460
15728640 27
15680000 195
15676416 476
15558480 127
15552000 1902
15482880 714
15435000 77
15431472 113
15366400 54
15360000 323
15309000 402
15240960 1398
15187500 8
15126300 7
15120000 1335
15116544 132
15052800 499
15002820 107
15000000 24
14929920 925
14883750 39
14880348 21
14817600 718
14762250 11
14751744 13
14745600 388
14706125 1
14700000 133
14696640 939
14680064 2
14586075 2
14580000 551
14521248 19
14515200 2696
14467005 4
14450688 92
14406000 59
14400000 495
14336000 214
14288400 864
14224896 231
14175000 151
14171760 106
14155776 27
14117880 4
14112000 1208
14049280 45
14002632 43
14000000 51
13996800 1431
13934592 423
13891500 146
13829760 150
13824000 1396
13781250 3
13778100 151
13762560 127
13720000 66
13716864 374
13668750 7
13613670 7
13608000 1999
13547520 1011
13505625 2
13502538 7
13500000 118
13445600 14
13440000 647
13436928 220
13395375 3
13335840 526
13286025 2
13271040 528
13230000 418
13226976 156
13171200 362
13125000 8
13122000 384
13107200 32
13063680 1913
12965400 106
12960000 1314
12907776 10
12902400 1135
12862500 12
12859560 278
12845056 3
12800000 94
12757500 117
12754584 11
12706092 1
12700800 1912
12644352 100
12605250 3
12600000 442
12597120 487
12582912 2
12544000 212
12502350 58
12500000 2
12446784 82
12441600 1911
12403125 6
12400290 17
12386304 147
12348000 392
12301875 1
12293120 31
12288000 294
12252303 2
12250000 15
12247200 1292
12192768 486
12150000 182
12101040 23
12096000 2378
12042240 229
12005000 14
12002256 122
12000000 110
11943936 243
11907000 473
11854080 651
11812500 16
11809800 115
11796480 130
11760000 404
11757312 405
11668860 57
11664000 1502
11612160 1539
11576250 14
11573604 31
11524800 118
11520000 872
11481750 39
11468800 99
11430720 1227
11344725 3
11340000 964
11337408 63
11294304 2
11289600 1366
11252115 8
11250000 18
11239424 11
11200000 158
11197440 1063
11160261 2
11113200 483
11063808 66
11059200 1004
11025000 72
11022480 442
11010048 23
10976000 132
10935000 138
10890936 18
10886400 3069
10838016 207
10804500 31
10800000 515
10756480 7
10752000 850
10718750 1
10716300 214
10668672 279
10631250 17
10628820 16
10616832 93
10584000 1352
10536960 179
10501974 12
10500000 82
10497600 953
10485760 12
10450944 572
10418625 12
10372320 179
10368000 2080
10333575 8
10321920 500
10290000 96
10287648 225
10240000 91
10206000 975
10160640 1531
10125000 37
10084200 11
10080000 1286
10077696 176
10035200 179
10001880 247
10000000 15
9953280 942
9922500 111
9920232 44
9878400 688
9841500 65
9834496 13
9830400 183
9800000 95
9797760 1559
9724050 32
9720000 981
9680832 21
9676800 2415
9644670 29
9633792 48
9604000 33
9600000 314
9568125 1
9529569 1
9525600 1470
9483264 229
9450000 258
9447840 256
9437184 12
9411920 2
9408000 725
9375000 2
9335088 63
9331200 2035
9289728 328
9261000 232
9219840 97
9216000 946
9187500 13
9185400 461
9175040 39
9144576 537
9112500 26
9075780 16
9072000 2673
9031680 716
9003750 4
9001692 39
9000000 134
8960000 274
8957952 322
8930250 79
8890560 662
8859375 1
8857350 15
8847360 388
8820000 511
8817984 279
8780800 140
8751645 4
8750000 7
8748000 777
8709120 2216
8680203 1
8643600 140
8640000 1378
8605184 6
8601600 567
8575000 18
8573040 662
8505000 398
8503056 33
8470728 1
8467200 2080
8437500 1
8429568 61
8403500 3
8400000 379
8398080 913
8388608 1
8334900 173
8297856 74
8294400 1829
8268750 14
8266860 101
8257536 79
8232000 265
8201250 14
8192000 85
8168202 2
8164800 2296
8128512 468
8103375 5
8100000 344
8067360 21
8064000 1901
8037225 11
8028160 77
8001504 232
8000000 61
7971615 2
7962624 206
7938000 860
7902720 485
7875000 44
7873200 336
7864320 52
7840000 177
7838208 602
7779240 94
7776000 2149
7741440 1155
7717500 55
7715736 84
7683200 45
7680000 453
7654500 217
7620480 1568
7593750 1
7563150 9
7560000 1332
7558272 160
7529536 1
7526400 679
7501410 51
7500000 21
7464960 1386
7441875 5
7440174 8
7408800 685
7381125 6
7375872 37
7372800 612
7350000 78
7348320 869
7340032 6
7290000 403
7260624 7
7257600 3491
7225344 165
7203000 52
7200000 507
7168000 268
7144200 565
7112448 320
7087500 66
7085880 70
7077888 73
7058940 1
7056000 1281
7031250 1
7024640 74
7001316 26
7000000 54
6998400 1532
6967296 580
6945750 46
6914880 182
6912000 1801
6889050 60
6881280 217
6860000 55
6858432 420
6834375 1
6806835 1
6804000 1778
6773760 1384
6751269 1
6750000 60
6722800 8
6720000 774
6718464 319
6667920 430
6635520 855
6615000 273
6613488 131
6585600 401
6562500 2
6561000 215
6553600 40
6531840 2249
6482700 68
6480000 1223
6453888 9
6451200 1656
6431250 3
6429780 196
6422528 9
6400000 101
6378750 43
6377292 2
6353046 1
6350400 1963
6322176 138
6300000 377
6298560 553
6291456 7
6272000 279
6251175 12
6250000 2
6223392 100
6220800 2472
6200145 4
6193152 243
6174000 306
6146560 29
6144000 446
6125000 9
6123600 1064
6096384 645
6075000 94
6050520 22
6048000 2761
6021120 348
6002500 1
6001128 106
6000000 102
5971968 344
5953500 236
5927040 677
5906250 3
5904900 63
5898240 227
5880000 406
5878656 496
5834430 31
5832000 1449
5806080 2223
5788125 3
5786802 15
5762400 108
5760000 1034
5740875 7
5734400 160
5715360 1149
5670000 691
5668704 69
5644800 1560
5625000 10
5619712 13
5600000 164
5598720 1329
5556600 372
5531904 54
5529600 1433
5512500 47
5511240 281
5505024 39
5488000 133
5467500 80
5445468 8
5443200 3297
5419008 371
5402250 20
5400000 457
5378240 9
5376000 1020
5358150 105
5334336 264
5315625 1
5314410 11
5308416 172
5292000 1202
5268480 254
5250987 1
5250000 51
5248800 819
5242880 14
5225472 753
5186160 160
5184000 2425
5160960 767
5145000 54
5143824 216
5120000 142
5103000 567
5080320 1798
5062500 19
5042100 8
5040000 1226
5038848 268
5017600 200
5000940 151
5000000 8
4976640 1367
4961250 25
4960116 28
4939200 639
4920750 27
4917248 13
4915200 306
4900000 66
4898880 1557
4862025 5
4860000 720
4840416 17
4838400 2999
4822335 11
4816896 68
4802000 28
4800000 296
4762800 1184
4741632 272
4725000 159
4723920 217
4718592 36
4704000 782
4667544 50
4665600 2303
4644864 499
4630500 135
4609920 121
4608000 1285
4593750 1
4592700 238
4587520 54
4572288 559
4556250 6
4537890 12
4536000 2400
4515840 985
4501875 1
4500846 17
4500000 106
4480000 316
4478976 415
4465125 12
4445280 644
4428675 3
4423680 615
4410000 342
4408992 303
4390400 156
4375000 4
4374000 551
4354560 2741
4321800 81
4320000 1316
4302592 5
4300800 805
4287500 7
4286520 459
4252500 185
4251528 23
4233600 2055
4218750 1
4214784 54
4201750 2
4200000 292
4199040 965
4194304 2
4167450 63
4148928 88
4147200 2412
4134375 1
4133430 51
4128768 137
4116000 243
4096000 132
4084101 2
4082400 2017
4064256 661
4050000 217
4033680 25
4032000 2230
4014080 93
4000752 195
4000000 43
3981312 286
3969000 524
3951360 596
3937500 20
3936600 240
3932160 91
3920000 215
3919104 678
3889620 65
3888000 2127
3870720 1648
3858750 13
3857868 59
3841600 40
3840000 542
3827250 63
3810240 1583
3796875 1
3781575 1
3780000 1013
3779136 129
3763200 804
3750705 9
3750000 11
3732480 1660
3720087 3
3704400 493
3687936 32
3686400 922
3675000 46
3674160 684
3670016 8
3645000 205
3630312 16
3628800 3751
3612672 226
3601500 23
3600000 467
3584000 365
3572100 302
3556224 314
3543750 22
3542940 29
3538944 100
3528000 1152
3512320 107
3500658 12
3500000 29
3499200 1438
3483648 793
3472875 9
3457440 160
3456000 2159
3444525 8
3440640 335
3430000 44
3429216 361
3402000 1206
3386880 1632
3375000 37
3361400 7
3360000 773
3359232 376
3333960 301
3317760 1279
3307500 138
3306744 82
3292800 399
3280500 109
3276800 77
3265920 2347
3241350 30
3240000 1087
3226944 13
3225600 2214
3215625 1
3214890 64
3211264 23
3200000 97
3189375 6
3188646 2
3176523 1
3175200 1650
3161088 188
3150000 233
3149280 472
3145728 10
3136000 317
3125000 2
3111696 91
3110400 2747
3096576 373
3087000 195
3073280 44
3072000 602
3062500 3
3061800 673
3048192 750
3037500 48
3025260 11
3024000 2611
3010560 474
3001250 2
3000564 55
3000000 79
2985984 483
2976750 85
2963520 651
2952450 22
2949120 321
2940000 295
2939328 483
2917215 3
2916000 1146
2903040 2639
2893401 8
2881200 86
2880000 1067
2867200 226
2857680 815
2835000 411
2834352 44
2823576 1
2822400 1719
2812500 2
2809856 17
2800000 127
2799360 1459
2778300 208
2765952 87
2764800 1946
2756250 7
2755620 171
2752512 57
2744000 108
2733750 12
2722734 9
2721600 2937
2709504 507
2701125 1
2700000 357
2689120 5
2688000 1172
2679075 20
2667168 265
2654208 255
2646000 805
2634240 337
2625000 30
2624400 575
2621440 23
2612736 888
2593080 104
2592000 2427
2580480 1052
2572500 23
2571912 128
2560000 201
2551500 259
2540160 1857
2531250 2
2520000 1047
2519424 267
2508800 238
2500470 57
2500000 7
2488320 1949
2480625 5
2480058 9
2469600 488
2460375 4
2458624 9
2457600 411
2450000 48
2449440 1332
2430000 487
2420208 12
2419200 3376
2408448 99
2401000 15
2400000 308
2381400 781
2370816 290
2362500 77
2361960 119
2359296 60
2352980 1
2352000 765
2333772 23
2332800 2198
2322432 642
2315250 47
2304960 107
2304000 1538
2296350 90
2293760 75
2286144 571
2278125 2
2268000 1906
2257920 1097
2250423 5
2250000 63
2240000 292
2239488 532
2222640 469
2211840 884
2205000 222
2204496 220
2195200 132
2187000 334
2177280 2942
2160900 49
2160000 1220
2151296 2
2150400 995
2143750 3
2143260 253
2126250 50
2125764 11
2116800 1890
2107392 77
2100000 207
2099520 916
2097152 1
2083725 11
2074464 82
2073600 2778
2066715 7
2064384 208
2058000 162
2048000 156
2041200 1354
2032128 679
2025000 102
2016840 20
2016000 2153
2007040 132
2000376 110
2000000 34
1990656 447
1984500 243
1975680 576
1968750 7
1968300 98
1966080 139
1960000 143
1959552 727
1944810 32
1944000 1728
1935360 2106
1929375 4
1928934 37
1920800 31
1920000 591
1913625 10
1905120 1318
1890000 692
1889568 129
1881600 889
1875000 3
1866240 1947
1852200 325
1843968 44
1843200 1189
1837500 26
1837080 411
1835008 15
1822500 88
1815156 9
1814400 3561
1806336 285
1800750 11
1800000 367
1792000 341
1786050 94
1778112 288
1771875 1
1771470 17
1769472 203
1764000 911
1756160 109
1750329 3
1750000 12
1749600 1127
1741824 1009
1728720 119
1728000 2343
1720320 460
1715000 18
1714608 295
1701000 694
1693440 1762
1687500 16
1680700 3
1680000 663
1679616 395
1666980 166
1658880 1628
1653750 39
1653372 51
1646400 377
1640250 26
1638400 99
1632960 2074
1620675 5
1620000 766
1613472 13
1612800 2409
1607445 6
1605632 24
1600000 111
1594323 2
1587600 1179
1580544 205
1575000 124
1574640 327
1572864 24
1568000 285
1562500 1
1555848 47
1555200 2735
1548288 501
1543500 78
1536640 45
1536000 677
1530900 299
1524096 701
1518750 5
1512630 8
1512000 2159
1505280 507
1500282 23
1500000 55
1492992 558
1488375 10
1481760 544
1476225 3
1474560 475
1470000 206
1469664 407
1458000 693
1451520 2904
1440600 40
1440000 956
1433600 270
1428840 507
1417500 167
1417176 32
1411788 2
1411200 1475
1406250 1
1404928 29
1400000 93
1399680 1354
1389150 63
1382976 73
1382400 2213
1378125 1
1377810 53
1376256 77
1372000 86
1366875 3
1361367 1
1360800 2232
1354752 577
1350000 197
1344560 8
1344000 1146
1333584 187
1327104 379
1323000 481
1317120 317
1312500 8
1312200 329
1310720 29
1306368 947
1296540 49
1296000 2069
1290240 1370
1286250 8
1285956 70
1280000 192
1275750 92
1270080 1603
1265625 1
1260525 2
1260000 765
1259712 238
1254400 271
1250235 12
1250000 3
1244160 2052
1240029 3
1234800 374
1229312 7
1228800 474
1225000 17
1224720 864
1215000 230
1210104 9
1209600 3269
1204224 119
1200500 5
1200000 236
1190700 319
1185408 267
1181250 14
1180980 68
1179648 91
1176490 1
1176000 586
1166886 12
1166400 1852
1161216 901
1157625 6
1152480 78
1152000 1502
1148175 21
1146880 102
1143072 469
1134000 1140
1128960 1183
1125000 33
1120000 258
1119744 545
1111320 297
1105920 1153
1102500 86
1102248 111
1097600 138
1093500 157
1088640 2722
1080450 16
1080000 913
1075648 2
1075200 1044
1071630 96
1063125 3
1062882 4
1058400 1410
1053696 99
1050000 120
1049760 709
1048576 3
1037232 50
1036800 2803
1032192 286
1029000 85
1024000 192
1020600 786
1016064 710
1012500 45
1008420 7
1008000 1836
1003520 142
1000188 59
1000000 27
995328 520
992250 69
987840 463
984375 1
984150 39
983040 186
980000 101
979776 646
972405 6
972000 1210
967680 2282
964467 3
960400 26
960000 523
952560 895
945000 342
944784 96
940800 862
937500 1
933120 1805
926100 159
921984 39
921600 1393
918750 9
918540 225
917504 21
911250 23
907578 3
907200 2789
903168 339
900375 1
900000 226
896000 346
893025 14
889056 220
885735 1
884736 251
882000 553
878080 113
875000 9
874800 682
870912 1019
864360 66
864000 1974
860160 523
857500 13
857304 165
850500 301
846720 1594
843750 2
840000 510
839808 396
833490 66
829440 1808
826875 6
826686 14
823200 256
820125 10
819200 123
816480 1577
810000 511
806736 7
806400 2302
802816 30
800000 98
793800 590
790272 200
787500 53
787320 181
786432 24
784000 247
777924 29
777600 2329
774144 597
771750 30
768320 22
768000 758
765450 86
762048 563
759375 1
756315 1
756000 1519
752640 572
750141 2
750000 25
746496 662
740880 383
737280 660
735000 109
734832 272
729000 387
725760 2771
720300 20
720000 803
716800 291
714420 226
708750 49
708588 17
705600 1161
702464 32
700000 64
699840 1105
694575 11
691488 60
691200 2195
688905 9
688128 111
686000 48
680400 1415
677376 538
675000 102
672000 1056
666792 97
663552 471
661500 186
658560 242
656250 4
656100 135
655360 29
653184 871
648270 31
648000 1671
645120 1452
642978 19
640000 168
637875 8
635040 1202
630000 457
629856 176
627200 293
622080 2068
617400 199
614656 16
614400 548
612500 7
612360 494
607500 107
605052 3
604800 2816
602112 141
600250 4
600000 179
595350 108
592704 229
590625 1
590490 21
589824 124
588000 428
583443 2
583200 1242
580608 884
576240 37
576000 1444
573440 132
571536 324
567000 571
564480 1098
562500 10
560000 209
559872 525
555660 148
552960 1348
551250 26
551124 67
548800 107
546750 29
544320 2010
540225 3
540000 561
537824 1
537600 1136
535815 11
529200 861
526848 95
525000 57
524880 435
524288 6
518616 37
518400 2552
516096 357
514500 39
512000 197
510300 325
508032 688
506250 7
504210 5
504000 1354
501760 140
500094 27
500000 21
497664 633
496125 6
493920 314
492075 5
491520 247
490000 52
489888 457
486000 737
483840 2176
480200 17
480000 465
476280 473
472500 126
472392 53
470596 3
470400 718
468750 1
466560 1482
463050 50
460992 38
460800 1406
459270 60
458752 17
455625 3
453600 1938
451584 372
450000 117
448000 328
444528 144
442368 310
441000 304
439040 90
437500 2
437400 367
435456 959
432180 33
432000 1588
430080 597
428750 4
428652 75
425250 89
423360 1268
421875 1
420000 324
419904 330
416745 5
414720 1839
413343 8
411600 163
409600 146
408240 1006
405000 213
403368 6
403200 1958
401408 32
400000 64
396900 275
395136 154
393750 14
393660 75
393216 43
392000 144
388962 10
388800 1735
387072 677
385875 5
384160 13
384000 675
382725 19
381024 441
378000 857
376320 561
375000 13
373248 651
370440 192
368640 694
367500 42
367416 146
364500 151
362880 2278
360150 7
360000 518
358400 289
357210 86
354375 5
354294 4
352800 857
351232 28
350000 38
349920 795
345744 30
345600 2136
344064 134
343000 22
340200 723
338688 506
337500 33
336140 3
336000 807
333396 54
331776 535
330750 46
329280 203
328050 31
327680 51
326592 693
324135 4
324000 1002
322560 1363
321489 5
320000 169
317520 753
315000 193
314928 99
313600 242
311040 1744
308700 96
307328 11
307200 590
306250 2
306180 212
303750 19
302526 5
302400 1966
301056 156
300000 98
297675 20
296352 163
295245 2
294912 130
294000 226
291600 702
290304 918
288120 21
288000 1189
286720 138
285768 157
283500 230
282240 882
281250 1
280000 130
279936 435
277830 45
276480 1396
275625 2
275562 24
274400 59
273375 5
272160 1436
270000 311
268912 2
268800 1029
264600 480
263424 66
262500 14
262440 201
262144 9
259308 15
259200 1939
258048 380
257250 11
256000 228
255150 94
254016 513
253125 1
252000 905
250880 130
250047 3
250000 9
248832 581
246960 216
245760 267
245000 22
244944 277
243000 330
241920 1972
240100 7
240000 356
238140 234
236250 32
236196 21
235200 502
233280 1168
231525 4
230496 17
230400 1389
229635 12
229376 32
226800 1150
225792 323
225000 58
224000 252
222264 84
221184 350
220500 118
219520 68
218750 1
218700 131
217728 803
216090 13
216000 1081
215040 581
214326 29
212625 15
211680 855
210000 183
209952 203
207360 1687
205800 67
204800 157
204120 480
202500 80
201684 1
201600 1549
200704 48
200000 32
198450 76
197568 108
196875 3
196830 25
196608 47
196000 125
194481 1
194400 1065
193536 672
192080 10
192000 607
190512 286
189000 426
188160 449
187500 6
186624 545
185220 91
184320 724
183750 9
183708 66
182250 38
181440 1635
180075 1
180000 339
179200 247
178605 16
177147 1
176400 460
175616 18
175000 13
174960 459
172872 16
172800 1715
172032 122
171500 9
170100 298
169344 458
168750 2
168070 1
168000 561
166698 16
165888 516
165375 7
164640 140
164025 4
163840 58
163296 495
162000 522
161280 1249
160000 107
158760 359
157500 72
157464 58
156800 163
155520 1358
154350 25
153664 4
153600 589
153090 65
151875 3
151200 1325
150528 135
150000 54
148176 110
147456 174
147000 115
145800 360
145152 741
144060 11
144000 838
143360 146
142884 60
141750 55
141120 624
140000 90
139968 329
138915 5
138240 1190
137781 4
137200 51
136080 804
135000 148
134456 1
134400 792
132300 171
131712 65
131250 7
131220 88
131072 10
129654 5
129600 1376
129024 380
128000 184
127575 11
127008 365
126000 449
125440 126
125000 2
124416 586
123480 92
122880 286
122500 11
122472 150
121500 122
120960 1458
120050 7
120000 166
119070 55
118125 4
118098 9
117600 307
116640 697
115248 11
115200 1129
114688 29
113400 496
112896 278
112500 23
112000 180
111132 31
110592 378
110250 21
109760 58
109350 42
108864 585
108045 1
108000 681
107520 489
107163 7
105840 514
105000 80
104976 130
103680 1359
102900 43
102400 143
102060 203
101250 11
100800 1032
100352 25
100000 20
99225 8
98784 81
98415 2
98304 67
98000 66
97200 568
96768 585
96040 10
96000 419
95256 153
94500 152
94080 322
93312 447
92610 31
92160 713
91875 1
91854 17
91125 3
90720 1030
90000 164
89600 224
88200 211
87808 20
87500 8
87480 212
86436 15
86400 1295
86016 163
85750 3
85050 67
84672 300
84000 304
83349 7
82944 475
82320 72
81920 60
81648 253
81000 260
80640 996
80000 82
79380 142
78750 16
78732 25
78400 100
77760 922
77175 4
76832 3
76800 461
76545 7
75600 696
75264 115
75000 17
74088 56
73728 161
73500 34
72900 119
72576 564
72030 4
72000 537
71680 130
71442 22
70875 7
70560 419
70000 45
69984 181
69120 1040
68600 18
68040 366
67500 54
67200 510
66150 40
65856 42
65610 11
65536 13
64800 764
64512 341
64000 124
63504 191
63000 193
62720 95
62500 1
62208 452
61740 39
61440 275
61250 2
61236 67
60750 36
60480 1003
60025 1
60000 140
59535 9
59049 1
58800 152
58320 373
57624 6
57600 866
57344 34
56700 197
56448 218
56250 4
56000 114
55566 13
55296 331
55125 2
54880 32
54675 4
54432 345
54000 301
53760 449
52920 209
52500 19
52488 46
51840 973
51450 5
51200 115
51030 54
50625 2
50400 601
50176 22
50000 16
49392 52
49152 40
49000 21
48600 281
48384 447
48020 4
48000 328
47628 59
47250 38
47040 193
46656 295
46305 3
46080 606
45927 3
45360 579
45000 72
44800 178
44100 65
43904 23
43750 1
43740 75
43218 2
43200 774
43008 123
42875 2
42525 16
42336 193
42000 147
41472 400
41160 37
40960 49
40824 129
40500 84
40320 721
40000 33
39690 46
39375 2
39366 8
39200 63
38880 515
38416 4
38400 365
37800 309
37632 95
37500 9
37044 19
36864 165
36750 10
36450 24
36288 405
36000 296
35840 91
35721 4
35280 220
35000 15
34992 105
34560 794
34300 9
34020 139
33750 10
33600 319
33075 9
32928 24
32805 1
32768 12
32400 407
32256 268
32000 74
31752 86
31500 57
31360 52
31104 345
30870 15
30720 219
30618 18
30375 4
30240 602
30000 48
29400 76
29160 164
28812 2
28800 530
28672 24
28350 58
28224 127
28000 51
27783 4
27648 262
27440 13
27216 207
27000 151
26880 331
26460 88
26250 5
26244 30
25920 592
25725 1
25600 93
25515 5
25200 317
25088 15
25000 7
24696 25
24576 54
24500 10
24300 85
24192 344
24010 2
24000 172
23814 19
23625 3
23520 139
23328 196
23040 437
22680 220
22500 24
22400 90
22050 17
21952 9
21870 16
21609 2
21600 493
21504 101
21168 109
21000 72
20736 322
20580 11
20480 51
20412 40
20250 15
20160 445
20000 26
19845 9
19683 1
19600 39
19440 269
19208 2
19200 265
18900 97
18816 71
18750 3
18522 8
18432 140
18375 2
18225 4
18144 238
18000 148
17920 87
17640 85
17500 5
17496 54
17280 555
17150 1
17010 47
16800 188
16464 12
16384 12
16200 145
16128 179
16000 61
15876 35
15750 18
15680 37
15552 221
15435 1
15360 188
15309 1
15120 296
15000 24
14700 26
14580 53
14406 1
14400 324
14336 15
14175 5
14112 76
14000 28
13824 225
13720 4
13608 84
13500 40
13440 211
13230 24
13122 9
12960 302
12800 59
12600 131
12544 13
12500 2
12348 3
12288 52
12250 3
12150 17
12096 201
12000 87
11907 3
11760 58
11664 89
11520 314
11340 88
11250 9
11200 61
11025 2
10976 2
10935 4
10800 201
10752 89
10584 41
10500 19
10368 196
10290 3
10240 45
10206 12
10125 6
10080 239
10000 14
9800 16
9720 110
9600 162
9450 17
9408 36
9261 2
9216 112
9072 86
9000 50
8960 55
8820 40
8750 1
8748 12
8640 269
8505 5
8400 85
8232 6
8192 9
8100 45
8064 132
8000 38
7938 10
7875 1
7840 22
7776 111
7680 149
7560 107
7500 2
7350 7
7290 11
7200 167
7168 18
7056 51
7000 12
6912 139
6860 2
6804 27
6750 5
6720 123
6615 3
6561 1
6480 146
6400 49
6300 39
6272 11
6174 1
6144 43
6075 3
6048 122
6000 30
5880 34
5832 21
5760 215
5670 20
5625 2
5600 38
5488 1
5400 80
5376 54
5292 18
5250 6
5184 106
5120 26
5103 2
5040 115
5000 7
4900 4
4860 38
4800 99
4725 4
4704 22
4608 82
4536 52
4500 24
4480 27
4410 7
4374 7
4320 135
4200 37
4116 1
4096 4
4050 10
4032 67
4000 14
3920 13
3888 48
3840 83
3780 37
3750 2
3675 1
3645 1
3600 78
3584 16
3528 18
3500 1
3456 86
3430 1
3402 2
3375 1
3360 69
3240 61
3200 24
3150 5
3136 9
3087 1
3072 36
3024 53
3000 21
2940 15
2916 8
2880 109
2835 2
2800 14
2744 4
2700 21
2688 36
2646 4
2592 69
2560 17
2520 45
2500 2
2430 8
2400 58
2352 12
2304 46
2268 14
2250 5
2240 11
2205 1
2160 60
2100 8
2058 1
2048 8
2025 1
2016 40
2000 8
1960 10
1944 19
1920 50
1890 8
1800 26
1792 11
1764 4
1728 47
1680 33
1620 12
1600 11
1568 3
1536 24
1512 15
1500 3
1458 2
1440 52
1400 3
1350 2
1344 17
1323 3
1296 26
1280 15
1260 5
1215 1
1200 14
1176 6
1152 26
1134 3
1120 3
1080 26
1050 1
1024 3
1008 12
1000 1
972 8
960 34
945 1
900 11
896 3
882 2
864 17
840 9
810 7
800 7
784 1
768 13
756 12
729 1
720 30
672 10
648 4
640 10
630 1
600 11
588 2
576 16
560 8
540 2
512 3
504 5
486 4
480 17
448 3
432 10
420 4
400 5
384 5
378 2
360 11
336 3
324 4
320 3
300 1
288 12
280 3
256 4
240 7
224 1
216 5
210 1
200 1
192 4
180 2
168 1
162 2
160 3
150 1
144 4
135 1
126 1
120 4
112 1
108 2
96 2
72 2
48 1
