3068 1
3041 1
3040 1
3036 2
3035 1
3032 1
3031 1
3030 2
3029 1
3024 1
3020 2
3018 1
3016 1
3015 2
3014 3
3013 1
3012 1
3011 2
3010 1
3009 1
3008 1
3007 2
3005 2
3004 1
3003 3
3002 4
3001 3
3000 4
2999 2
2998 6
2997 4
2996 3
2995 4
2994 7
2993 4
2991 4
2990 5
2989 6
2988 7
2987 11
2986 7
2985 8
2984 8
2983 4
2982 12
2981 15
2980 7
2979 12
2978 7
2977 5
2976 8
2975 13
2974 12
2973 15
2972 15
2971 22
2970 9
2969 15
2968 21
2967 20
2966 17
2965 21
2964 15
2963 33
2962 23
2961 31
2960 19
2959 27
2958 29
2957 31
2956 39
2955 39
2954 44
2953 38
2952 45
2951 52
2950 38
2949 50
2948 64
2947 60
2946 82
2945 64
2944 64
2943 67
2942 79
2941 75
2940 73
2939 71
2938 93
2937 82
2936 90
2935 86
2934 99
2933 88
2932 129
2931 110
2930 138
2929 112
2928 147
2927 143
2926 151
2925 156
2924 164
2923 161
2922 181
2921 181
2920 179
2919 199
2918 197
2917 203
2916 227
2915 254
2914 260
2913 224
2912 261
2911 286
2910 272
2909 306
2908 295
2907 306
2906 324
2905 340
2904 360
2903 370
2902 397
2901 387
2900 416
2899 433
2898 386
2897 439
2896 470
2895 545
2894 472
2893 522
2892 566
2891 531
2890 596
2889 603
2888 656
2887 634
2886 674
2885 713
2884 664
2883 756
2882 778
2881 765
2880 803
2879 848
2878 885
2877 888
2876 924
2875 929
2874 983
2873 1011
2872 1045
2871 1061
2870 1096
2869 1118
2868 1186
2867 1191
2866 1288
2865 1216
2864 1286
2863 1282
2862 1393
2861 1392
2860 1421
2859 1446
2858 1427
2857 1512
2856 1677
2855 1642
2854 1681
2853 1714
2852 1720
2851 1754
2850 1878
2849 1871
2848 1898
2847 2008
2846 2076
2845 2032
2844 2167
2843 2258
2842 2234
2841 2243
2840 2313
2839 2322
2838 2371
2837 2409
2836 2525
2835 2517
2834 2649
2833 2660
2832 2732
2831 2742
2830 2837
2829 2885
2828 3064
2827 2969
2826 3071
2825 3096
2824 3313
2823 3258
2822 3336
2821 3345
2820 3522
2819 3410
2818 3557
2817 3727
2816 3707
2815 3704
2814 3764
2813 3780
2812 4009
2811 3911
2810 3953
2809 4014
2808 4171
2807 4147
2806 4214
2805 4353
2804 4283
2803 4502
2802 4475
2801 4465
2800 4580
2799 4613
2798 4651
2797 4724
2796 4816
2795 4704
2794 4912
2793 4897
2792 5083
2791 5209
2790 5237
2789 5125
2788 5093
2787 5303
2786 5314
2785 5372
2784 5482
2783 5449
2782 5509
2781 5337
2780 5599
2779 5673
2778 5668
2777 5732
2776 5717
2775 5756
2774 5779
2773 5858
2772 5838
2771 5912
2770 5900
2769 5924
2768 5923
2767 6005
2766 5999
2765 6050
2764 5932
2763 6013
2762 6131
2761 6101
2760 6074
2759 6008
2758 6197
2757 6223
2756 6232
2755 6194
2754 6138
2753 6223
2752 6232
2751 6110
2750 6167
2749 6127
2748 6291
2747 6264
2746 6155
2745 6096
2744 6213
2743 6248
2742 6035
2741 6157
2740 6113
2739 6265
2738 6218
2737 5971
2736 6063
2735 6109
2734 5971
2733 6103
2732 6060
2731 5901
2730 5887
2729 5808
2728 5827
2727 5889
2726 5839
2725 5761
2724 5715
2723 5785
2722 5689
2721 5616
2720 5723
2719 5574
2718 5444
2717 5401
2716 5362
2715 5349
2714 5328
2713 5249
2712 5320
2711 5165
2710 5120
2709 5049
2708 5060
2707 5005
2706 5006
2705 4862
2704 4822
2703 4750
2702 4614
2701 4693
2700 4641
2699 4480
2698 4476
2697 4412
2696 4421
2695 4275
2694 4445
2693 4130
2692 4256
2691 4076
2690 4009
2689 3962
2688 3729
2687 3815
2686 3739
2685 3817
2684 3714
2683 3628
2682 3556
2681 3358
2680 3435
2679 3416
2678 3347
2677 3243
2676 3089
2675 3123
2674 3113
2673 3039
2672 3014
2671 2792
2670 2923
2669 2738
2668 2831
2667 2690
2666 2620
2665 2536
2664 2539
2663 2555
2662 2386
2661 2344
2660 2287
2659 2308
2658 2146
2657 2225
2656 2141
2655 1982
2654 2086
2653 2035
2652 1938
2651 1932
2650 1845
2649 1715
2648 1750
2647 1701
2646 1732
2645 1642
2644 1562
2643 1569
2642 1543
2641 1501
2640 1440
2639 1399
2638 1343
2637 1372
2636 1329
2635 1228
2634 1202
2633 1247
2632 1144
2631 1104
2630 1066
2629 1031
2628 1025
2627 993
2626 991
2625 938
2624 1006
2623 881
2622 804
2621 815
2620 765
2619 812
2618 792
2617 747
2616 684
2615 690
2614 602
2613 623
2612 607
2611 578
2610 598
2609 554
2608 580
2607 518
2606 470
2605 470
2604 451
2603 446
2602 416
2601 390
2600 385
2599 350
2598 384
2597 384
2596 366
2595 322
2594 321
2593 302
2592 321
2591 301
2590 291
2589 272
2588 272
2587 233
2586 241
2585 230
2584 242
2583 227
2582 220
2581 167
2580 166
2579 195
2578 184
2577 176
2576 162
2575 148
2574 142
2573 137
2572 112
2571 131
2570 111
2569 118
2568 124
2567 91
2566 127
2565 89
2564 93
2563 80
2562 79
2561 84
2560 80
2559 73
2558 68
2557 70
2556 72
2555 67
2554 63
2553 63
2552 49
2551 55
2550 41
2549 49
2548 38
2547 38
2546 38
2545 41
2544 30
2543 29
2542 28
2541 32
2540 20
2539 28
2538 22
2537 29
2536 19
2535 16
2534 18
2533 17
2532 26
2531 9
2530 17
2529 17
2528 15
2527 15
2526 16
2525 13
2524 10
2523 8
2522 14
2521 12
2520 11
2519 4
2518 9
2517 7
2516 7
2515 7
2514 5
2513 4
2512 8
2511 9
2510 5
2509 4
2508 8
2507 5
2506 6
2505 6
2504 4
2503 5
2502 3
2501 8
2500 3
2499 2
2498 1
2497 1
2495 3
2494 5
2493 3
2492 1
2491 1
2490 2
2489 3
2488 1
2487 3
2486 3
2485 1
2484 2
2483 1
2482 1
2481 2
2479 1
2478 1
2477 2
2476 2
2475 1
2474 1
2471 2
2470 2
2469 1
2468 1
2464 2
2462 1
2460 1
2457 1
2422 1
