5184000000 1
4536000000 1
4032000000 1
3920000000 1
3732480000 1
3720087000 1
3645000000 1
3628800000 2
3572100000 1
3348078300 1
3240000000 1
3225600000 1
3214890000 1
3188646000 1
3149280000 1
3110400000 1
3061800000 1
3024000000 1
2916000000 1
2880000000 1
2869781400 1
2857680000 1
2822400000 2
2799360000 2
2755620000 2
2744000000 1
2721600000 1
2687385600 1
2645395200 1
2612736000 1
2580480000 2
2540160000 3
2520000000 2
2449440000 3
2419200000 4
2381400000 2
2380855680 1
2351462400 1
2332800000 1
2322432000 2
2314720800 3
2304000000 2
2296350000 2
2286144000 2
2268000000 3
2267481600 1
2257920000 1
2250423000 2
2239488000 1
2222640000 1
2204496000 5
2187000000 1
2160000000 1
2150400000 1
2116800000 1
2099520000 2
2090188800 1
2073600000 1
2066715000 1
2057529600 1
2041200000 7
2032128000 1
2016000000 3
2015539200 2
2000376000 1
1990656000 1
1984046400 1
1975680000 2
1959552000 1
1944000000 2
1935360000 5
1928934000 1
1905120000 5
1890000000 1
1889568000 4
1881600000 1
1881169920 1
1866240000 4
1860043500 1
1851776640 1
1843200000 1
1837080000 4
1828915200 5
1814400000 6
1800338400 1
1800000000 1
1792000000 1
1786050000 1
1778112000 1
1769472000 1
1764000000 4
1763596800 3
1749600000 1
1741824000 7
1728000000 2
1714608000 3
1701000000 6
1700611200 4
1693440000 2
1679616000 10
1672151040 1
1666980000 1
1658880000 4
1653372000 6
1646400000 1
1646023680 2
1640250000 2
1632960000 10
1632586752 1
1625702400 2
1620304560 1
1620000000 1
1612800000 5
1612431360 3
1607445000 1
1600300800 3
1600000000 1
1592524800 1
1587600000 7
1587237120 2
1580544000 1
1574640000 7
1567641600 4
1555848000 1
1555200000 4
1548288000 1
1543500000 1
1543147200 3
1536640000 1
1536000000 1
1530550080 1
1524096000 5
1512000000 4
1511654400 2
1505280000 1
1500282000 3
1492992000 8
1488034800 3
1481760000 1
1474560000 1
1469664000 9
1463132160 2
1458000000 4
1451520000 13
1446700500 1
1445068800 2
1440270720 1
1428840000 9
1422489600 6
1417500000 3
1417176000 3
1411200000 3
1410877440 5
1400263200 3
1399680000 18
1393459200 4
1389150000 1
1388832480 1
1382976000 1
1382400000 10
1377810000 6
1376256000 1
1372000000 1
1371686400 9
1360800000 7
1360488960 1
1354752000 7
1344000000 4
1343692800 1
1339231320 1
1337720832 1
1333584000 4
1327104000 5
1323000000 3
1322697600 7
1312200000 4
1306368000 12
1302030450 1
1296540000 2
1296000000 5
1290240000 5
1289945088 1
1285956000 9
1280240640 1
1280000000 1
1275750000 2
1270080000 17
1259712000 10
1254400000 3
1254113280 3
1250235000 2
1244160000 13
1240029000 3
1238630400 1
1234800000 5
1234517760 2
1228800000 1
1224720000 12
1219276800 2
1215228420 1
1210104000 1
1209600000 9
1209323520 2
1204224000 3
1200225600 5
1194393600 5
1190700000 5
1190427840 4
1185408000 5
1180980000 1
1179648000 2
1176000000 2
1175731200 20
1166886000 2
1166400000 13
1161216000 17
1157360400 4
1156055040 1
1152480000 1
1152000000 9
1148175000 3
1146880000 2
1143072000 18
1137991680 2
1134000000 10
1133740800 4
1128960000 9
1128701952 1
1125211500 1
1120210560 1
1120000000 1
1119744000 8
1116026100 2
1111320000 8
1106380800 3
1105920000 5
1102707270 1
1102248000 11
1097600000 1
1097349120 10
1093705578 1
1093500000 2
1088640000 30
1083801600 7
1080203040 1
1080000000 4
1075200000 3
1074954240 2
1071630000 6
1071385056 1
1066867200 11
1062882000 1
1061683200 1
1058400000 7
1058158080 2
1053696000 1
1050197400 2
1049760000 16
1045094400 11
1037232000 2
1036800000 15
1032192000 6
1029000000 2
1028764800 14
1024000000 1
1020600000 6
1020366720 2
1016064000 25
1008000000 8
1007769600 10
1003520000 2
1003290624 2
1000188000 12
995328000 9
992250000 2
992023200 3
987840000 9
987614208 2
984150000 1
983040000 1
980000000 3
979776000 37
975421440 4
972405000 1
972182736 1
972000000 9
967680000 22
964467000 2
960180480 2
955514880 2
952560000 27
952342272 2
948326400 5
945177660 1
945000000 1
944784000 17
943718400 1
940800000 5
940584960 10
933508800 5
933120000 17
928972800 8
926100000 2
925888320 4
921600000 4
918540000 11
917504000 1
914457600 25
907200000 41
906992640 2
903168000 9
900169200 5
900000000 1
895795200 6
893025000 5
892820880 2
889056000 24
884736000 6
882000000 5
881798400 23
878080000 7
877879296 2
875164500 1
874800000 14
871274880 2
870912000 38
868020300 3
867041280 4
864360000 2
864162432 1
864000000 8
860518400 1
860160000 11
857304000 25
853493760 5
850659894 1
850500000 8
850305600 1
846720000 27
846526464 3
842956800 2
840157920 3
840000000 3
839808000 26
836075520 3
833490000 8
833299488 3
829785600 4
829440000 22
826686000 10
825753600 3
823200000 5
823011840 14
819200000 2
816480000 53
816293376 2
812851200 20
810152280 1
810000000 1
806400000 22
806215680 4
803722500 1
802816000 2
800150400 19
800000000 1
797161500 3
796262400 7
793800000 21
793618560 6
790272000 16
787320000 10
786432000 1
784147392 1
784000000 4
783820800 38
781218270 1
780337152 2
777924000 13
777600000 34
774144000 18
771750000 3
771573600 18
770703360 1
768320000 3
768000000 5
765450000 9
765275040 1
762048000 41
758661120 2
756315000 2
756000000 18
755827200 13
752640000 6
752467968 2
750141000 7
746807040 4
746496000 34
744017400 2
743178240 2
740880000 16
740710656 2
737587200 1
737280000 8
734832000 49
731566080 12
729000000 7
726062400 3
725760000 51
725594112 1
722534400 2
720300000 1
720135360 14
720000000 6
717445350 1
716800000 2
716636160 3
714420000 31
714256704 1
711244800 22
708588000 11
707788800 4
705600000 18
705438720 15
702464000 3
700131600 6
700000000 1
699840000 46
696729600 36
694575000 2
694416240 3
691488000 8
691200000 24
688905000 5
688128000 5
686000000 1
685843200 42
682795008 3
680400000 37
680244480 6
677376000 45
675126900 3
675000000 2
672280000 1
672126336 3
672000000 6
671846400 19
669615660 1
668860416 1
666792000 24
663828480 1
663552000 18
661500000 4
661348800 30
658560000 9
658409472 3
656100000 10
653184000 91
650280960 8
648270000 1
648121824 2
648000000 10
645388800 1
645120000 33
644972544 1
642978000 21
640120320 17
637729200 3
637009920 7
635040000 56
634894848 1
632217600 10
630118440 2
630000000 8
629856000 30
627200000 7
627056640 22
625117500 1
622339200 11
622080000 59
620014500 1
619315200 9
617400000 9
617258880 22
614656000 2
614400000 4
612615150 1
612360000 58
612220032 1
609638400 61
604800000 61
604661760 11
602112000 12
600250000 1
600112800 22
597445632 1
597196800 18
595350000 9
595213920 10
594542592 1
592704000 32
590490000 7
590069760 1
589824000 5
588000000 13
587865600 79
585252864 2
583443000 7
583200000 40
580849920 1
580608000 68
578680200 14
578027520 4
576240000 6
576108288 5
576000000 17
574087500 5
573956280 2
573440000 14
571536000 63
568995840 8
567000000 11
566870400 19
566231040 1
564480000 35
564350976 4
562500000 1
561971200 1
560105280 5
560000000 2
559872000 68
558013050 1
557383680 19
555660000 26
555532992 2
553190400 6
552960000 21
551250000 2
551124000 42
550502400 5
548800000 3
548674560 33
546750000 3
544546800 4
544320000 96
541900800 28
540101520 11
540000000 10
537824000 3
537600000 19
537477120 13
535815000 7
533433600 36
531441000 5
531062784 1
530841600 16
529200000 41
529079040 21
526848000 6
525098700 6
525000000 1
524880000 43
522764928 1
522547200 79
520812180 3
518616000 15
518400000 57
516560652 1
516096000 21
514500000 3
514382400 65
512096256 1
510300000 38
510183360 3
508032000 100
505774080 6
504094752 3
504000000 41
503884800 27
501760000 17
501645312 7
500094000 21
500000000 1
497871360 13
497664000 69
496125000 2
496011600 18
495452160 5
493920000 32
493807104 8
492075000 2
491520000 6
490092120 4
490000000 3
489888000 126
487710720 27
486091368 2
486000000 18
484041600 3
483840000 94
483729408 1
482233500 10
481689600 6
480200000 3
480090240 21
480000000 5
478296900 1
477757440 11
476280000 75
476171136 7
474163200 31
472588830 2
472500000 4
472392000 31
471859200 1
470400000 32
470292480 42
468730962 1
466754400 17
466560000 74
464486400 47
463050000 10
462944160 25
460992000 8
460800000 30
459270000 25
458752000 4
457228800 102
455196672 2
453789000 4
453600000 83
453496320 15
451584000 50
450084600 11
450000000 2
449576960 2
448084224 1
448000000 10
447897600 56
446512500 6
446410440 1
444528000 56
442552320 4
442368000 21
441000000 13
440899200 78
439040000 10
438939648 9
437400000 29
435637440 6
435456000 175
434010150 1
433520640 13
432180000 8
432081216 8
432000000 29
430259200 3
430080000 25
429981696 1
428750000 2
428652000 84
426746880 29
425250000 12
425152800 14
424673280 6
423536400 1
423360000 106
423263232 8
421478400 5
420078960 1
420000000 2
419904000 87
418037760 34
416745000 10
416649744 3
414892800 18
414720000 77
413343000 15
412876800 17
411600000 13
411505920 48
409600000 3
408240000 128
408146688 4
406425600 103
405076140 7
405000000 9
404619264 1
403368000 3
403200000 72
403107840 26
401861250 1
401408000 6
400075200 70
400000000 1
398297088 2
398131200 30
396900000 30
396809280 17
395136000 51
393824025 1
393660000 21
393379840 2
393216000 6
392000000 6
391910400 152
390609135 1
390168576 8
388962000 16
388800000 83
387233280 2
387072000 93
385875000 3
385786800 29
384160000 3
384072192 14
384000000 13
382725000 6
382637520 3
381182760 1
381024000 175
379330560 17
378000000 39
377913600 46
376320000 44
376233984 11
375070500 7
373403520 17
373248000 114
372008700 3
371589120 16
370440000 58
370355328 9
368793600 6
368640000 34
367569090 2
367500000 2
367416000 102
365783040 79
364568526 2
364500000 15
363031200 11
362880000 153
362797056 4
361267200 45
360150000 1
360067680 21
360000000 8
358400000 23
358318080 25
357210000 51
357128352 5
355622400 71
354375000 1
354294000 11
354041856 3
353894400 14
352800000 36
352719360 67
351232000 13
350065800 10
350000000 3
349920000 87
348509952 4
348364800 135
347287500 4
347208120 4
346816512 3
345744000 21
345600000 68
344452500 9
344207360 1
344064000 27
343000000 4
342921600 154
341397504 6
340200000 82
340122240 20
338829120 2
338688000 133
337563450 2
337500000 1
337182720 3
336140000 1
336063168 4
336000000 35
335923200 84
334807830 2
334430208 7
333396000 66
331914240 16
331776000 92
330750000 10
330674400 50
330301440 8
329280000 32
329204736 16
328050000 10
327680000 5
326728080 8
326592000 274
325140480 41
324135000 2
324060912 1
324000000 33
322694400 1
322560000 104
322486272 9
321489000 36
321126400 5
320060160 54
320000000 1
318937500 4
318864600 5
318504960 15
317652300 1
317520000 138
317447424 14
316108800 45
315059220 8
315000000 8
314928000 68
314572800 1
313600000 14
313528320 86
312558750 3
312487308 3
311169600 40
311040000 159
310007250 1
309786624 1
309657600 61
308700000 18
308629440 54
307328000 6
307200000 15
306307575 1
306180000 80
306110016 1
304946208 1
304819200 210
303750000 3
303464448 4
302526000 2
302400000 127
302330880 42
301056000 40
300056400 41
300000000 5
298722816 4
298598400 82
297675000 17
297606960 15
297271296 3
296352000 96
295245000 6
295034880 2
294912000 19
294055272 1
294000000 19
293932800 192
292626432 19
291721500 8
291600000 75
290424960 11
290304000 264
289340100 20
289013760 18
288120000 7
288054144 7
288000000 38
287043750 1
286978140 2
286720000 16
286654464 6
285768000 194
284497920 35
283553298 1
283500000 30
283435200 37
283115520 1
282357600 1
282240000 131
282175488 26
281302875 1
280985600 9
280052640 18
280000000 9
279936000 182
278691840 56
277830000 39
277766496 11
276595200 37
276480000 85
275625000 4
275562000 61
275251200 6
274400000 12
274337280 106
273375000 3
272273400 9
272160000 242
272097792 7
271063296 1
270950400 108
270050760 15
270000000 16
268912000 3
268800000 53
268738560 49
268435456 1
267907500 9
267846264 1
266716800 115
265720500 2
265531392 5
265420800 42
264710250 2
264600000 70
264539520 68
264241152 3
263424000 36
262549350 3
262440000 76
261382464 1
261273600 274
260406090 3
260112384 6
259308000 29
259200000 134
258048000 86
257250000 1
257191200 121
256048128 16
256000000 9
255150000 40
255091680 6
254803968 3
254016000 292
252887040 25
252105000 1
252047376 6
252000000 59
251942400 120
250880000 38
250822656 23
250047000 39
250000000 1
248935680 39
248832000 174
248062500 4
248005800 27
247726080 19
246960000 65
246903552 22
246037500 2
245862400 4
245760000 27
245046060 3
245000000 2
244944000 312
243855360 108
243045684 2
243000000 31
242020800 9
241920000 248
241864704 11
241116750 6
240844800 22
240100000 3
240045120 62
240000000 9
239148450 2
238878720 40
238239225 1
238140000 131
238085568 7
237081600 109
236250000 3
236196000 45
235929600 10
235200000 54
235146240 135
234365481 1
233377200 26
233280000 187
232339968 4
232243200 193
231525000 22
231472080 39
231211008 1
230496000 17
230400000 68
229635000 32
229582512 1
229376000 12
228614400 280
227598336 8
226894500 6
226800000 155
226748160 35
225886080 1
225792000 135
225042300 28
225000000 5
224788480 3
224042112 12
224000000 25
223948800 161
223256250 4
223205220 4
222953472 8
222356610 1
222264000 141
221276160 12
221184000 89
220500000 17
220449600 154
220200960 4
219520000 26
219469824 35
218791125 2
218700000 44
217818720 14
217728000 449
216760320 62
216090000 13
216040608 9
216000000 69
215129600 3
215040000 60
214990848 11
214375000 1
214326000 116
213373440 77
212625000 9
212576400 17
212336640 11
211680000 215
211631616 29
210739200 41
210039480 18
210000000 10
209952000 206
209018880 144
208372500 14
208324872 7
207446400 47
207360000 198
206671500 16
206438400 51
205800000 17
205752960 122
204800000 10
204205050 2
204120000 227
204073344 4
203297472 3
203212800 280
202538070 3
202500000 14
202309632 4
201684000 6
201600000 148
201553920 72
200704000 24
200037600 137
200000000 1
199148544 14
199065600 128
198450000 52
198404640 50
198180864 3
197568000 116
196830000 31
196689920 1
196608000 12
196000000 14
195955200 357
195084288 13
194481000 29
194400000 134
193616640 9
193536000 284
192937500 2
192893400 52
192675840 7
192080000 6
192036096 24
192000000 32
191362500 6
191318760 2
191102976 5
190591380 2
190512000 375
189665280 61
189078750 1
189035532 3
189000000 58
188956800 90
188743680 1
188160000 102
188116992 30
187535250 4
186701760 42
186624000 303
186004350 5
185794560 79
185220000 66
185177664 26
184396800 22
184320000 88
183750000 2
183708000 177
183500800 4
182891520 187
182250000 10
181515600 9
181440000 404
181398528 9
180633600 110
180075000 3
180033840 58
180000000 22
179200000 39
179159040 83
178605000 82
178564176 8
177811200 208
177187500 1
177147000 16
176947200 53
176400000 122
176359680 160
175616000 28
175032900 19
175000000 1
174960000 174
174254976 4
174182400 410
173643750 1
173604060 12
173408256 8
172872000 43
172800000 157
172186884 1
172032000 60
171500000 7
171460800 246
170698752 28
170100000 106
170061120 28
169869312 2
169414560 5
169344000 365
168781725 3
168750000 1
168591360 10
168070000 5
168031584 14
168000000 48
167961600 222
167403915 1
167215104 22
166698000 118
165957120 34
165888000 247
165375000 3
165337200 91
165150720 20
164640000 54
164602368 46
164025000 23
163840000 11
163364040 4
163296000 533
162570240 133
162067500 6
162030456 9
162000000 61
161347200 11
161280000 251
161243136 13
160744500 44
160563200 10
160030080 115
160000000 6
159432300 2
159252480 33
158826150 1
158760000 258
158723712 35
158054400 113
157529610 4
157500000 3
157464000 124
157286400 6
156800000 41
156764160 232
155584800 72
155520000 326
154893312 4
154828800 184
154350000 21
154314720 117
154140672 2
153664000 15
153600000 52
153090000 140
153055008 2
152409600 472
151875000 4
151732224 15
151263000 5
151200000 223
151165440 87
150590720 1
150528000 105
150062500 1
150028200 75
149361408 13
149299200 255
148837500 16
148803480 21
148635648 11
148176000 233
147622500 3
147517440 12
147456000 57
147027636 2
147000000 31
146966400 364
146800640 3
146313216 43
145860750 5
145800000 108
145212480 12
145152000 646
144670050 11
144506880 46
144060000 17
144027072 37
144000000 67
143360000 33
143327232 14
142884000 292
142248960 157
141750000 33
141717600 56
141557760 10
141178800 2
141120000 232
141087744 68
140492800 19
140026320 39
140000000 6
139968000 340
139345920 200
138915000 33
138883248 15
138297600 74
138240000 241
137812500 1
137781000 63
137682944 1
137625600 49
137200000 19
137168640 259
136687500 2
136136700 6
136080000 447
136048896 17
135531648 2
135475200 326
135056250 1
135025380 20
135000000 16
134873088 5
134456000 3
134400000 122
134369280 145
133953750 8
133358400 225
132765696 9
132710400 142
132300000 82
132269760 119
132120576 3
131712000 78
131274675 3
131250000 3
131220000 103
131072000 4
130691232 9
130636800 634
130056192 39
129654000 58
129600000 218
129077760 9
129024000 272
128625000 2
128595600 170
128450560 2
128024064 41
128000000 24
127575000 32
127545840 17
127401984 6
127060920 5
127008000 524
126443520 63
126023688 6
126000000 92
125971200 222
125829120 1
125440000 59
125411328 72
125023500 28
125000000 2
124467840 63
124416000 446
124002900 17
123863040 72
123480000 112
123451776 48
123018750 1
122931200 10
122880000 45
122523030 1
122500000 3
122472000 479
121927680 271
121522842 4
121500000 38
121010400 14
120960000 515
120932352 33
120558375 1
120422400 91
120050000 3
120022560 117
120000000 24
119574225 1
119439360 111
119070000 148
119042784 21
118540800 259
118125000 4
118098000 68
118013952 2
117964800 44
117600000 94
117573120 320
116688600 41
116640000 371
116169984 7
116121600 469
115762500 11
115736040 44
115605504 6
115248000 47
115200000 154
114817500 31
114791256 1
114688000 38
114354828 2
114307200 597
113906250 1
113799168 39
113400000 233
113374080 60
113246208 1
112896000 340
112521150 18
112500000 1
112394240 4
112021056 23
112000000 34
111974400 374
111602610 3
111476736 39
111132000 200
110638080 52
110592000 210
110250000 27
110224800 246
110100480 17
109760000 30
109734912 94
109350000 45
108909360 18
108864000 864
108380160 147
108045000 14
108020304 16
108000000 95
107564800 6
107520000 173
107495424 33
107163000 117
106686720 219
106288200 13
106168320 48
105884100 2
105840000 395
105815808 50
105369600 87
105019740 11
105000000 8
104976000 318
104857600 1
104509440 384
104186250 11
104162436 2
103723200 93
103680000 444
103335750 6
103262208 1
103219200 186
102900000 26
102876480 220
102760448 1
102400000 29
102102525 1
102060000 305
102036672 12
101606400 630
101269035 1
101250000 7
101154816 9
100842000 9
100800000 270
100776960 188
100352000 50
100018800 172
100000000 5
99574272 26
99532800 332
99225000 50
99202320 62
99090432 13
98784000 235
98415000 36
98344960 8
98304000 45
98018424 4
98000000 18
97977600 746
97542144 84
97240500 28
97200000 230
96808320 14
96768000 661
96468750 2
96446700 54
96337920 23
96040000 16
96018048 49
96000000 64
95681250 1
95659380 3
95551488 33
95295690 2
95256000 560
94832640 153
94517766 3
94500000 61
94478400 154
94371840 10
94119200 1
94080000 202
94058496 99
93350880 66
93312000 646
93002175 2
92897280 220
92610000 79
92588832 40
92198400 47
92160000 214
91875000 1
91854000 227
91750400 15
91445760 413
91125000 9
90757800 17
90720000 742
90699264 18
90354432 2
90316800 279
90037500 1
90016920 55
90000000 37
89915392 1
89600000 64
89579520 182
89302500 38
89282088 4
88905600 381
88573500 12
88510464 13
88473600 142
88200000 133
88179840 314
88080384 1
87808000 50
87516450 10
87500000 2
87480000 277
87127488 8
87091200 893
86821875 1
86802030 7
86704128 39
86436000 64
86400000 304
86051840 4
86016000 161
85750000 4
85730400 406
85349376 71
85050000 131
85030560 41
84934656 9
84707280 6
84672000 694
84295680 31
84035000 2
84015792 31
84000000 91
83980800 451
83886080 2
83607552 73
83349000 113
82978560 86
82944000 512
82687500 3
82668600 93
82575360 50
82320000 89
82301184 108
82012500 7
81920000 13
81682020 10
81648000 925
81285120 375
81033750 2
81015228 12
81000000 76
80673600 18
80640000 510
80621568 36
80372250 14
80281600 36
80015040 232
80000000 5
79716150 5
79626240 136
79413075 1
79380000 340
79361856 42
79027200 240
78750000 16
78732000 167
78675968 1
78643200 17
78400000 61
78382080 522
77792400 104
77760000 535
77446656 7
77414400 518
77175000 24
77157360 145
77070336 7
76832000 19
76800000 90
76545000 101
76527504 7
76204800 855
75937500 1
75866112 38
75631500 11
75600000 321
75582720 148
75264000 242
75014100 65
75000000 3
74680704 33
74649600 606
74418750 3
74401740 26
74317824 42
74088000 296
73811250 4
73758720 22
73728000 168
73500000 31
73483200 549
73400320 3
73156608 126
72930375 2
72900000 115
72606240 21
72576000 1160
72335025 2
72253440 123
72030000 12
72013536 51
72000000 115
71680000 78
71663616 49
71442000 330
71124480 256
70875000 21
70858800 73
70778880 33
70589400 1
70560000 399
70543872 91
70246400 41
70013160 44
70000000 12
69984000 606
69672960 488
69457500 33
69441624 22
69148800 116
69120000 527
68890500 54
68841472 2
68812800 100
68600000 31
68584320 478
68068350 10
68040000 635
68024448 27
67765824 2
67737600 707
67512690 16
67500000 26
67436544 9
67228000 5
67200000 187
67184640 301
66961566 2
66679200 334
66430125 1
66382848 25
66355200 346
66150000 98
66134880 179
66060288 7
65856000 189
65610000 122
65536000 10
65345616 10
65318400 1165
65028096 86
64827000 52
64800000 342
64538880 19
64512000 569
64312500 2
64297800 166
64225280 11
64012032 86
64000000 38
63787500 16
63772920 16
63700992 19
63530460 1
63504000 845
63221760 139
63011844 7
63000000 105
62985600 341
62914560 7
62720000 113
62705664 149
62511750 24
62233920 112
62208000 844
62001450 11
61931520 184
61740000 129
61725888 92
61465600 41
61440000 143
61261515 1
61236000 585
60963840 612
60761421 1
60750000 25
60505200 18
60480000 901
60466176 45
60211200 168
60025000 4
60011280 153
60000000 28
59719680 290
59535000 157
59521392 18
59270400 461
59062500 1
59049000 45
59006976 8
58982400 89
58824500 2
58800000 125
58786560 567
58720256 1
58344300 31
58320000 524
58084992 6
58060800 1013
57881250 2
57868020 44
57802752 22
57624000 43
57600000 274
57408750 12
57344000 60
57177414 1
57153600 819
56953125 1
56899584 87
56700000 266
56687040 101
56623104 5
56471520 5
56448000 663
56260575 5
56250000 2
56197120 13
56010528 39
56000000 35
55987200 723
55801305 2
55738368 115
55566000 220
55319040 77
55296000 470
55125000 25
55112400 266
55050240 30
54880000 62
54867456 181
54675000 35
54454680 18
54432000 1439
54190080 348
54022500 10
54010152 26
54000000 122
53782400 7
53760000 305
53747712 83
53581500 98
53343360 385
53156250 3
53144100 13
53084160 148
52942050 1
52920000 455
52907904 100
52684800 141
52509870 13
52500000 20
52488000 390
52428800 4
52254720 696
52093125 3
52081218 2
51861600 144
51840000 764
51667875 2
51631104 5
51609600 346
51450000 21
51438240 342
51380224 2
51200000 38
51030000 322
51018336 13
50824368 3
50803200 1155
50625000 8
50577408 26
50421000 5
50400000 380
50388480 292
50176000 110
50009400 166
50000000 3
49787136 54
49766400 696
49612500 27
49601160 76
49545216 24
49392000 323
49218750 1
49207500 21
49172480 8
49152000 75
49009212 4
49000000 21
48988800 1152
48771072 147
48620250 8
48600000 274
48404160 27
48384000 1218
48223350 37
48168960 53
48020000 13
48009024 97
48000000 70
47829690 2
47775744 49
47647845 1
47628000 692
47416320 293
47258883 2
47250000 55
47239200 185
47185920 20
47059600 1
47040000 314
47029248 194
46675440 95
46656000 998
46448640 521
46305000 66
46294416 44
46099200 78
46080000 384
45937500 2
45927000 208
45875200 28
45722880 724
45562500 9
45378900 13
45360000 960
45349632 51
45177216 1
45158400 580
45008460 53
45000000 21
44957696 5
44800000 97
44789760 431
44651250 14
44641044 7
44452800 469
44286750 2
44255232 18
44236800 311
44100000 155
44089920 423
44040192 5
43904000 96
43750000 2
43740000 277
43563744 15
43545600 1633
43401015 1
43352064 73
43218000 69
43200000 406
43025920 3
43008000 331
42875000 4
42865200 441
42674688 118
42525000 102
42515280 37
42467328 28
42353640 3
42336000 1057
42147840 79
42017500 3
42007896 16
42000000 95
41990400 657
41943040 4
41803776 203
41674500 65
41489280 129
41472000 932
41343750 2
41334300 75
41287680 158
41160000 113
41150592 149
41006250 3
40960000 52
40841010 7
40824000 1129
40642560 714
40516875 2
40507614 4
40500000 66
40336800 14
40320000 830
40310784 108
40186125 3
40140800 65
40007520 313
40000000 16
39813120 271
39690000 308
39680928 65
39513600 440
39375000 7
39366000 150
39337984 1
39321600 51
39200000 64
39191040 928
38896200 98
38880000 823
38723328 12
38707200 1063
38587500 17
38578680 128
38535168 11
38416000 38
38400000 183
38272500 74
38263752 2
38102400 1258
37933056 102
37815750 3
37800000 394
37791360 220
37748736 2
37647680 4
37632000 435
37507050 32
37500000 4
37340352 44
37324800 1106
37209375 1
37200870 9
37158912 103
37044000 358
36879360 54
36864000 364
36756909 1
36750000 22
36741600 636
36700160 13
36578304 271
36450000 115
36303120 32
36288000 1866
36126720 267
36015000 12
36006768 58
36000000 153
35840000 142
35831808 111
35721000 291
35562240 497
35437500 11
35429400 68
35389440 98
35294700 4
35280000 561
35271936 202
35123200 63
35006580 26
35000000 11
34992000 825
34836480 891
34728750 14
34720812 9
34574400 146
34560000 778
34445250 21
34406400 202
34300000 26
34292160 619
34034175 1
34020000 622
34012224 25
33882912 2
33868800 1213
33756345 1
33750000 14
33718272 15
33614000 3
33600000 284
33592320 538
33480783 1
33339600 371
33191424 48
33177600 671
33075000 70
33067440 177
33030144 25
32941720 1
32928000 224
32805000 78
32768000 23
32672808 5
32659200 1874
32514048 184
32413500 35
32400000 417
32269440 24
32256000 961
32156250 1
32148900 131
32112640 34
32006016 147
32000000 46
31893750 6
31886460 10
31850496 52
31765230 3
31752000 1076
31610880 250
31505922 5
31500000 104
31492800 451
31457280 11
31360000 164
31352832 264
31255875 3
31116960 153
31104000 1371
31000725 6
30965760 417
30870000 142
30862944 117
30732800 38
30720000 201
30625000 6
30618000 571
30481920 1029
30375000 27
30252600 23
30240000 1177
30233088 87
30118144 1
30105600 322
30012500 3
30005640 139
30000000 25
29859840 575
29767500 90
29760696 15
29635200 625
29524500 39
29503488 11
29491200 194
29412250 1
29400000 173
29393280 815
29360128 2
29172150 18
29160000 571
29042496 14
29030400 1831
28934010 32
28901376 46
28812000 67
28800000 401
28704375 2
28697814 1
28672000 128
28588707 1
28576800 914
28449792 146
28350000 236
28343520 117
28311552 20
28235760 5
28224000 992
28125000 1
28098560 29
28005264 43
28000000 55
27993600 1126
27869184 208
27783000 182
27659520 112
27648000 893
27562500 8
27556200 202
27525120 73
27440000 79
27433728 287
27337500 21
27227340 16
27216000 1863
27095040 657
27011250 9
27005076 25
27000000 147
26891200 12
26880000 453
26873856 120
26790750 47
26671680 506
26578125 1
26572050 7
26542080 277
26460000 524
26453952 137
26342400 238
26254935 5
26250000 7
26244000 401
26214400 10
26127360 1349
25930800 116
25920000 1148
25815552 7
25804800 694
25725000 27
25719120 365
25690112 3
25600000 64
25515000 239
25509168 16
25412184 2
25401600 1600
25312500 2
25288704 53
25210500 4
25200000 453
25194240 446
25165824 3
25088000 183
25004700 122
25000000 4
24893568 79
24883200 1212
24806250 15
24800580 56
24772608 72
24696000 429
24603750 4
24586240 21
24576000 169
24504606 1
24500000 17
24494400 1344
24385536 305
24310125 2
24300000 227
24202080 30
24192000 1880
24111675 9
24084480 130
24010000 17
24004512 138
24000000 110
23914845 1
23887872 119
23814000 645
23708160 521
23625000 30
23619600 159
23592960 63
23520000 377
23514624 323
23337720 96
23328000 1303
23224320 966
23152500 55
23147208 51
23049600 103
23040000 590
22963500 130
22937600 61
22861440 1032
22781250 2
22689450 4
22680000 1044
22674816 81
22579200 980
22504230 27
22500000 26
22478848 10
22400000 123
22394880 757
22325625 1
22320522 3
22226400 577
22143375 1
22127616 38
22118400 587
22050000 136
22044960 431
22020096 10
21952000 144
21875000 1
21870000 237
21781872 13
21772800 2402
21676032 125
21609000 58
21600000 512
21512960 11
21504000 536
21437500 4
21432600 345
21337344 208
21262500 34
21257640 25
21233664 49
21176820 6
21168000 1282
21073920 148
21003948 17
21000000 104
20995200 829
20971520 2
20901888 365
20837250 40
20744640 177
20736000 1537
20667150 32
20643840 293
20580000 146
20575296 223
20480000 75
20420505 3
20412000 1183
20321280 1115
20253807 2
20250000 62
20168400 27
20160000 1085
20155392 169
20070400 121
20003760 311
20000000 18
19906560 592
19845000 246
19840464 66
19756800 586
19687500 5
19683000 132
19668992 2
19660800 101
19600000 97
19595520 1329
19448100 65
19440000 978
19361664 14
19353600 1680
19293750 5
19289340 99
19267584 24
19208000 37
19200000 230
19136250 19
19131876 4
19059138 1
19051200 1558
18966528 142
18907875 2
18900000 403
18895680 266
18874368 12
18823840 1
18816000 571
18753525 7
18750000 3
18670176 66
18662400 1607
18600435 8
18579456 197
18522000 332
18439680 76
18432000 638
18375000 15
18370800 619
18350080 18
18289152 368
18225000 69
18151560 22
18144000 2432
18063360 459
18007500 9
18003384 54
18000000 157
17920000 212
17915904 181
17860500 213
17781120 616
17718750 6
17714700 45
17694720 214
17640000 550
17635968 249
17561600 77
17503290 29
17500000 15
17496000 881
17418240 1511
17364375 3
17360406 8
17287200 152
17280000 1096
17222625 2
17210368 2
17203200 390
17150000 15
17146080 729
17010000 540
17006112 34
16941456 4
16934400 1699
16875000 4
16859136 39
16807000 4
16800000 347
16796160 760
16669800 284
16595712 71
16588800 1237
16537500 31
16533720 170
16515072 55
16464000 315
16402500 38
16384000 64
16336404 8
16329600 2191
16257024 324
16206750 11
16200000 445
16134720 21
16128000 1408
16074450 76
16056320 51
16003008 206
16000000 46
15946875 1
15943230 2
15925248 107
15876000 1111
15805440 377
15752961 2
15750000 79
15746400 460
15728640 19
15680000 211
15676416 458
15558480 150
15552000 1811
15482880 761
15435000 86
15431472 113
15366400 51
15360000 348
15309000 402
15240960 1426
15187500 5
15126300 22
15120000 1369
15116544 140
15052800 483
15006250 1
15002820 96
15000000 29
14929920 927
14883750 40
14880348 14
14817600 713
14762250 10
14751744 17
14745600 373
14700000 150
14696640 932
14680064 4
14586075 7
14580000 547
14521248 18
14515200 2663
14467005 5
14450688 94
14406000 54
14400000 485
14336000 206
14288400 836
14224896 227
14175000 155
14171760 102
14155776 36
14117880 4
14112000 1254
14049280 47
14002632 38
14000000 51
13996800 1460
13934592 407
13891500 117
13829760 181
13824000 1290
13781250 2
13778100 134
13762560 121
13720000 68
13716864 373
13668750 6
13613670 12
13608000 1977
13547520 1008
13505625 2
13502538 11
13500000 111
13445600 7
13440000 689
13436928 271
13395375 10
13335840 546
13286025 5
13271040 528
13230000 388
13226976 140
13171200 361
13125000 11
13122000 379
13107200 38
13063680 1840
12965400 117
12960000 1224
12907776 10
12902400 1121
12862500 4
12859560 280
12845056 3
12800000 99
12757500 118
12754584 12
12706092 4
12700800 1980
12644352 90
12605250 1
12600000 441
12597120 549
12582912 7
12544000 263
12502350 63
12500000 3
12446784 98
12441600 1872
12400290 25
12386304 142
12348000 393
12301875 1
12293120 30
12288000 306
12252303 1
12250000 17
12247200 1345
12192768 486
12150000 179
12101040 34
12096000 2504
12042240 214
12005000 9
12002256 125
12000000 107
11943936 214
11907000 455
11854080 625
11812500 19
11809800 132
11796480 123
11764900 1
11760000 492
11757312 398
11668860 61
11664000 1527
11612160 1551
11576250 23
11573604 35
11524800 102
11520000 903
11481750 46
11468800 102
11430720 1202
11344725 3
11340000 960
11337408 82
11289600 1232
11252115 7
11250000 19
11239424 8
11200000 159
11197440 1090
11113200 526
11063808 50
11059200 950
11025000 85
11022480 434
11010048 17
10976000 137
10937500 1
10935000 162
10890936 13
10886400 3079
10838016 221
10804500 31
10800000 545
10756480 17
10752000 802
10716300 230
10668672 274
10631250 15
10628820 17
10616832 100
10584000 1299
10536960 186
10501974 11
10500000 77
10497600 926
10485760 9
10450944 558
10418625 8
10372320 179
10368000 2001
10333575 6
10321920 469
10290000 105
10287648 240
10240000 113
10206000 916
10160640 1574
10125000 28
10084200 18
10080000 1234
10077696 246
10035200 153
10001880 288
10000000 12
9953280 1000
9922500 148
9920232 53
9878400 673
9841500 55
9834496 10
9830400 176
9800000 91
9797760 1573
9724050 21
9720000 975
9680832 15
9676800 2419
9644670 44
9633792 33
9604000 29
9600000 295
9568125 3
9529569 1
9525600 1427
9483264 196
9450000 261
9447840 252
9437184 21
9411920 3
9408000 791
9335088 48
9331200 2051
9289728 341
9261000 232
9219840 104
9216000 988
9187500 5
9185400 457
9175040 48
9144576 513
9112500 24
9075780 19
9072000 2583
9031680 685
9003750 9
9001692 37
9000000 123
8960000 267
8957952 309
8930250 66
8890560 718
8857350 18
8847360 381
8820000 528
8817984 305
8780800 138
8751645 6
8750000 4
8748000 776
8709120 2245
8680203 2
8643600 146
8640000 1312
8605184 3
8601600 573
8575000 9
8573040 617
8505000 365
8503056 26
8470728 1
8467200 1939
8437500 3
8429568 53
8403500 1
8400000 344
8398080 926
8334900 160
8297856 90
8294400 1835
8268750 14
8266860 102
8257536 84
8232000 292
8201250 15
8192000 85
8168202 4
8164800 2374
8128512 449
8103375 1
8100000 336
8067360 28
8064000 1808
8037225 7
8028160 70
8001504 207
8000000 45
7971615 2
7962624 204
7938000 884
7902720 490
7875000 51
7873200 351
7864320 59
7840000 196
7838208 646
7779240 106
7776000 2130
7741440 1287
7717500 48
7715736 96
7683200 56
7680000 457
7656250 1
7654500 212
7620480 1583
7593750 1
7563150 5
7560000 1289
7558272 167
7526400 682
7501410 35
7500000 11
7464960 1404
7441875 4
7440174 4
7408800 697
7381125 2
7375872 32
7372800 659
7350000 86
7348320 890
7340032 2
7290000 400
7260624 20
7257600 3541
7225344 155
7203000 47
7200000 543
7168000 252
7144200 596
7112448 287
7087500 57
7085880 69
7077888 74
7058940 2
7056000 1274
7024640 60
7001316 26
7000000 55
6998400 1562
6967296 575
6945750 56
6914880 154
6912000 1780
6889050 54
6881280 205
6860000 42
6858432 387
6806835 3
6804000 1725
6773760 1428
6751269 6
6750000 55
6722800 13
6720000 779
6718464 333
6667920 439
6635520 846
6615000 280
6613488 142
6585600 402
6562500 3
6561000 235
6553600 54
6531840 2250
6482700 62
6480000 1298
6453888 7
6451200 1634
6431250 2
6429780 163
6422528 13
6400000 128
6378750 32
6377292 11
6353046 1
6350400 2027
6322176 135
6302625 1
6300000 371
6298560 558
6291456 11
6272000 288
6251175 12
6250000 1
6223392 96
6220800 2474
6200145 4
6193152 272
6174000 309
6146560 30
6144000 455
6125000 9
6123600 1096
6096384 633
6075000 98
6050520 23
6048000 2791
6021120 310
6002500 8
6001128 97
6000000 92
5971968 351
5953500 256
5927040 691
5906250 2
5904900 69
5898240 217
5880000 411
5878656 464
5834430 36
5832000 1414
5806080 2052
5788125 3
5786802 19
5762400 95
5760000 1048
5740875 8
5734400 158
5715360 1168
5670000 682
5668704 68
5647152 3
5644800 1622
5625000 9
5619712 11
5600000 163
5598720 1393
5556600 326
5531904 59
5529600 1452
5512500 34
5511240 300
5505024 32
5488000 138
5467500 72
5445468 9
5443200 3270
5419008 356
5402250 16
5400000 431
5378240 8
5376000 1047
5358150 93
5334336 305
5315625 2
5314410 7
5308416 172
5294205 3
5292000 1186
5268480 295
5250987 3
5250000 45
5248800 808
5242880 9
5225472 790
5186160 136
5184000 2404
5160960 757
5145000 60
5143824 225
5120000 147
5103000 560
5080320 1852
5062500 11
5042100 14
5040000 1238
5038848 256
5017600 228
5000940 166
5000000 17
4976640 1410
4961250 51
4960116 35
4939200 658
4921875 1
4920750 21
4917248 14
4915200 268
4900000 63
4898880 1636
4862025 7
4860000 711
4840416 20
4838400 3062
4822335 11
4816896 60
4802000 30
4800000 310
4762800 1164
4741632 249
4725000 168
4723920 223
4718592 37
4705960 2
4704000 785
4667544 43
4665600 2317
4644864 516
4630500 137
4609920 92
4608000 1198
4593750 2
4592700 222
4587520 62
4572288 577
4556250 10
4537890 9
4536000 2484
4515840 949
4500846 19
4500000 106
4480000 289
4478976 460
4465125 9
4445280 639
4428675 3
4423680 670
4410000 356
4408992 283
4390400 146
4375000 8
4374000 571
4354560 2762
4321800 85
4320000 1263
4302592 4
4300800 795
4287500 6
4286520 444
4252500 169
4251528 20
4235364 1
4233600 2022
4218750 1
4214784 70
4200000 270
4199040 932
4167450 58
4148928 94
4147200 2460
4134375 1
4133430 29
4128768 140
4116000 249
4100625 1
4096000 115
4084101 2
4082400 2049
4064256 618
4050000 216
4033680 19
4032000 2284
4014080 101
4000752 215
4000000 42
3981312 342
3969000 522
3951360 588
3937500 14
3936600 242
3932160 87
3920000 176
3919104 754
3889620 70
3888000 2030
3870720 1611
3858750 15
3857868 68
3841600 55
3840000 555
3827250 55
3810240 1586
3796875 1
3781575 2
3780000 1027
3779136 148
3763200 878
3750705 12
3750000 12
3732480 1687
3704400 532
3687936 34
3686400 946
3675000 61
3674160 715
3670016 6
3645000 208
3630312 13
3628800 3764
3612672 236
3601500 21
3600000 457
3584000 320
3572100 304
3556224 307
3543750 17
3542940 33
3538944 123
3529470 1
3528000 1206
3512320 96
3500658 16
3500000 36
3499200 1503
3483648 813
3472875 5
3457440 157
3456000 2166
3444525 12
3440640 335
3430000 38
3429216 364
3402000 1219
3386880 1671
3375000 36
3361400 11
3360000 740
3359232 361
3333960 307
3317760 1257
3307500 108
3306744 91
3292800 425
3281250 1
3280500 112
3276800 76
3265920 2311
3241350 21
3240000 1091
3226944 9
3225600 2113
3215625 1
3214890 62
3211264 15
3200000 122
3189375 7
3188646 3
3175200 1613
3161088 185
3150000 223
3149280 470
3145728 11
3136000 322
3125000 1
3111696 77
3110400 2752
3096576 356
3087000 188
3073280 40
3072000 645
3062500 1
3061800 623
3048192 773
3037500 42
3025260 12
3024000 2651
3010560 394
3000564 60
3000000 71
2985984 461
2976750 82
2963520 734
2952450 20
2949120 367
2940000 292
2939328 515
2917215 5
2916000 1139
2903040 2740
2893401 2
2881200 74
2880000 1047
2867200 196
2857680 822
2835000 391
2834352 52
2822400 1707
2812500 1
2809856 18
2800000 154
2799360 1507
2778300 181
2765952 77
2764800 1906
2756250 7
2755620 151
2752512 56
2744000 112
2733750 14
2722734 3
2721600 2938
2709504 472
2701125 3
2700000 300
2689120 8
2688000 1197
2679075 11
2667168 264
2654208 277
2646000 863
2634240 274
2625000 26
2624400 506
2621440 24
2612736 916
2593080 102
2592000 2378
2580480 1061
2572500 28
2571912 150
2560000 185
2551500 281
2540160 1915
2531250 2
2521050 5
2520000 1007
2519424 271
2508800 288
2500470 53
2500000 7
2488320 1804
2480625 7
2480058 9
2469600 509
2460375 1
2458624 15
2457600 396
2450000 34
2449440 1249
2430000 460
2420208 22
2419200 3459
2408448 76
2401000 11
2400000 322
2381400 698
2370816 306
2362500 63
2361960 108
2359296 57
2352980 2
2352000 738
2343750 1
2333772 32
2332800 2242
2322432 731
2315250 33
2304960 104
2304000 1502
2296875 1
2296350 75
2293760 78
2286144 582
2278125 3
2268945 1
2268000 1838
2257920 1137
2250423 2
2250000 48
2240000 307
2239488 562
2222640 463
2211840 934
2205000 206
2204496 202
2195200 164
2187500 2
2187000 290
2177280 2848
2160900 44
2160000 1188
2151296 3
2150400 967
2143260 237
2126250 63
2125764 11
2117682 2
2116800 1785
2107392 91
2100875 1
2100000 200
2099520 910
2097152 3
2083725 17
2074464 91
2073600 2773
2066715 3
2064384 214
2058000 176
2048000 184
2041200 1381
2032128 729
2025000 118
2016840 9
2016000 2101
2007040 131
2000376 103
2000000 50
1990656 451
1984500 243
1975680 540
1968750 2
1968300 103
1966080 155
1960000 166
1959552 745
1944810 27
1944000 1746
1935360 2096
1929375 3
1928934 20
1920800 44
1920000 577
1913625 9
1905120 1297
1890000 636
1889568 118
1881600 898
1875000 5
1866240 1890
1852200 342
1843968 48
1843200 1154
1837500 17
1837080 459
1835008 11
1822500 92
1815156 12
1814400 3537
1806336 275
1800750 8
1800000 344
1792000 381
1786050 105
1778112 289
1771875 4
1771470 21
1769472 183
1764735 1
1764000 867
1756160 116
1750329 1
1750000 28
1749600 1063
1741824 998
1728720 106
1728000 2251
1720320 444
1715000 25
1714608 249
1701000 672
1693440 1711
1687500 13
1680000 634
1679616 417
1666980 157
1658880 1606
1653750 39
1653372 48
1646400 349
1640250 29
1638400 95
1632960 2120
1620675 5
1620000 804
1613472 9
1612800 2355
1607445 11
1605632 22
1600000 106
1587600 1206
1580544 175
1575000 108
1574640 297
1572864 26
1568000 288
1555848 42
1555200 2824
1548288 500
1543500 104
1536640 29
1536000 688
1530900 247
1524096 744
1518750 18
1512630 6
1512000 2064
1505280 534
1500282 17
1500000 64
1492992 586
1488375 9
1481760 558
1476225 3
1474560 500
1470000 201
1469664 393
1458000 689
1451520 2844
1440600 46
1440000 1015
1433600 266
1428840 518
1417500 183
1417176 39
1411788 1
1411200 1589
1404928 27
1400000 102
1399680 1395
1389150 70
1382976 70
1382400 2255
1378125 1
1377810 60
1376256 73
1372000 80
1366875 1
1361367 1
1360800 2214
1354752 552
1350000 204
1344560 3
1344000 1126
1333584 209
1327104 362
1323000 465
1317120 302
1312500 8
1312200 319
1310720 39
1306368 924
1296540 53
1296000 2157
1290240 1313
1286250 8
1285956 87
1280000 185
1275750 82
1270080 1677
1260000 704
1259712 243
1254400 297
1250235 16
1250000 5
1244160 1975
1240029 4
1234800 348
1229312 9
1228800 490
1225000 10
1224720 877
1215000 242
1210104 15
1209600 3310
1204224 133
1200500 11
1200000 264
1190700 327
1185408 288
1181250 21
1180980 58
1179648 78
1176490 1
1176000 603
1166886 4
1166400 1809
1161216 836
1157625 4
1152480 75
1152000 1566
1148175 3
1146880 98
1143072 450
1134000 1153
1128960 1202
1125000 19
1120000 244
1119744 567
1111320 285
1105920 1098
1102500 84
1102248 122
1097600 128
1093750 2
1093500 129
1088640 2620
1080450 19
1080000 894
1075648 4
1075200 1056
1071630 90
1063125 8
1062882 5
1058400 1389
1053696 82
1050000 123
1049760 649
1048576 7
1037232 65
1036800 2860
1032192 293
1029000 101
1024000 185
1020600 768
1016064 699
1012500 34
1008420 5
1008000 1821
1003520 145
1000188 59
1000000 27
995328 606
992250 68
987840 473
984375 1
984150 28
983040 209
980000 100
979776 689
972405 5
972000 1229
967680 2410
964467 3
960400 30
960000 542
952560 906
945000 325
944784 94
940800 823
937500 3
933120 1822
926100 168
921984 48
921600 1322
918750 4
918540 195
917504 20
911250 28
907200 2924
903168 360
900375 1
900000 214
896000 387
893025 13
889056 253
884736 219
882000 591
878080 85
875000 9
874800 679
870912 1041
864360 78
864000 2023
860160 519
857500 4
857304 170
850500 271
846720 1522
843750 5
840350 2
840000 523
839808 393
833490 61
829440 1821
826875 4
826686 19
823200 243
820125 2
819200 122
816480 1585
810000 430
806736 10
806400 2272
802816 46
800000 97
793800 656
790272 204
787500 48
787320 188
786432 33
784000 231
777924 32
777600 2344
774144 632
771750 32
768320 25
768000 746
765450 95
762048 593
756315 1
756000 1505
752640 581
750141 6
750000 29
746496 647
740880 327
737280 618
735000 90
734832 258
729000 378
725760 2789
720300 26
720000 857
716800 279
714420 252
708750 41
708588 13
705600 1165
702464 17
700000 54
699840 1106
694575 20
691488 52
691200 2286
688905 5
688128 109
686000 55
680400 1431
677376 531
675000 100
672280 4
672000 1063
666792 105
663552 447
661500 207
658560 254
656250 1
656100 158
655360 49
653184 911
648270 24
648000 1595
645120 1436
643125 2
642978 24
640000 162
637875 14
635040 1185
630000 418
629856 187
627200 280
625000 2
622080 1938
617400 172
614656 17
614400 571
612500 10
612360 517
607500 109
605052 6
604800 2806
602112 153
600250 2
600000 169
595350 82
592704 221
590625 1
590490 16
589824 105
588000 418
583200 1271
580608 959
576240 56
576000 1418
573440 144
571536 313
567000 627
564480 1133
562500 5
560000 229
559872 521
555660 153
552960 1361
551250 31
551124 51
548800 100
546750 33
544320 2173
540225 1
540000 619
537824 4
537600 1117
535815 15
529200 878
526848 78
525000 45
524880 423
524288 5
518616 34
518400 2570
516096 336
514500 33
512000 206
510300 332
508032 623
506250 7
504210 3
504000 1284
501760 156
500094 20
500000 21
497664 683
496125 10
493920 356
492075 3
491520 228
490000 56
489888 465
486000 724
483840 2245
480200 10
480000 508
476280 468
472500 109
472392 53
470596 1
470400 726
466560 1512
463050 44
460992 33
460800 1406
459375 1
459270 58
458752 27
453789 2
453600 2029
451584 349
450000 132
448000 343
444528 153
442368 271
441000 272
439040 74
437500 3
437400 374
435456 993
432180 41
432000 1619
430080 629
428750 3
428652 86
425250 69
423360 1153
420175 2
420000 338
419904 325
416745 10
414720 1827
413343 2
411600 143
409600 134
408240 963
405000 236
403368 4
403200 1966
401408 30
400000 73
396900 275
395136 184
393750 13
393660 99
393216 36
392000 183
388962 9
388800 1777
387072 668
385875 10
384160 14
384000 691
382725 15
381024 429
378000 915
376320 546
375000 9
373248 654
370440 222
368640 740
367500 38
367416 159
364500 145
362880 2270
360150 6
360000 562
358400 296
357210 86
354375 5
354294 5
352800 860
351232 25
350000 46
349920 768
345744 45
345600 2142
344064 124
343000 30
340200 754
338688 521
337500 32
336140 4
336000 797
333396 53
331776 496
330750 79
329280 207
328050 34
327680 43
326592 650
324135 4
324000 994
322560 1460
321489 5
320000 148
317520 754
315000 185
314928 114
313600 205
312500 1
311040 1806
308700 79
307328 8
307200 598
306250 2
306180 209
303750 34
302526 1
302400 2056
301056 151
300125 2
300000 76
297675 19
296352 201
295245 3
294912 170
294000 240
291600 712
290304 883
288120 22
288000 1142
286720 128
285768 173
283500 216
282240 868
281250 3
280000 157
279936 442
277830 48
276480 1359
275625 1
275562 23
274400 84
273375 7
272160 1432
270000 271
268912 1
268800 950
264600 500
263424 82
262500 15
262440 209
262144 14
259308 19
259200 1952
258048 388
257250 9
256000 204
255150 103
254016 477
252105 1
252000 865
250880 142
250047 8
250000 6
248832 615
246960 207
245760 294
245000 26
244944 285
243000 331
241920 1947
240100 3
240000 329
238140 212
236250 26
236196 25
235200 491
233280 1175
231525 3
230496 16
230400 1293
229635 11
229376 26
226800 1087
225792 343
225000 49
224000 272
222264 90
221184 349
220500 121
219520 81
218750 1
218700 134
217728 766
216090 8
216000 1088
215040 649
214326 29
212625 9
211680 770
210000 151
209952 220
207360 1736
205800 77
204800 151
204120 475
202500 82
201684 2
201600 1575
200704 36
200000 36
198450 91
197568 134
196875 2
196830 14
196608 43
196000 98
194481 2
194400 1129
193536 631
192080 14
192000 606
190512 291
189000 410
188160 500
187500 5
186624 554
185220 77
184320 692
183750 11
183708 57
182250 30
181440 1634
180075 1
180000 360
179200 269
178605 17
177147 1
176400 499
175616 19
175000 12
174960 452
172872 32
172800 1758
172032 131
171500 14
170100 269
169344 416
168750 6
168070 1
168000 565
166698 22
165888 494
165375 11
164640 147
164025 3
163840 50
163296 504
162000 521
161280 1268
160000 119
158760 374
157500 65
157464 56
156800 191
156250 1
155520 1357
154350 21
153664 8
153600 556
153090 58
151875 4
151200 1237
150528 150
150000 49
148176 98
147456 145
147000 128
145800 392
145152 820
144060 4
144000 889
143360 151
142884 77
141750 63
141120 662
140000 91
139968 328
138915 4
138240 1223
137781 2
137200 36
136080 823
135000 151
134400 782
132300 182
131712 74
131250 1
131220 88
131072 7
129654 5
129600 1294
129024 376
128625 3
128000 151
127575 13
127008 335
126000 444
125440 128
125000 4
124416 578
123480 129
122880 290
122500 14
122472 175
121500 132
120960 1504
120050 2
120000 207
119070 63
118125 6
118098 7
117600 321
116640 709
115248 17
115200 1131
114688 45
113400 530
112896 266
112500 23
112000 180
111132 45
110592 346
110250 37
109760 49
109350 25
108864 577
108000 654
107520 545
107163 2
105840 446
105000 82
104976 124
103680 1356
102900 35
102400 141
102060 181
101250 23
100800 1085
100352 39
100000 28
99225 14
98784 81
98415 3
98304 66
98000 61
97200 595
96768 563
96040 12
96000 450
95256 146
94500 135
94080 348
93312 419
92610 23
92160 702
91854 22
91125 2
90720 1014
90000 157
89600 220
88200 226
87808 24
87500 4
87480 191
86436 11
86400 1214
86016 164
85750 5
85050 65
84672 289
84000 287
83349 2
82944 477
82320 75
81920 65
81648 254
81000 265
80640 1006
80000 78
79380 153
78750 17
78732 22
78400 115
77760 939
77175 4
76832 5
76800 502
76545 8
75600 670
75264 113
75000 17
74088 43
73728 159
73500 44
72900 157
72576 556
72030 1
72000 555
71680 117
71442 27
70875 11
70560 403
70000 51
69984 216
69120 1061
68600 16
68040 356
67500 52
67200 567
66150 43
65856 44
65625 1
65610 24
65536 12
64800 798
64512 313
64000 128
63504 166
63000 192
62720 100
62500 2
62208 451
61740 35
61440 269
61250 3
61236 58
60750 28
60480 1065
60025 1
60000 137
59535 10
59049 2
58800 160
58320 416
57624 10
57600 844
57344 23
56700 214
56448 213
56250 2
56000 134
55566 14
55296 289
55125 4
54880 26
54675 4
54432 393
54000 306
53760 407
52920 223
52500 22
52488 55
51840 945
51450 9
51200 131
51030 46
50625 3
50400 617
50176 24
50000 9
49392 37
49152 55
49000 27
48600 223
48384 450
48020 2
48000 310
47628 44
47250 39
47040 222
46656 283
46305 3
46080 579
45927 3
45360 526
45000 61
44800 176
44100 79
43904 17
43740 83
43218 4
43200 815
43008 127
42525 9
42336 199
42000 178
41472 339
41160 28
40960 63
40824 121
40500 73
40320 667
40000 59
39690 53
39375 3
39366 6
39200 77
38880 540
38416 4
38400 376
37800 294
37632 95
37500 8
37044 18
36864 152
36750 7
36450 26
36288 378
36015 1
36000 315
35840 105
35721 1
35280 232
35000 16
34992 114
34560 804
34300 9
34020 148
33750 8
33614 1
33600 386
33075 5
32928 20
32805 6
32768 12
32400 379
32256 259
32000 94
31752 81
31500 53
31360 77
31250 2
31104 318
30870 11
30720 215
30625 1
30618 13
30375 5
30240 551
30000 55
29400 81
29160 145
28812 1
28800 607
28672 21
28350 34
28224 156
28000 51
27783 3
27648 272
27440 15
27216 197
27000 133
26880 327
26460 79
26250 4
26244 21
25920 638
25725 1
25600 107
25515 2
25200 338
25088 24
25000 3
24696 27
24576 53
24500 9
24300 87
24192 313
24000 203
23814 23
23625 7
23520 110
23328 149
23040 441
22680 234
22500 22
22400 105
22050 21
21952 6
21870 15
21609 1
21600 410
21504 89
21168 86
21000 56
20736 258
20580 21
20480 66
20412 40
20250 16
20160 449
20000 28
19845 3
19683 1
19600 23
19440 264
19200 285
18900 111
18816 63
18750 3
18522 8
18432 136
18375 1
18225 2
18144 216
18000 138
17920 65
17640 87
17500 7
17496 60
17280 557
17150 3
17010 28
16800 208
16464 17
16384 11
16200 150
16128 213
16000 60
15876 33
15750 13
15680 40
15552 197
15435 1
15360 214
15120 316
15000 23
14700 32
14580 50
14400 330
14336 35
14175 5
14112 81
14000 31
13824 186
13720 7
13608 85
13500 36
13440 216
13230 18
13122 9
12960 344
12800 66
12600 124
12544 12
12500 4
12348 7
12288 53
12250 2
12150 26
12096 222
12000 93
11760 53
11664 83
11520 332
11340 82
11250 6
11200 62
11025 3
10976 9
10935 1
10800 186
10752 95
10584 44
10500 16
10368 194
10290 2
10240 40
10206 10
10125 2
10080 241
10000 6
9800 18
9720 114
9604 1
9600 153
9450 28
9408 42
9261 2
9216 118
9072 111
9000 53
8960 70
8820 33
8750 1
8748 18
8640 308
8505 5
8400 93
8232 3
8192 6
8100 56
8064 127
8000 24
7938 8
7875 3
7840 25
7776 108
7680 151
7560 117
7500 12
7350 5
7290 10
7200 172
7168 15
7056 30
7000 8
6912 170
6860 2
6804 33
6750 13
6720 120
6615 3
6480 141
6400 55
6300 38
6272 7
6174 3
6144 36
6075 5
6048 99
6000 30
5880 21
5832 32
5760 175
5670 18
5625 1
5600 36
5488 2
5400 93
5376 63
5292 14
5250 4
5184 112
5145 2
5120 27
5040 112
5000 2
4900 7
4860 32
4800 91
4725 3
4704 18
4608 85
4536 40
4500 9
4480 45
4410 4
4374 5
4320 186
4200 37
4116 3
4096 11
4050 16
4032 73
4000 18
3920 7
3888 49
3840 87
3780 41
3750 1
3675 1
3645 3
3600 68
3584 14
3528 18
3500 3
3456 109
3430 1
3402 7
3360 59
3240 64
3200 36
3150 10
3136 6
3072 27
3024 46
3000 19
2940 5
2916 10
2880 104
2835 2
2800 17
2700 24
2688 44
2646 4
2625 2
2592 64
2560 27
2520 52
2500 2
2430 6
2400 51
2352 5
2304 44
2268 14
2250 1
2240 23
2205 1
2160 70
2100 14
2048 9
2025 4
2016 32
2000 1
1960 4
1944 22
1920 64
1890 7
1800 29
1792 11
1764 5
1728 57
1680 32
1620 28
1600 10
1575 2
1568 3
1536 15
1512 19
1500 4
1470 1
1458 2
1440 58
1400 6
1350 4
1344 15
1296 28
1280 12
1260 14
1215 2
1200 14
1176 3
1152 34
1134 5
1120 7
1080 21
1050 2
1024 4
1008 14
972 4
960 26
945 2
900 3
896 3
882 1
864 31
840 7
810 5
800 5
768 15
756 7
750 1
720 17
700 1
675 1
672 14
648 17
640 5
630 4
600 7
576 17
560 5
540 5
512 1
504 2
500 2
486 2
480 15
450 4
448 3
432 10
420 2
405 1
400 3
392 1
384 6
378 1
360 3
336 5
324 4
320 6
294 1
288 6
280 3
270 1
256 4
252 1
243 1
240 4
224 2
210 1
200 3
192 7
180 2
144 3
140 1
120 2
105 1
96 2
90 3
81 1
72 2
64 1
60 3
36 1
