5400000000 1
4665600000 1
4032000000 1
3732480000 1
3686400000 2
3628800000 1
3528000000 1
3456000000 1
3402000000 1
3265920000 2
3214890000 1
3175200000 1
2985984000 1
2939328000 2
2903040000 1
2857680000 3
2822400000 1
2778300000 2
2764800000 4
2755620000 2
2721600000 1
2700000000 1
2654208000 1
2646000000 1
2624400000 2
2612736000 4
2592000000 2
2580480000 2
2571912000 8
2540160000 1
2520000000 3
2519424000 1
2500470000 2
2488320000 1
2449440000 2
2430000000 2
2419200000 1
2381400000 1
2361960000 2
2351462400 2
2322432000 2
2296350000 1
2286144000 3
2268000000 2
2257920000 1
2250423000 1
2239488000 1
2222640000 1
2205000000 1
2204496000 3
2177280000 3
2160000000 1
2143260000 2
2099520000 1
2073600000 1
2057529600 4
2041200000 7
2032128000 3
2016000000 3
2015539200 2
1984046400 1
1968300000 1
1966080000 1
1959552000 5
1944000000 4
1935360000 1
1911029760 1
1905120000 3
1890000000 2
1889568000 2
1881600000 1
1881169920 1
1866240000 5
1857945600 1
1852200000 1
1843200000 1
1837080000 8
1828915200 1
1822500000 1
1814400000 7
1813985280 1
1806336000 1
1800338400 1
1792000000 1
1786050000 2
1785641760 1
1764000000 4
1763596800 5
1749600000 1
1741824000 3
1736040600 1
1728720000 2
1728000000 4
1720320000 2
1714608000 4
1701000000 3
1693440000 4
1679616000 4
1658880000 5
1653372000 1
1651507200 1
1646023680 1
1632960000 5
1625702400 1
1620304560 2
1620000000 2
1612800000 6
1607445000 1
1600300800 3
1587600000 5
1587237120 2
1580544000 2
1575296100 2
1574640000 2
1567641600 4
1555848000 2
1555200000 4
1548288000 1
1543500000 1
1543147200 3
1536640000 2
1536000000 1
1530900000 3
1530550080 1
1524096000 9
1512000000 2
1505280000 3
1492992000 4
1481760000 2
1474560000 1
1469664000 16
1463132160 2
1458000000 3
1451520000 11
1446700500 2
1445068800 1
1440270720 3
1428840000 10
1422489600 1
1417176000 3
1411200000 5
1410877440 5
1399680000 10
1389150000 5
1388832480 1
1382976000 2
1382400000 3
1377810000 3
1371686400 10
1360800000 11
1360488960 2
1354752000 3
1344560000 1
1344000000 2
1343692800 4
1333584000 5
1327104000 1
1323000000 2
1322697600 4
1312200000 8
1306368000 25
1296000000 6
1290240000 6
1285956000 10
1284505600 1
1280240640 2
1280000000 1
1275750000 1
1275458400 2
1270080000 23
1260236880 1
1260000000 1
1259712000 10
1254400000 2
1254113280 1
1250235000 2
1244678400 2
1244160000 23
1240029000 1
1238630400 1
1234800000 4
1234517760 2
1229312000 1
1224720000 23
1219276800 7
1209600000 13
1209323520 2
1204224000 1
1200225600 5
1200000000 3
1195742250 1
1194393600 2
1190700000 4
1190427840 2
1185408000 9
1180980000 3
1176000000 4
1175731200 11
1170505728 1
1166400000 11
1161216000 14
1157360400 6
1152216576 1
1152000000 6
1148175000 3
1146880000 1
1143072000 20
1134000000 8
1133740800 5
1128960000 10
1120210560 2
1120000000 1
1119744000 12
1116026100 1
1114767360 2
1111320000 9
1105920000 9
1102500000 2
1102248000 18
1101004800 1
1097600000 2
1097349120 6
1093500000 1
1089093600 2
1088640000 32
1083801600 5
1080203040 5
1080000000 1
1075648000 1
1075200000 8
1074954240 3
1071630000 6
1066867200 10
1062882000 3
1061683200 3
1058400000 18
1058158080 4
1050197400 3
1049760000 10
1045094400 18
1037232000 2
1036800000 11
1032192000 4
1028764800 22
1024192512 1
1024000000 1
1020600000 21
1020366720 1
1016064000 16
1008000000 12
1007769600 10
1003520000 2
1003290624 1
1000188000 9
1000000000 1
995742720 2
995328000 10
992250000 1
992023200 10
987840000 7
987614208 3
984150000 2
980000000 1
979776000 36
975421440 6
972405000 1
972182736 1
972000000 8
968083200 1
967680000 24
967458816 1
964467000 3
960180480 6
956593800 4
955514880 1
952560000 23
948326400 5
945177660 1
945000000 1
944784000 16
940800000 10
940584960 10
933508800 8
933120000 24
928972800 10
926100000 3
925888320 4
921984000 1
921600000 12
918540000 18
914457600 24
911250000 1
907200000 26
906992640 6
903168000 16
900169200 7
900000000 1
896000000 1
895795200 8
893025000 4
892820880 3
889056000 11
885735000 1
884736000 6
882000000 5
881798400 15
878080000 1
877879296 1
875164500 6
874800000 10
871274880 1
870912000 32
868020300 3
867041280 3
864360000 5
864162432 1
864000000 18
860160000 6
859963392 2
857304000 33
853493760 3
850500000 4
850305600 5
846720000 26
846526464 2
842956800 1
840157920 3
840000000 3
839808000 29
836075520 10
833490000 6
833299488 1
829785600 6
829440000 21
826686000 9
825753600 1
823200000 2
823011840 12
820125000 1
819200000 1
816480000 52
816293376 1
812851200 15
810152280 2
810000000 6
809238528 1
806736000 1
806400000 24
806215680 5
800150400 16
800000000 2
797161500 1
796262400 6
793800000 19
793618560 12
790272000 13
787648050 1
787500000 1
787320000 11
786432000 2
784147392 1
783820800 26
780337152 2
777924000 2
777600000 33
774144000 21
771750000 2
771573600 17
770703360 1
768320000 6
768144384 4
768000000 3
765450000 7
762048000 50
756142128 1
756000000 21
755827200 17
754974720 1
752640000 11
752467968 5
750141000 9
746807040 3
746496000 29
744017400 7
743178240 2
740880000 16
740710656 1
737587200 1
737280000 12
735138180 1
735000000 1
734832000 35
731566080 15
729000000 11
726062400 1
725760000 73
725594112 1
722534400 3
720135360 7
720000000 4
716800000 8
716636160 5
714420000 25
714256704 1
711244800 20
708883245 1
708588000 11
707788800 4
705600000 18
705438720 26
702464000 1
700131600 7
700000000 1
699840000 33
697019904 1
696729600 22
694575000 1
694416240 2
691488000 3
691200000 29
688905000 5
688128000 3
686000000 1
685843200 50
680683500 3
680400000 43
680244480 9
677658240 1
677376000 42
675126900 4
674365440 2
672000000 14
671846400 27
668860416 1
666792000 23
663828480 1
663552000 24
661500000 3
661348800 27
660602880 2
658560000 9
658409472 2
656100000 4
655360000 1
653184000 82
650280960 11
648270000 5
648121824 2
648000000 15
645388800 2
645120000 31
642978000 21
642252800 2
640120320 19
640000000 4
637875000 1
637729200 1
637009920 5
635040000 43
634894848 5
632217600 11
630118440 5
630000000 8
629856000 29
627200000 7
627056640 19
625117500 1
624974616 1
622339200 16
622080000 42
620014500 4
619315200 20
617400000 6
617258880 19
614656000 3
614400000 5
612615150 2
612360000 40
609892416 1
609638400 62
607614210 2
607500000 1
604800000 47
604661760 5
602112000 7
600112800 22
600000000 1
597196800 19
595350000 11
595213920 10
594542592 1
592704000 30
590490000 11
590069760 1
589824000 6
588110544 1
588000000 6
587865600 86
585252864 6
583443000 3
583200000 29
580849920 1
580608000 59
578680200 10
578027520 2
576240000 7
576108288 6
576000000 18
573956280 1
573440000 3
573308928 1
571536000 82
568995840 8
567000000 23
566870400 16
564480000 48
564350976 7
562605750 1
561971200 1
560105280 4
560000000 8
559872000 64
558013050 1
557383680 17
555660000 25
555532992 3
553190400 15
552960000 35
551250000 1
551124000 46
550502400 3
548800000 5
548674560 31
546750000 2
544546800 2
544320000 92
541900800 27
540225000 2
540101520 12
540000000 14
537824000 1
537600000 19
537477120 11
535815000 10
533433600 39
531441000 3
531062784 2
530841600 12
529420500 1
529200000 43
529079040 32
526848000 8
525098700 4
524880000 32
522547200 75
520812180 3
520224768 1
518616000 14
518400000 49
516096000 39
514596726 1
514500000 5
514382400 56
512096256 8
512000000 4
510300000 27
510183360 5
508032000 103
505774080 7
504210000 2
504094752 3
504000000 27
503884800 31
501760000 9
501645312 4
500094000 27
497871360 6
497664000 61
496125000 1
496011600 18
495452160 6
493920000 38
493807104 11
492075000 1
491724800 4
491520000 3
490092120 2
490000000 3
489888000 114
487710720 18
486202500 2
486091368 3
486000000 15
484041600 6
483840000 100
483729408 4
482233500 8
481689600 8
480200000 3
480090240 19
480000000 5
478296900 1
477757440 15
476280000 80
476171136 3
474163200 33
472588830 1
472500000 4
472392000 25
471859200 5
470400000 22
470292480 28
466754400 22
466560000 89
464486400 43
463050000 10
462944160 14
460992000 11
460800000 26
459270000 32
459165024 1
458752000 3
457228800 119
455625000 2
455196672 1
453789000 3
453600000 103
453496320 12
452984832 1
451584000 49
450084600 11
450000000 1
449576960 1
448084224 5
448000000 7
447897600 59
446512500 1
446410440 2
445906944 1
444528000 58
442867500 1
442552320 5
442368000 23
441082908 1
441000000 17
440899200 79
439040000 16
438939648 6
437500000 1
437400000 22
435637440 4
435456000 163
434010150 1
433520640 8
432180000 6
432081216 6
432000000 27
430467210 1
430259200 2
430080000 33
429981696 2
428652000 84
426746880 31
425250000 7
425152800 8
424673280 2
423360000 79
423263232 11
421478400 8
420078960 14
420000000 9
419904000 78
418037760 34
416745000 12
416649744 2
414892800 18
414720000 91
413343000 21
412876800 16
411600000 17
411505920 56
409600000 5
408410100 5
408240000 119
408146688 2
406425600 93
405076140 5
405000000 10
403368000 4
403200000 64
403107840 25
401861250 1
401408000 6
400075200 67
400000000 2
398297088 1
398131200 40
396900000 38
396809280 21
395136000 51
393824025 1
393750000 1
393660000 37
393216000 5
392000000 12
391910400 149
390168576 7
388962000 8
388800000 64
387233280 1
387072000 106
385786800 39
385351680 3
384160000 4
384072192 6
384000000 13
382725000 15
382637520 4
381024000 182
379330560 19
378157500 1
378071064 1
378000000 27
377913600 52
376320000 39
376233984 10
375070500 8
373403520 18
373248000 127
372008700 9
371589120 12
370440000 44
370355328 10
368793600 4
368640000 42
367569090 1
367500000 4
367416000 109
367001600 3
365783040 68
364500000 12
363031200 5
362880000 169
362797056 4
361267200 33
360150000 3
360067680 21
360000000 19
358400000 9
358318080 17
357210000 42
357128352 4
355622400 78
354375000 2
354294000 17
353894400 18
352800000 60
352719360 64
351232000 9
350065800 11
349920000 92
348509952 1
348364800 129
347287500 2
347208120 14
346816512 2
345744000 25
345600000 63
344452500 4
344064000 17
343000000 5
342921600 136
341397504 7
340341750 1
340200000 60
340122240 10
338829120 1
338688000 147
337563450 6
337500000 1
337182720 4
336140000 4
336063168 4
336000000 29
335923200 89
334430208 5
333396000 54
332150625 1
331914240 16
331776000 86
330750000 9
330674400 62
330301440 6
329280000 30
329204736 21
328050000 11
327680000 3
326728080 2
326592000 247
325140480 43
324135000 2
324060912 4
324000000 24
322694400 4
322560000 109
322486272 8
321489000 35
321126400 2
320060160 63
320000000 5
318937500 1
318864600 2
318504960 15
317652300 1
317520000 133
317447424 8
316108800 40
315059220 7
315000000 9
314928000 76
314572800 2
313600000 21
313528320 89
312558750 3
312487308 3
311169600 32
311040000 163
310007250 2
309786624 1
309657600 74
308700000 29
308629440 50
307328000 11
307200000 17
306307575 2
306180000 93
306110016 3
304819200 198
303807105 1
303750000 3
303464448 3
302526000 5
302400000 124
302330880 42
301327047 1
301181440 1
301056000 51
300056400 60
300000000 2
298722816 5
298598400 113
297675000 18
297606960 25
297271296 1
296475480 1
296352000 117
295245000 12
295034880 4
294912000 16
294055272 1
294000000 19
293932800 201
292626432 24
291721500 10
291600000 65
290424960 8
290304000 226
289340100 14
289013760 10
288120000 14
288054144 18
288000000 29
286978140 1
286720000 12
286654464 3
285887070 1
285768000 184
284497920 53
283500000 19
283435200 31
283115520 4
282357600 1
282240000 131
282175488 25
280985600 5
280052640 21
280000000 4
279936000 162
278691840 68
277830000 34
277766496 8
276595200 30
276480000 99
275625000 1
275562000 51
275251200 9
274400000 11
274337280 127
273375000 2
272273400 5
272160000 270
272097792 7
270950400 123
270050760 21
270000000 7
269746176 1
268912000 2
268800000 73
268738560 58
267907500 13
267846264 1
266716800 119
265720500 4
265531392 4
265420800 37
264600000 68
264539520 65
264241152 1
263424000 34
262549350 3
262500000 1
262440000 73
262144000 3
261382464 4
261273600 257
260406090 3
260112384 13
259308000 35
259200000 129
258155520 3
258048000 93
257250000 2
257191200 130
256901120 2
256048128 18
256000000 10
255150000 33
255091680 9
254803968 4
254121840 1
254016000 301
252887040 21
252105000 4
252047376 4
252000000 66
251942400 85
250880000 32
250822656 25
250047000 41
248935680 36
248832000 172
248062500 2
248005800 23
247726080 29
247062900 1
246960000 69
246903552 29
246037500 1
245862400 8
245760000 25
245046060 3
245000000 6
244944000 294
243855360 96
243101250 1
243045684 1
243000000 33
242020800 10
241920000 233
241864704 4
241116750 4
240844800 24
240100000 4
240045120 62
240000000 10
239148450 2
238878720 26
238140000 151
238085568 14
237081600 111
236294415 1
236250000 7
236196000 47
236027904 1
235929600 9
235298000 1
235200000 60
235146240 156
233377200 32
233280000 189
232339968 1
232243200 193
231525000 8
231472080 40
230496000 19
230400000 78
229635000 31
229376000 10
228614400 273
227598336 18
226894500 2
226800000 158
226748160 38
225792000 150
225042300 20
225000000 2
224788480 2
224042112 12
224000000 20
223948800 185
223256250 4
223205220 8
222953472 8
222264000 116
221276160 17
221184000 82
220541454 1
220500000 19
220449600 161
220200960 4
219520000 27
219469824 33
218791125 1
218700000 39
217818720 6
217728000 414
216760320 40
216090000 10
216040608 25
216000000 50
215129600 1
215040000 81
214990848 12
214326000 105
213373440 85
212625000 10
212576400 22
212336640 15
211680000 216
211631616 31
210739200 37
210039480 17
210000000 14
209952000 178
209715200 1
209018880 142
208372500 7
208324872 2
207446400 47
207360000 215
206671500 16
206438400 54
205800000 19
205752960 129
204800000 15
204205050 2
204120000 230
204073344 5
203212800 296
202538070 4
202500000 6
202309632 2
201684000 4
201600000 169
201553920 80
200930625 1
200704000 18
200037600 126
200000000 1
199148544 7
199065600 133
198450000 54
198404640 53
198180864 1
197568000 115
196830000 29
196689920 3
196608000 16
196036848 2
196000000 30
195955200 332
195084288 25
194481000 21
194400000 137
193616640 2
193536000 283
192937500 1
192893400 59
192675840 6
192080000 11
192036096 21
192000000 23
191362500 6
191318760 5
191102976 6
190512000 359
189665280 64
189035532 2
189000000 44
188956800 103
188743680 5
188160000 93
188116992 43
187535250 7
187500000 1
186701760 54
186624000 295
186004350 11
185794560 78
185220000 59
185177664 15
184396800 28
184320000 91
183750000 1
183708000 189
183500800 2
182891520 179
182250000 18
181515600 9
181440000 405
181398528 11
180633600 130
180075000 1
180033840 57
180000000 16
179200000 33
179159040 79
178605000 55
178564176 3
177811200 217
177187500 2
177147000 13
177020928 4
176947200 44
176400000 119
176359680 167
176160768 1
175616000 27
175032900 15
175000000 1
174960000 178
174254976 8
174182400 412
173643750 3
173604060 15
173408256 9
172872000 51
172800000 130
172226250 4
172103680 3
172032000 70
171500000 4
171460800 296
170698752 37
170100000 118
170061120 30
169869312 1
169414560 3
169344000 356
168750000 1
168591360 11
168031584 10
168000000 47
167961600 209
167215104 30
166698000 98
165957120 46
165888000 241
165375000 6
165337200 100
165150720 10
164640000 86
164602368 36
164025000 15
163840000 8
163364040 8
163296000 534
162570240 135
162067500 3
162030456 8
162000000 59
161347200 10
161280000 263
161243136 12
160744500 32
160563200 15
160030080 118
160000000 7
159468750 1
159432300 1
159252480 46
158760000 267
158723712 31
158054400 124
157529610 7
157500000 11
157464000 132
157286400 5
156800000 39
156764160 258
156279375 2
156243654 3
155584800 71
155520000 318
155003625 1
154893312 1
154828800 197
154350000 25
154314720 104
154140672 5
153664000 15
153600000 46
153090000 113
153055008 2
152409600 492
151875000 1
151732224 22
151263000 8
151200000 244
151165440 83
150994944 1
150528000 116
150028200 55
149361408 20
149299200 263
148837500 12
148803480 11
148635648 12
148176000 194
147622500 6
147517440 14
147456000 82
147027636 5
147000000 27
146966400 385
146800640 2
146313216 53
145860750 5
145800000 115
145212480 10
145152000 614
144670050 5
144506880 46
144060000 17
144027072 25
144000000 68
143489070 1
143360000 36
143327232 17
142943535 1
142884000 253
142248960 140
141750000 35
141717600 49
141557760 15
141178800 1
141120000 247
141087744 50
140492800 23
140026320 39
140000000 16
139968000 346
139345920 189
138915000 41
138883248 15
138297600 64
138240000 241
137781000 73
137682944 1
137625600 31
137200000 13
137168640 263
136687500 1
136136700 6
136080000 485
136048896 12
135475200 342
135056250 2
135025380 16
135000000 16
134456000 6
134400000 130
134369280 124
134217728 1
133953750 8
133358400 221
132860250 3
132765696 8
132710400 143
132300000 102
132269760 114
132120576 2
131712000 95
131274675 2
131250000 1
131220000 106
131072000 7
130691232 10
130636800 633
130056192 25
129654000 43
129600000 231
129077760 5
129024000 289
128625000 2
128595600 178
128450560 6
128024064 58
128000000 8
127575000 45
127545840 12
127401984 8
127008000 577
126443520 49
126023688 9
126000000 94
125971200 219
125829120 2
125440000 59
125411328 58
125023500 36
125000000 1
124467840 62
124416000 456
124031250 1
124002900 26
123863040 59
123480000 133
123451776 56
123018750 1
122931200 21
122880000 48
122523030 4
122500000 5
122472000 411
121927680 307
121550625 1
121500000 25
121010400 12
120960000 545
120932352 22
120558375 3
120422400 63
120050000 6
120022560 125
120000000 18
119574225 1
119439360 103
119070000 163
119042784 20
118590192 1
118540800 267
118125000 2
118098000 69
118013952 3
117964800 36
117600000 98
117573120 323
116688600 42
116640000 347
116169984 9
116121600 468
115762500 14
115736040 49
115605504 7
115248000 39
115200000 164
114817500 23
114791256 2
114688000 33
114354828 1
114307200 545
113799168 40
113447250 3
113400000 229
113374080 67
113246208 2
112943040 3
112896000 341
112521150 14
112500000 1
112394240 8
112021056 33
112000000 45
111974400 395
111602610 4
111476736 50
111132000 170
110638080 39
110592000 210
110270727 1
110250000 29
110224800 249
110100480 13
109760000 35
109734912 100
109350000 42
108909360 17
108864000 880
108380160 150
108045000 16
108020304 30
108000000 99
107564800 5
107520000 150
107495424 26
107163000 112
106686720 204
106312500 9
106288200 19
106168320 63
105884100 2
105840000 390
105815808 61
105413504 1
105369600 65
105019740 21
105000000 13
104976000 338
104857600 2
104509440 395
104186250 7
104162436 11
103723200 99
103680000 438
103335750 9
103262208 4
103219200 165
102900000 36
102876480 245
102760448 2
102400000 21
102060000 338
102036672 6
101648736 1
101606400 658
101269035 2
101250000 13
101154816 11
100842000 11
100800000 260
100776960 175
100442349 2
100352000 50
100018800 150
100000000 4
99574272 23
99532800 338
99225000 38
99202320 52
99090432 13
98825160 1
98784000 215
98415000 39
98344960 3
98304000 34
98018424 3
98000000 23
97977600 750
97542144 66
97240500 24
97200000 249
96808320 19
96768000 647
96468750 1
96446700 74
96337920 30
96040000 6
96018048 50
96000000 45
95681250 6
95659380 3
95551488 19
95295690 2
95256000 562
94832640 163
94517766 1
94500000 66
94478400 165
94371840 12
94119200 5
94080000 200
94058496 102
93767625 1
93350880 72
93312000 589
93002175 1
92897280 238
92610000 95
92588832 36
92198400 52
92160000 232
91875000 2
91854000 221
91750400 16
91445760 469
91125000 9
90757800 17
90720000 726
90699264 41
90354432 1
90316800 284
90016920 58
90000000 32
89600000 72
89579520 226
89302500 35
89282088 9
88905600 363
88573500 13
88510464 9
88473600 152
88236750 1
88200000 150
88179840 273
88080384 2
87808000 44
87516450 11
87480000 273
87127488 10
87091200 927
86802030 13
86704128 23
86436000 68
86400000 270
86051840 1
86016000 163
85750000 3
85730400 433
85349376 78
85050000 117
85030560 39
84934656 9
84707280 3
84672000 731
84375000 1
84295680 34
84035000 2
84015792 16
84000000 68
83980800 432
83607552 94
83349000 100
82978560 71
82944000 523
82687500 6
82668600 84
82575360 45
82320000 104
82301184 103
82012500 8
81920000 30
81682020 8
81648000 866
81285120 339
81033750 4
81015228 6
81000000 78
80673600 18
80640000 471
80621568 49
80372250 18
80281600 33
80015040 223
80000000 12
79716150 7
79626240 139
79380000 312
79361856 52
79027200 246
78764805 3
78750000 9
78732000 178
78675968 1
78643200 17
78400000 63
78382080 510
77792400 88
77760000 548
77446656 8
77414400 484
77175000 28
77157360 148
77070336 3
76832000 27
76800000 111
76562500 1
76545000 102
76527504 6
76236552 3
76204800 888
75866112 39
75631500 5
75600000 339
75582720 166
75497472 1
75295360 1
75264000 238
75014100 67
75000000 2
74680704 39
74649600 603
74418750 5
74401740 16
74317824 37
74088000 293
73811250 5
73758720 29
73728000 168
73513818 2
73500000 23
73483200 558
73400320 3
73156608 110
72900000 123
72606240 18
72576000 1196
72335025 3
72253440 122
72030000 15
72013536 50
72000000 132
71680000 70
71663616 54
71442000 339
71124480 281
70875000 38
70858800 63
70778880 46
70560000 462
70543872 113
70246400 30
70013160 42
70000000 11
69984000 619
69672960 458
69457500 30
69441624 16
69148800 103
69120000 441
68906250 1
68890500 54
68812800 90
68600000 22
68584320 423
68068350 5
68040000 646
68024448 23
67765824 3
67737600 662
67512690 10
67500000 19
67436544 4
67228000 6
67200000 202
67184640 266
66976875 2
66679200 334
66382848 30
66355200 380
66150000 121
66134880 186
66060288 8
65883440 1
65856000 154
65610000 112
65536000 14
65345616 9
65318400 1246
65028096 72
64827000 53
64800000 341
64538880 13
64512000 560
64297800 184
64225280 5
64012032 84
64000000 30
63787500 22
63772920 12
63700992 28
63504000 973
63221760 125
63011844 6
63000000 114
62985600 379
62914560 7
62720000 111
62705664 147
62511750 21
62233920 116
62208000 840
62001450 9
61931520 203
61740000 148
61725888 85
61465600 21
61440000 123
61261515 2
61250000 4
61236000 581
60963840 598
60761421 2
60750000 41
60505200 22
60480000 852
60466176 49
60211200 166
60025000 2
60011280 162
60000000 24
59719680 260
59535000 162
59521392 25
59270400 455
59062500 1
59049000 37
59006976 1
58982400 95
58800000 142
58786560 545
58720256 1
58344300 33
58320000 505
58084992 11
58060800 1012
57881250 3
57868020 38
57802752 14
57624000 57
57600000 262
57408750 11
57344000 57
57153600 811
56899584 70
56700000 233
56687040 101
56623104 7
56471520 5
56448000 651
56260575 4
56250000 3
56197120 18
56010528 32
56000000 44
55987200 801
55801305 2
55738368 99
55566000 244
55319040 74
55296000 494
55125000 17
55112400 269
55050240 25
54880000 56
54867456 186
54675000 28
54454680 19
54432000 1407
54190080 330
54022500 12
54010152 25
54000000 136
53782400 3
53760000 336
53747712 66
53593750 1
53581500 94
53343360 347
53156250 1
53144100 13
53084160 139
52942050 3
52920000 488
52907904 103
52684800 163
52509870 11
52500000 19
52488000 431
52428800 5
52254720 791
52093125 2
52081218 5
51861600 129
51840000 740
51667875 2
51631104 6
51609600 356
51450000 22
51438240 302
51380224 3
51200000 44
51030000 340
51018336 8
50824368 3
50803200 1078
50625000 4
50577408 32
50421000 5
50400000 396
50388480 326
50331648 1
50176000 102
50009400 174
50000000 5
49787136 48
49766400 665
49612500 24
49601160 54
49545216 28
49392000 347
49207500 17
49172480 13
49152000 84
49009212 5
49000000 19
48988800 1057
48771072 162
48620250 12
48600000 245
48404160 21
48384000 1183
48223350 31
48168960 60
48020000 13
48009024 105
48000000 86
47829690 4
47775744 50
47647845 2
47628000 711
47416320 283
47258883 3
47250000 59
47239200 189
47185920 25
47040000 319
47029248 200
46675440 97
46656000 1005
46448640 505
46305000 91
46294416 52
46099200 88
46080000 367
45937500 2
45927000 207
45875200 29
45722880 750
45562500 3
45378900 15
45360000 1025
45349632 50
45177216 1
45158400 604
45008460 53
45000000 23
44957696 3
44800000 109
44789760 430
44651250 9
44641044 2
44452800 543
44286750 4
44255232 16
44236800 312
44100000 178
44089920 393
44040192 2
43904000 89
43758225 4
43740000 269
43563744 22
43545600 1556
43401015 2
43352064 84
43218000 85
43200000 403
43046721 1
43025920 5
43008000 327
42875000 6
42865200 473
42674688 126
42525000 112
42515280 47
42467328 25
42353640 1
42336000 1110
42147840 97
42017500 3
42007896 21
42000000 93
41990400 686
41803776 209
41674500 76
41489280 145
41472000 968
41343750 3
41334300 66
41287680 146
41160000 109
41150592 184
41006250 3
40960000 49
40841010 8
40824000 1129
40642560 691
40507614 4
40500000 75
40336800 17
40320000 820
40310784 78
40140800 63
40007520 278
40000000 19
39813120 341
39690000 298
39680928 59
39530064 1
39513600 444
39375000 6
39366000 154
39337984 5
39321600 52
39200000 75
39191040 907
38896200 73
38880000 809
38723328 6
38707200 973
38587500 11
38578680 126
38535168 7
38416000 39
38400000 168
38272500 56
38263752 3
38118276 4
38102400 1305
37968750 1
37933056 81
37815750 5
37800000 417
37791360 233
37748736 3
37647680 4
37632000 398
37507050 38
37500000 3
37340352 56
37324800 1033
37200870 8
37158912 89
37044000 340
36879360 57
36864000 329
36756909 1
36750000 18
36741600 670
36700160 9
36578304 251
36450000 97
36303120 29
36288000 1948
36126720 223
36015000 17
36006768 64
36000000 145
35840000 156
35831808 99
35721000 306
35562240 456
35437500 19
35429400 50
35389440 104
35294700 2
35280000 591
35271936 200
35123200 59
35006580 51
35000000 10
34992000 854
34836480 955
34728750 17
34720812 11
34574400 138
34560000 795
34445250 22
34406400 207
34300000 22
34292160 648
34034175 1
34020000 653
34012224 31
33882912 1
33868800 1202
33756345 5
33750000 9
33718272 10
33614000 3
33600000 287
33592320 528
33480783 1
33339600 354
33191424 46
33177600 674
33075000 79
33067440 176
33030144 28
32928000 238
32805000 82
32768000 27
32672808 15
32659200 1843
32514048 156
32413500 37
32400000 435
32269440 19
32256000 1020
32156250 1
32148900 129
32112640 27
32006016 157
32000000 36
31893750 4
31886460 12
31850496 49
31765230 1
31752000 1137
31610880 243
31505922 6
31500000 84
31492800 453
31457280 19
31360000 168
31352832 290
31255875 4
31116960 145
31104000 1311
31000725 8
30965760 421
30870000 142
30862944 105
30732800 38
30720000 226
30618000 570
30481920 1030
30375000 17
30252600 20
30240000 1138
30233088 81
30105600 288
30012500 1
30005640 138
30000000 31
29859840 569
29767500 76
29760696 15
29635200 623
29531250 2
29524500 26
29503488 11
29491200 195
29400000 156
29393280 790
29172150 22
29160000 566
29042496 18
29030400 1884
28940625 1
28934010 30
28901376 38
28812000 62
28800000 383
28704375 2
28697814 1
28672000 118
28576800 924
28449792 145
28350000 209
28343520 131
28311552 16
28235760 3
28224000 981
28125000 4
28098560 35
28005264 31
28000000 62
27993600 1069
27869184 236
27783000 205
27659520 125
27648000 893
27562500 6
27556200 224
27525120 75
27440000 76
27433728 296
27337500 21
27227340 18
27216000 1855
27095040 622
27011250 5
27005076 19
27000000 139
26891200 11
26880000 548
26873856 130
26790750 40
26671680 516
26572050 10
26542080 282
26460000 517
26453952 134
26342400 258
26254935 4
26250000 11
26244000 444
26214400 9
26127360 1290
25930800 151
25920000 1072
25815552 4
25804800 758
25725000 17
25719120 338
25690112 2
25600000 64
25515000 255
25509168 21
25412184 3
25401600 1562
25312500 2
25288704 56
25210500 5
25200000 456
25194240 403
25165824 1
25088000 200
25004700 110
25000000 4
24893568 81
24883200 1228
24806250 7
24800580 51
24772608 70
24696000 415
24603750 9
24586240 17
24576000 158
24504606 2
24500000 15
24494400 1299
24385536 316
24310125 2
24300000 263
24202080 36
24192000 1832
24111675 10
24084480 137
24010000 15
24004512 133
24000000 86
23887872 113
23814000 607
23708160 444
23625000 40
23619600 180
23592960 74
23529800 3
23520000 432
23514624 305
23337720 93
23328000 1389
23224320 996
23152500 32
23147208 46
23049600 96
23040000 636
22968750 1
22963500 127
22937600 66
22861440 1053
22689450 5
22680000 1127
22674816 70
22588608 2
22579200 875
22504230 32
22500000 21
22478848 5
22400000 132
22394880 770
22325625 4
22320522 4
22235661 1
22226400 588
22143375 1
22127616 45
22118400 577
22050000 140
22044960 468
22020096 8
21952000 110
21875000 1
21870000 223
21781872 13
21772800 2397
21676032 137
21609000 57
21600000 502
21512960 7
21504000 544
21432600 405
21337344 206
21262500 50
21257640 30
21233664 39
21176820 2
21168000 1286
21073920 146
21003948 19
21000000 84
20995200 824
20971520 4
20901888 385
20837250 33
20744640 172
20736000 1533
20667150 30
20643840 293
20580000 135
20575296 223
20503125 2
20480000 59
20420505 2
20412000 1261
20321280 1083
20253807 2
20250000 60
20168400 15
20160000 1118
20155392 158
20070400 111
20003760 305
20000000 22
19906560 609
19845000 256
19840464 72
19756800 578
19687500 3
19683000 132
19668992 6
19660800 74
19600000 84
19595520 1391
19448100 71
19440000 943
19361664 9
19353600 1632
19293750 4
19289340 92
19267584 24
19208000 39
19200000 216
19136250 19
19051200 1445
18966528 136
18900000 300
18895680 273
18874368 6
18823840 1
18816000 646
18753525 8
18750000 2
18670176 72
18662400 1558
18600435 5
18579456 233
18522000 330
18439680 72
18432000 626
18375000 13
18370800 629
18350080 18
18289152 402
18225000 68
18151560 34
18144000 2473
18063360 466
18007500 16
18003384 60
18000000 168
17920000 205
17915904 194
17860500 179
17781120 598
17718750 3
17714700 39
17694720 228
17647350 2
17640000 583
17635968 230
17561600 114
17503290 15
17500000 7
17496000 872
17418240 1600
17364375 2
17360406 12
17287200 149
17280000 1007
17222625 4
17210368 1
17203200 348
17150000 27
17146080 648
17010000 531
17006112 36
16941456 3
16934400 1695
16875000 11
16859136 19
16807000 5
16800000 332
16796160 745
16777216 1
16669800 266
16595712 66
16588800 1271
16537500 37
16533720 151
16515072 41
16464000 291
16402500 43
16384000 59
16336404 6
16329600 2236
16257024 312
16206750 16
16200000 433
16134720 20
16128000 1452
16074450 55
16056320 39
16003008 192
16000000 47
15946875 1
15943230 3
15925248 130
15882615 2
15876000 1081
15805440 353
15752961 2
15750000 81
15746400 466
15728640 26
15680000 184
15676416 488
15558480 146
15552000 1866
15482880 754
15435000 90
15431472 126
15366400 42
15360000 365
15309000 438
15240960 1505
15187500 7
15126300 14
15120000 1410
15116544 128
15052800 491
15006250 1
15002820 95
15000000 26
14929920 882
14883750 32
14880348 15
14817600 707
14765625 1
14762250 11
14751744 28
14745600 336
14700000 151
14696640 949
14680064 2
14586075 5
14580000 531
14521248 13
14515200 2762
14467005 6
14450688 83
14406000 62
14400000 443
14336000 202
14288400 819
14224896 239
14175000 159
14171760 105
14155776 38
14117880 5
14112000 1268
14062500 3
14049280 61
14002632 39
14000000 62
13996800 1437
13934592 373
13891500 130
13829760 166
13824000 1351
13781250 3
13778100 136
13762560 121
13720000 61
13716864 382
13668750 5
13613670 9
13608000 1998
13547520 991
13505625 1
13502538 12
13500000 117
13445600 11
13440000 670
13436928 240
13395375 7
13335840 513
13286025 4
13271040 546
13230000 418
13226976 132
13171200 358
13125000 10
13122000 347
13107200 19
13063680 1831
12965400 95
12960000 1258
12907776 12
12902400 1162
12862500 11
12859560 250
12845056 8
12800000 99
12757500 143
12754584 11
12706092 1
12700800 1947
12644352 90
12605250 3
12600000 459
12597120 518
12582912 4
12544000 237
12502350 52
12500000 1
12446784 89
12441600 1917
12403125 3
12400290 26
12386304 169
12353145 1
12348000 370
12293120 36
12288000 307
12252303 2
12250000 17
12247200 1292
12192768 457
12150000 175
12101040 41
12096000 2562
12042240 220
12005000 11
12002256 135
12000000 110
11943936 207
11907000 456
11854080 643
11812500 14
11809800 126
11796480 149
11760000 462
11757312 440
11668860 62
11664000 1560
11612160 1531
11576250 18
11573604 24
11524800 101
11520000 883
11481750 60
11468800 131
11430720 1209
11344725 4
11340000 996
11337408 77
11294304 2
11289600 1260
11252115 5
11250000 17
11239424 8
11200000 171
11197440 1153
11160261 2
11113200 537
11063808 51
11059200 1015
11025000 84
11022480 450
11010048 17
10976000 137
10935000 149
10890936 13
10886400 3151
10838016 214
10804500 26
10800000 539
10756480 8
10752000 841
10718750 2
10716300 212
10668672 263
10631250 14
10628820 29
10616832 103
10588410 1
10584000 1379
10536960 211
10501974 8
10500000 71
10497600 883
10485760 6
10450944 543
10418625 10
10372320 190
10368000 2018
10333575 9
10321920 487
10290000 93
10287648 219
10240000 113
10206000 916
10160640 1623
10125000 41
10084200 14
10080000 1273
10077696 205
10035200 171
10001880 242
10000000 15
9953280 989
9922500 119
9920232 47
9878400 684
9841500 60
9834496 8
9830400 190
9800000 95
9797760 1646
9724050 37
9720000 924
9680832 19
9676800 2414
9644670 42
9633792 27
9604000 24
9600000 301
9568125 5
9525600 1487
9483264 205
9450000 275
9447840 284
9437184 19
9408000 770
9375000 2
9335088 54
9331200 2060
9289728 354
9261000 224
9219840 98
9216000 962
9187500 5
9185400 424
9175040 30
9144576 509
9112500 34
9075780 15
9072000 2635
9031680 705
9003750 6
9001692 36
9000000 123
8960000 226
8957952 310
8930250 65
8890560 659
8857350 15
8847360 408
8823675 1
8820000 499
8817984 330
8780800 134
8751645 7
8750000 2
8748000 777
8709120 2236
8680203 1
8643600 134
8640000 1289
8605184 4
8601600 570
8575000 13
8573040 659
8505000 356
8503056 14
8470728 1
8467200 2046
8437500 3
8429568 47
8400000 362
8398080 935
8388608 3
8334900 176
8297856 90
8294400 1783
8268750 7
8266860 81
8257536 87
8232000 294
8201250 15
8192000 84
8168202 3
8164800 2333
8128512 453
8103375 3
8100000 348
8067360 30
8064000 1940
8037225 10
8028160 75
8001504 222
8000000 55
7971615 1
7962624 223
7938000 831
7902720 502
7875000 41
7873200 344
7864320 64
7840000 205
7838208 622
7779240 117
7776000 2192
7741440 1225
7717500 56
7715736 89
7683200 51
7680000 441
7654500 214
7620480 1642
7593750 3
7563150 12
7560000 1272
7558272 136
7529536 1
7526400 725
7501410 45
7500000 19
7464960 1330
7441875 6
7440174 5
7408800 665
7381125 3
7375872 31
7372800 604
7350000 83
7348320 849
7340032 5
7290000 372
7260624 19
7257600 3457
7225344 161
7203000 40
7200000 497
7168000 285
7144200 556
7112448 293
7087500 77
7085880 74
7077888 64
7058940 2
7056000 1251
7024640 67
7001316 24
7000000 46
6998400 1562
6967296 618
6945750 48
6914880 177
6912000 1862
6889050 46
6881280 216
6860000 69
6858432 391
6806835 1
6804000 1663
6773760 1400
6751269 3
6750000 87
6722800 5
6720000 801
6718464 347
6667920 489
6635520 871
6615000 263
6613488 141
6588344 1
6585600 427
6562500 1
6561000 218
6553600 52
6531840 2366
6482700 60
6480000 1305
6453888 8
6451200 1678
6431250 4
6429780 187
6422528 14
6400000 88
6378750 45
6377292 12
6350400 2021
6322176 124
6300000 378
6298560 578
6291456 10
6272000 271
6251175 10
6250000 3
6223392 105
6220800 2402
6200145 7
6193152 205
6174000 279
6146560 37
6144000 464
6125000 8
6123600 1113
6096384 607
6075000 110
6050520 22
6048000 2729
6021120 349
6002500 9
6001128 79
6000000 81
5971968 363
5953500 278
5927040 748
5906250 8
5904900 70
5898240 211
5880000 402
5878656 474
5834430 31
5832000 1487
5806080 2189
5788125 6
5786802 17
5762400 110
5760000 1065
5740875 16
5734400 152
5715360 1126
5670000 694
5668704 70
5647152 1
5644800 1597
5625000 8
5619712 22
5600000 192
5598720 1384
5556600 351
5531904 75
5529600 1439
5512500 42
5511240 285
5505024 28
5488000 143
5467500 75
5445468 8
5443200 3271
5419008 360
5402250 15
5400000 444
5378240 10
5376000 1002
5358150 96
5334336 278
5315625 5
5314410 12
5308416 197
5292000 1177
5268480 287
5250000 51
5248800 801
5242880 11
5225472 768
5186160 156
5184000 2294
5160960 708
5145000 69
5143824 212
5120000 149
5103000 621
5080320 1879
5062500 10
5042100 10
5040000 1268
5038848 266
5017600 224
5000940 127
5000000 11
4976640 1358
4961250 43
4960116 22
4939200 689
4920750 20
4917248 12
4915200 264
4900000 68
4898880 1558
4862025 12
4860000 699
4840416 19
4838400 3011
4822335 3
4816896 78
4802000 24
4800000 323
4762800 1133
4741632 263
4725000 157
4723920 218
4718592 38
4704000 802
4687500 1
4667544 46
4665600 2355
4644864 531
4630500 136
4609920 98
4608000 1257
4593750 1
4592700 223
4587520 52
4572288 613
4556250 5
4537890 7
4536000 2449
4515840 981
4500846 27
4500000 90
4480000 295
4478976 415
4465125 6
4445280 632
4428675 4
4423680 632
4410000 386
4408992 263
4390400 157
4375000 3
4374000 586
4354560 2722
4321800 83
4320000 1389
4302592 2
4300800 769
4287500 9
4286520 409
4252500 160
4251528 20
4235364 2
4233600 2086
4214784 54
4200000 312
4199040 946
4194304 1
4167450 75
4148928 78
4147200 2347
4133430 34
4128768 131
4116000 259
4100625 2
4096000 142
4082400 1966
4064256 616
4050000 228
4033680 16
4032000 2224
4014080 91
4000752 180
4000000 47
3981312 285
3969000 565
3951360 533
3937500 19
3936600 234
3932160 112
3920000 179
3919104 713
3889620 73
3888000 1945
3870720 1648
3858750 28
3857868 42
3841600 49
3840000 559
3827250 67
3810240 1601
3780000 978
3779136 164
3763200 846
3750705 13
3750000 13
3732480 1710
3720087 2
3704400 501
3687936 27
3686400 913
3675000 44
3674160 707
3670016 9
3645000 214
3630312 16
3628800 3605
3612672 226
3601500 17
3600000 442
3584000 319
3572100 333
3556224 359
3543750 14
3542940 35
3538944 127
3529470 1
3528000 1161
3512320 87
3500658 11
3500000 38
3499200 1511
3483648 847
3472875 7
3457440 151
3456000 2077
3444525 13
3440640 358
3430000 50
3429216 383
3402000 1217
3386880 1740
3375000 42
3361400 2
3360000 800
3359232 408
3333960 304
3317760 1256
3307500 113
3306744 92
3292800 424
3280500 102
3276800 68
3265920 2362
3241350 28
3240000 1064
3226944 9
3225600 2084
3215625 2
3214890 65
3211264 26
3200000 123
3189375 7
3188646 1
3175200 1714
3161088 137
3150000 237
3149280 449
3145728 14
3136000 288
3111696 73
3110400 2859
3096576 407
3087000 191
3073280 46
3072000 613
3062500 5
3061800 672
3048192 722
3037500 49
3025260 14
3024000 2698
3010560 490
3001250 1
3000564 66
3000000 90
2985984 481
2976750 82
2963520 695
2952450 23
2949120 387
2941225 1
2940000 315
2939328 489
2917215 5
2916000 1142
2903040 2723
2893401 3
2881200 88
2880000 1096
2867200 237
2857680 806
2835000 397
2834352 64
2823576 1
2822400 1694
2812500 1
2809856 17
2800000 162
2799360 1426
2778300 176
2765952 89
2764800 1921
2756250 9
2755620 153
2752512 65
2744000 116
2733750 19
2722734 5
2721600 2909
2709504 504
2701125 1
2700000 359
2689120 8
2688000 1197
2679075 11
2667168 264
2657205 2
2654208 242
2646000 869
2634240 295
2625000 27
2624400 547
2621440 21
2612736 875
2593080 96
2592000 2393
2580480 1046
2572500 22
2571912 152
2560000 190
2551500 287
2540160 1876
2531250 5
2521050 3
2520000 1064
2519424 284
2508800 280
2500470 62
2500000 8
2488320 1730
2480625 8
2480058 10
2469600 503
2460375 4
2458624 13
2457600 376
2450000 47
2449440 1264
2430000 477
2420208 13
2419200 3372
2408448 111
2401000 19
2400000 318
2381400 700
2370816 270
2362500 65
2361960 117
2359296 71
2352980 2
2352000 757
2333772 28
2332800 2229
2322432 746
2315250 38
2304960 95
2304000 1425
2296350 75
2293760 91
2286144 577
2278125 1
2268945 1
2268000 1835
2257920 1038
2250423 1
2250000 60
2240000 307
2239488 532
2222640 497
2211840 954
2205000 193
2204496 185
2195200 146
2187500 4
2187000 328
2177280 2918
2160900 52
2160000 1205
2151296 4
2150400 1006
2143750 1
2143260 219
2126250 57
2125764 10
2117682 1
2116800 1846
2107392 81
2100000 205
2099520 869
2097152 2
2083725 19
2074464 79
2073600 2816
2066715 4
2064384 223
2058000 160
2048000 166
2041200 1350
2032128 719
2025000 107
2016840 11
2016000 2131
2007040 126
2000376 106
2000000 45
1990656 459
1984500 252
1975680 599
1968750 7
1968300 109
1966080 130
1960000 149
1959552 747
1944810 29
1944000 1775
1935360 2082
1929375 1
1928934 24
1920800 34
1920000 614
1913625 13
1905120 1308
1890000 654
1889568 130
1882384 2
1881600 910
1875000 11
1866240 1893
1852200 328
1843968 31
1843200 1194
1837500 25
1837080 424
1835008 16
1822500 92
1815156 6
1814400 3593
1806336 291
1800750 10
1800000 337
1792000 362
1786050 103
1778112 311
1771470 13
1769472 201
1764000 879
1756160 88
1750329 5
1750000 24
1749600 1113
1741824 969
1728720 109
1728000 2248
1720320 436
1715000 30
1714608 289
1701000 671
1693440 1633
1687500 12
1680700 3
1680000 684
1679616 431
1666980 160
1658880 1633
1653750 34
1653372 42
1646400 315
1640250 36
1638400 88
1632960 2064
1620675 12
1620000 701
1613472 10
1612800 2219
1607445 12
1605632 34
1600000 96
1587600 1114
1580544 197
1575000 115
1574640 319
1572864 18
1568000 278
1555848 46
1555200 2762
1548288 511
1543500 84
1536640 39
1536000 727
1531250 3
1530900 310
1524096 732
1518750 11
1512630 4
1512000 2140
1505280 514
1500625 1
1500282 33
1500000 48
1492992 614
1488375 11
1481760 575
1476225 2
1474560 501
1470000 227
1469664 419
1458000 704
1451520 2842
1440600 45
1440000 1031
1433600 267
1428840 505
1417500 192
1417176 24
1411788 1
1411200 1556
1404928 25
1400000 97
1399680 1382
1389150 77
1382976 74
1382400 2170
1378125 2
1377810 56
1376256 79
1372000 96
1366875 1
1361367 1
1360800 2245
1354752 579
1350000 176
1344560 9
1344000 1127
1333584 206
1327104 355
1323000 472
1317120 298
1312500 5
1312200 329
1310720 27
1306368 1028
1296540 50
1296000 2219
1290240 1264
1286250 7
1285956 65
1280000 174
1275750 90
1270080 1662
1260525 1
1260000 737
1259712 251
1254400 267
1250235 12
1250000 2
1244160 1973
1240029 2
1234800 349
1229312 18
1228800 486
1225000 28
1224720 982
1215000 238
1210104 10
1209600 3180
1204224 123
1200500 10
1200000 225
1190700 340
1185408 293
1181250 18
1180980 70
1179648 98
1176000 598
1166886 4
1166400 1805
1161216 899
1157625 4
1152480 77
1152000 1594
1148175 8
1146880 112
1143072 478
1134000 1143
1128960 1176
1125000 23
1120000 256
1119744 596
1111320 288
1105920 1184
1102500 88
1102248 123
1097600 143
1093500 127
1088640 2601
1080450 21
1080000 908
1075648 3
1075200 1110
1071630 82
1063125 8
1062882 5
1058400 1337
1053696 90
1050000 117
1049760 677
1037232 57
1036800 2831
1032192 282
1029000 107
1024000 195
1020600 738
1016064 742
1012500 47
1008420 8
1008000 1909
1003520 153
1000188 66
1000000 23
995328 550
992250 85
987840 488
984150 27
983040 170
980000 104
979776 651
972405 8
972000 1167
967680 2252
964467 4
960400 24
960000 496
952560 882
945000 326
944784 88
940800 802
937500 2
933120 1864
926100 152
921984 41
921600 1346
918750 8
918540 210
917504 31
911250 31
907578 3
907200 2798
903168 337
900375 1
900000 233
896000 396
893025 15
889056 243
885735 2
884736 253
882000 491
878080 120
875000 10
874800 709
870912 1063
864360 69
864000 2073
860160 540
857500 10
857304 167
850500 306
846720 1596
843750 2
840350 1
840000 522
839808 372
833490 56
829440 1807
826875 3
826686 15
823200 258
820125 2
819200 97
816480 1535
810000 468
806736 4
806400 2264
802816 31
800000 89
793800 637
790272 215
787500 44
787320 172
786432 31
784000 214
777924 30
777600 2443
774144 604
771750 30
768320 31
768000 727
765450 96
762048 593
759375 2
756315 1
756000 1503
752640 566
750141 3
750000 38
746496 622
740880 368
737280 589
735000 87
734832 264
729000 336
725760 2825
720300 15
720000 818
716800 284
714420 220
708750 49
708588 24
705894 1
705600 1268
702464 26
700000 68
699840 1115
694575 11
691488 42
691200 2278
688905 6
688128 96
686000 49
680400 1341
677376 590
675000 87
672280 6
672000 1047
666792 116
663552 429
661500 188
658560 297
656250 3
656100 138
655360 52
653184 879
648270 16
648000 1577
645120 1423
643125 2
642978 30
640000 167
637875 11
635040 1249
630000 399
629856 172
627200 254
625000 5
622080 2033
617400 193
614656 15
614400 566
612500 9
612360 531
607500 80
605052 7
604800 2749
602112 156
600250 4
600000 159
595350 111
592704 229
590625 2
590490 23
589824 112
588000 434
583443 1
583200 1312
580608 975
576240 54
576000 1475
573440 131
571536 311
567000 594
564480 1141
562500 9
560000 221
559872 512
555660 149
552960 1347
551250 16
551124 55
548800 110
546750 36
544320 2034
540225 4
540000 579
537600 1093
535815 17
531441 1
529200 893
526848 92
525000 62
524880 420
524288 7
518616 31
518400 2510
516096 329
514500 42
512000 206
510300 346
508032 618
506250 8
504210 5
504000 1316
501760 143
500094 22
500000 20
497664 639
496125 10
493920 355
492075 1
491520 250
490000 67
489888 449
486000 760
483840 2250
480200 15
480000 460
476280 521
472500 148
472392 51
470400 709
466560 1548
463050 42
460992 23
460800 1362
459270 69
458752 18
455625 5
453600 1948
451584 337
450000 121
448000 353
444528 166
442368 321
441000 288
439040 90
437500 4
437400 373
435456 1017
432180 24
432000 1592
430080 626
428750 2
428652 96
425250 74
423360 1229
420000 320
419904 303
416745 8
414720 1848
413343 3
411600 164
409600 140
408240 966
405000 204
403368 5
403200 1947
401408 29
400000 58
396900 292
395136 150
393750 14
393660 72
393216 39
392000 167
388962 8
388800 1859
387072 662
385875 7
384160 15
384000 682
382725 12
381024 435
378000 886
376320 539
375000 12
373248 584
370440 188
368640 759
367500 47
367416 157
364500 143
362880 2263
360150 4
360000 556
358400 277
357210 86
354375 4
354294 1
352947 1
352800 773
351232 27
350000 34
349920 721
345744 23
345600 2073
344064 126
343000 32
340200 673
338688 524
337500 33
336140 1
336000 784
333396 65
331776 497
330750 61
329280 227
328050 32
327680 56
326592 707
324135 4
324000 1031
322560 1398
321489 9
320000 145
317520 734
315000 171
314928 118
313600 208
311040 1754
308700 90
307328 8
307200 611
306250 3
306180 197
303750 27
302526 1
302400 2003
301056 142
300000 111
297675 16
296352 147
295245 5
294912 152
294000 236
291600 692
290304 933
288120 25
288000 1160
286720 131
285768 184
283500 240
282240 898
281250 1
280000 131
279936 472
277830 51
276480 1280
275625 7
275562 19
274400 64
273375 3
272160 1469
270000 335
268912 3
268800 1047
264600 456
263424 103
262500 12
262440 214
262144 4
259308 23
259200 1963
258048 375
257250 13
256000 185
255150 74
254016 456
253125 1
252000 834
250880 140
250047 6
250000 7
248832 587
246960 197
245760 249
245000 19
244944 296
243000 331
241920 1934
240100 5
240000 349
238140 214
236250 30
236196 11
235200 514
233280 1144
231525 5
230496 30
230400 1365
229635 7
229376 29
226800 1120
225792 345
225000 52
224000 275
222264 89
221184 321
220500 137
219520 81
218750 1
218700 142
217728 819
216090 17
216000 1093
215040 595
214326 31
212625 12
211680 794
210000 164
209952 217
207360 1669
205800 79
204800 144
204120 467
202500 75
201684 1
201600 1558
200704 30
200000 47
198450 80
197568 147
196830 29
196608 46
196000 124
194481 1
194400 1148
193536 634
192080 14
192000 593
190512 256
189000 404
188160 444
187500 2
186624 540
185220 85
184320 729
183750 10
183708 66
182250 33
181440 1596
180075 1
180000 321
179200 261
178605 12
176400 487
175616 15
175000 12
174960 437
172872 21
172800 1641
172032 145
171500 15
170100 304
169344 439
168750 5
168000 542
166698 20
165888 529
165375 10
164640 146
164025 9
163840 52
163296 469
162000 556
161280 1212
160000 132
158760 376
157500 78
157464 73
156800 182
156250 1
155520 1357
154350 22
153664 5
153600 550
153090 80
151875 1
151200 1224
150528 124
150000 49
148176 89
147456 164
147000 120
145800 360
145152 785
144060 15
144000 836
143360 138
142884 70
141750 56
141120 663
140000 89
139968 338
138915 7
138240 1171
137781 5
137200 45
136080 788
135000 136
134456 2
134400 801
132300 185
131712 67
131250 3
131220 84
131072 8
129654 4
129600 1270
129024 353
128625 4
128000 154
127575 13
127008 333
126000 470
125440 119
125000 3
124416 542
123480 100
122880 306
122500 13
122472 146
121500 127
120960 1426
120050 4
120000 214
119070 66
118125 2
118098 8
117600 291
116640 729
115248 16
115200 1154
114688 28
113400 482
112896 274
112500 13
112000 188
111132 36
110592 353
110250 32
109760 46
109350 41
108864 586
108045 3
108000 633
107520 557
107163 2
105840 469
105000 79
104976 128
103680 1338
102900 34
102400 141
102060 200
101250 19
100800 1038
100352 41
100000 20
99225 17
98784 85
98415 4
98304 55
98000 53
97200 613
96768 550
96040 5
96000 463
95256 148
94500 154
94080 332
93750 1
93312 435
92610 25
92160 707
91875 1
91854 15
91125 2
90720 1067
90000 162
89600 200
88200 215
87808 19
87500 3
87480 211
86436 5
86400 1200
86016 121
85750 2
85050 65
84672 308
84375 1
84000 301
83349 3
82944 479
82320 82
81920 65
81648 274
81000 235
80640 1005
80000 78
79380 149
78750 16
78732 27
78400 107
77760 930
77175 1
76832 3
76800 472
76545 8
75600 702
75264 144
75000 17
74088 51
73728 164
73500 40
72900 130
72576 570
72030 6
72000 540
71680 142
71442 24
70875 10
70560 398
70000 31
69984 207
69120 1042
68600 16
68040 420
67500 62
67228 2
67200 501
66150 44
65856 46
65610 27
65536 9
64827 3
64800 790
64512 331
64000 154
63504 192
63000 206
62720 103
62500 1
62208 455
61740 55
61440 268
61250 1
61236 73
60750 33
60480 1030
60000 113
59535 13
59049 3
58800 174
58320 383
57624 12
57600 901
57344 41
56700 194
56448 219
56250 4
56000 130
55566 12
55296 329
55125 3
54880 19
54675 4
54432 339
54000 339
53760 436
52920 200
52500 21
52488 67
51840 983
51450 9
51200 128
51030 48
50400 539
50176 20
50000 14
49392 74
49152 58
49000 22
48600 278
48384 494
48020 3
48000 299
47628 48
47250 34
47040 242
46656 281
46305 6
46080 630
45927 3
45360 556
45000 69
44800 174
44100 83
43904 15
43750 1
43740 71
43218 3
43200 784
43008 135
42525 9
42336 178
42000 165
41472 451
41160 37
40960 61
40824 126
40500 83
40320 701
40000 47
39690 46
39375 2
39366 2
39200 60
38880 550
38416 2
38400 386
37800 311
37632 108
37500 7
37044 24
36864 161
36750 8
36450 15
36288 404
36000 309
35840 84
35721 2
35280 187
35000 15
34992 109
34560 812
34300 6
34020 138
33750 4
33600 362
33075 7
32928 21
32805 7
32768 15
32400 395
32256 272
32000 107
31752 80
31500 58
31360 73
31250 1
31104 326
30870 11
30720 235
30618 18
30375 3
30240 549
30000 53
29400 62
29160 204
28812 3
28800 588
28672 33
28350 52
28224 125
28125 1
28000 51
27783 3
27648 269
27440 18
27216 183
27000 126
26880 285
26460 74
26250 6
26244 20
25920 610
25600 101
25515 8
25200 311
25088 25
25000 3
24696 19
24576 49
24500 5
24300 74
24192 315
24010 1
24000 162
23814 20
23625 1
23520 143
23328 174
23040 476
22680 238
22500 28
22400 92
22050 13
21952 6
21870 16
21600 448
21504 96
21168 124
21000 70
20736 296
20580 13
20480 56
20412 44
20250 10
20160 477
20000 25
19845 5
19683 1
19600 28
19440 252
19208 2
19200 260
18900 111
18816 65
18750 2
18522 3
18432 152
18375 1
18225 3
18144 218
18000 154
17920 75
17640 91
17500 4
17496 40
17280 522
17150 3
17010 40
16875 1
16800 195
16464 21
16384 13
16200 155
16128 194
16000 56
15876 35
15750 13
15680 34
15552 171
15435 2
15360 203
15309 2
15120 279
15000 25
14700 23
14580 50
14400 321
14336 20
14175 7
14112 82
14000 31
13824 228
13720 11
13608 79
13500 53
13440 212
13230 20
13122 4
12960 323
12800 77
12600 105
12544 25
12500 2
12348 10
12288 60
12250 4
12150 24
12096 193
12000 80
11907 3
11760 48
11664 88
11520 349
11340 68
11250 4
11200 59
11025 4
10976 5
10935 3
10800 209
10752 73
10584 44
10500 18
10368 180
10290 4
10240 41
10206 16
10125 2
10080 271
10000 13
9800 5
9720 112
9600 158
9450 22
9408 40
9375 1
9216 113
9072 93
9000 52
8960 60
8820 36
8750 1
8748 19
8640 320
8575 1
8505 11
8400 82
8232 5
8192 8
8100 43
8064 134
8000 35
7938 4
7875 2
7840 32
7776 113
7680 132
7560 116
7500 2
7350 4
7290 9
7200 164
7168 16
7056 40
7000 9
6912 135
6860 2
6804 26
6750 6
6720 155
6615 2
6480 168
6400 43
6300 46
6272 15
6250 2
6174 1
6144 52
6075 1
6048 116
6000 32
5880 20
5832 31
5760 234
5670 17
5600 27
5488 1
5400 89
5376 50
5292 21
5250 6
5184 104
5120 45
5103 3
5040 112
5000 7
4900 3
4860 36
4800 83
4725 6
4704 19
4608 78
4536 45
4500 12
4480 38
4410 10
4374 4
4320 159
4200 35
4116 1
4096 4
4050 6
4032 85
4000 14
3969 3
3920 11
3888 38
3840 94
3780 36
3750 2
3675 1
3645 1
3600 95
3584 17
3528 15
3500 7
3456 100
3402 10
3375 1
3360 64
3240 56
3200 25
3150 16
3136 8
3087 2
3072 26
3024 50
3000 14
2940 8
2916 14
2880 127
2835 3
2800 15
2744 1
2700 22
2688 27
2646 6
2625 1
2592 62
2560 21
2520 42
2450 1
2430 4
2400 49
2352 11
2304 52
2268 12
2250 1
2240 29
2205 1
2187 1
2160 80
2100 11
2058 1
2048 6
2025 3
2016 39
2000 3
1960 2
1944 21
1920 53
1890 7
1800 29
1792 6
1764 8
1728 48
1701 1
1680 27
1620 22
1600 20
1575 1
1568 3
1536 18
1512 28
1500 5
1458 5
1440 61
1400 8
1350 3
1344 14
1296 30
1280 10
1260 14
1225 2
1200 13
1176 1
1152 28
1134 7
1120 16
1080 25
1050 2
1024 2
1008 19
1000 4
980 3
972 4
960 26
945 1
900 4
896 5
882 1
864 20
840 12
800 4
784 4
768 11
756 4
720 23
672 16
648 6
640 7
630 1
600 12
588 1
576 16
567 1
560 6
540 9
504 11
500 1
486 3
480 17
448 2
432 15
420 4
400 5
392 1
384 7
378 1
360 10
350 1
336 6
324 2
320 4
288 9
280 1
270 2
252 1
240 3
224 4
216 5
210 1
200 1
192 2
189 1
180 4
168 1
162 1
160 2
150 1
144 3
140 1
128 1
126 1
96 2
84 1
80 2
36 1
32 1
