5832000000 1
5670000000 1
5103000000 1
4665600000 1
4536000000 3
4199040000 1
3674160000 1
3645000000 1
3628800000 3
3572100000 1
3402000000 1
3175200000 1
3149280000 1
3110400000 2
3024000000 1
2985984000 1
2952450000 1
2916000000 2
2903040000 3
2893401000 1
2880000000 1
2822400000 1
2799360000 1
2778300000 1
2721600000 1
2700000000 1
2678462640 2
2654208000 1
2624400000 2
2612736000 1
2592000000 2
2571912000 3
2540160000 2
2519424000 1
2488320000 2
2469600000 2
2449440000 3
2430000000 1
2419200000 3
2381400000 2
2380855680 1
2351462400 1
2332800000 3
2322432000 5
2314720800 1
2286144000 1
2268000000 2
2267481600 2
2240000000 4
2239488000 2
2232052200 1
2222640000 4
2204496000 3
2187000000 1
2177280000 3
2125764000 2
2116800000 5
2099520000 1
2090188800 1
2083248720 1
2073600000 2
2064384000 1
2057529600 2
2041200000 3
2032128000 2
2016000000 2
2015539200 1
2000376000 2
1990656000 1
1975680000 3
1968300000 1
1960000000 1
1959552000 10
1935360000 4
1928934000 2
1920800000 1
1905120000 4
1890000000 2
1889568000 3
1881600000 1
1866240000 2
1857945600 2
1852200000 1
1851776640 1
1837080000 3
1828915200 3
1814400000 8
1813985280 1
1806336000 2
1800338400 1
1792000000 1
1778112000 1
1769472000 1
1764000000 6
1763596800 3
1749600000 8
1741824000 3
1736040600 1
1728000000 1
1714608000 5
1700611200 1
1693440000 2
1680000000 2
1679616000 2
1674039150 1
1672151040 1
1666980000 1
1658880000 8
1653372000 5
1646023680 1
1640250000 2
1632960000 10
1620000000 1
1612800000 1
1612431360 1
1607445000 2
1600300800 4
1587600000 1
1587237120 2
1580544000 1
1574640000 3
1568000000 1
1567641600 11
1555848000 2
1555200000 13
1548288000 3
1543147200 4
1536000000 1
1530900000 2
1524096000 7
1512000000 3
1511654400 1
1505280000 1
1504935936 1
1500282000 3
1492992000 6
1488034800 1
1481760000 2
1476225000 1
1470000000 1
1469664000 21
1463132160 1
1458000000 1
1451520000 11
1446700500 1
1440270720 2
1440000000 1
1433600000 3
1433272320 2
1428840000 11
1428513408 1
1422489600 2
1417500000 2
1417176000 2
1415577600 1
1411200000 4
1410877440 4
1400263200 1
1399680000 11
1393459200 3
1382976000 1
1382400000 6
1377810000 4
1376256000 1
1372000000 2
1371686400 6
1360800000 11
1360488960 1
1354752000 6
1350253800 1
1344000000 3
1343692800 3
1339231320 1
1333584000 7
1327104000 5
1323000000 2
1322697600 5
1312200000 5
1306368000 12
1296000000 5
1290240000 9
1285956000 9
1280240640 1
1280000000 1
1275750000 1
1275458400 3
1270080000 13
1264435200 2
1260000000 3
1259712000 7
1254400000 1
1254113280 1
1249949232 1
1244678400 3
1244160000 11
1240029000 1
1234800000 4
1234517760 2
1228800000 3
1225230300 1
1224720000 14
1219276800 8
1215000000 2
1210104000 2
1209600000 16
1209323520 1
1200225600 10
1200000000 1
1194393600 4
1190700000 5
1190427840 1
1185408000 6
1180980000 3
1179648000 1
1175731200 17
1170505728 1
1166886000 2
1166400000 15
1161216000 15
1157360400 4
1156055040 1
1152480000 2
1152216576 1
1152000000 2
1148175000 1
1147912560 2
1143072000 22
1134000000 9
1133740800 7
1128960000 8
1125211500 1
1120210560 3
1120000000 2
1119744000 11
1114767360 4
1111320000 5
1106380800 3
1105920000 5
1102248000 16
1097600000 2
1097349120 2
1093500000 1
1089093600 1
1088640000 39
1083801600 3
1080203040 7
1080000000 5
1075648000 2
1075200000 6
1074954240 5
1071630000 5
1066867200 8
1061683200 4
1058400000 20
1058158080 6
1053696000 1
1050197400 1
1049760000 14
1045094400 15
1037232000 5
1036800000 6
1032192000 4
1028764800 12
1024000000 2
1020600000 12
1020366720 1
1016064000 19
1012690350 1
1008189504 1
1008000000 13
1007769600 13
1004423490 1
1003520000 1
1000188000 3
1000000000 1
995328000 12
992250000 2
992023200 9
990904320 1
987840000 15
987614208 3
984150000 5
983040000 2
980000000 1
979776000 37
975421440 3
972405000 2
972000000 12
967680000 24
964467000 10
960400000 1
960180480 8
960000000 4
955514880 2
952560000 28
948326400 4
945177660 1
945000000 2
944784000 8
940800000 10
940584960 6
937461924 2
933508800 5
933120000 28
928972800 4
926100000 2
925888320 8
921600000 10
918540000 9
914457600 23
911250000 1
907200000 24
906992640 2
903168000 9
900169200 3
900000000 2
896000000 2
895795200 11
893025000 4
891813888 1
889056000 16
885735000 1
884736000 7
882000000 7
881798400 30
880803840 1
877879296 1
875164500 2
874800000 10
871274880 1
870912000 45
868020300 4
867041280 1
864360000 2
864000000 13
860160000 4
857500000 1
857304000 23
850500000 5
850305600 7
846720000 27
846526464 2
842956800 1
840157920 5
840000000 1
839808000 16
836075520 9
833490000 6
829785600 4
829440000 24
826686000 9
825753600 3
823200000 6
823011840 10
816820200 2
816480000 45
812851200 15
810000000 4
806400000 23
806215680 7
803722500 5
800150400 20
797161500 1
796262400 7
793800000 13
793618560 10
790272000 10
787500000 1
787320000 18
784000000 5
783820800 37
777924000 5
777600000 21
774466560 1
774144000 19
771750000 1
771573600 14
768320000 1
768000000 3
765450000 3
762048000 54
758661120 3
756315000 1
756000000 17
755827200 12
754974720 1
752640000 11
752467968 2
750141000 10
746807040 7
746496000 32
744017400 2
743178240 2
740880000 22
740710656 3
738112500 1
737587200 3
737280000 10
735138180 1
735000000 1
734832000 37
731566080 7
729000000 5
726062400 2
725760000 59
723350250 1
722534400 6
720135360 6
720000000 9
716800000 5
716636160 5
714420000 21
714256704 1
711244800 18
708750000 3
708588000 11
707788800 3
705600000 15
705438720 18
702464000 1
700131600 4
699840000 41
696729600 37
694575000 1
694416240 5
691488000 9
691200000 25
688905000 8
688128000 3
686000000 1
685843200 57
680400000 30
680244480 6
677376000 38
675126900 6
675000000 1
672280000 3
672126336 1
672000000 16
671846400 17
668860416 1
666792000 21
663828480 3
663552000 17
661500000 4
661348800 30
658560000 11
658409472 3
656100000 7
655360000 1
653456160 1
653184000 87
650280960 5
648270000 4
648121824 1
648000000 18
645388800 1
645120000 27
644972544 1
642978000 19
642252800 1
640120320 17
640000000 3
637875000 4
637729200 3
635040000 47
634894848 1
632217600 9
630118440 2
630000000 4
629856000 27
629145600 2
627200000 6
627056640 16
625117500 2
624974616 1
622339200 16
622080000 38
620014500 4
619315200 13
617400000 15
617258880 27
614656000 2
614400000 8
612615150 1
612360000 45
609638400 54
607614210 1
607500000 1
606928896 2
605052000 3
604800000 47
604661760 11
602112000 12
600250000 1
600112800 28
597445632 2
597196800 25
595350000 17
595213920 5
594542592 1
592704000 27
590490000 8
589824000 5
588000000 4
587865600 75
585252864 2
583443000 5
583200000 39
580608000 73
578680200 16
578027520 1
576240000 4
576108288 3
576000000 13
574087500 3
573956280 1
573440000 6
573308928 1
571536000 73
568995840 10
567000000 25
566870400 11
564480000 39
564350976 5
562605750 2
561971200 3
560105280 11
560000000 1
559872000 56
557383680 20
555660000 24
555532992 3
553190400 10
552960000 36
551250000 2
551124000 33
550502400 3
548800000 6
548674560 37
546750000 4
544546800 6
544320000 112
544195584 3
541900800 33
540101520 11
540000000 5
537824000 1
537600000 18
537477120 23
535815000 14
535692528 2
533433600 60
531441000 2
530841600 13
529200000 36
529079040 15
526848000 10
525098700 5
525000000 2
524880000 28
524288000 1
522764928 1
522547200 72
520812180 3
520224768 2
518616000 13
518400000 42
516311040 1
516096000 23
514500000 4
514382400 61
512096256 4
512000000 4
510300000 26
510183360 3
508032000 99
505774080 5
504210000 1
504094752 5
504000000 31
503884800 37
502211745 1
501760000 7
501645312 3
500094000 28
500000000 1
497871360 7
497664000 59
496125000 2
496011600 14
495452160 2
493920000 33
493807104 3
492075000 2
491724800 1
491520000 14
490000000 1
489888000 112
487710720 23
486202500 3
486091368 1
486000000 16
484041600 4
483840000 91
483729408 1
482233500 9
481689600 11
480200000 3
480090240 22
480000000 5
477757440 12
476280000 74
476171136 2
474163200 35
472588830 1
472500000 4
472392000 34
471859200 1
470400000 24
470292480 39
466754400 21
466560000 93
465010875 1
464486400 46
463050000 8
462944160 19
462422016 2
460992000 9
460800000 25
459270000 32
459165024 3
458752000 3
457228800 115
455196672 5
453789000 2
453600000 67
453496320 11
451772160 1
451584000 52
450084600 16
450000000 2
448084224 6
448000000 13
447897600 44
446512500 1
446410440 4
445906944 3
444528000 66
442867500 2
442552320 11
442368000 24
441000000 11
440899200 87
439040000 12
438939648 10
437582250 3
437400000 30
435637440 4
435456000 155
433520640 13
432180000 10
432081216 6
432000000 30
430259200 3
430080000 21
429981696 2
428750000 1
428652000 78
426746880 34
425250000 10
425152800 15
424673280 1
423536400 2
423360000 90
423263232 8
421478400 6
420078960 8
420000000 11
419904000 89
418037760 31
416745000 9
416649744 3
414892800 18
414720000 72
413343000 15
412876800 25
411600000 13
411505920 57
409600000 3
408410100 1
408240000 113
408146688 1
406425600 87
405076140 4
405000000 8
404619264 1
403368000 1
403200000 68
403107840 31
401861250 2
401408000 6
400075200 72
400000000 1
398297088 4
398131200 47
396900000 34
396809280 22
396361728 2
395136000 52
393750000 1
393660000 26
393216000 2
392000000 5
391910400 137
390168576 5
388962000 14
388800000 89
387233280 3
387072000 91
385875000 2
385786800 31
385351680 2
384160000 3
384072192 10
384000000 12
382725000 15
382637520 3
381024000 131
379330560 13
378157500 2
378071064 3
378000000 34
377913600 53
377487360 1
376476800 1
376320000 54
376233984 8
375070500 12
373403520 16
373248000 115
372008700 5
371589120 22
370440000 53
370355328 10
368793600 3
368640000 39
367500000 3
367416000 115
367001600 1
365783040 70
364500000 6
363031200 8
362880000 187
362797056 4
361675125 1
361267200 31
360150000 1
360067680 32
360000000 12
358400000 18
358318080 24
357210000 65
357128352 1
355622400 97
354375000 1
354294000 15
354041856 1
353894400 11
352947000 1
352800000 61
352719360 60
351232000 7
350065800 10
350000000 1
349920000 103
348509952 4
348364800 121
347287500 3
347208120 11
346816512 2
345744000 26
345600000 73
344452500 7
344064000 24
343000000 5
342921600 116
341397504 4
340200000 83
340122240 12
339738624 1
338829120 1
338688000 156
337563450 4
337500000 2
337182720 3
336063168 5
336000000 27
335923200 89
334430208 4
333396000 72
331914240 12
331776000 80
330750000 15
330674400 44
330301440 7
329280000 15
329204736 17
328050000 15
327680000 8
326728080 1
326592000 279
325140480 42
324135000 8
324060912 1
324000000 49
322694400 5
322560000 117
322486272 9
321489000 33
321126400 3
320060160 56
320000000 5
318864600 7
318504960 15
317520000 156
317447424 11
316240512 1
316108800 47
315059220 2
315000000 8
314928000 66
314572800 2
313600000 12
313528320 76
312558750 4
312487308 2
311169600 28
311040000 159
310007250 4
309786624 1
309657600 56
308700000 21
308629440 61
307328000 6
307200000 23
306307575 1
306180000 102
306110016 1
304946208 3
304819200 180
303750000 4
303464448 2
302526000 5
302400000 122
302330880 25
301056000 34
300056400 54
300000000 4
298722816 8
298598400 102
297675000 9
297606960 13
297271296 2
296352000 106
295245000 11
295034880 6
294912000 27
294055272 1
294000000 14
293932800 186
292626432 16
291721500 9
291600000 74
290424960 13
290304000 243
289340100 12
289013760 12
288120000 6
288054144 8
288000000 40
287043750 1
286720000 14
286654464 4
285768000 172
284497920 54
283553298 1
283500000 39
283435200 37
283115520 2
282357600 1
282240000 124
282175488 12
280985600 2
280052640 22
280000000 7
279936000 171
278691840 62
277830000 30
277766496 6
276595200 30
276480000 98
275562000 62
275251200 9
274400000 19
274337280 105
273375000 4
272273400 4
272160000 248
272097792 3
270950400 117
270112500 1
270050760 19
270000000 13
268912000 3
268800000 55
268738560 52
267907500 9
266716800 123
265720500 5
265531392 3
265420800 43
264600000 70
264539520 85
264241152 1
263533760 1
263424000 36
262549350 2
262500000 1
262440000 83
262144000 5
261382464 1
261273600 254
260406090 4
260112384 9
259308000 37
259200000 120
258048000 96
257250000 3
257191200 122
256901120 1
256048128 25
256000000 8
255150000 38
255091680 9
254803968 2
254121840 5
254016000 326
252887040 27
252047376 4
252000000 46
251942400 105
250880000 21
250822656 27
250047000 42
248935680 33
248832000 188
248062500 2
248005800 24
247726080 22
247062900 1
246960000 54
246903552 22
246037500 4
245862400 3
245760000 17
245000000 5
244944000 264
243855360 111
243045684 1
243000000 35
242020800 9
241920000 243
241864704 15
241116750 5
240844800 24
240100000 4
240045120 57
240000000 14
238878720 33
238140000 112
238085568 8
237081600 91
236294415 1
236250000 6
236196000 47
235929600 19
235298000 1
235200000 59
235146240 145
233377200 36
233280000 230
232243200 186
231525000 14
231472080 38
231211008 5
230496000 17
230400000 73
229635000 32
229376000 10
228614400 294
227598336 12
226894500 2
226800000 162
226748160 43
225886080 1
225792000 151
225042300 22
225000000 4
224042112 6
224000000 16
223948800 176
223256250 2
223205220 5
222953472 9
222264000 133
221276160 15
221184000 71
220541454 1
220500000 13
220449600 170
220200960 2
219520000 27
219469824 33
218791125 1
218700000 44
217818720 7
217728000 441
217005075 1
216760320 50
216090000 15
216040608 9
216000000 60
215129600 6
215040000 81
214990848 9
214326000 120
213373440 85
212625000 9
212576400 14
212336640 19
211768200 2
211680000 224
211631616 38
210739200 34
210039480 15
210000000 10
209952000 180
209018880 146
208372500 17
208324872 5
207446400 61
207360000 213
206671500 19
206438400 56
205800000 24
205752960 130
204800000 12
204205050 1
204120000 240
204073344 3
203297472 1
203212800 277
202538070 6
202500000 11
202309632 3
201684000 10
201600000 139
201553920 67
200884698 1
200704000 25
200037600 114
200000000 2
199148544 10
199065600 113
198450000 49
198404640 42
198180864 1
197568000 117
196875000 1
196830000 39
196689920 2
196608000 12
196036848 3
196000000 13
195955200 370
195084288 23
194481000 14
194400000 123
193616640 6
193536000 251
192893400 52
192675840 4
192080000 11
192036096 24
192000000 37
191362500 8
191318760 1
191102976 12
190512000 332
189665280 61
189078750 1
189035532 1
189000000 56
188956800 91
188743680 1
188238400 1
188160000 90
188116992 38
187535250 5
186701760 60
186624000 307
186004350 8
185794560 73
185220000 71
185177664 25
184396800 25
184320000 94
183750000 2
183708000 179
183500800 6
182891520 188
182250000 14
181515600 11
181440000 415
181398528 9
180633600 98
180075000 1
180033840 41
180000000 18
179200000 30
179159040 88
178605000 59
178564176 3
177811200 188
177147000 17
177020928 4
176947200 47
176400000 119
176359680 144
175616000 26
175032900 16
175000000 1
174960000 217
174254976 7
174182400 392
173643750 1
173604060 9
173408256 9
172872000 52
172800000 158
172226250 1
172103680 1
172032000 70
171500000 5
171460800 274
170698752 26
170100000 121
170061120 28
169869312 2
169414560 1
169344000 384
168781725 1
168750000 3
168591360 8
168070000 1
168031584 16
168000000 45
167961600 231
167215104 36
166698000 96
165957120 31
165888000 204
165375000 8
165337200 77
165150720 21
164708600 1
164640000 56
164602368 51
164025000 12
163840000 11
163364040 11
163296000 557
162570240 135
162067500 4
162030456 6
162000000 55
161347200 8
161280000 257
161243136 15
160744500 35
160563200 14
160030080 130
160000000 4
159468750 1
159432300 3
159252480 40
158760000 266
158723712 24
158054400 109
157529610 5
157500000 19
157464000 141
157286400 5
156800000 39
156764160 237
156279375 1
156243654 1
155584800 59
155520000 330
154893312 3
154828800 209
154350000 27
154314720 107
154140672 3
153664000 16
153600000 59
153090000 136
153055008 3
152409600 472
151875000 2
151732224 15
151263000 5
151200000 226
151165440 95
150590720 1
150528000 112
150028200 68
150000000 2
149361408 16
149299200 249
148837500 11
148803480 15
148635648 13
148176000 206
147622500 5
147517440 7
147456000 82
147027636 1
147000000 16
146966400 350
146800640 1
146313216 52
145860750 4
145800000 121
145212480 17
145152000 608
144670050 6
144506880 38
144060000 14
144027072 30
144000000 65
143360000 51
143327232 13
142943535 1
142884000 281
142248960 133
141750000 30
141717600 66
141557760 17
141178800 2
141120000 277
141087744 74
140492800 13
140026320 35
140000000 14
139968000 390
139345920 194
138915000 38
138883248 13
138297600 60
138240000 253
137781000 76
137625600 27
137200000 19
137168640 269
136687500 2
136136700 5
136080000 436
136048896 12
135475200 297
135056250 1
135025380 23
135000000 13
134873088 3
134456000 9
134400000 137
134369280 128
133953750 9
133923132 4
133358400 247
132860250 1
132765696 7
132710400 142
132300000 108
132269760 129
132120576 1
131712000 101
131274675 2
131250000 2
131220000 114
131072000 9
130691232 6
130636800 635
130056192 21
129654000 29
129600000 221
129077760 2
129024000 249
128625000 1
128595600 144
128450560 3
128024064 42
128000000 14
127575000 44
127545840 12
127401984 4
127060920 4
127008000 556
126443520 60
126052500 2
126023688 4
126000000 62
125971200 220
125829120 3
125440000 54
125411328 68
125023500 36
124467840 69
124416000 422
124002900 30
123863040 84
123480000 108
123451776 51
122931200 14
122880000 61
122523030 2
122500000 3
122472000 491
121927680 300
121550625 1
121522842 1
121500000 47
121010400 14
120960000 531
120932352 26
120558375 2
120422400 67
120050000 2
120022560 103
120000000 18
119574225 1
119439360 93
119070000 149
119042784 14
118540800 248
118125000 6
118098000 53
118013952 2
117964800 30
117600000 86
117573120 328
116688600 41
116640000 367
116169984 8
116121600 492
115762500 7
115736040 47
115605504 9
115248000 41
115200000 164
114817500 20
114791256 2
114688000 38
114354828 1
114307200 559
113799168 37
113447250 1
113400000 223
113374080 67
113246208 2
112943040 1
112896000 357
112521150 19
112500000 2
112394240 11
112021056 12
112000000 28
111974400 342
111602610 5
111476736 35
111132000 242
110638080 32
110592000 211
110250000 23
110224800 245
110100480 8
109760000 34
109734912 85
109350000 34
108909360 21
108864000 834
108380160 134
108045000 26
108020304 28
108000000 99
107564800 3
107520000 189
107495424 36
107163000 126
106686720 224
106312500 3
106288200 19
106168320 51
105884100 2
105840000 392
105815808 64
105369600 73
105043750 1
105019740 8
105000000 15
104976000 322
104857600 3
104509440 348
104186250 9
104162436 3
103723200 93
103680000 431
103335750 13
103262208 4
103219200 153
102900000 25
102876480 247
102400000 28
102060000 324
102036672 7
101648736 2
101606400 611
101250000 7
101154816 12
100842000 10
100800000 249
100776960 158
100352000 61
100018800 166
100000000 4
99574272 18
99532800 350
99225000 45
99202320 58
99090432 6
98784000 214
98415000 33
98344960 6
98304000 42
98018424 4
98000000 19
97977600 744
97542144 66
97240500 25
97200000 238
96808320 20
96768000 692
96468750 1
96446700 51
96337920 25
96040000 29
96018048 53
96000000 60
95681250 7
95659380 3
95551488 27
95295690 1
95256000 597
94832640 139
94517766 2
94500000 67
94478400 169
94371840 6
94080000 209
94058496 110
93767625 1
93350880 83
93312000 650
92897280 227
92610000 117
92588832 42
92198400 36
92160000 203
91875000 2
91854000 259
91750400 8
91445760 445
91125000 6
90757800 15
90720000 707
90699264 32
90316800 261
90016920 55
90000000 24
89915392 1
89600000 64
89579520 209
89302500 50
89282088 4
88942644 2
88905600 347
88573500 9
88510464 3
88473600 141
88200000 144
88179840 267
88080384 3
87808000 53
87516450 11
87500000 2
87480000 254
87127488 15
87091200 849
86821875 1
86802030 12
86704128 27
86436000 53
86400000 260
86113125 1
86093442 1
86051840 4
86016000 176
85750000 5
85730400 403
85349376 62
85050000 105
85030560 44
84934656 9
84707280 5
84672000 681
84375000 1
84295680 39
84035000 2
84015792 18
84000000 77
83980800 452
83886080 1
83607552 95
83349000 108
82978560 73
82944000 483
82687500 6
82668600 90
82575360 69
82320000 113
82301184 123
82012500 6
81920000 32
81682020 8
81648000 836
81285120 341
81033750 4
81015228 10
81000000 90
80673600 12
80640000 513
80621568 47
80372250 16
80281600 38
80015040 208
80000000 12
79716150 5
79626240 130
79413075 1
79380000 316
79361856 50
79027200 242
78764805 3
78750000 12
78732000 185
78675968 2
78643200 18
78400000 69
78382080 529
77792400 99
77760000 570
77446656 8
77414400 441
77175000 16
77157360 122
77070336 6
76832000 28
76800000 85
76545000 101
76527504 3
76236552 1
76204800 805
75866112 42
75631500 8
75600000 337
75582720 165
75295360 3
75264000 251
75014100 45
75000000 2
74680704 37
74649600 547
74418750 2
74401740 19
74317824 57
74118870 1
74088000 295
73758720 19
73728000 177
73513818 1
73500000 31
73483200 562
73400320 5
73156608 130
72930375 2
72900000 143
72606240 23
72576000 1205
72335025 4
72253440 135
72030000 21
72013536 45
72000000 120
71680000 89
71663616 52
71442000 336
71124480 283
70875000 27
70858800 73
70778880 42
70589400 3
70560000 410
70543872 111
70246400 40
70013160 44
70000000 13
69984000 627
69672960 515
69457500 26
69441624 24
69148800 100
69120000 483
68890500 62
68841472 2
68812800 78
68600000 22
68584320 456
68343750 2
68068350 9
68040000 651
68024448 23
67737600 692
67528125 1
67512690 10
67500000 21
67436544 7
67228000 3
67200000 189
67184640 276
66961566 2
66679200 323
66382848 30
66355200 356
66150000 94
66134880 172
66060288 2
65856000 172
65610000 109
65536000 11
65345616 6
65318400 1244
65028096 87
64827000 41
64800000 358
64538880 8
64512000 562
64312500 3
64297800 175
64225280 13
64012032 96
64000000 38
63787500 26
63772920 14
63700992 23
63530460 1
63504000 863
63221760 124
63011844 11
63000000 107
62985600 336
62914560 8
62720000 112
62705664 163
62511750 21
62233920 102
62208000 861
62001450 8
61931520 211
61740000 147
61725888 91
61465600 27
61440000 119
61261515 1
61250000 1
61236000 578
60963840 605
60750000 37
60505200 26
60480000 850
60466176 67
60236288 1
60211200 143
60025000 4
60011280 157
60000000 20
59719680 276
59535000 134
59521392 20
59270400 435
59062500 2
59049000 65
59006976 4
58982400 86
58800000 143
58786560 541
58720256 1
58344300 45
58320000 512
58084992 9
58060800 1063
57881250 3
57868020 51
57802752 20
57624000 45
57600000 267
57408750 10
57344000 58
57177414 2
57153600 768
56899584 82
56700000 235
56687040 111
56623104 11
56471520 5
56448000 652
56260575 2
56197120 14
56010528 40
56000000 47
55987200 706
55801305 1
55738368 107
55566000 209
55319040 87
55296000 521
55125000 11
55112400 248
55050240 24
54880000 62
54867456 157
54675000 37
54454680 22
54432000 1420
54190080 322
54022500 9
54010152 18
54000000 131
53782400 10
53760000 313
53747712 75
53581500 89
53343360 356
53156250 2
53144100 11
53084160 122
52942050 1
52920000 508
52907904 117
52706752 1
52684800 162
52509870 18
52500000 24
52488000 429
52428800 4
52254720 806
52093125 2
52081218 6
51861600 136
51840000 745
51667875 3
51631104 4
51609600 370
51450000 23
51438240 335
51380224 1
51200000 44
51030000 349
51018336 9
50824368 3
50803200 1124
50625000 3
50577408 35
50421000 5
50400000 389
50388480 312
50176000 116
50009400 191
50000000 2
49787136 49
49766400 685
49612500 26
49601160 69
49545216 25
49392000 345
49207500 21
49172480 14
49152000 98
49009212 4
49000000 33
48988800 1097
48771072 172
48620250 15
48600000 277
48404160 34
48384000 1208
48223350 35
48168960 68
48020000 18
48009024 83
48000000 64
47775744 58
47647845 1
47628000 696
47416320 308
47258883 2
47250000 59
47239200 176
47185920 29
47059600 3
47040000 305
47029248 185
46675440 89
46656000 1022
46448640 478
46305000 95
46294416 48
46099200 69
46080000 350
45937500 3
45927000 172
45875200 31
45722880 804
45562500 3
45378900 12
45360000 992
45349632 48
45177216 1
45158400 543
45008460 50
45000000 27
44800000 106
44789760 434
44651250 20
44641044 5
44452800 527
44286750 8
44255232 23
44236800 287
44100000 166
44089920 441
44040192 4
43904000 77
43750000 1
43740000 252
43563744 10
43545600 1737
43401015 4
43352064 78
43218000 60
43200000 450
43046721 1
43025920 6
43008000 319
42875000 5
42865200 444
42674688 136
42525000 91
42515280 48
42467328 21
42353640 3
42336000 1107
42147840 83
42017500 1
42007896 26
42000000 96
41990400 704
41803776 178
41674500 88
41489280 128
41472000 982
41343750 4
41334300 78
41287680 141
41177150 1
41160000 129
41150592 176
41006250 3
40960000 38
40841010 2
40824000 1148
40642560 671
40507614 4
40500000 88
40336800 13
40320000 837
40310784 95
40140800 82
40007520 303
40000000 18
39813120 321
39690000 310
39680928 47
39530064 1
39513600 416
39375000 14
39366000 173
39337984 3
39321600 44
39200000 88
39191040 931
38896200 90
38880000 821
38723328 8
38707200 954
38587500 17
38578680 143
38535168 13
38416000 33
38400000 166
38272500 73
38263752 5
38118276 3
38102400 1218
37933056 56
37815750 2
37800000 407
37791360 213
37748736 6
37647680 1
37632000 389
37507050 36
37500000 4
37340352 50
37324800 1022
37209375 1
37200870 10
37158912 91
37059435 1
37044000 363
36905625 1
36879360 60
36864000 322
36756909 1
36750000 29
36741600 655
36700160 13
36578304 266
36450000 122
36303120 28
36288000 1842
36126720 257
36015000 17
36006768 55
36000000 144
35840000 125
35831808 93
35721000 288
35562240 436
35437500 10
35429400 65
35389440 124
35294700 1
35280000 560
35271936 197
35123200 70
35006580 36
35000000 10
34992000 840
34836480 987
34728750 13
34720812 9
34574400 128
34560000 739
34445250 27
34420736 2
34406400 217
34300000 26
34292160 654
34034175 1
34020000 646
34012224 22
33882912 3
33868800 1175
33756345 4
33750000 12
33718272 13
33614000 6
33600000 297
33592320 480
33339600 347
33191424 42
33177600 709
33075000 81
33067440 197
33030144 21
32941720 1
32928000 244
32812500 1
32805000 58
32768000 35
32672808 4
32659200 1839
32514048 133
32413500 37
32400000 446
32269440 15
32256000 998
32156250 1
32148900 125
32112640 25
32006016 158
32000000 45
31893750 6
31886460 7
31850496 73
31765230 5
31752000 1098
31610880 237
31505922 4
31500000 91
31492800 423
31457280 8
31360000 156
31352832 311
31255875 2
31116960 153
31104000 1381
31000725 2
30965760 434
30870000 127
30862944 108
30732800 29
30720000 201
30625000 2
30618000 592
30481920 1086
30375000 23
30252600 16
30240000 1177
30233088 91
30105600 308
30012500 1
30005640 147
30000000 28
29859840 566
29767500 75
29760696 24
29635200 599
29531250 1
29524500 29
29503488 12
29491200 194
29400000 136
29393280 770
29172150 24
29160000 589
29042496 14
29030400 1838
28934010 26
28901376 49
28812000 58
28800000 402
28704375 3
28672000 105
28576800 855
28449792 148
28350000 231
28343520 101
28311552 8
28235760 2
28224000 938
28125000 1
28098560 23
28005264 45
28000000 45
27993600 1191
27869184 203
27783000 203
27659520 133
27648000 800
27562500 11
27556200 252
27525120 60
27440000 84
27433728 291
27337500 26
27227340 21
27216000 1882
27095040 599
27011250 3
27005076 21
27000000 133
26891200 6
26880000 539
26873856 141
26790750 35
26671680 480
26572050 4
26542080 303
26471025 1
26460000 472
26453952 117
26342400 260
26254935 3
26250000 10
26244000 449
26214400 11
26127360 1306
25930800 131
25920000 1085
25815552 11
25804800 677
25725000 24
25719120 370
25690112 4
25600000 67
25515000 227
25509168 16
25412184 1
25401600 1670
25312500 3
25288704 48
25210500 7
25200000 472
25194240 458
25165824 1
25088000 160
25004700 108
25000000 2
24893568 74
24883200 1292
24806250 7
24800580 55
24772608 79
24706290 1
24696000 438
24603750 7
24586240 23
24576000 176
24504606 1
24500000 29
24494400 1444
24385536 298
24310125 4
24300000 261
24202080 37
24192000 1956
24111675 4
24084480 104
24010000 14
24004512 138
24000000 96
23887872 111
23814000 601
23708160 468
23625000 32
23619600 203
23592960 75
23529800 2
23520000 389
23514624 335
23337720 96
23328000 1322
23224320 937
23152500 44
23147208 47
23049600 103
23040000 637
22968750 1
22963500 131
22937600 73
22861440 1053
22781250 1
22689450 5
22680000 1094
22674816 56
22588608 1
22579200 945
22504230 34
22500000 20
22478848 4
22400000 148
22394880 740
22325625 2
22320522 2
22226400 539
22143375 1
22127616 36
22118400 626
22050000 117
22044960 489
22020096 4
21952000 118
21870000 237
21781872 12
21772800 2490
21676032 130
21609000 63
21600000 494
21512960 5
21504000 586
21437500 3
21432600 351
21337344 214
21262500 46
21257640 42
21233664 44
21176820 6
21168000 1311
21073920 127
21003948 13
21000000 112
20995200 881
20971520 5
20901888 397
20837250 34
20744640 161
20736000 1563
20671875 1
20667150 14
20643840 273
20580000 110
20575296 234
20480000 66
20412000 1203
20321280 1140
20253807 3
20250000 61
20168400 14
20160000 1070
20155392 174
20070400 112
20003760 300
20000000 11
19906560 548
19845000 266
19840464 44
19756800 531
19687500 2
19683000 125
19668992 2
19660800 108
19600000 96
19595520 1350
19448100 53
19440000 998
19361664 16
19353600 1681
19293750 6
19289340 99
19267584 22
19208000 39
19200000 251
19136250 34
19131876 2
19051200 1572
18966528 134
18907875 1
18900000 352
18895680 288
18874368 4
18823840 1
18816000 625
18753525 10
18750000 1
18670176 71
18662400 1613
18600435 4
18579456 203
18522000 315
18439680 89
18432000 623
18375000 24
18370800 650
18350080 15
18289152 414
18225000 70
18151560 26
18144000 2398
18063360 480
18007500 13
18003384 63
18000000 160
17920000 188
17915904 158
17860500 196
17781120 646
17718750 10
17714700 42
17694720 213
17647350 1
17640000 605
17635968 278
17561600 103
17503290 21
17500000 16
17496000 948
17418240 1583
17364375 3
17360406 6
17287200 173
17280000 1144
17210368 4
17203200 345
17150000 23
17146080 678
17010000 603
17006112 41
16941456 5
16934400 1650
16875000 9
16859136 26
16807000 2
16800000 355
16796160 762
16777216 2
16669800 281
16595712 67
16588800 1219
16537500 41
16533720 155
16515072 50
16464000 299
16402500 34
16384000 53
16336404 6
16329600 2185
16257024 315
16206750 15
16200000 421
16134720 25
16128000 1461
16074450 45
16056320 42
16003008 177
16000000 44
15946875 2
15943230 5
15925248 96
15876000 1116
15805440 388
15752961 3
15750000 68
15746400 431
15728640 35
15680000 208
15676416 477
15558480 153
15552000 1828
15482880 748
15435000 102
15431472 122
15366400 37
15360000 367
15312500 2
15309000 392
15240960 1460
15187500 7
15126300 17
15120000 1326
15116544 134
15052800 495
15002820 91
15000000 23
14929920 910
14883750 28
14880348 20
14817600 754
14762250 15
14751744 20
14745600 378
14700000 124
14696640 943
14680064 5
14586075 3
14580000 530
14521248 21
14515200 2683
14467005 7
14450688 86
14406000 64
14400000 483
14336000 183
14288400 875
14224896 215
14175000 134
14171760 94
14155776 38
14117880 4
14112000 1220
14049280 52
14002632 38
14000000 48
13996800 1437
13934592 347
13891500 140
13829760 134
13824000 1375
13781250 4
13778100 131
13762560 135
13720000 82
13716864 414
13668750 7
13613670 15
13608000 1983
13547520 1020
13502538 11
13500000 108
13445600 12
13440000 644
13436928 232
13395375 5
13335840 464
13271040 517
13230000 382
13226976 145
13171200 420
13125000 5
13122000 368
13107200 22
13063680 1933
12965400 102
12960000 1231
12907776 7
12902400 1170
12862500 7
12859560 282
12845056 5
12800000 80
12757500 110
12754584 6
12700800 2034
12644352 106
12605250 4
12600000 449
12597120 526
12544000 218
12502350 51
12500000 4
12446784 99
12441600 1889
12403125 1
12400290 22
12386304 155
12348000 390
12301875 4
12293120 29
12288000 323
12252303 1
12250000 11
12247200 1349
12192768 510
12150000 187
12101040 26
12096000 2412
12042240 199
12005000 8
12002256 123
12000000 109
11943936 197
11907000 476
11854080 637
11812500 11
11809800 132
11796480 119
11760000 384
11757312 429
11668860 60
11664000 1485
11612160 1589
11576250 19
11573604 31
11524800 129
11520000 850
11481750 44
11468800 96
11430720 1178
11344725 1
11340000 949
11337408 73
11294304 3
11289600 1292
11252115 9
11250000 19
11239424 14
11200000 155
11197440 1056
11113200 492
11063808 53
11059200 1006
11025000 87
11022480 414
11010048 26
10976000 151
10935000 142
10890936 13
10886400 3075
10838016 254
10804500 38
10800000 517
10756480 13
10752000 825
10716300 241
10668672 286
10631250 14
10628820 22
10616832 97
10588410 1
10584000 1411
10536960 194
10501974 4
10500000 67
10497600 897
10485760 7
10450944 602
10418625 7
10372320 166
10368000 2152
10333575 7
10321920 465
10290000 100
10287648 252
10240000 126
10206000 968
10160640 1522
10125000 36
10084200 11
10080000 1271
10077696 222
10035200 186
10001880 244
10000000 10
9953280 987
9922500 131
9920232 47
9878400 638
9843750 1
9841500 61
9834496 6
9830400 171
9800000 84
9797760 1604
9724050 24
9720000 919
9680832 18
9676800 2419
9644670 40
9633792 39
9604000 37
9600000 278
9568125 4
9525600 1439
9483264 206
9450000 285
9447840 265
9437184 23
9411920 3
9408000 759
9375000 3
9335088 58
9331200 2025
9289728 343
9261000 249
9219840 86
9216000 922
9187500 6
9185400 463
9175040 32
9144576 521
9112500 23
9075780 21
9072000 2686
9031680 706
9003750 3
9001692 33
9000000 152
8960000 268
8957952 327
8930250 60
8890560 709
8859375 1
8857350 10
8847360 430
8820000 523
8817984 267
8780800 124
8751645 5
8750000 12
8748000 784
8709120 2186
8680203 1
8643600 141
8640000 1322
8605184 5
8601600 561
8575000 11
8573040 578
8505000 368
8503056 25
8470728 1
8467200 2027
8437500 3
8429568 46
8403500 3
8400000 340
8398080 947
8388608 3
8334900 169
8297856 90
8294400 1860
8268750 13
8266860 82
8257536 83
8235430 2
8232000 300
8201250 17
8192000 82
8168202 2
8164800 2312
8128512 438
8103375 5
8100000 329
8067360 23
8064000 1923
8037225 15
8028160 65
8001504 199
8000000 48
7971615 1
7962624 199
7938000 884
7902720 487
7875000 54
7873200 348
7864320 63
7840000 204
7838208 602
7779240 91
7776000 2079
7741440 1204
7717500 53
7715736 86
7683200 67
7680000 453
7656250 1
7654500 192
7620480 1708
7593750 2
7563150 7
7560000 1325
7558272 154
7529536 1
7526400 739
7501410 35
7500000 23
7464960 1309
7441875 4
7440174 9
7408800 653
7381125 4
7375872 28
7372800 631
7350000 86
7348320 898
7340032 5
7290000 405
7260624 11
7257600 3403
7225344 160
7203000 36
7200000 500
7168000 296
7144200 620
7112448 288
7087500 72
7085880 65
7077888 85
7058940 2
7056000 1284
7024640 60
7001316 30
7000000 34
6998400 1568
6967296 609
6945750 42
6914880 147
6912000 1873
6889050 43
6881280 211
6860000 68
6858432 469
6834375 1
6806835 3
6804000 1742
6773760 1391
6751269 6
6750000 57
6722800 12
6720000 788
6718464 348
6667920 464
6635520 912
6615000 268
6613488 126
6585600 433
6562500 2
6561000 218
6553600 37
6531840 2241
6482700 82
6480000 1291
6453888 12
6451200 1708
6431250 4
6429780 185
6422528 8
6400000 108
6378750 29
6377292 8
6353046 1
6350400 1989
6322176 145
6300000 334
6298560 550
6291456 6
6272000 293
6251175 10
6223392 97
6220800 2437
6200145 1
6193152 228
6174000 314
6146560 43
6144000 460
6125000 3
6123600 1005
6096384 667
6075000 92
6050520 22
6048000 2790
6021120 383
6002500 8
6001128 104
6000000 90
5971968 321
5953500 245
5927040 712
5906250 4
5904900 67
5898240 227
5880000 417
5878656 471
5834430 20
5832000 1447
5806080 2121
5788125 2
5786802 11
5762400 96
5760000 1050
5740875 6
5734400 173
5715360 1105
5670000 699
5668704 62
5647152 1
5644800 1590
5625000 6
5619712 13
5600000 139
5598720 1291
5556600 335
5531904 47
5529600 1459
5512500 46
5511240 291
5505024 30
5488000 144
5467500 78
5445468 12
5443200 3302
5419008 385
5402250 19
5400000 449
5378240 8
5376000 1003
5358150 66
5334336 268
5315625 1
5314410 5
5308416 187
5292000 1163
5268480 240
5250000 48
5248800 810
5242880 16
5225472 761
5186160 152
5184000 2361
5160960 777
5145000 52
5143824 214
5120000 155
5103000 576
5080320 1830
5062500 8
5042100 12
5040000 1230
5038848 301
5017600 224
5000940 139
5000000 14
4976640 1431
4961250 41
4960116 32
4939200 582
4920750 28
4917248 17
4915200 288
4900000 59
4898880 1600
4862025 6
4860000 768
4840416 25
4838400 3148
4822335 5
4816896 85
4802000 24
4800000 307
4762800 1140
4741632 254
4725000 166
4723920 190
4718592 33
4704000 816
4667544 57
4665600 2257
4644864 502
4630500 110
4609920 99
4608000 1305
4593750 1
4592700 241
4587520 70
4572288 598
4556250 12
4537890 12
4536000 2437
4515840 991
4501875 1
4500846 26
4500000 101
4480000 289
4478976 427
4465125 15
4445280 704
4428675 3
4423680 673
4410000 360
4408992 265
4390400 146
4375000 1
4374000 574
4354560 2692
4321800 90
4320000 1375
4302592 3
4300800 793
4287500 3
4286520 449
4252500 145
4251528 18
4235364 2
4233600 2150
4214784 78
4201750 2
4200000 267
4199040 973
4194304 2
4167450 67
4148928 109
4147200 2386
4134375 3
4133430 37
4128768 152
4116000 225
4096000 142
4082400 2047
4064256 645
4050000 210
4033680 21
4032000 2162
4014080 91
4000752 153
4000000 57
3981312 324
3969000 519
3951360 513
3937500 21
3936600 229
3932160 91
3920000 202
3919104 700
3889620 65
3888000 1984
3870720 1695
3858750 29
3857868 60
3841600 47
3840000 530
3827250 67
3810240 1581
3781575 4
3780000 976
3779136 149
3764768 1
3763200 801
3750705 9
3750000 8
3732480 1645
3720087 4
3704400 501
3687936 40
3686400 947
3675000 40
3674160 703
3670016 15
3645000 220
3630312 11
3628800 3664
3612672 233
3601500 20
3600000 438
3584000 326
3572100 288
3556224 315
3543750 13
3542940 52
3538944 102
3529470 3
3528000 1127
3515625 1
3512320 86
3500658 11
3500000 34
3499200 1417
3483648 856
3472875 8
3457440 123
3456000 2247
3444525 10
3440640 328
3430000 36
3429216 357
3402000 1243
3386880 1677
3375000 37
3361400 5
3360000 788
3359232 400
3333960 326
3317760 1254
3307500 107
3306744 78
3292800 419
3280500 115
3276800 58
3265920 2276
3241350 30
3240000 1136
3226944 9
3225600 2041
3215625 1
3214890 76
3211264 14
3200000 121
3189375 2
3188646 2
3175200 1717
3161088 191
3150000 234
3149280 498
3145728 17
3136000 326
3111696 75
3110400 2855
3096576 400
3087000 196
3073280 41
3072000 565
3062500 6
3061800 672
3048192 749
3037500 46
3025260 11
3024000 2628
3010560 469
3001250 1
3000564 47
3000000 84
2985984 500
2976750 85
2963520 678
2953125 1
2952450 25
2949120 329
2941225 1
2940000 286
2939328 492
2917215 5
2916000 1126
2903040 2751
2893401 2
2881200 82
2880000 1137
2867200 183
2857680 893
2835000 405
2834352 65
2822400 1662
2812500 3
2809856 20
2800000 134
2799360 1468
2778300 178
2765952 73
2764800 1935
2756250 14
2755620 152
2752512 60
2744000 115
2733750 13
2722734 3
2721600 2911
2709504 494
2701125 7
2700000 373
2689120 6
2688000 1187
2679075 14
2667168 288
2654208 297
2646000 848
2634240 325
2625000 21
2624400 614
2621440 19
2612736 925
2593080 112
2592000 2399
2580480 1023
2572500 17
2571912 146
2560000 171
2551500 275
2540160 1922
2531250 4
2521050 1
2520000 1033
2519424 295
2508800 262
2500470 58
2500000 7
2488320 1804
2480625 8
2480058 14
2469600 539
2460375 6
2458624 16
2457600 395
2450000 37
2449440 1366
2430000 524
2420208 27
2419200 3470
2408448 97
2401000 13
2400000 291
2381400 705
2370816 288
2362500 64
2361960 140
2359296 57
2352980 3
2352000 725
2333772 23
2332800 2318
2322432 712
2315250 36
2304960 107
2304000 1447
2296350 72
2293760 87
2286144 582
2278125 1
2268945 1
2268000 1823
2257920 1135
2250423 6
2250000 57
2240000 298
2239488 553
2222640 433
2211840 916
2205000 205
2204496 209
2195200 164
2187500 3
2187000 334
2177280 2942
2160900 43
2160000 1194
2151296 8
2150400 966
2143750 2
2143260 257
2126250 45
2125764 10
2116800 1908
2107392 87
2100000 189
2099520 873
2097152 1
2083725 15
2074464 84
2073600 2657
2066715 5
2064384 210
2058000 174
2048000 167
2041200 1382
2032128 745
2025000 103
2016840 17
2016000 2161
2007040 108
2000376 117
2000000 32
1990656 461
1984500 249
1975680 555
1968750 5
1968300 99
1966080 142
1960000 150
1959552 706
1944810 39
1944000 1737
1935360 2048
1929375 5
1928934 24
1920800 35
1920000 583
1913625 15
1905120 1299
1890000 611
1889568 124
1882384 1
1881600 883
1875000 5
1866240 1890
1852200 331
1843968 52
1843200 1153
1837500 25
1837080 402
1835008 15
1822500 81
1815156 7
1814400 3468
1806336 248
1800750 6
1800000 363
1792000 353
1786050 113
1778112 284
1771875 5
1771470 7
1769472 167
1764735 3
1764000 804
1756160 90
1750329 1
1750000 19
1749600 1166
1741824 973
1728720 123
1728000 2188
1720320 421
1715000 31
1714608 292
1701000 701
1693440 1732
1687500 20
1680700 2
1680000 673
1679616 411
1666980 156
1658880 1553
1653750 44
1653372 46
1646400 363
1640625 1
1640250 26
1638400 84
1632960 2057
1620675 5
1620000 744
1613472 7
1612800 2304
1607445 15
1605632 25
1600000 122
1594323 2
1587600 1168
1580544 201
1575000 130
1574640 358
1572864 23
1568000 286
1555848 54
1555200 2696
1548288 495
1543500 104
1536640 39
1536000 660
1531250 1
1530900 342
1524096 746
1518750 13
1512630 6
1512000 2098
1505280 524
1500282 19
1500000 62
1492992 554
1488375 16
1481760 549
1476225 6
1474560 512
1470000 204
1469664 398
1458000 686
1451520 2926
1440600 45
1440000 959
1433600 241
1428840 544
1417500 161
1417176 41
1411200 1562
1406250 1
1404928 17
1400000 97
1399680 1409
1389150 53
1382976 65
1382400 2260
1378125 3
1377810 51
1376256 75
1372000 86
1366875 3
1361367 1
1360800 2211
1354752 593
1350000 191
1344560 7
1344000 1087
1333584 202
1327104 380
1323000 488
1317120 314
1312500 12
1312200 313
1310720 33
1306368 962
1296540 52
1296000 2147
1290240 1248
1286250 12
1285956 69
1280000 189
1275750 83
1270080 1669
1265625 1
1260525 1
1260000 728
1259712 245
1254400 302
1250235 10
1250000 6
1244160 1968
1234800 391
1229312 12
1228800 505
1225000 25
1224720 890
1215000 239
1210104 6
1209600 3348
1204224 118
1200500 4
1200000 274
1190700 350
1185408 274
1181250 16
1180980 59
1179648 95
1176000 604
1166886 7
1166400 1780
1161216 830
1157625 7
1152480 65
1152000 1509
1148175 21
1146880 114
1143072 462
1134000 1166
1128960 1222
1125000 22
1120000 248
1119744 517
1111320 278
1105920 1093
1102500 102
1102248 107
1097600 110
1093750 1
1093500 138
1088640 2790
1080450 16
1080000 928
1075648 4
1075200 1084
1071630 61
1063125 9
1062882 5
1058400 1386
1053696 106
1050000 99
1049760 684
1037232 48
1036800 2767
1032192 307
1029000 92
1024000 183
1020600 765
1016064 720
1012500 45
1008420 8
1008000 1865
1003520 130
1000188 58
1000000 24
995328 543
992250 88
987840 493
984150 28
983040 206
980000 106
979776 691
972405 5
972000 1233
967680 2291
964467 6
960400 30
960000 549
952560 902
945000 307
944784 79
940800 828
937500 3
933120 1853
926100 160
921984 35
921600 1352
918750 8
918540 176
917504 20
911250 23
907578 6
907200 2769
903168 368
900375 1
900000 222
896000 386
893025 22
889056 247
885735 1
884736 264
882000 583
878080 71
875000 4
874800 712
870912 1044
864360 66
864000 2000
860160 516
857500 11
857304 210
850500 302
846720 1517
843750 3
840000 516
839808 410
833490 48
829440 1779
826875 8
826686 12
823200 259
820125 3
819200 131
816480 1544
810000 441
806736 7
806400 2270
802816 36
800000 103
793800 641
790272 203
787500 37
787320 227
786432 33
784000 239
781250 1
777924 16
777600 2368
774144 593
771750 36
768320 37
768000 710
765450 85
762048 618
756315 2
756000 1491
752640 530
750141 4
750000 35
746496 638
740880 358
737280 619
735000 117
734832 281
729000 348
725760 2711
720300 22
720000 808
716800 312
714420 264
708750 50
708588 16
705600 1237
702464 33
700000 81
699840 1083
694575 11
691488 49
691200 2290
688905 10
688128 129
686000 54
680400 1475
677376 593
675000 96
672280 3
672000 1008
666792 107
663552 487
661500 197
658560 314
656250 5
656100 175
655360 30
653184 893
648270 27
648000 1623
645120 1507
643125 1
642978 29
640000 171
637875 13
635040 1242
630000 412
629856 181
627200 254
625000 4
622080 2029
617400 197
614656 6
614400 550
612500 10
612360 491
607500 73
605052 2
604800 2803
602112 150
600250 6
600000 174
595350 105
592704 242
590625 2
590490 17
589824 121
588000 422
583443 3
583200 1229
580608 932
576240 51
576000 1446
573440 128
571536 297
567000 582
564480 1131
562500 8
560000 190
559872 519
555660 131
552960 1292
551250 15
551124 39
548800 103
546750 28
544320 2037
540225 1
540000 576
537824 1
537600 1176
535815 15
529200 841
526848 82
525000 57
524880 423
524288 8
518616 42
518400 2520
516096 350
514500 38
512000 220
510300 320
508032 637
506250 9
504210 1
504000 1385
501760 136
500094 25
500000 16
497664 655
496125 10
493920 320
492075 3
491520 223
490000 47
489888 484
486000 691
483840 2286
480200 6
480000 459
476280 514
472500 128
472392 62
470400 705
466560 1583
463050 51
460992 34
460800 1327
459375 1
459270 79
458752 15
455625 3
453789 2
453600 1990
451584 346
450000 124
448000 373
444528 157
442368 314
441000 276
439040 74
437500 5
437400 330
435456 926
432180 20
432000 1611
430080 616
428750 5
428652 97
425250 94
423360 1224
420175 1
420000 324
419904 303
416745 13
414720 1905
413343 2
411600 165
409600 142
408240 975
405000 219
403368 3
403200 1971
401408 31
400000 75
396900 280
395136 199
393750 10
393660 90
393216 34
392000 190
388962 7
388800 1742
387072 674
385875 2
384160 19
384000 697
382725 19
381024 444
378000 882
376320 507
375000 18
373248 593
370440 205
368640 675
367500 33
367416 157
364500 125
362880 2350
360150 9
360000 542
358400 282
357210 79
354375 6
354294 4
352800 834
351232 24
350000 28
349920 744
345744 25
345600 2110
344064 111
343000 21
340200 719
338688 572
337500 38
336140 2
336000 814
333396 57
331776 545
330750 56
329280 202
328050 25
327680 59
326592 687
324135 4
324000 1044
322560 1367
321489 7
320000 156
317520 752
315000 198
314928 111
313600 202
311040 1781
308700 82
307328 10
307200 621
306180 203
303750 27
302526 3
302400 2075
301056 158
300000 105
297675 14
296352 166
295245 1
294912 148
294000 230
291600 718
290304 905
288120 28
288000 1134
286720 128
285768 148
283500 223
282240 919
280000 121
279936 407
277830 43
276480 1364
275562 18
274400 72
273375 2
272160 1410
270000 296
268912 4
268800 981
264600 433
263424 98
262500 25
262440 199
262144 9
259308 8
259200 1912
258048 371
257250 8
256000 199
255150 87
254016 486
253125 1
252000 846
250880 165
250047 5
250000 7
248832 648
246960 194
245760 249
245000 16
244944 330
243000 339
241920 1986
240100 11
240000 351
238140 228
236250 33
236196 24
235200 517
233280 1178
231525 9
230496 18
230400 1268
229635 7
229376 23
226800 1103
225792 331
225000 49
224000 246
222264 79
221184 324
220500 108
219520 77
218700 147
217728 841
216090 9
216000 1145
215040 585
214326 25
212625 5
211680 797
210000 189
209952 209
207360 1753
205800 72
204800 133
204120 492
202500 60
201684 3
201600 1612
200704 36
200000 42
198450 83
197568 127
196875 1
196830 21
196608 55
196000 99
194481 2
194400 1087
193536 685
192080 16
192000 630
190512 253
189000 432
188160 436
187500 4
186624 569
185220 97
184320 753
183750 10
183708 52
182250 48
181440 1651
180075 1
180000 330
179200 285
178605 9
176400 449
175616 27
175000 17
174960 429
172872 14
172800 1661
172032 153
171500 15
170100 273
169344 436
168750 6
168000 566
166698 15
165888 506
165375 11
164640 133
164025 7
163840 50
163296 464
162000 526
161280 1229
160000 112
158760 385
157500 66
157464 52
156800 181
155520 1437
154350 20
153664 7
153600 584
153090 54
151875 3
151200 1291
150528 144
150000 58
148176 108
147456 170
147000 110
145800 344
145152 763
144060 10
144000 826
143360 129
142884 82
141750 54
141120 617
140000 78
139968 333
138915 4
138240 1244
137200 39
136080 792
135000 128
134456 1
134400 847
132300 162
131712 64
131250 6
131220 75
131072 11
129654 8
129600 1350
129024 350
128625 1
128000 147
127575 14
127008 351
126000 459
125440 113
125000 5
124416 572
123480 97
122880 294
122500 12
122472 150
121500 115
120960 1426
120050 4
120000 226
119070 72
118125 3
118098 3
117600 326
116640 692
115248 5
115200 1128
114688 40
113400 553
112896 269
112500 10
112000 196
111132 32
110592 372
110250 29
109760 49
109350 24
108864 539
108045 2
108000 661
107520 559
107163 11
105840 503
105000 78
104976 129
103680 1277
102900 28
102400 141
102060 187
101250 8
100800 1093
100352 30
100000 21
99225 6
98784 98
98415 3
98304 57
98000 68
97200 568
96768 577
96040 9
96000 436
95256 140
94500 143
94080 357
93750 1
93312 423
92610 25
92160 677
91875 1
91854 25
91125 4
90720 1088
90000 163
89600 202
88200 227
87808 21
87500 4
87480 183
86436 5
86400 1201
86016 158
85750 4
85050 79
84672 308
84375 1
84000 346
83349 5
82944 500
82320 86
81920 84
81648 275
81000 218
80640 953
80000 71
79380 152
78750 19
78732 23
78400 133
77760 896
77175 1
76832 1
76800 501
76545 12
75600 680
75264 133
75000 12
74088 42
73728 174
73500 41
72900 127
72576 608
72030 4
72000 536
71680 135
71442 18
70875 5
70560 395
70000 33
69984 216
69120 1072
68600 21
68040 372
67500 31
67200 540
66150 66
65856 60
65625 1
65610 20
65536 19
64800 782
64512 363
64000 127
63504 173
63000 211
62720 102
62500 1
62208 432
61740 47
61440 273
61250 2
61236 44
60750 24
60480 963
60000 105
59535 5
59049 1
58800 187
58320 422
57624 4
57600 814
57344 33
56700 185
56448 232
56250 7
56000 126
55566 16
55296 323
55125 3
54880 36
54675 6
54432 364
54000 328
53760 439
52920 216
52500 25
52488 53
51840 937
51450 9
51200 101
51030 46
50625 2
50400 606
50176 33
50000 13
49392 45
49152 80
49000 29
48600 238
48384 457
48020 2
48000 347
47628 59
47250 30
47040 208
46656 287
46305 3
46080 607
45927 2
45360 569
45000 66
44800 159
44100 70
43904 8
43740 63
43218 5
43200 755
43008 120
42525 7
42336 197
42000 181
41472 410
41160 39
40960 65
40824 119
40500 76
40320 709
40000 40
39690 35
39375 4
39366 9
39200 67
38880 543
38416 3
38400 400
37800 323
37632 114
37500 6
37044 18
36864 162
36750 7
36450 34
36288 378
36015 1
36000 329
35840 117
35721 2
35280 207
35000 14
34992 106
34560 742
34300 4
34020 143
33750 12
33600 365
33075 3
32928 41
32805 3
32768 10
32400 415
32256 269
32000 93
31752 94
31500 70
31360 67
31250 1
31104 333
30870 9
30720 238
30618 18
30375 1
30240 582
30000 56
29400 72
29160 172
28812 3
28800 531
28672 31
28350 52
28224 125
28125 1
28000 73
27648 256
27440 14
27216 189
27000 126
26880 305
26460 57
26250 2
26244 24
25920 633
25600 90
25515 5
25200 318
25088 23
25000 2
24696 38
24576 47
24500 8
24300 84
24192 329
24010 1
24000 188
23814 19
23625 1
23520 147
23328 160
23040 449
22680 251
22500 27
22400 116
22050 25
21952 8
21870 17
21600 462
21504 110
21168 107
21000 60
20736 267
20580 17
20480 63
20412 52
20250 9
20160 439
20000 15
19845 12
19600 28
19440 254
19208 3
19200 261
18900 104
18816 63
18750 1
18522 2
18432 146
18225 2
18144 235
18000 135
17920 79
17640 88
17500 5
17496 34
17280 519
17150 2
17010 30
16875 1
16800 200
16464 13
16384 8
16200 157
16128 225
16000 65
15876 27
15750 17
15680 40
15552 178
15435 1
15360 199
15120 312
15000 19
14700 40
14580 56
14406 1
14400 316
14336 23
14175 3
14112 66
14000 23
13824 212
13720 4
13608 75
13500 45
13440 193
13230 21
13122 3
12960 360
12800 91
12600 116
12544 19
12500 1
12348 9
12288 54
12250 4
12150 27
12096 228
12000 96
11907 3
11760 66
11664 92
11520 319
11340 70
11250 4
11200 61
11025 2
10976 3
10935 1
10800 188
10752 62
10584 35
10500 17
10368 181
10290 3
10240 46
10206 10
10125 1
10080 270
10000 12
9800 14
9720 121
9600 140
9450 18
9408 54
9216 122
9072 110
9000 63
8960 55
8820 35
8750 5
8748 13
8640 290
8505 5
8400 91
8232 9
8192 13
8100 48
8064 120
8000 49
7938 16
7875 1
7840 31
7776 103
7680 145
7560 144
7500 5
7350 9
7290 12
7203 1
7200 165
7168 13
7056 36
7000 20
6912 137
6860 1
6804 24
6750 3
6720 140
6615 5
6561 2
6480 146
6400 47
6300 43
6272 19
6174 3
6144 36
6075 2
6048 112
6000 44
5880 30
5832 35
5760 223
5670 25
5625 1
5600 21
5488 2
5400 81
5376 54
5292 13
5250 8
5184 115
5145 1
5120 39
5040 106
5000 3
4900 5
4860 32
4800 87
4725 3
4704 27
4608 86
4536 50
4500 13
4480 42
4410 4
4374 4
4320 175
4200 32
4116 2
4096 7
4050 12
4032 82
4000 18
3969 2
3920 14
3888 60
3840 83
3780 41
3750 3
3645 3
3600 67
3584 15
3528 23
3500 2
3456 94
3402 6
3375 1
3360 61
3240 56
3200 30
3150 11
3136 10
3072 28
3024 46
3000 18
2940 8
2916 8
2880 111
2835 1
2800 9
2744 1
2700 18
2688 35
2625 2
2592 68
2560 15
2520 51
2500 3
2430 8
2400 55
2352 13
2304 50
2268 20
2250 4
2240 18
2205 1
2187 1
2160 83
2100 16
2048 8
2025 1
2016 44
2000 6
1960 3
1944 16
1920 50
1890 10
1800 30
1792 14
1764 9
1750 1
1728 47
1680 33
1620 12
1600 16
1568 6
1536 14
1512 26
1500 7
1470 1
1458 2
1440 42
1400 6
1350 4
1344 23
1296 34
1280 19
1260 25
1215 1
1200 16
1176 3
1152 27
1134 2
1125 1
1120 9
1080 33
1050 3
1024 3
1008 23
1000 2
980 2
972 8
960 30
945 2
900 7
896 6
882 2
864 31
840 14
810 5
800 11
784 1
768 14
756 8
720 28
675 1
672 12
648 10
640 14
630 1
600 6
588 1
576 23
560 4
540 4
512 6
504 7
486 2
480 13
450 1
448 4
432 10
420 2
400 3
384 5
378 1
360 11
336 4
324 4
320 5
300 5
288 10
252 2
250 1
240 9
224 2
216 5
210 2
200 1
192 5
180 4
168 1
160 2
144 2
140 1
128 1
120 1
108 2
96 2
84 1
80 1
72 3
63 1
48 2
30 1
4 1
