6480000000 1
5670000000 1
5040000000 1
4723920000 1
4199040000 1
3936600000 1
3888000000 1
3732480000 1
3686400000 1
3674160000 1
3499200000 1
3456000000 1
3359232000 3
3306744000 1
3265920000 2
3225600000 2
3175200000 1
3149280000 2
3061800000 2
2916000000 1
2903040000 3
2799360000 1
2755620000 2
2721600000 1
2687385600 1
2645395200 1
2624400000 2
2612736000 1
2592000000 2
2550916800 1
2540160000 2
2519424000 1
2508800000 1
2488320000 1
2449440000 2
2419200000 3
2388787200 1
2381400000 1
2361960000 1
2359296000 1
2351462400 2
2332800000 2
2322432000 2
2304000000 1
2286144000 1
2268000000 3
2267481600 2
2257920000 1
2222640000 2
2204496000 3
2187000000 1
2177280000 2
2125764000 1
2116800000 1
2116316160 1
2099520000 6
2073600000 2
2066715000 1
2057529600 4
2048000000 1
2041200000 2
2032128000 2
2016000000 2
2015539200 2
2000376000 2
1984500000 1
1984046400 1
1975680000 2
1959552000 7
1944810000 1
1944000000 1
1935360000 1
1928934000 2
1905120000 3
1889568000 2
1881600000 3
1881169920 1
1866240000 3
1852200000 1
1851776640 1
1837080000 3
1828915200 3
1814400000 3
1806336000 1
1791590400 3
1786050000 2
1785641760 2
1778112000 2
1771470000 1
1769472000 1
1764000000 3
1763596800 5
1749600000 5
1741824000 3
1736040600 1
1728000000 3
1721868840 1
1714608000 5
1700611200 2
1693440000 5
1680000000 1
1679616000 3
1658880000 7
1653372000 1
1646023680 1
1632960000 11
1625702400 1
1620304560 1
1612800000 4
1600300800 4
1592524800 1
1587600000 9
1587237120 1
1580544000 1
1574640000 3
1567641600 5
1555848000 2
1555200000 5
1548288000 1
1543500000 1
1543147200 1
1530900000 2
1524096000 12
1512000000 3
1511654400 3
1500282000 1
1492992000 6
1488034800 1
1481760000 7
1469664000 11
1463132160 3
1458000000 3
1451520000 11
1446700500 1
1445068800 1
1440000000 2
1434890700 1
1428840000 6
1428513408 1
1422489600 1
1417176000 4
1411200000 5
1410877440 2
1400263200 1
1399680000 12
1393459200 3
1389150000 4
1382400000 7
1377810000 3
1376256000 1
1372000000 2
1371686400 13
1360800000 12
1360488960 2
1354752000 4
1344000000 2
1343692800 6
1333584000 7
1327104000 6
1323000000 2
1322697600 12
1312200000 8
1310720000 2
1306368000 13
1300561920 1
1296000000 4
1290240000 3
1285956000 9
1280240640 1
1275750000 2
1270080000 24
1269789696 1
1260236880 1
1260000000 4
1259712000 7
1254400000 2
1254113280 1
1250235000 2
1244678400 1
1244160000 10
1240029000 1
1238630400 2
1234800000 5
1234517760 1
1229312000 1
1228800000 1
1224720000 15
1219276800 9
1215228420 1
1215000000 1
1209600000 10
1209323520 2
1200225600 3
1200000000 2
1194393600 2
1190700000 1
1190427840 2
1185408000 6
1179648000 2
1176000000 2
1175731200 6
1170505728 1
1166886000 1
1166400000 8
1161216000 20
1157360400 6
1152000000 2
1148175000 1
1146880000 1
1143072000 16
1137991680 5
1134000000 8
1133740800 4
1132462080 1
1128960000 10
1128701952 1
1125211500 2
1120210560 1
1120000000 2
1119744000 11
1114767360 1
1111320000 8
1106380800 3
1105920000 7
1102500000 1
1102248000 8
1101004800 1
1097349120 6
1089093600 1
1088640000 37
1083801600 8
1080450000 1
1080203040 1
1080000000 3
1075200000 3
1074954240 2
1071630000 6
1066867200 10
1062882000 2
1061683200 2
1058400000 9
1058158080 4
1053696000 3
1050197400 1
1050000000 1
1049760000 19
1045094400 14
1037232000 5
1036800000 15
1032192000 7
1029000000 2
1028764800 13
1020600000 10
1016064000 18
1008000000 10
1007769600 10
1003520000 1
1000188000 11
995328000 10
992250000 2
992023200 9
987840000 14
987614208 1
983040000 3
980184240 1
980000000 1
979776000 31
975421440 5
972405000 1
972000000 9
968083200 1
967680000 21
967458816 2
964467000 4
963379200 1
960180480 3
960000000 3
955514880 2
952560000 17
952342272 2
948326400 4
945177660 1
945000000 3
944784000 13
940800000 7
940584960 7
937461924 1
933508800 4
933120000 27
928972800 12
926100000 3
925888320 7
921600000 2
918540000 10
917504000 2
914457600 22
907578000 1
907200000 28
906992640 2
903168000 17
900169200 7
896000000 2
895795200 9
893025000 4
892820880 1
889056000 15
885104640 1
884736000 9
882000000 1
881798400 14
878080000 3
877879296 3
875164500 1
874800000 11
871274880 1
870912000 32
868020300 2
867041280 2
864360000 2
864162432 1
864000000 13
860518400 1
860160000 10
857500000 1
857304000 24
853493760 7
850500000 3
850305600 6
847072800 2
846720000 28
842956800 2
840157920 1
840000000 4
839808000 25
836075520 7
833490000 5
833299488 1
829785600 3
829440000 22
826686000 9
825753600 1
823200000 1
823011840 8
820125000 2
816820200 2
816480000 38
812851200 19
810152280 2
810000000 1
806400000 16
806215680 3
803722500 2
800150400 28
796262400 5
793800000 21
793618560 5
790272000 13
787500000 1
787320000 25
786759680 1
786432000 1
784000000 4
783820800 45
780337152 2
777924000 6
777600000 23
774144000 22
771750000 4
771573600 22
768320000 3
768144384 2
768000000 6
765450000 3
762365520 1
762048000 38
758661120 4
756142128 2
756000000 14
755827200 17
752640000 17
752467968 6
750141000 7
750000000 1
746807040 2
746496000 24
744017400 7
743178240 4
740880000 16
740710656 2
737587200 3
737280000 8
735000000 2
734832000 41
731566080 12
729000000 3
726062400 1
725760000 62
725594112 1
723350250 1
722534400 5
720300000 1
720135360 9
720000000 3
716800000 8
716636160 7
714420000 21
711244800 24
708750000 1
708588000 6
707788800 1
705600000 17
705438720 16
702464000 2
700131600 7
700000000 4
699840000 40
696729600 27
694575000 1
694416240 5
693633024 2
691488000 10
691200000 26
688905000 2
688128000 4
686000000 2
685843200 32
682795008 3
680683500 1
680400000 38
680244480 4
677658240 1
677376000 41
675126900 1
675000000 2
674365440 1
672280000 2
672126336 2
672000000 12
671846400 23
669615660 2
666792000 19
663828480 2
663552000 27
661500000 6
661348800 29
660602880 1
658560000 5
658409472 3
656100000 13
655360000 2
653456160 3
653184000 79
650280960 8
648270000 3
648000000 15
645388800 2
645120000 18
644972544 1
642978000 14
642252800 2
640120320 12
640000000 3
637875000 1
637729200 3
635040000 63
634894848 4
632217600 11
630118440 1
630000000 3
629856000 29
629145600 1
627200000 11
627056640 16
625117500 4
624974616 1
622339200 11
622080000 45
620014500 1
619315200 15
617400000 12
617258880 23
614656000 5
614400000 2
612360000 51
609638400 41
607500000 3
606928896 1
604800000 52
604661760 5
602654094 1
602112000 13
600112800 18
597445632 1
597196800 31
595350000 15
595213920 10
592704000 30
590490000 6
589824000 4
588000000 10
587865600 63
585252864 3
583443000 9
583200000 41
580608000 80
578680200 11
578027520 4
576240000 1
576108288 2
576000000 15
574087500 1
573956280 1
573440000 6
573308928 1
571774140 1
571536000 71
568995840 13
567000000 15
566870400 14
564480000 47
564350976 7
562605750 3
561971200 2
560105280 1
560000000 6
559872000 67
558013050 2
557383680 8
555660000 23
553190400 7
552960000 27
551250000 4
551124000 39
550502400 3
548800000 8
548674560 34
544546800 4
544320000 103
544195584 3
541900800 33
540225000 1
540101520 8
540000000 6
537824000 3
537600000 19
537477120 13
535815000 6
533433600 46
531441000 1
531062784 1
530841600 4
529200000 46
529079040 24
526848000 11
525098700 5
524880000 42
522547200 73
520812180 3
520224768 2
518616000 17
518400000 57
516560652 1
516311040 1
516096000 21
514500000 2
514382400 55
512096256 7
512000000 4
510300000 30
510183360 3
508032000 109
505774080 1
504210000 1
504094752 3
504000000 15
503884800 39
501760000 13
501645312 5
500094000 31
497871360 4
497664000 66
496125000 1
496011600 19
495452160 6
493920000 23
493807104 7
492075000 1
491724800 2
491520000 7
490092120 5
490000000 3
489888000 135
487710720 32
486202500 1
486091368 1
486000000 23
484041600 3
483840000 97
483729408 7
482233500 3
481689600 11
480200000 3
480090240 22
480000000 4
477757440 11
476280000 83
476171136 3
474360768 1
474163200 22
472500000 6
472392000 26
472055808 1
471859200 2
470400000 23
470292480 56
466754400 16
466560000 64
464486400 41
463050000 10
462944160 19
462422016 1
460992000 8
460800000 26
459270000 35
458752000 3
457228800 117
455625000 2
455196672 4
453600000 69
453496320 18
451584000 60
450084600 11
450000000 1
449576960 2
448084224 3
448000000 8
447897600 49
446410440 6
445906944 3
444713220 1
444528000 62
442867500 1
442552320 5
442368000 19
441000000 17
440899200 89
440401920 1
439040000 6
438939648 5
437582250 1
437400000 31
435637440 9
435456000 148
434010150 5
433520640 15
432180000 6
432081216 4
432000000 26
430080000 26
429981696 2
428652000 81
426746880 31
425250000 11
425152800 5
424673280 4
423536400 1
423360000 92
423263232 9
421478400 8
420078960 9
420000000 5
419904000 101
418037760 46
416745000 18
416649744 1
414892800 11
414720000 70
413343000 17
412876800 19
411600000 13
411505920 50
409600000 2
408410100 3
408240000 126
408146688 2
406425600 99
405076140 1
405000000 6
403200000 72
403107840 18
401408000 7
400075200 61
400000000 1
398297088 1
398131200 28
396900000 49
396809280 24
396361728 1
395136000 49
393660000 23
393379840 1
393216000 6
392000000 5
391910400 140
390168576 7
388962000 9
388800000 79
387233280 1
387072000 87
385786800 37
385351680 1
384160000 3
384072192 6
384000000 13
382725000 8
382637520 3
382205952 1
381182760 1
381024000 167
379330560 21
378157500 1
378071064 1
378000000 48
377913600 47
376320000 44
376233984 10
375070500 7
373403520 19
373248000 120
372008700 4
371589120 24
370440000 44
370355328 5
369056250 1
368793600 9
368640000 36
367569090 2
367500000 1
367416000 116
367001600 3
365783040 63
364500000 11
363031200 8
362880000 205
362797056 2
361267200 30
360067680 24
360000000 10
358400000 16
358318080 22
357210000 47
357128352 5
355622400 76
354375000 2
354294000 16
354041856 1
353894400 11
352947000 1
352800000 54
352719360 65
351232000 5
350065800 16
350000000 2
349920000 93
348509952 2
348364800 150
347287500 3
347208120 4
346816512 3
345744000 28
345600000 80
344452500 3
344373768 1
344064000 17
342921600 139
341397504 11
340341750 1
340200000 96
340122240 17
339738624 2
338829120 2
338688000 164
337563450 4
337500000 2
337182720 2
336140000 2
336063168 7
336000000 19
335923200 101
334807830 1
334430208 9
333396000 58
331914240 13
331776000 78
330750000 10
330674400 61
330301440 7
329280000 29
329204736 23
328050000 10
327680000 2
326728080 2
326592000 244
325140480 42
324135000 9
324060912 6
324000000 32
322694400 4
322560000 114
322486272 7
321489000 40
321126400 5
320060160 49
320000000 4
318864600 5
318504960 13
317520000 139
317447424 15
316108800 47
315059220 6
315000000 11
314928000 78
314572800 1
313600000 21
313528320 70
312558750 2
312487308 1
311169600 42
311040000 154
310007250 3
309786624 1
309657600 50
308700000 17
308629440 55
307328000 12
307200000 22
306180000 88
306110016 3
304946208 1
304819200 188
303750000 1
303464448 3
302526000 3
302400000 138
302330880 42
301181440 2
301056000 39
300056400 65
300000000 2
298722816 14
298598400 83
297675000 16
297606960 16
297271296 4
296352000 99
295245000 5
295034880 2
294912000 25
294122500 1
294055272 2
294000000 24
293932800 154
292626432 29
291721500 8
291600000 67
290424960 4
290304000 254
289340100 17
289013760 15
288120000 6
288054144 10
288000000 32
287043750 2
286978140 3
286720000 17
286654464 1
285768000 174
284497920 41
283500000 23
283435200 26
283115520 7
282240000 129
282175488 13
281302875 2
280985600 2
280052640 30
280000000 10
279936000 161
278691840 57
277830000 39
277766496 13
276595200 24
276480000 102
275625000 1
275562000 56
275251200 7
274400000 11
274337280 122
273375000 4
272273400 4
272160000 248
272097792 8
270950400 96
270050760 14
270000000 16
268912000 3
268800000 55
268738560 39
267907500 12
267846264 3
266716800 116
265720500 1
265531392 3
265420800 40
264600000 83
264539520 87
264241152 1
263424000 34
262549350 5
262440000 68
262144000 3
261382464 3
261273600 270
260112384 9
259308000 30
259200000 109
258155520 3
258048000 104
257191200 118
256901120 1
256048128 18
256000000 3
255150000 29
255091680 8
254803968 1
254016000 267
252887040 16
252047376 6
252000000 69
251942400 104
251658240 1
250880000 31
250822656 12
250047000 48
248935680 39
248832000 181
248005800 28
247726080 23
246960000 68
246903552 26
246037500 3
245862400 5
245760000 15
245046060 3
245000000 6
244944000 255
243855360 109
243101250 1
243045684 1
243000000 33
242020800 9
241920000 250
241864704 8
241116750 9
240844800 27
240100000 3
240045120 70
240000000 12
239148450 1
238878720 42
238140000 119
238085568 14
237081600 107
236250000 6
236196000 43
235929600 9
235298000 1
235200000 63
235146240 127
233377200 25
233280000 203
232339968 2
232243200 186
231525000 6
231472080 40
230496000 27
230400000 77
229635000 34
229582512 1
229376000 13
228614400 259
227598336 12
226894500 6
226800000 167
226748160 30
226492416 1
225886080 1
225792000 182
225042300 14
225000000 1
224788480 1
224042112 14
224000000 22
223948800 174
223256250 2
223205220 2
222953472 11
222264000 135
221276160 14
221184000 80
220541454 2
220500000 21
220449600 162
220200960 5
219520000 26
219469824 25
218700000 49
217818720 10
217728000 441
216760320 44
216090000 14
216040608 8
216000000 79
215129600 2
215040000 71
214990848 17
214375000 1
214326000 105
213373440 91
212625000 10
212576400 26
212336640 20
211768200 1
211680000 233
211631616 30
210739200 25
210039480 13
210000000 10
209952000 191
209018880 139
208372500 11
208324872 3
207446400 64
207360000 216
206671500 16
206438400 63
205800000 20
205752960 128
205520896 1
204800000 8
204205050 2
204120000 214
204073344 9
203297472 2
203212800 274
202538070 7
202500000 10
202309632 1
201684000 6
201600000 157
201553920 71
200704000 33
200037600 123
200000000 2
199148544 7
199065600 110
198450000 50
198404640 45
198180864 4
197650320 2
197568000 140
196830000 25
196689920 2
196608000 13
196036848 2
196000000 18
195955200 375
195084288 29
194481000 16
194400000 142
193616640 7
193536000 273
192937500 1
192893400 55
192675840 13
192080000 8
192036096 34
192000000 25
191362500 14
191318760 7
191102976 4
190512000 317
189665280 67
189035532 2
189000000 61
188956800 105
188743680 6
188238400 2
188160000 99
188116992 40
187535250 5
186701760 37
186624000 307
186004350 5
185794560 75
185220000 66
185177664 24
184396800 25
184320000 96
183784545 1
183750000 1
183708000 179
183500800 4
182891520 203
182250000 17
181515600 12
181440000 439
181398528 9
180633600 126
180075000 3
180033840 46
180000000 21
179830784 2
179200000 33
179159040 91
178605000 48
178564176 5
177811200 227
177147000 11
177020928 4
176947200 53
176400000 112
176359680 183
176160768 2
175616000 30
175032900 20
175000000 1
174960000 184
174254976 8
174182400 379
173643750 1
173604060 11
173408256 7
172872000 50
172800000 177
172226250 5
172103680 4
172032000 69
171532242 1
171500000 2
171460800 256
170698752 28
170100000 111
170061120 36
169414560 4
169344000 329
168781725 2
168750000 2
168591360 17
168031584 13
168000000 64
167961600 205
167772160 1
167215104 31
166698000 97
165957120 37
165888000 233
165375000 13
165337200 94
165150720 23
164640000 58
164602368 60
164025000 16
163840000 11
163364040 4
163296000 557
162570240 172
162067500 8
162030456 6
162000000 77
161347200 11
161280000 254
161243136 15
160744500 39
160563200 9
160030080 129
160000000 8
159432300 1
159252480 54
158826150 1
158760000 251
158723712 29
158054400 131
157529610 5
157500000 17
157464000 149
157286400 8
156800000 31
156764160 247
156279375 3
156243654 2
155584800 64
155520000 317
155003625 1
154828800 183
154350000 17
154314720 120
154140672 1
153664000 19
153600000 62
153090000 115
153055008 2
152409600 440
151875000 2
151732224 15
151263000 4
151200000 234
151165440 83
150528000 117
150028200 59
150000000 7
149361408 25
149299200 276
148837500 10
148803480 25
148635648 16
148176000 225
147622500 2
147517440 19
147456000 68
147027636 1
147000000 28
146966400 372
146313216 53
145860750 4
145800000 117
145212480 17
145152000 618
144670050 4
144506880 44
144060000 11
144027072 25
144000000 66
143489070 1
143360000 33
143327232 14
142943535 1
142884000 280
142248960 125
141750000 33
141717600 47
141557760 15
141178800 5
141120000 295
141087744 56
140492800 15
140026320 42
140000000 8
139968000 382
139345920 191
138915000 44
138883248 14
138297600 63
138240000 250
137812500 2
137781000 69
137682944 1
137625600 32
137200000 28
137168640 247
136687500 4
136136700 4
136080000 511
136048896 15
135475200 331
135025380 15
135000000 17
134873088 4
134456000 10
134400000 129
134369280 144
133953750 6
133923132 1
133358400 195
132860250 2
132765696 7
132710400 141
132300000 90
132269760 131
132120576 3
131712000 96
131274675 4
131220000 109
131072000 7
130691232 2
130636800 630
130056192 25
129654000 36
129600000 227
129077760 6
129024000 256
128625000 2
128595600 181
128450560 2
128024064 57
128000000 18
127575000 37
127545840 7
127401984 6
127060920 2
127008000 573
126443520 58
126023688 4
126000000 97
125971200 222
125440000 55
125411328 56
125023500 33
125000000 1
124467840 59
124416000 428
124002900 21
123863040 75
123480000 116
123451776 47
122931200 16
122880000 54
122523030 3
122500000 6
122472000 437
121927680 304
121550625 1
121522842 4
121500000 43
121010400 21
120960000 533
120932352 24
120422400 78
120050000 6
120022560 134
120000000 15
119439360 111
119070000 145
119042784 18
118540800 252
118125000 5
118098000 64
118013952 1
117964800 45
117649000 2
117600000 78
117573120 312
116688600 41
116640000 364
116121600 521
115762500 5
115736040 49
115605504 11
115248000 50
115200000 147
114817500 25
114791256 3
114688000 30
114307200 575
113799168 28
113447250 1
113400000 236
113374080 68
113246208 3
112943040 2
112896000 358
112521150 11
112500000 4
112394240 2
112021056 15
112000000 32
111974400 387
111602610 7
111476736 47
111132000 211
110638080 41
110592000 216
110250000 24
110224800 249
110100480 12
109760000 39
109734912 86
109350000 49
108909360 9
108864000 874
108380160 134
108045000 13
108020304 19
108000000 100
107564800 10
107520000 155
107495424 40
107163000 131
106686720 226
106312500 2
106288200 14
106168320 55
105884100 1
105840000 383
105815808 64
105369600 73
105019740 14
105000000 16
104976000 304
104857600 5
104509440 340
104186250 9
104162436 6
103723200 96
103680000 459
103335750 10
103219200 162
102900000 25
102876480 256
102760448 1
102400000 27
102102525 1
102060000 343
102036672 13
101648736 1
101606400 638
101269035 8
101250000 3
101154816 12
100842000 11
100800000 298
100776960 154
100663296 1
100352000 40
100018800 173
100000000 6
99574272 29
99532800 361
99225000 38
99202320 74
99090432 8
98784000 230
98415000 26
98344960 2
98304000 46
98018424 3
98000000 15
97977600 752
97542144 69
97240500 25
97200000 209
96808320 15
96768000 667
96446700 52
96337920 28
96040000 16
96018048 46
96000000 70
95681250 1
95659380 3
95551488 11
95256000 557
94832640 159
94517766 2
94500000 56
94478400 171
94371840 8
94119200 1
94080000 196
94058496 109
93767625 2
93750000 1
93350880 91
93312000 645
93002175 1
92897280 199
92610000 92
92588832 37
92198400 54
92160000 194
91875000 2
91854000 231
91750400 14
91445760 441
91125000 11
90757800 16
90720000 746
90699264 22
90316800 261
90037500 1
90016920 74
90000000 28
89915392 1
89600000 74
89579520 209
89302500 46
89282088 8
88905600 369
88593750 1
88573500 12
88510464 13
88473600 137
88200000 131
88179840 322
88080384 4
87808000 58
87516450 13
87480000 232
87127488 10
87091200 899
86802030 13
86704128 34
86436000 61
86400000 299
86113125 1
86051840 3
86016000 139
85750000 7
85730400 399
85349376 72
85050000 106
85030560 30
84934656 5
84707280 3
84672000 684
84295680 37
84015792 18
84000000 73
83980800 430
83886080 1
83607552 81
83349000 125
82978560 84
82944000 544
82687500 9
82668600 85
82575360 53
82320000 108
82301184 112
82012500 8
81920000 21
81682020 9
81648000 889
81285120 385
81033750 1
81015228 9
81000000 73
80673600 19
80640000 508
80621568 44
80372250 22
80281600 26
80015040 217
80000000 12
79716150 2
79626240 160
79380000 325
79361856 47
79060128 1
79027200 270
78764805 2
78750000 8
78732000 182
78675968 1
78643200 27
78400000 61
78382080 541
78121827 3
77792400 84
77760000 582
77446656 4
77414400 446
77175000 19
77157360 113
77070336 2
76832000 32
76800000 123
76545000 96
76527504 2
76204800 837
75866112 44
75631500 2
75600000 364
75582720 159
75497472 3
75295360 3
75264000 250
75031250 1
75014100 68
75000000 2
74680704 32
74649600 555
74418750 5
74401740 16
74317824 39
74088000 282
73811250 2
73758720 25
73728000 185
73513818 1
73500000 25
73483200 504
73400320 3
73156608 135
72930375 3
72900000 121
72606240 33
72576000 1160
72335025 1
72253440 119
72030000 24
72013536 40
72000000 117
71744535 1
71680000 80
71663616 37
71442000 320
71124480 303
70875000 18
70858800 70
70778880 41
70589400 2
70560000 422
70543872 128
70246400 36
70013160 47
70000000 10
69984000 605
69672960 452
69457500 36
69441624 15
69148800 96
69120000 494
68906250 1
68890500 51
68812800 86
68600000 21
68584320 480
68068350 2
68040000 655
68024448 23
67765824 2
67737600 718
67512690 11
67500000 13
67436544 5
67228000 3
67200000 218
67184640 274
66961566 2
66679200 321
66382848 34
66355200 379
66150000 102
66134880 183
66060288 14
65856000 177
65625000 1
65610000 93
65536000 17
65345616 6
65318400 1245
65028096 69
64827000 49
64800000 378
64538880 7
64512000 550
64312500 4
64297800 145
64225280 10
64012032 101
64000000 29
63787500 29
63772920 13
63700992 20
63530460 1
63504000 877
63221760 135
63026250 1
63011844 7
63000000 114
62985600 352
62914560 7
62720000 85
62705664 137
62511750 21
62233920 122
62208000 872
62001450 7
61931520 175
61740000 141
61725888 81
61465600 32
61440000 132
61261515 2
61250000 3
61236000 556
60963840 635
60750000 43
60505200 28
60480000 862
60466176 53
60211200 151
60025000 2
60011280 133
60000000 15
59719680 275
59535000 133
59521392 24
59295096 1
59270400 442
59049000 55
59006976 2
58982400 102
58800000 134
58786560 588
58344300 49
58320000 506
58084992 10
58060800 1117
57881250 5
57868020 51
57802752 21
57624000 69
57600000 244
57408750 11
57344000 59
57177414 2
57153600 804
56899584 79
56700000 259
56687040 100
56623104 4
56471520 4
56448000 630
56260575 2
56250000 2
56197120 13
56010528 36
56000000 41
55987200 750
55801305 2
55738368 92
55566000 237
55319040 76
55296000 452
55125000 15
55112400 264
55050240 31
54880000 58
54867456 176
54675000 46
54454680 31
54432000 1404
54190080 327
54022500 5
54010152 29
54000000 117
53782400 8
53760000 340
53747712 67
53581500 103
53343360 349
53156250 1
53144100 15
53084160 135
52920000 513
52907904 88
52684800 154
52509870 14
52500000 17
52488000 410
52428800 10
52254720 745
52093125 2
52081218 3
51861600 121
51840000 770
51667875 1
51631104 1
51609600 361
51450000 25
51438240 324
51380224 1
51200000 65
51030000 308
51018336 7
50824368 3
50803200 1085
50625000 3
50577408 28
50421000 9
50400000 409
50388480 335
50176000 99
50009400 153
50000000 4
49787136 52
49766400 744
49612500 39
49601160 75
49545216 29
49412580 1
49392000 331
49207500 17
49172480 14
49152000 115
49009212 5
49000000 24
48988800 1088
48771072 169
48620250 12
48600000 242
48404160 22
48384000 1199
48223350 26
48168960 64
48020000 17
48009024 99
48000000 77
47829690 2
47775744 45
47647845 2
47628000 705
47416320 315
47250000 59
47239200 178
47185920 34
47040000 297
47029248 197
46675440 93
46656000 1008
46448640 539
46305000 80
46294416 44
46099200 60
46080000 397
45937500 5
45927000 186
45875200 32
45722880 765
45562500 8
45378900 9
45360000 1038
45349632 45
45177216 1
45158400 568
45018750 1
45008460 54
45000000 32
44957696 2
44800000 109
44789760 398
44651250 20
44641044 5
44452800 518
44286750 8
44255232 18
44236800 280
44100000 151
44089920 398
44040192 4
43904000 93
43758225 1
43750000 5
43740000 286
43563744 7
43545600 1697
43401015 1
43352064 81
43218000 85
43200000 406
43025920 8
43008000 330
42875000 3
42865200 456
42674688 159
42525000 92
42515280 52
42467328 24
42353640 9
42336000 1042
42187500 1
42147840 73
42017500 1
42007896 14
42000000 82
41990400 671
41943040 1
41803776 175
41674500 69
41489280 121
41472000 1001
41343750 1
41334300 50
41287680 145
41160000 124
41150592 191
41006250 1
40960000 55
40841010 5
40824000 1147
40642560 737
40507614 13
40500000 67
40336800 15
40320000 781
40310784 90
40186125 6
40140800 67
40007520 307
40000000 20
39813120 301
39690000 336
39680928 60
39513600 391
39375000 4
39366000 165
39321600 47
39200000 89
39191040 933
38896200 87
38880000 826
38723328 14
38707200 966
38587500 13
38578680 113
38535168 12
38416000 26
38400000 172
38272500 50
38263752 5
38118276 3
38102400 1310
37933056 66
37815750 3
37800000 414
37791360 246
37748736 3
37647680 1
37632000 407
37507050 26
37500000 5
37340352 49
37324800 1051
37200870 2
37158912 87
37044000 349
36905625 1
36879360 47
36864000 363
36756909 1
36750000 23
36741600 693
36700160 17
36578304 239
36450000 110
36303120 27
36288000 1797
36126720 253
36015000 12
36006768 48
36000000 132
35840000 140
35831808 103
35721000 289
35562240 465
35437500 15
35429400 69
35389440 119
35294700 2
35280000 544
35271936 198
35123200 70
35006580 26
35000000 11
34992000 841
34836480 958
34728750 12
34720812 11
34574400 145
34560000 760
34445250 31
34406400 182
34300000 26
34292160 658
34034175 3
34020000 662
34012224 32
33882912 2
33868800 1157
33756345 2
33750000 15
33718272 16
33614000 2
33600000 276
33592320 496
33554432 1
33339600 340
33191424 60
33177600 740
33075000 73
33067440 184
33030144 20
32941720 1
32928000 232
32805000 84
32768000 26
32672808 5
32659200 1883
32514048 137
32413500 32
32400000 459
32269440 20
32256000 969
32148900 102
32112640 21
32006016 158
32000000 50
31893750 3
31886460 11
31850496 59
31765230 1
31752000 1056
31610880 246
31505922 6
31500000 95
31492800 452
31457280 13
31360000 146
31352832 261
31255875 7
31116960 145
31104000 1319
31000725 2
30965760 436
30870000 131
30862944 154
30732800 43
30720000 213
30625000 2
30618000 529
30481920 1036
30375000 26
30252600 22
30240000 1212
30233088 91
30105600 321
30012500 2
30005640 137
30000000 30
29859840 529
29767500 70
29760696 12
29647548 1
29635200 628
29531250 1
29524500 34
29503488 15
29491200 207
29412250 1
29400000 146
29393280 843
29360128 2
29172150 20
29160000 566
29042496 8
29030400 1848
28934010 23
28901376 48
28812000 64
28800000 394
28704375 3
28697814 2
28672000 131
28576800 858
28449792 174
28350000 201
28343520 109
28311552 19
28235760 3
28224000 975
28098560 27
28005264 52
28000000 66
27993600 1146
27869184 225
27783000 197
27659520 113
27648000 880
27562500 9
27556200 225
27525120 60
27440000 75
27433728 273
27337500 16
27227340 11
27216000 1789
27095040 629
27011250 3
27005076 16
27000000 135
26891200 7
26880000 493
26873856 146
26790750 46
26671680 506
26578125 1
26572050 9
26542080 277
26460000 507
26453952 164
26342400 268
26254935 4
26250000 14
26244000 456
26214400 19
26127360 1262
25930800 156
25920000 1030
25815552 5
25804800 716
25725000 21
25719120 350
25690112 8
25600000 72
25515000 228
25509168 14
25401600 1623
25312500 6
25288704 67
25210500 7
25200000 444
25194240 464
25165824 1
25088000 158
25004700 119
25000000 5
24893568 57
24883200 1234
24806250 14
24800580 60
24772608 58
24696000 438
24603750 9
24586240 20
24576000 191
24504606 2
24500000 16
24494400 1318
24385536 330
24310125 3
24300000 256
24202080 34
24192000 1955
24111675 7
24084480 102
24010000 13
24004512 116
24000000 106
23914845 1
23887872 102
23814000 652
23708160 456
23625000 36
23619600 185
23592960 73
23529800 1
23520000 392
23514624 281
23337720 106
23328000 1381
23224320 897
23152500 44
23147208 50
23049600 112
23040000 585
22963500 109
22937600 70
22861440 1067
22781250 2
22689450 10
22680000 1039
22674816 79
22579200 972
22504230 26
22500000 22
22478848 1
22400000 141
22394880 788
22325625 7
22320522 3
22235661 1
22226400 587
22127616 39
22118400 606
22050000 126
22044960 448
22020096 8
21952000 114
21875000 1
21870000 230
21781872 14
21772800 2393
21676032 149
21609000 57
21600000 463
21512960 6
21504000 585
21437500 3
21432600 381
21337344 196
21262500 58
21257640 38
21233664 50
21176820 3
21168000 1328
21073920 131
21003948 15
21000000 95
20995200 916
20971520 5
20901888 369
20837250 31
20744640 155
20736000 1526
20667150 26
20643840 274
20580000 110
20575296 216
20480000 76
20412000 1185
20321280 1201
20250000 68
20168400 18
20160000 1115
20155392 142
20070400 105
20003760 309
20000000 15
19906560 626
19845000 242
19840464 73
19756800 586
19683000 135
19668992 5
19660800 86
19600000 68
19595520 1306
19448100 67
19440000 960
19361664 16
19353600 1701
19293750 10
19289340 91
19267584 24
19208000 51
19200000 257
19136250 20
19131876 6
19051200 1472
18966528 134
18907875 1
18900000 360
18895680 257
18874368 9
18823840 1
18816000 568
18753525 4
18750000 3
18670176 62
18662400 1610
18600435 1
18579456 186
18522000 301
18439680 82
18432000 586
18375000 16
18370800 662
18350080 26
18289152 418
18225000 70
18151560 36
18144000 2447
18063360 444
18007500 5
18003384 47
18000000 134
17920000 177
17915904 174
17860500 193
17781120 597
17718750 6
17714700 36
17694720 232
17647350 1
17640000 561
17635968 274
17561600 109
17503290 15
17500000 13
17496000 908
17418240 1557
17364375 1
17360406 12
17287200 150
17280000 1140
17222625 5
17210368 1
17203200 379
17150000 22
17146080 783
17010000 537
17006112 30
16941456 2
16934400 1737
16875000 10
16859136 22
16807000 6
16800000 345
16796160 731
16777216 1
16669800 298
16595712 69
16588800 1241
16537500 47
16533720 173
16515072 46
16464000 266
16402500 31
16384000 52
16336404 5
16329600 2244
16257024 296
16206750 20
16200000 460
16134720 13
16128000 1493
16074450 70
16056320 56
16003008 192
16000000 58
15943230 6
15925248 110
15882615 1
15876000 1123
15805440 392
15750000 78
15746400 455
15728640 26
15680000 191
15676416 458
15558480 167
15552000 1881
15482880 753
15435000 101
15431472 131
15366400 45
15360000 337
15312500 1
15309000 396
15240960 1446
15187500 13
15126300 10
15120000 1328
15116544 114
15059072 1
15052800 505
15002820 116
15000000 18
14929920 947
14883750 30
14880348 23
14817600 696
14762250 12
14751744 27
14745600 398
14700000 135
14696640 969
14680064 4
14586075 2
14580000 535
14521248 11
14515200 2750
14467005 8
14450688 82
14406000 63
14400000 447
14336000 175
14288400 844
14224896 232
14175000 164
14171760 102
14155776 34
14112000 1198
14049280 58
14002632 28
14000000 68
13996800 1462
13934592 377
13891500 133
13829760 153
13824000 1335
13781250 2
13778100 156
13762560 139
13720000 72
13716864 372
13668750 8
13613670 3
13608000 1887
13547520 1007
13502538 16
13500000 106
13445600 14
13440000 679
13436928 211
13395375 10
13335840 542
13286025 2
13271040 560
13230000 406
13226976 146
13171200 358
13125000 6
13122000 362
13107200 31
13063680 1813
12965400 90
12960000 1220
12907776 13
12902400 1212
12862500 9
12859560 309
12845056 8
12800000 98
12757500 114
12754584 12
12706092 4
12700800 1920
12644352 91
12605250 3
12600000 429
12597120 564
12582912 3
12544000 253
12502350 53
12500000 2
12446784 84
12441600 1892
12403125 1
12400290 19
12386304 163
12348000 384
12301875 1
12293120 23
12288000 314
12252303 1
12250000 18
12247200 1338
12192768 469
12150000 150
12101040 21
12096000 2527
12042240 259
12005000 12
12002256 122
12000000 99
11943936 229
11907000 506
11854080 609
11812500 17
11809800 138
11796480 135
11764900 2
11760000 461
11757312 449
11668860 55
11664000 1468
11612160 1527
11576250 21
11573604 23
11524800 109
11520000 886
11481750 49
11468800 110
11430720 1158
11390625 1
11344725 2
11340000 996
11337408 69
11294304 1
11289600 1390
11252115 5
11250000 17
11239424 9
11200000 175
11197440 1061
11113200 550
11063808 60
11059200 1028
11025000 82
11022480 385
11010048 17
10976000 147
10935000 155
10890936 8
10886400 3111
10838016 229
10804500 31
10800000 492
10756480 19
10752000 829
10718750 1
10716300 229
10668672 256
10631250 11
10628820 30
10616832 101
10584000 1377
10536960 214
10501974 5
10500000 95
10497600 868
10485760 5
10450944 546
10418625 12
10372320 179
10368000 2069
10333575 5
10321920 464
10290000 101
10287648 253
10240000 109
10206000 922
10160640 1541
10125000 50
10084200 10
10080000 1238
10077696 211
10035200 189
10001880 232
10000000 11
9953280 1013
9922500 129
9920232 47
9878400 662
9841500 67
9834496 7
9830400 186
9800000 78
9797760 1610
9724050 25
9720000 951
9680832 12
9676800 2445
9644670 55
9633792 34
9604000 29
9600000 282
9568125 4
9565938 2
9525600 1442
9483264 210
9450000 300
9447840 252
9437184 23
9411920 1
9408000 740
9375000 4
9335088 64
9331200 2050
9289728 310
9261000 241
9219840 114
9216000 950
9187500 8
9185400 426
9175040 29
9144576 508
9112500 31
9075780 20
9072000 2650
9031680 704
9003750 1
9001692 32
9000000 156
8960000 244
8957952 294
8930250 55
8890560 764
8857350 13
8847360 394
8820000 494
8817984 284
8780800 136
8751645 4
8750000 8
8748000 745
8709120 2249
8680203 6
8643600 133
8640000 1303
8605184 2
8601600 555
8575000 12
8573040 610
8505000 363
8503056 32
8470728 9
8467200 2047
8437500 4
8429568 54
8403500 2
8400000 331
8398080 875
8388608 2
8334900 160
8297856 88
8294400 1835
8268750 15
8266860 101
8257536 89
8232000 320
8201250 12
8192000 81
8168202 3
8164800 2376
8128512 464
8103375 3
8100000 341
8067360 23
8064000 1862
8037225 13
8028160 53
8001504 212
8000000 68
7971615 1
7962624 223
7938000 858
7902720 480
7875000 36
7873200 345
7864320 61
7840000 220
7838208 595
7779240 105
7776000 2093
7741440 1227
7717500 47
7715736 93
7683200 42
7680000 439
7654500 207
7620480 1605
7593750 2
7563150 11
7560000 1289
7558272 152
7529536 3
7526400 664
7501410 52
7500000 13
7464960 1309
7441875 6
7440174 8
7408800 691
7375872 40
7372800 595
7350000 95
7348320 935
7340032 7
7290000 388
7260624 17
7257600 3404
7225344 172
7203000 46
7200000 497
7168000 260
7144200 582
7112448 289
7087500 61
7085880 87
7077888 58
7058940 3
7056000 1278
7024640 57
7001316 27
7000000 47
6998400 1663
6967296 626
6945750 53
6914880 152
6912000 1750
6889050 40
6881280 220
6860000 61
6858432 397
6804000 1765
6773760 1391
6751269 5
6750000 67
6722800 11
6720000 764
6718464 298
6667920 443
6635520 847
6615000 249
6613488 128
6585600 393
6562500 5
6561000 241
6553600 40
6531840 2215
6482700 64
6480000 1223
6453888 9
6451200 1670
6431250 2
6429780 182
6422528 8
6400000 97
6378750 35
6377292 9
6353046 1
6350400 1946
6322176 152
6300000 369
6298560 564
6291456 3
6272000 254
6251175 19
6250000 1
6223392 72
6220800 2431
6200145 4
6193152 269
6174000 297
6146560 34
6144000 438
6125000 10
6123600 1080
6096384 621
6075000 103
6050520 21
6048000 2784
6021120 311
6002500 9
6001128 75
6000000 105
5971968 345
5953500 257
5927040 721
5906250 7
5904900 79
5898240 231
5880000 401
5878656 508
5834430 27
5832000 1337
5806080 2212
5788125 4
5786802 21
5762400 107
5760000 1038
5740875 11
5734400 153
5715360 1072
5670000 739
5668704 81
5647152 2
5644800 1610
5625000 7
5619712 15
5600000 155
5598720 1409
5556600 356
5531904 58
5529600 1413
5512500 39
5511240 299
5505024 32
5488000 156
5467500 65
5445468 12
5443200 3205
5419008 351
5402250 14
5400000 465
5378240 18
5376000 1043
5358150 83
5334336 257
5315625 1
5314410 9
5308416 162
5292000 1259
5268480 270
5250987 3
5250000 53
5248800 805
5242880 15
5225472 776
5186160 158
5184000 2426
5160960 742
5145000 70
5143824 210
5120000 165
5103000 624
5080320 1772
5062500 11
5042100 4
5040000 1197
5038848 263
5017600 238
5000940 158
5000000 22
4976640 1351
4961250 38
4960116 22
4939200 619
4921875 1
4920750 13
4917248 6
4915200 296
4900000 63
4898880 1536
4862025 5
4860000 685
4840416 24
4838400 3118
4822335 8
4816896 68
4802000 29
4800000 308
4762800 1125
4741632 264
4725000 152
4723920 186
4718592 41
4705960 2
4704000 842
4687500 1
4667544 48
4665600 2328
4644864 589
4630500 118
4609920 109
4608000 1186
4593750 2
4592700 235
4587520 66
4572288 597
4556250 11
4537890 6
4536000 2436
4515840 946
4500846 14
4500000 104
4480000 296
4478976 459
4465125 7
4445280 660
4423680 563
4410000 372
4408992 291
4390400 159
4375000 1
4374000 571
4354560 2774
4321800 102
4320000 1404
4302592 2
4300800 817
4287500 9
4286520 442
4252500 156
4251528 22
4233600 2151
4218750 1
4214784 69
4201750 3
4200000 285
4199040 938
4194304 1
4167450 54
4148928 104
4147200 2334
4134375 2
4133430 35
4128768 125
4116000 253
4100625 2
4096000 129
4084101 1
4082400 1988
4064256 586
4050000 211
4033680 15
4032000 2125
4014080 112
4000752 172
4000000 34
3981312 297
3969000 580
3951360 547
3937500 19
3936600 229
3932160 84
3920000 188
3919104 765
3889620 54
3888000 2061
3870720 1648
3858750 18
3857868 69
3841600 48
3840000 579
3827250 70
3810240 1671
3781575 3
3780000 1002
3779136 169
3764768 1
3763200 840
3750705 12
3750000 21
3732480 1719
3720087 2
3704400 495
3687936 38
3686400 902
3675000 54
3674160 709
3670016 9
3645000 206
3630312 19
3628800 3750
3612672 201
3601500 24
3600000 453
3584000 323
3572100 320
3556224 307
3543750 20
3542940 38
3538944 113
3529470 1
3528000 1175
3512320 86
3500658 14
3500000 28
3499200 1477
3483648 800
3472875 6
3457440 132
3456000 2134
3444525 11
3440640 337
3430000 50
3429216 379
3402000 1267
3386880 1683
3375000 36
3361400 5
3360000 788
3359232 397
3333960 280
3317760 1310
3307500 123
3306744 86
3292800 436
3281250 1
3280500 95
3276800 56
3265920 2327
3241350 30
3240000 1119
3226944 11
3225600 2120
3214890 75
3211264 16
3200000 117
3189375 8
3188646 3
3175200 1690
3161088 168
3150000 232
3149280 437
3145728 11
3136000 298
3111696 79
3110400 2769
3096576 368
3087000 172
3073280 40
3072000 600
3062500 4
3061800 663
3048192 723
3037500 44
3025260 7
3024000 2691
3010560 449
3001250 3
3000564 59
3000000 71
2985984 452
2976750 99
2963520 677
2953125 1
2952450 26
2949120 380
2940000 322
2939328 465
2917215 9
2916000 1164
2903040 2641
2893401 5
2881200 69
2880000 1043
2867200 216
2857680 815
2835000 396
2834352 49
2823576 2
2822400 1684
2812500 4
2809856 15
2800000 133
2799360 1464
2778300 166
2765952 73
2764800 1937
2756250 11
2755620 143
2752512 56
2744000 116
2733750 23
2722734 7
2721600 2914
2709504 494
2701125 5
2700000 360
2689120 9
2688000 1193
2679075 15
2667168 252
2657205 4
2654208 267
2646000 797
2634240 274
2625000 20
2624400 554
2621440 26
2612736 973
2593080 112
2592000 2398
2580480 982
2572500 28
2571912 149
2560000 178
2551500 268
2540160 1851
2531250 3
2521050 6
2520000 1103
2519424 267
2508800 294
2500470 47
2500000 8
2488320 1770
2480625 6
2480058 14
2469600 524
2460375 3
2458624 8
2457600 434
2450000 44
2449440 1315
2430000 487
2420208 11
2419200 3359
2408448 88
2401000 23
2400000 253
2381400 693
2370816 321
2362500 73
2361960 116
2359296 57
2352980 1
2352000 769
2333772 21
2332800 2207
2322432 691
2315250 39
2304960 133
2304000 1475
2296350 82
2293760 78
2286144 524
2278125 1
2268945 1
2268000 1943
2257920 1151
2250423 4
2250000 67
2240000 286
2239488 544
2222640 472
2211840 961
2205000 224
2204496 183
2195200 156
2187000 305
2177280 2823
2160900 27
2160000 1214
2151296 2
2150400 975
2143750 2
2143260 257
2126250 53
2125764 11
2117682 1
2116800 1871
2107392 94
2100000 195
2099520 863
2097152 2
2083725 15
2074464 79
2073600 2767
2066715 10
2064384 198
2058000 158
2048000 154
2041200 1387
2032128 714
2025000 136
2016840 9
2016000 2095
2007040 127
2000376 122
2000000 33
1990656 481
1984500 247
1975680 541
1968750 2
1968300 103
1966080 153
1960000 142
1959552 756
1944810 32
1944000 1732
1935360 2109
1929375 1
1928934 23
1920800 33
1920000 613
1913625 12
1905120 1360
1890000 633
1889568 132
1881600 923
1875000 4
1866240 1903
1852200 320
1843968 30
1843200 1230
1837500 21
1837080 445
1835008 4
1822500 99
1815156 7
1814400 3539
1806336 280
1800750 5
1800000 364
1792000 406
1786050 107
1778112 303
1771875 1
1771470 11
1769472 187
1764735 1
1764000 876
1756160 68
1750329 2
1750000 20
1749600 1164
1741824 1020
1728720 113
1728000 2142
1720320 460
1715000 25
1714608 285
1701000 691
1693440 1672
1687500 10
1680700 2
1680000 642
1679616 358
1666980 156
1658880 1562
1653750 39
1653372 56
1646400 337
1640250 33
1638400 97
1632960 2070
1620675 5
1620000 785
1613472 13
1612800 2244
1607445 21
1605632 17
1600000 88
1594323 2
1587600 1183
1580544 216
1575000 128
1574640 357
1572864 25
1568000 310
1555848 52
1555200 2786
1548288 535
1543500 94
1536640 37
1536000 637
1531250 2
1530900 310
1524096 729
1518750 10
1512630 9
1512000 2160
1505280 517
1500625 1
1500282 26
1500000 51
1492992 595
1488375 8
1481760 577
1476225 1
1474560 494
1470000 180
1469664 427
1458000 675
1451520 2938
1440600 45
1440000 1039
1433600 259
1428840 516
1417500 176
1417176 32
1411200 1559
1406250 2
1404928 25
1400000 116
1399680 1397
1389150 59
1382976 62
1382400 2178
1377810 51
1376256 89
1372000 89
1361367 2
1360800 2289
1354752 549
1350000 194
1344560 4
1344000 1157
1333584 205
1327104 408
1323000 476
1317120 306
1312500 8
1312200 321
1310720 26
1306368 919
1296540 62
1296000 2173
1290240 1276
1286250 7
1285956 83
1280000 160
1275750 92
1270080 1593
1260000 722
1259712 214
1254400 293
1250235 14
1250000 4
1244160 2036
1240029 1
1234800 341
1229312 7
1228800 533
1225000 22
1224720 945
1215000 275
1210104 7
1209600 3273
1204224 130
1200500 7
1200000 271
1190700 322
1185408 285
1181250 14
1180980 62
1179648 90
1176490 1
1176000 614
1166886 18
1166400 1893
1161216 858
1157625 9
1152480 73
1152000 1544
1148175 14
1146880 95
1143072 476
1134000 1191
1128960 1210
1125000 23
1120000 254
1119744 553
1111320 318
1105920 1133
1102500 79
1102248 119
1097600 134
1093500 138
1088640 2561
1080450 9
1080000 896
1075648 4
1075200 1068
1071875 1
1071630 72
1063125 7
1062882 4
1058400 1376
1053696 88
1050000 104
1049760 680
1048576 3
1037232 69
1036800 2840
1032192 292
1029000 104
1024000 197
1020600 781
1016064 704
1012500 50
1008420 5
1008000 1836
1003520 146
1000188 57
1000000 36
995328 551
992250 62
987840 508
984150 30
983040 189
980000 108
979776 619
972405 5
972000 1294
967680 2321
964467 1
960400 33
960000 559
952560 955
945000 334
944784 77
940800 850
937500 2
933120 1848
926100 164
921984 44
921600 1324
918750 5
918540 204
917504 17
911250 20
907578 5
907200 2819
903168 333
900375 1
900000 232
896000 373
893025 14
889056 234
885735 1
884736 224
882000 537
878080 91
875000 4
874800 702
870912 1005
864360 67
864000 2070
860160 522
857500 11
857304 158
850500 284
846720 1612
843750 8
840000 531
839808 413
833490 64
829440 1754
826875 3
826686 19
823200 260
820125 5
819200 121
816480 1504
810000 451
806736 6
806400 2282
802816 26
800000 84
793800 614
790272 185
787500 41
787320 166
786432 24
784000 245
777924 20
777600 2412
774144 566
771750 23
768320 26
768000 770
765450 100
762048 601
756315 3
756000 1539
752640 557
750141 6
750000 34
746496 650
740880 377
737280 618
735000 112
734832 276
729000 368
725760 2767
720300 23
720000 789
716800 320
714420 254
708750 43
708588 25
705600 1152
702464 19
700000 58
699840 1111
694575 7
691488 53
691200 2230
688905 7
688128 119
686000 58
680400 1417
677376 587
675000 100
672280 3
672000 1057
666792 118
663552 434
661500 210
658560 282
656250 1
656100 131
655360 31
653184 937
648270 22
648000 1569
645120 1355
643125 1
642978 23
640000 160
637875 16
635040 1262
630000 412
629856 172
627200 279
625000 2
622080 2040
617400 196
614656 11
614400 567
612500 9
612360 529
607500 95
605052 2
604800 2846
602112 149
600000 190
595350 104
592704 229
590625 1
590490 17
589824 117
588000 434
583443 2
583200 1223
580608 957
576240 51
576000 1449
573440 125
571536 327
567000 646
564480 1140
562500 17
560000 206
559872 544
555660 138
552960 1300
551250 20
551124 59
548800 99
546750 23
544320 2140
540225 3
540000 577
537824 2
537600 1041
535815 14
529200 887
526848 101
525000 45
524880 441
524288 5
518616 42
518400 2589
516096 328
514500 45
512000 204
510300 340
508032 659
506250 7
504210 3
504000 1349
501760 137
500094 14
500000 22
497664 625
496125 15
493920 340
492075 5
491520 246
490000 64
489888 461
486000 722
483840 2261
480200 15
480000 488
476280 536
472500 117
472392 49
470400 714
466560 1500
463050 34
460992 31
460800 1439
459375 1
459270 61
458752 20
455625 2
453600 1963
451584 359
450000 120
448000 319
444528 181
442368 332
441000 321
439040 94
437500 1
437400 387
435456 1013
432180 34
432000 1549
430080 575
428750 2
428652 71
425250 108
423360 1279
420000 329
419904 343
416745 12
414720 1772
413343 1
411600 172
409600 135
408240 965
405000 208
403368 1
403200 1979
401408 28
400000 48
396900 264
395136 179
393750 4
393660 81
393216 54
392000 169
388962 9
388800 1761
387072 692
385875 1
384160 24
384000 688
382725 13
381024 402
378000 839
376320 541
375000 12
373248 652
370440 204
368640 737
367500 36
367416 142
364500 155
362880 2267
360150 11
360000 582
358400 276
357210 85
354375 6
354294 12
352947 1
352800 862
351232 22
350000 32
349920 714
345744 36
345600 2101
344064 135
343000 28
340200 695
338688 520
337500 25
336140 1
336000 754
333396 57
331776 509
330750 53
329280 211
328050 34
327680 52
326592 747
324135 3
324000 1033
322560 1453
321489 3
320000 138
317520 753
315000 197
314928 107
313600 231
312500 1
311040 1729
308700 87
307328 5
307200 616
306250 2
306180 239
303750 22
302526 1
302400 2061
301056 149
300125 2
300000 83
297675 15
296352 187
295245 2
294912 151
294000 196
291600 748
290304 913
288120 17
288000 1232
286720 134
285768 144
283500 225
282240 878
281250 1
280000 126
279936 467
277830 42
276480 1339
275625 1
275562 18
274400 65
273375 8
272160 1388
270000 295
268912 3
268800 1006
264600 480
263424 72
262500 19
262440 193
262144 12
259308 15
259200 1953
258048 373
257250 9
256000 208
255150 106
254016 485
253125 2
252000 806
250880 165
250047 4
250000 4
248832 650
246960 200
245760 280
245000 26
244944 300
243000 321
241920 1823
240100 6
240000 342
238140 199
236250 23
236196 25
235200 528
233280 1105
231525 7
230496 18
230400 1237
229635 13
229376 35
226800 1140
225792 339
225000 51
224000 233
222264 99
221184 310
220500 106
219520 55
218750 1
218700 155
217728 756
216090 14
216000 1091
215040 546
214375 1
214326 31
212625 14
211680 838
210000 142
209952 226
207360 1691
205800 81
204800 147
204120 512
202500 86
201684 3
201600 1510
200704 47
200000 41
198450 75
197568 164
196830 28
196608 48
196000 119
194400 1148
193536 672
192080 10
192000 611
190512 268
189000 400
188160 433
187500 6
186624 547
185220 91
184320 757
183750 8
183708 68
182250 31
181440 1696
180000 340
179200 292
178605 10
177147 1
176400 491
175616 21
175000 15
174960 423
172872 18
172800 1737
172032 139
171500 11
170100 280
169344 447
168750 8
168000 547
166698 20
165888 517
165375 7
164640 147
164025 5
163840 52
163296 461
162000 559
161280 1250
160000 129
158760 385
157500 58
157464 63
156800 181
155520 1367
154350 33
153664 9
153600 591
153090 69
151875 3
151200 1300
150528 119
150000 51
148176 103
147456 161
147000 129
145800 369
145152 788
144060 16
144000 879
143360 142
142884 75
141750 54
141120 626
140000 82
139968 335
138915 5
138240 1180
137781 4
137200 44
136080 890
135000 160
134400 770
132300 176
131712 72
131250 3
131220 92
131072 12
129654 10
129600 1376
129024 423
128625 1
128000 155
127575 9
127008 325
126000 442
125440 134
125000 2
124416 548
123480 105
122880 253
122500 11
122472 157
121500 109
120960 1456
120050 2
120000 209
119070 62
118125 4
118098 9
117600 312
116640 767
115248 14
115200 1133
114688 25
113400 528
112896 302
112500 16
112000 176
111132 36
110592 365
110250 39
109760 49
109350 39
108864 543
108045 1
108000 655
107520 561
107163 7
105840 465
105000 79
104976 120
103680 1307
102900 40
102400 136
102060 186
101250 24
100800 1029
100352 37
100000 25
99225 9
98784 91
98415 4
98304 54
98000 48
97200 616
96768 561
96040 5
96000 466
95256 132
94500 151
94080 326
93750 2
93312 412
92610 27
92160 683
91875 1
91854 21
91125 5
90720 1042
90000 154
89600 204
88200 218
87808 21
87500 12
87480 222
86436 7
86400 1264
86016 145
85750 1
85050 73
84672 305
84000 334
83349 2
82944 437
82320 66
81920 66
81648 280
81000 243
80640 966
80000 80
79380 166
78750 18
78732 20
78400 102
77760 934
77175 2
76832 3
76800 495
76545 8
75600 719
75264 124
75000 14
74088 47
73728 160
73500 46
72900 123
72576 603
72030 5
72000 547
71680 149
71442 21
70875 5
70560 385
70000 55
69984 207
69120 1049
68600 18
68040 407
67500 35
67200 574
66150 47
65856 40
65625 1
65610 27
65536 14
64800 827
64512 331
64000 134
63504 186
63000 205
62720 90
62500 1
62208 429
61740 41
61440 249
61250 1
61236 55
60750 30
60480 962
60000 118
59535 12
58800 184
58320 366
57624 3
57600 867
57344 26
56700 185
56448 223
56250 5
56000 122
55566 14
55296 306
55125 2
54880 29
54675 3
54432 354
54000 337
53760 461
52920 240
52500 16
52488 43
51840 951
51450 6
51200 111
51030 55
50625 2
50400 622
50176 32
50000 9
49392 49
49152 68
49000 31
48600 263
48384 466
48020 4
48000 344
47628 53
47250 33
47040 224
46656 262
46305 4
46080 614
45927 3
45360 544
45000 56
44800 152
44100 69
43904 10
43750 2
43740 72
43218 5
43200 841
43008 130
42525 9
42336 189
42000 165
41472 377
41160 25
40960 63
40824 131
40500 80
40320 713
40000 39
39690 41
39375 1
39366 3
39200 76
38880 558
38416 3
38400 390
37800 293
37632 109
37500 9
37044 28
36864 167
36750 7
36450 22
36288 414
36015 1
36000 282
35840 119
35721 2
35280 203
35000 22
34992 94
34560 787
34300 5
34020 135
33750 9
33600 385
33075 4
32928 30
32805 3
32768 7
32400 383
32256 256
32000 82
31752 82
31500 75
31360 58
31104 327
30870 8
30720 247
30618 20
30375 1
30240 566
30000 43
29400 77
29160 180
28812 4
28800 568
28672 24
28350 50
28224 130
28000 76
27783 1
27648 281
27440 15
27216 176
27000 143
26880 353
26460 77
26250 12
26244 14
25920 608
25725 1
25600 113
25515 8
25200 293
25088 19
25000 6
24696 16
24576 59
24500 9
24300 83
24192 297
24000 198
23814 9
23625 6
23520 161
23328 164
23040 497
22680 235
22500 24
22400 123
22050 20
21952 12
21870 14
21600 465
21504 119
21168 93
21000 67
20736 292
20580 16
20480 45
20412 40
20250 16
20160 428
20000 23
19845 6
19600 47
19440 269
19200 262
18900 97
18816 64
18750 3
18522 7
18432 139
18375 3
18225 6
18144 229
18000 148
17920 81
17640 104
17500 6
17496 49
17280 495
17010 36
16875 2
16800 195
16464 14
16384 9
16200 171
16128 192
16000 68
15876 36
15750 19
15680 48
15552 199
15360 186
15309 3
15120 287
15000 21
14700 27
14580 57
14400 323
14336 20
14175 6
14112 82
14000 27
13824 203
13720 7
13608 94
13500 45
13440 209
13230 23
13125 1
13122 2
12960 324
12800 78
12600 127
12544 19
12500 3
12348 5
12288 49
12250 1
12150 26
12096 219
12000 87
11907 4
11760 70
11664 76
11520 367
11340 77
11200 64
11025 4
10976 8
10935 2
10800 195
10752 86
10584 49
10500 12
10368 186
10290 3
10240 44
10206 7
10125 1
10080 223
10000 12
9800 6
9720 133
9600 179
9450 23
9408 49
9261 4
9216 94
9072 119
9000 51
8960 74
8820 26
8750 2
8748 16
8640 295
8575 1
8505 2
8400 94
8232 8
8192 7
8100 50
8064 132
8000 27
7938 7
7875 2
7840 25
7776 92
7680 122
7560 106
7500 6
7350 7
7290 12
7200 171
7168 21
7056 41
7000 9
6912 131
6860 2
6804 22
6750 12
6720 134
6615 1
6480 153
6400 48
6300 31
6272 10
6174 4
6144 40
6075 4
6048 112
6000 40
5880 21
5832 25
5760 214
5670 14
5600 33
5488 2
5400 74
5376 57
5292 10
5250 3
5184 122
5145 1
5120 28
5040 113
4900 2
4860 39
4800 103
4725 3
4704 14
4608 78
4536 48
4500 11
4480 32
4410 12
4374 3
4320 162
4200 31
4116 2
4096 9
4050 19
4032 68
4000 16
3969 1
3920 8
3888 55
3840 74
3780 37
3750 1
3645 2
3600 65
3584 15
3528 14
3500 6
3456 80
3430 1
3402 12
3360 58
3240 59
3200 29
3150 10
3136 6
3072 31
3024 45
3000 15
2940 8
2916 11
2880 123
2835 3
2800 15
2744 1
2700 16
2688 35
2646 5
2625 1
2592 49
2560 13
2520 41
2430 10
2400 41
2352 13
2304 57
2268 14
2250 7
2240 18
2160 65
2100 9
2058 1
2048 6
2025 2
2016 22
2000 7
1960 3
1944 27
1920 59
1890 5
1800 29
1792 6
1764 8
1728 45
1701 1
1680 26
1620 24
1600 15
1575 2
1568 3
1536 21
1512 15
1500 5
1470 3
1458 4
1440 65
1400 6
1350 2
1344 17
1296 19
1280 7
1260 13
1200 20
1176 2
1152 34
1134 5
1120 4
1080 28
1050 3
1029 1
1024 1
1008 13
980 3
972 6
960 35
945 2
900 10
896 3
882 1
864 22
840 7
810 2
800 4
784 1
768 14
756 7
750 2
729 2
720 23
672 9
648 8
640 10
630 1
600 10
576 16
567 2
540 7
512 3
504 8
480 14
450 2
448 3
432 11
420 2
400 8
384 10
378 1
360 5
336 7
324 3
320 1
300 2
288 7
270 1
252 2
240 6
216 7
210 1
200 1
180 4
168 2
144 2
140 1
120 4
108 1
96 3
90 2
80 2
72 1
64 1
60 1
40 1
