3050 1
3038 1
3035 1
3031 1
3030 1
3029 1
3025 1
3023 1
3022 1
3021 1
3020 1
3019 1
3018 3
3017 1
3016 1
3015 2
3014 4
3013 2
3012 2
3011 2
3010 2
3008 2
3007 2
3006 1
3005 2
3004 3
3002 2
3001 7
3000 4
2999 1
2998 3
2996 3
2995 6
2994 5
2993 1
2992 4
2991 5
2990 6
2989 6
2988 4
2987 4
2986 3
2985 5
2984 4
2983 11
2982 2
2981 8
2980 11
2979 7
2978 10
2977 12
2976 15
2975 18
2974 13
2973 18
2972 17
2971 13
2970 15
2969 18
2968 19
2967 26
2966 19
2965 28
2964 31
2963 23
2962 28
2961 29
2960 26
2959 35
2958 24
2957 29
2956 30
2955 30
2954 44
2953 37
2952 29
2951 36
2950 53
2949 62
2948 53
2947 59
2946 65
2945 61
2944 62
2943 71
2942 74
2941 79
2940 68
2939 73
2938 87
2937 77
2936 100
2935 104
2934 105
2933 121
2932 104
2931 126
2930 120
2929 105
2928 108
2927 145
2926 139
2925 149
2924 152
2923 177
2922 169
2921 161
2920 173
2919 186
2918 222
2917 204
2916 233
2915 241
2914 225
2913 259
2912 250
2911 273
2910 264
2909 308
2908 296
2907 300
2906 333
2905 344
2904 315
2903 400
2902 379
2901 424
2900 424
2899 415
2898 430
2897 443
2896 480
2895 513
2894 468
2893 538
2892 545
2891 572
2890 560
2889 566
2888 590
2887 582
2886 663
2885 663
2884 722
2883 775
2882 807
2881 795
2880 809
2879 815
2878 834
2877 909
2876 908
2875 896
2874 945
2873 1007
2872 1044
2871 1045
2870 1061
2869 1087
2868 1162
2867 1256
2866 1258
2865 1132
2864 1277
2863 1359
2862 1334
2861 1352
2860 1454
2859 1414
2858 1515
2857 1528
2856 1527
2855 1640
2854 1690
2853 1704
2852 1767
2851 1808
2850 1918
2849 1911
2848 2033
2847 2066
2846 1952
2845 2129
2844 2161
2843 2244
2842 2260
2841 2209
2840 2301
2839 2389
2838 2449
2837 2508
2836 2517
2835 2581
2834 2679
2833 2793
2832 2749
2831 2824
2830 2916
2829 2881
2828 3074
2827 3056
2826 3108
2825 3214
2824 3283
2823 3255
2822 3305
2821 3399
2820 3405
2819 3540
2818 3578
2817 3558
2816 3560
2815 3717
2814 3701
2813 3823
2812 3913
2811 3937
2810 4068
2809 4015
2808 4176
2807 4225
2806 4220
2805 4169
2804 4366
2803 4449
2802 4550
2801 4579
2800 4489
2799 4678
2798 4684
2797 4786
2796 4725
2795 4797
2794 4886
2793 4933
2792 5046
2791 4988
2790 5162
2789 5050
2788 5269
2787 5255
2786 5229
2785 5226
2784 5382
2783 5510
2782 5509
2781 5561
2780 5608
2779 5634
2778 5677
2777 5747
2776 5704
2775 5698
2774 5742
2773 5735
2772 5821
2771 5941
2770 5852
2769 6082
2768 5905
2767 5906
2766 6051
2765 6186
2764 6141
2763 6068
2762 6055
2761 6136
2760 6043
2759 6036
2758 5968
2757 6191
2756 6225
2755 6343
2754 6121
2753 6204
2752 6209
2751 6278
2750 6089
2749 6266
2748 6135
2747 6167
2746 6253
2745 6224
2744 6239
2743 6112
2742 6130
2741 6131
2740 6031
2739 5961
2738 6037
2737 6222
2736 6110
2735 6051
2734 5938
2733 6096
2732 5929
2731 5885
2730 5909
2729 5896
2728 5879
2727 5739
2726 5805
2725 5712
2724 5685
2723 5685
2722 5577
2721 5641
2720 5589
2719 5417
2718 5495
2717 5519
2716 5355
2715 5312
2714 5341
2713 5180
2712 5296
2711 5215
2710 5187
2709 5010
2708 5116
2707 5129
2706 4806
2705 4860
2704 4761
2703 4714
2702 4800
2701 4616
2700 4555
2699 4538
2698 4577
2697 4396
2696 4359
2695 4250
2694 4344
2693 4274
2692 4084
2691 4135
2690 3951
2689 4054
2688 3879
2687 3949
2686 3843
2685 3691
2684 3632
2683 3552
2682 3542
2681 3431
2680 3525
2679 3447
2678 3340
2677 3341
2676 3126
2675 3107
2674 3094
2673 3015
2672 3016
2671 3004
2670 2835
2669 2764
2668 2822
2667 2644
2666 2571
2665 2642
2664 2544
2663 2538
2662 2459
2661 2379
2660 2287
2659 2282
2658 2214
2657 2245
2656 2072
2655 2095
2654 2052
2653 2008
2652 1885
2651 1865
2650 1850
2649 1861
2648 1767
2647 1716
2646 1620
2645 1660
2644 1589
2643 1630
2642 1481
2641 1501
2640 1458
2639 1365
2638 1332
2637 1317
2636 1243
2635 1201
2634 1203
2633 1160
2632 1111
2631 1138
2630 1101
2629 1114
2628 1048
2627 1013
2626 971
2625 916
2624 998
2623 862
2622 845
2621 823
2620 815
2619 814
2618 748
2617 734
2616 675
2615 629
2614 659
2613 671
2612 646
2611 606
2610 545
2609 528
2608 541
2607 555
2606 511
2605 508
2604 472
2603 490
2602 423
2601 428
2600 400
2599 389
2598 389
2597 341
2596 346
2595 329
2594 269
2593 334
2592 315
2591 258
2590 284
2589 274
2588 243
2587 246
2586 230
2585 225
2584 209
2583 220
2582 198
2581 209
2580 193
2579 182
2578 181
2577 165
2576 156
2575 140
2574 130
2573 140
2572 139
2571 134
2570 130
2569 104
2568 103
2567 108
2566 103
2565 92
2564 94
2563 94
2562 96
2561 67
2560 70
2559 75
2558 67
2557 65
2556 65
2555 69
2554 61
2553 61
2552 53
2551 42
2550 57
2549 41
2548 37
2547 49
2546 26
2545 59
2544 29
2543 41
2542 31
2541 23
2540 26
2539 34
2538 37
2537 17
2536 39
2535 12
2534 18
2533 31
2532 17
2531 17
2530 22
2529 26
2528 12
2527 16
2526 14
2525 9
2524 5
2523 13
2522 11
2521 11
2520 11
2519 14
2518 12
2517 14
2516 5
2515 5
2514 8
2513 6
2512 12
2511 3
2510 7
2509 5
2508 6
2507 5
2506 2
2505 6
2504 4
2503 4
2502 4
2501 1
2500 4
2499 3
2498 4
2496 4
2495 1
2494 3
2493 1
2487 1
2485 2
2484 2
2483 1
2482 1
2481 1
2480 2
2479 2
2477 1
2476 2
2475 1
2473 1
2472 1
2470 1
2469 1
2467 1
2463 1
2461 1
2454 1
2452 1
