5248800000 1
4665600000 1
4592700000 1
4536000000 1
4147200000 1
3888000000 1
3732480000 1
3674160000 1
3628800000 1
3572100000 1
3360000000 1
3359232000 1
3280500000 1
3265920000 1
3225600000 1
3175200000 2
2952450000 1
2939328000 1
2857680000 2
2822400000 1
2799360000 2
2688000000 1
2687385600 1
2654208000 1
2624400000 2
2612736000 2
2592000000 3
2580480000 1
2571912000 1
2560000000 1
2540160000 2
2520000000 2
2519424000 1
2500470000 1
2480058000 1
2449440000 1
2419200000 1
2401000000 1
2391484500 1
2381400000 1
2361960000 1
2332800000 1
2322432000 1
2296350000 1
2293760000 1
2286144000 3
2268000000 4
2257920000 2
2250423000 1
2239488000 5
2222640000 1
2211840000 1
2205000000 1
2187000000 1
2177280000 4
2125764000 1
2099520000 2
2090188800 3
2073600000 6
2066715000 1
2057529600 3
2041200000 1
2032128000 1
2016000000 4
2015539200 2
2000376000 4
1990656000 1
1984500000 2
1984046400 1
1975680000 1
1968300000 1
1966080000 1
1959552000 8
1944000000 1
1935360000 4
1905120000 7
1889568000 3
1881600000 2
1881169920 1
1866240000 4
1852200000 1
1843200000 5
1837080000 1
1828915200 5
1822500000 1
1814400000 8
1813985280 1
1800338400 2
1792000000 1
1786050000 3
1778112000 3
1764000000 1
1763596800 4
1750329000 1
1749600000 4
1741824000 2
1728720000 1
1728000000 4
1714608000 7
1701000000 2
1700611200 1
1693440000 3
1680000000 2
1679616000 8
1666980000 2
1658880000 1
1653372000 9
1646400000 1
1646023680 3
1640250000 1
1632960000 8
1625702400 3
1620304560 2
1620000000 2
1612800000 7
1607445000 3
1600300800 3
1587600000 8
1587237120 3
1580544000 1
1574640000 3
1567641600 6
1562436540 1
1555200000 13
1548288000 1
1536000000 1
1530900000 1
1524096000 7
1512000000 3
1511654400 2
1500282000 1
1492992000 5
1481760000 2
1474560000 2
1469664000 14
1458000000 3
1451520000 5
1446700500 2
1445068800 2
1440600000 1
1440270720 2
1440000000 2
1434890700 1
1433600000 3
1428840000 5
1422489600 1
1417176000 2
1411200000 1
1410877440 2
1404928000 1
1400263200 4
1399680000 8
1393459200 5
1389150000 2
1388832480 3
1382976000 2
1382400000 5
1377810000 4
1376256000 1
1371686400 7
1361367000 2
1360800000 11
1360488960 1
1354752000 2
1344000000 4
1343692800 6
1339231320 2
1333584000 2
1327104000 2
1323000000 6
1322697600 8
1312200000 3
1306368000 20
1302030450 1
1300561920 1
1296000000 4
1290240000 10
1285956000 7
1280000000 1
1275750000 1
1275458400 3
1270080000 16
1260000000 3
1259712000 7
1258291200 1
1254400000 1
1254113280 2
1250235000 2
1249949232 1
1244678400 1
1244160000 15
1240029000 3
1238630400 2
1234800000 3
1234517760 3
1229312000 1
1228800000 4
1224720000 19
1219276800 8
1215000000 3
1209600000 15
1204224000 2
1200225600 4
1194393600 4
1190700000 4
1190427840 2
1185408000 3
1180980000 7
1176000000 2
1175731200 14
1166886000 1
1166400000 16
1161216000 10
1152000000 3
1146880000 2
1143072000 20
1137991680 2
1134000000 8
1133740800 5
1128960000 13
1120000000 1
1119744000 18
1114767360 1
1111320000 5
1111065984 2
1105920000 5
1102248000 15
1097600000 3
1097349120 3
1093500000 2
1089093600 1
1088640000 28
1083801600 4
1080450000 1
1080203040 2
1080000000 1
1075200000 6
1074954240 3
1071630000 6
1071385056 2
1066867200 6
1062882000 4
1061683200 4
1058400000 13
1058158080 6
1053696000 1
1050197400 4
1049760000 16
1045094400 20
1041624360 1
1037232000 3
1036800000 16
1032192000 6
1028764800 16
1024192512 1
1024000000 1
1020600000 12
1020366720 2
1016064000 35
1012690350 1
1011548160 1
1008000000 8
1007769600 13
1003520000 4
1000188000 7
995742720 1
995328000 8
992250000 2
992023200 11
990904320 1
987840000 13
987614208 1
984150000 5
983449600 2
983040000 4
979776000 24
975421440 6
972000000 9
968083200 3
967680000 24
963379200 1
960400000 2
960180480 3
956593800 2
955514880 1
952560000 24
952342272 1
948326400 5
944784000 14
943718400 1
940800000 8
940584960 8
933508800 2
933120000 25
928972800 10
926100000 3
925888320 6
921984000 1
921600000 7
918540000 9
917504000 1
914457600 24
907578000 1
907200000 39
906992640 2
903168000 13
900169200 7
900000000 2
899153920 1
896000000 1
895795200 13
893025000 1
892820880 1
891813888 1
889056000 10
885735000 1
884736000 4
882000000 8
881798400 27
878080000 2
875164500 1
874800000 14
871274880 1
870912000 40
867041280 3
864360000 3
864162432 1
864000000 8
860160000 11
857304000 38
853493760 3
850500000 6
850305600 5
846720000 36
846526464 2
842956800 1
840350000 1
840157920 3
840000000 4
839808000 27
836075520 9
833490000 1
833299488 2
829785600 3
829440000 20
826686000 11
825753600 1
823200000 2
823011840 9
820125000 1
819200000 1
816820200 1
816480000 41
816293376 1
812851200 21
810152280 2
810000000 1
806400000 25
806215680 3
803722500 3
802816000 3
800150400 11
796262400 4
793800000 21
793618560 8
790272000 22
787320000 10
786432000 2
784000000 4
783820800 28
780337152 1
777924000 7
777600000 15
774144000 26
771750000 1
771573600 20
768320000 3
768144384 4
768000000 1
765450000 4
764411904 2
762365520 1
762048000 59
758661120 6
756142128 1
756000000 16
755827200 12
752640000 8
752467968 3
750141000 3
746807040 3
746496000 40
744017400 10
743178240 3
740880000 13
740710656 4
737587200 1
737280000 11
735000000 1
734832000 38
731566080 15
729000000 8
726062400 1
725760000 52
725594112 2
723350250 2
722534400 8
720300000 2
720135360 10
720000000 8
716800000 2
716636160 4
714420000 19
711244800 26
708750000 3
708588000 5
708083712 1
707788800 2
705600000 26
705438720 25
702464000 6
700131600 5
699840000 43
696729600 33
694416240 10
691488000 9
691200000 31
688905000 7
688128000 4
686128968 1
686000000 2
685843200 31
682795008 1
680400000 39
680244480 9
677376000 41
675126900 2
674365440 1
672126336 3
672000000 12
671846400 27
669615660 2
668860416 1
666792000 20
663828480 5
663552000 21
661500000 3
661348800 31
658560000 6
658409472 5
656100000 8
653456160 2
653184000 83
650280960 6
648270000 4
648121824 2
648000000 17
645120000 36
642978000 18
642252800 3
640120320 11
637875000 1
637729200 2
637009920 2
635040000 68
634894848 8
632217600 11
630118440 3
630000000 4
629856000 33
627200000 7
627056640 23
625117500 4
624974616 2
622339200 12
622080000 46
620014500 1
619315200 15
617400000 8
617258880 36
614656000 4
614400000 12
612615150 1
612500000 1
612360000 42
612220032 1
609638400 57
607614210 1
607500000 3
606928896 1
605052000 2
604800000 46
604661760 6
602112000 8
600112800 30
600000000 1
597196800 22
595350000 12
595213920 12
592704000 25
590490000 6
589824000 7
588110544 2
588000000 8
587865600 58
585252864 2
583443000 4
583200000 30
580849920 3
580608000 83
578680200 13
578027520 1
576240000 4
576108288 5
576000000 14
574087500 1
573956280 1
573440000 7
573308928 1
571536000 66
568995840 13
567106596 1
567000000 14
566870400 15
566231040 1
564480000 53
564350976 4
562605750 1
561971200 2
560105280 5
560000000 7
559872000 65
558013050 1
557383680 16
555660000 21
555532992 2
553190400 5
552960000 30
551250000 1
551124000 52
550502400 3
548800000 6
548674560 30
546750000 1
544546800 3
544320000 115
544195584 1
541900800 20
540225000 2
540101520 11
540000000 6
537600000 14
537477120 17
535815000 9
533433600 44
531441000 3
531062784 2
530841600 8
529200000 38
529079040 27
528482304 1
526848000 11
525098700 1
524880000 46
524288000 1
522547200 80
520812180 2
520224768 5
518616000 10
518400000 46
516096000 21
514500000 3
514382400 50
512096256 5
512000000 4
510300000 27
510183360 6
508032000 98
505774080 3
504210000 2
504094752 1
504000000 22
503884800 33
501760000 10
501645312 5
500094000 16
497871360 3
497664000 57
496125000 1
496011600 15
495452160 6
493920000 30
493807104 7
492075000 2
491724800 1
491520000 5
490092120 3
489888000 122
487710720 24
486091368 1
486000000 27
484041600 1
483840000 82
483729408 1
482233500 8
481689600 8
480200000 2
480090240 23
480000000 3
478296900 3
477757440 7
476478450 1
476280000 60
476171136 4
474360768 1
474163200 34
472500000 6
472392000 26
471859200 4
470596000 1
470400000 21
470292480 38
466754400 11
466560000 80
464486400 45
463050000 7
462944160 17
462422016 1
460992000 15
460800000 32
459270000 19
459165024 1
458752000 1
457228800 105
455196672 1
453789000 3
453600000 77
453496320 15
451584000 55
450084600 17
450000000 6
449576960 1
448084224 3
448000000 10
447897600 69
446512500 4
446410440 6
445906944 2
444528000 53
442867500 4
442552320 3
442368000 18
441082908 1
441000000 9
440899200 77
440401920 1
439040000 8
438939648 6
437582250 2
437500000 1
437400000 29
435637440 2
435456000 141
434010150 1
433520640 8
432180000 9
432081216 3
432000000 21
430080000 27
429981696 5
428652000 79
426746880 29
425250000 8
425152800 11
424673280 3
423536400 1
423360000 82
423263232 11
421478400 7
420078960 15
420000000 11
419904000 96
418037760 30
416745000 8
415065672 1
414892800 21
414720000 84
413343000 16
412876800 14
411600000 6
411505920 44
409600000 4
408410100 6
408240000 114
406425600 103
405076140 9
405000000 7
404619264 1
403368000 1
403200000 61
403107840 19
401861250 4
401408000 6
400241898 1
400075200 56
398297088 3
398131200 42
396900000 33
396809280 34
395136000 48
393824025 2
393660000 23
393379840 1
393216000 6
392073696 1
392000000 8
391910400 139
390609135 1
390168576 5
388962000 15
388800000 67
387233280 3
387072000 85
385875000 2
385786800 34
384160000 3
384072192 8
384000000 15
382725000 9
382637520 3
381182760 2
381024000 161
379330560 17
378157500 2
378071064 2
378000000 28
377913600 46
377487360 1
376476800 1
376320000 37
376233984 11
375070500 12
375000000 1
373403520 23
373248000 137
372008700 7
371589120 19
370440000 54
370355328 12
368793600 15
368640000 39
367500000 4
367416000 144
367001600 4
365783040 68
364568526 1
364500000 10
363031200 4
362880000 192
362797056 2
361267200 38
360150000 1
360067680 36
360000000 8
358400000 13
358318080 29
357210000 49
357128352 3
355622400 87
354375000 2
354294000 10
354041856 1
353894400 9
352800000 55
352719360 69
352321536 1
351232000 10
350065800 13
350000000 3
349920000 104
348509952 1
348364800 123
347287500 2
347208120 11
346816512 3
345744000 16
345600000 83
344452500 4
344207360 2
344064000 27
343000000 4
342921600 120
341397504 7
340341750 2
340200000 90
340122240 6
338829120 2
338688000 134
337563450 4
337500000 2
337182720 5
336140000 1
336063168 4
336000000 23
335923200 96
334807830 1
334430208 14
333396000 66
331914240 11
331776000 72
330750000 11
330674400 48
330301440 4
329280000 26
329204736 23
328050000 14
327680000 3
326728080 3
326592000 264
325140480 53
324135000 8
324060912 4
324000000 49
322694400 4
322560000 110
322486272 3
321489000 40
321126400 1
320060160 62
320000000 4
318937500 2
318864600 7
318504960 13
317520000 142
317447424 17
316108800 37
315059220 3
315000000 8
314928000 71
314572800 1
313600000 20
313528320 82
312558750 3
311169600 31
311040000 165
310007250 1
309657600 54
308700000 17
308629440 64
308281344 2
307328000 8
307200000 24
306180000 77
306110016 3
304819200 190
303464448 5
302526000 5
302400000 109
302330880 36
301056000 50
300056400 49
300000000 5
298722816 6
298598400 98
297675000 17
297606960 7
297271296 1
296352000 90
295245000 8
295034880 3
294912000 20
294055272 2
294000000 14
293932800 186
292626432 19
291721500 3
291600000 85
290424960 3
290304000 263
289340100 14
289013760 18
288120000 20
288054144 16
288000000 38
286720000 15
286654464 5
285768000 200
284497920 42
283553298 1
283500000 24
283435200 37
283115520 5
282357600 1
282240000 126
282175488 9
280985600 5
280052640 19
280000000 13
279936000 193
278691840 64
277830000 35
277766496 12
276595200 30
276480000 89
275625000 2
275562000 51
275251200 10
274400000 11
274337280 110
273375000 3
272273400 5
272160000 295
272097792 5
270950400 113
270112500 3
270050760 15
270000000 12
268912000 3
268800000 55
268738560 46
267907500 13
267846264 5
266716800 139
265720500 3
265531392 2
265420800 55
264600000 71
264539520 75
264241152 1
263424000 37
262549350 3
262500000 2
262440000 87
262144000 3
261382464 3
261273600 285
260112384 6
259308000 27
259200000 121
258339375 1
258048000 100
257250000 2
257191200 112
256048128 17
256000000 8
255150000 54
255091680 8
254803968 3
254121840 2
254016000 258
253125000 1
252887040 11
252047376 4
252000000 51
251942400 114
251658240 1
250880000 23
250822656 19
250047000 44
248935680 28
248832000 198
248062500 1
248005800 23
247726080 17
246960000 73
246903552 28
246037500 1
245862400 4
245760000 19
245046060 2
245000000 5
244944000 282
243855360 97
243101250 1
243045684 2
243000000 29
242020800 11
241920000 259
241864704 11
241116750 4
240945152 2
240844800 23
240100000 1
240045120 73
240000000 16
238878720 33
238239225 1
238140000 102
238085568 9
237081600 105
236250000 4
236196000 48
235929600 15
235200000 48
235146240 135
233377200 32
233280000 197
232339968 2
232243200 170
231525000 7
231472080 44
230496000 17
230400000 70
229635000 39
229582512 1
229376000 11
228614400 278
227598336 13
226894500 2
226800000 159
226748160 41
226492416 1
225886080 1
225792000 146
225042300 15
225000000 2
224788480 1
224042112 8
224000000 20
223948800 165
223256250 1
223205220 4
222953472 11
222264000 161
221433750 3
221276160 17
221184000 71
220541454 1
220500000 22
220449600 140
220200960 2
219520000 24
219469824 36
218791125 1
218700000 39
217818720 11
217728000 424
217005075 1
216760320 49
216090000 11
216040608 23
216000000 60
215129600 4
215040000 62
214990848 10
214326000 95
213373440 100
212625000 6
212576400 14
212336640 23
211768200 1
211680000 239
211631616 22
210739200 25
210039480 15
210000000 10
209952000 178
209018880 133
208372500 14
208324872 7
207446400 48
207360000 201
206671500 13
206524416 2
206438400 57
205800000 25
205752960 126
204800000 11
204205050 2
204120000 229
204073344 8
203212800 279
202538070 5
202500000 9
202309632 3
201684000 6
201600000 159
201553920 69
200704000 25
200037600 110
200000000 2
199148544 9
199065600 134
198450000 54
198404640 29
198180864 1
197568000 116
196830000 28
196689920 6
196608000 11
196036848 1
196000000 15
195955200 371
195084288 27
194481000 22
194400000 151
193616640 9
193536000 294
192937500 2
192893400 64
192675840 6
192080000 14
192036096 26
192000000 22
191362500 10
191318760 3
191102976 6
190512000 356
189665280 61
189078750 2
189035532 1
189000000 55
188956800 97
188743680 10
188238400 1
188160000 123
188116992 47
187535250 7
186701760 50
186624000 324
186004350 5
185794560 80
185220000 72
185177664 19
184396800 28
184320000 80
183784545 1
183750000 2
183708000 195
183500800 4
182891520 184
182284263 1
182250000 15
181515600 13
181440000 472
181398528 16
180633600 114
180075000 1
180033840 61
180000000 22
179200000 28
179159040 72
178605000 65
178564176 9
177811200 181
177187500 1
177147000 19
177020928 5
176947200 47
176473500 1
176400000 91
176359680 150
175616000 22
175032900 19
175000000 1
174960000 158
174254976 1
174182400 417
173643750 3
173604060 17
173408256 11
172872000 50
172800000 165
172226250 4
172103680 1
172032000 58
171532242 1
171500000 4
171460800 263
170698752 32
170100000 97
170061120 29
169869312 5
169414560 4
169344000 317
168591360 9
168070000 4
168031584 9
168000000 52
167961600 223
167772160 1
167215104 21
166698000 92
165957120 41
165888000 250
165375000 4
165337200 90
165150720 22
164640000 56
164602368 59
164025000 6
163840000 11
163364040 6
163296000 532
162570240 144
162067500 4
162030456 10
162000000 87
161347200 11
161280000 257
161243136 11
160744500 31
160563200 14
160030080 135
160000000 5
159432300 6
159252480 49
158760000 234
158723712 15
158054400 115
157529610 5
157500000 14
157464000 163
157286400 8
156800000 39
156764160 233
156243654 1
155584800 75
155520000 297
154893312 2
154828800 192
154350000 22
154314720 107
154140672 1
153664000 17
153600000 61
153090000 141
153055008 2
152409600 511
151732224 20
151263000 10
151200000 243
151165440 81
150590720 1
150528000 122
150028200 69
150000000 4
149361408 12
149299200 249
148837500 17
148803480 17
148635648 11
148176000 190
147622500 9
147517440 8
147456000 72
147027636 2
147000000 27
146966400 365
146313216 62
145860750 3
145800000 125
145212480 11
145152000 575
144670050 13
144506880 41
144060000 20
144027072 40
144000000 69
143489070 1
143360000 38
143327232 12
142884000 313
142248960 134
141750000 26
141717600 50
141557760 10
141120000 272
141087744 58
140492800 23
140026320 40
140000000 5
139968000 336
139345920 205
138915000 42
138883248 12
138297600 60
138240000 232
137812500 2
137781000 60
137625600 24
137200000 17
137168640 238
136687500 3
136136700 6
136080000 466
136048896 14
135531648 2
135475200 310
135056250 1
135025380 19
135000000 23
134873088 3
134456000 3
134400000 116
134369280 132
133953750 5
133923132 4
133358400 241
132860250 2
132765696 16
132710400 128
132300000 108
132269760 113
132120576 1
131712000 87
131274675 2
131250000 1
131220000 98
131072000 5
130691232 3
130636800 619
130203045 2
130056192 33
129654000 44
129600000 217
129077760 3
129024000 262
128625000 3
128595600 174
128450560 2
128024064 58
128000000 13
127575000 30
127545840 11
127401984 6
127060920 3
127008000 564
126443520 47
126023688 4
126000000 76
125971200 232
125829120 1
125440000 65
125411328 68
125023500 46
125000000 2
124467840 76
124416000 415
124031250 3
124002900 17
123863040 79
123480000 94
123451776 64
123018750 1
122931200 9
122880000 55
122523030 2
122500000 3
122472000 470
121927680 317
121522842 2
121500000 55
121010400 29
120960000 498
120932352 40
120558375 1
120422400 73
120050000 4
120022560 118
120000000 18
119439360 117
119070000 168
119042784 15
118540800 269
118125000 2
118098000 55
118013952 2
117964800 50
117649000 1
117600000 95
117573120 323
117440512 1
116688600 40
116640000 352
116169984 8
116121600 511
115762500 11
115736040 41
115605504 9
115248000 44
115200000 143
114817500 31
114791256 1
114688000 25
114354828 2
114307200 565
113799168 30
113447250 1
113400000 219
113374080 65
112943040 1
112896000 381
112521150 9
112500000 5
112394240 3
112021056 26
112000000 26
111974400 379
111602610 6
111476736 32
111132000 180
110638080 45
110592000 225
110250000 21
110224800 245
110100480 9
109760000 32
109734912 93
109350000 44
108909360 13
108864000 907
108380160 140
108045000 12
108020304 15
108000000 91
107564800 8
107520000 180
107495424 34
107163000 139
106686720 214
106312500 5
106288200 24
106168320 55
105884100 1
105840000 369
105815808 54
105369600 70
105043750 1
105019740 10
105000000 15
104976000 336
104857600 1
104509440 343
104186250 11
104162436 6
103723200 90
103680000 451
103335750 11
103262208 1
103219200 157
102900000 33
102876480 249
102760448 1
102400000 31
102060000 327
102036672 5
101648736 1
101606400 593
101269035 2
101250000 4
101154816 14
100842000 6
100800000 283
100776960 183
100352000 44
100018800 176
100000000 3
99574272 33
99532800 312
99225000 43
99202320 68
99090432 8
98784000 232
98415000 29
98344960 7
98304000 44
98018424 4
98000000 19
97977600 778
97542144 71
97240500 21
97200000 207
96808320 20
96768000 677
96446700 58
96337920 27
96040000 16
96018048 47
96000000 41
95681250 2
95659380 1
95551488 23
95295690 1
95256000 570
94832640 142
94517766 7
94500000 70
94478400 182
94371840 15
94119200 1
94080000 207
94058496 101
93767625 3
93750000 1
93350880 79
93312000 619
93002175 3
92897280 226
92610000 98
92588832 36
92198400 50
92160000 200
91854000 237
91750400 12
91445760 436
91125000 13
90757800 9
90720000 748
90699264 21
90354432 2
90316800 295
90037500 1
90016920 60
90000000 20
89600000 61
89579520 198
89302500 45
89282088 3
88905600 369
88573500 10
88510464 16
88473600 149
88200000 159
88179840 260
87808000 48
87516450 16
87500000 1
87480000 244
87127488 13
87091200 930
86821875 1
86802030 9
86704128 23
86436000 67
86400000 290
86051840 6
86016000 170
85766121 1
85750000 3
85730400 415
85349376 67
85050000 116
85030560 39
84934656 9
84707280 5
84672000 758
84295680 35
84035000 1
84015792 20
84000000 77
83980800 418
83607552 85
83349000 98
82978560 88
82944000 464
82687500 3
82668600 80
82575360 46
82320000 92
82301184 113
82012500 7
81920000 26
81682020 12
81648000 891
81285120 369
81033750 1
81015228 5
81000000 92
80673600 16
80640000 515
80621568 45
80372250 20
80281600 32
80015040 225
80000000 11
79716150 2
79626240 123
79380000 323
79361856 42
79027200 233
78764805 1
78750000 10
78732000 189
78643200 32
78400000 65
78382080 562
78121827 1
77792400 84
77760000 555
77446656 7
77414400 490
77175000 20
77157360 146
77070336 5
76832000 31
76800000 107
76545000 111
76527504 6
76236552 1
76204800 863
75937500 1
75866112 40
75631500 8
75600000 337
75582720 166
75295360 1
75264000 242
75014100 77
75000000 6
74680704 30
74649600 577
74418750 5
74401740 13
74317824 44
74088000 334
73811250 4
73758720 21
73728000 177
73513818 2
73500000 34
73483200 525
73400320 3
73156608 115
72930375 4
72900000 129
72606240 22
72576000 1196
72335025 1
72253440 132
72030000 20
72013536 65
72000000 99
71680000 95
71663616 39
71442000 359
71124480 306
70875000 21
70858800 55
70778880 41
70589400 1
70560000 425
70543872 124
70246400 48
70013160 43
70000000 15
69984000 592
69672960 477
69457500 44
69441624 19
69148800 100
69120000 466
68890500 59
68841472 2
68812800 81
68600000 33
68584320 448
68343750 1
68068350 8
68040000 608
68024448 18
67765824 3
67737600 640
67512690 11
67500000 19
67436544 1
67228000 5
67200000 214
67184640 301
66976875 1
66679200 307
66430125 1
66382848 28
66355200 334
66150000 91
66134880 173
66060288 11
65856000 173
65610000 104
65536000 13
65345616 8
65318400 1202
65028096 73
64827000 49
64800000 368
64538880 12
64512000 593
64312500 2
64297800 174
64225280 10
64012032 88
64000000 24
63787500 33
63772920 12
63700992 18
63530460 2
63504000 884
63221760 131
63011844 9
63000000 115
62985600 333
62914560 8
62720000 91
62705664 141
62511750 20
62233920 114
62208000 822
62001450 16
61931520 183
61740000 133
61725888 91
61465600 26
61440000 112
61250000 4
61236000 549
60963840 598
60761421 2
60750000 27
60505200 18
60480000 808
60466176 58
60211200 173
60025000 4
60011280 154
60000000 36
59719680 274
59535000 138
59521392 23
59270400 420
59062500 3
59049000 46
59006976 4
58982400 97
58824500 2
58800000 172
58786560 580
58344300 44
58320000 510
58084992 10
58060800 1082
57881250 5
57868020 31
57802752 23
57624000 60
57600000 258
57408750 7
57395628 1
57344000 68
57177414 1
57153600 851
56899584 71
56700000 268
56687040 105
56623104 4
56471520 4
56448000 615
56260575 4
56250000 1
56197120 7
56010528 31
56000000 44
55987200 726
55801305 1
55738368 90
55566000 260
55319040 92
55296000 506
55125000 21
55112400 278
55050240 32
54880000 57
54867456 173
54687500 1
54675000 23
54454680 20
54432000 1444
54190080 342
54022500 13
54010152 23
54000000 125
53782400 13
53760000 335
53747712 67
53581500 95
53343360 381
53156250 1
53144100 23
53084160 146
52942050 1
52920000 496
52907904 101
52684800 164
52509870 18
52500000 14
52488000 409
52428800 10
52254720 719
52093125 2
52081218 4
51861600 128
51840000 785
51667875 2
51609600 374
51450000 30
51438240 339
51380224 1
51200000 45
51030000 306
51018336 15
50824368 1
50803200 1089
50625000 4
50577408 24
50421000 6
50400000 373
50388480 283
50176000 106
50009400 149
50000000 1
49787136 48
49766400 742
49612500 36
49601160 72
49545216 27
49392000 331
49207500 18
49172480 14
49152000 83
49009212 3
49000000 39
48988800 1159
48771072 168
48620250 8
48600000 226
48404160 20
48384000 1171
48223350 33
48168960 58
48020000 16
48009024 99
48000000 66
47840625 1
47829690 1
47775744 45
47647845 1
47628000 688
47416320 298
47250000 50
47239200 198
47185920 20
47059600 2
47040000 287
47029248 180
46675440 89
46656000 1022
46448640 474
46305000 92
46294416 55
46099200 63
46080000 399
45937500 2
45927000 226
45875200 28
45722880 742
45562500 6
45378900 10
45360000 1003
45349632 45
45177216 3
45158400 587
45008460 46
45000000 21
44957696 4
44800000 103
44789760 427
44651250 23
44641044 6
44471322 1
44452800 524
44286750 5
44255232 27
44236800 316
44100000 162
44089920 430
44040192 2
43904000 85
43758225 3
43750000 1
43740000 275
43563744 11
43545600 1603
43401015 1
43352064 72
43218000 68
43200000 397
43025920 7
43008000 326
42875000 3
42865200 456
42674688 144
42525000 74
42515280 41
42467328 23
42353640 3
42336000 1163
42147840 79
42007896 16
42000000 80
41990400 697
41943040 2
41803776 186
41674500 68
41489280 129
41472000 975
41343750 3
41334300 70
41287680 144
41160000 138
41150592 163
41006250 6
40960000 50
40841010 7
40824000 1109
40642560 700
40507614 7
40500000 74
40336800 20
40320000 799
40310784 95
40186125 2
40140800 47
40007520 285
40000000 15
39813120 298
39690000 349
39680928 61
39530064 1
39513600 385
39375000 7
39366000 164
39337984 3
39321600 45
39200000 84
39191040 955
38896200 81
38880000 838
38723328 10
38707200 983
38587500 22
38578680 129
38535168 12
38416000 35
38400000 172
38272500 77
38263752 4
38118276 1
38102400 1266
37933056 80
37815750 5
37800000 379
37791360 222
37748736 3
37632000 454
37507050 35
37500000 4
37340352 45
37324800 1063
37209375 1
37200870 13
37158912 98
37059435 1
37044000 331
36879360 48
36864000 375
36756909 2
36750000 17
36741600 665
36700160 11
36578304 256
36450000 105
36303120 26
36288000 1878
36126720 277
36015000 15
36006768 67
36000000 127
35840000 154
35831808 79
35721000 276
35562240 470
35437500 10
35429400 52
35389440 97
35294700 3
35280000 532
35271936 209
35123200 61
35006580 39
35000000 19
34992000 761
34836480 935
34728750 11
34720812 18
34574400 148
34560000 790
34445250 23
34420736 1
34406400 198
34300000 19
34292160 682
34034175 2
34020000 648
34012224 30
33882912 1
33868800 1115
33756345 5
33750000 10
33718272 21
33614000 7
33600000 292
33592320 485
33339600 322
33191424 47
33177600 671
33075000 67
33067440 182
33030144 20
32928000 209
32805000 68
32768000 31
32672808 10
32659200 1805
32514048 182
32413500 40
32400000 426
32269440 22
32256000 987
32148900 149
32112640 20
32006016 159
32000000 45
31893750 7
31886460 11
31850496 53
31765230 2
31752000 1112
31610880 223
31505922 7
31500000 115
31492800 428
31457280 15
31360000 150
31352832 258
31255875 3
31116960 149
31104000 1331
31000725 1
30965760 442
30870000 130
30862944 123
30732800 41
30720000 221
30618000 549
30481920 1033
30375000 16
30252600 21
30240000 1137
30233088 85
30105600 347
30012500 1
30005640 153
30000000 21
29859840 571
29767500 69
29760696 14
29635200 610
29531250 1
29524500 31
29503488 20
29491200 216
29400000 157
29393280 818
29172150 12
29160000 613
29042496 12
29030400 1829
28934010 22
28901376 47
28812000 68
28800000 418
28704375 1
28697814 1
28672000 113
28588707 1
28576800 869
28449792 141
28350000 236
28343520 107
28311552 25
28235760 2
28224000 975
28125000 3
28098560 27
28005264 40
28000000 47
27993600 1126
27869184 228
27783000 202
27659520 120
27648000 935
27562500 9
27556200 247
27525120 70
27440000 69
27433728 290
27337500 26
27227340 14
27216000 1818
27095040 592
27011250 4
27005076 17
27000000 146
26891200 14
26880000 516
26873856 121
26790750 38
26671680 490
26572050 6
26542080 292
26471025 1
26460000 495
26453952 157
26342400 231
26254935 6
26250000 9
26244000 428
26214400 12
26127360 1350
26040609 1
25930800 108
25920000 1066
25815552 6
25804800 707
25725000 23
25719120 336
25690112 3
25600000 61
25515000 222
25509168 15
25412184 5
25401600 1619
25312500 2
25288704 62
25210500 4
25200000 437
25194240 435
25165824 3
25088000 181
25004700 115
25000000 5
24893568 73
24883200 1208
24806250 11
24800580 51
24772608 73
24696000 395
24603750 4
24586240 29
24576000 181
24504606 3
24500000 27
24494400 1360
24385536 321
24310125 3
24300000 245
24202080 22
24192000 1826
24111675 6
24084480 140
24010000 16
24004512 117
24000000 107
23914845 1
23887872 107
23814000 651
23708160 486
23625000 41
23619600 178
23592960 59
23529800 1
23520000 427
23514624 282
23337720 80
23328000 1336
23224320 909
23152500 44
23147208 55
23049600 102
23040000 610
22963500 111
22937600 57
22861440 1052
22781250 4
22689450 6
22680000 1075
22674816 62
22588608 2
22579200 962
22509375 1
22504230 29
22500000 26
22478848 4
22400000 129
22394880 713
22325625 2
22320522 3
22226400 611
22143375 1
22127616 43
22118400 593
22050000 143
22044960 471
22020096 8
21952000 128
21875000 4
21870000 232
21781872 14
21772800 2450
21676032 157
21609000 65
21600000 473
21512960 14
21504000 533
21437500 1
21432600 383
21337344 224
21262500 43
21257640 31
21233664 50
21176820 3
21168000 1350
21073920 145
21008750 1
21003948 19
21000000 91
20995200 846
20971520 2
20901888 361
20837250 27
20744640 177
20736000 1523
20667150 28
20643840 275
20580000 124
20575296 229
20503125 1
20480000 76
20412000 1180
20321280 1142
20253807 3
20250000 67
20168400 27
20160000 1093
20155392 163
20070400 119
20003760 334
20000000 8
19906560 607
19845000 262
19840464 60
19756800 594
19687500 3
19683000 131
19668992 6
19660800 99
19600000 91
19595520 1322
19448100 70
19440000 979
19361664 11
19353600 1683
19293750 9
19289340 99
19267584 26
19208000 39
19200000 234
19136250 22
19131876 2
19059138 1
19051200 1519
18966528 140
18907875 1
18900000 372
18895680 279
18874368 5
18816000 611
18753525 3
18750000 2
18670176 70
18662400 1567
18600435 2
18579456 199
18522000 312
18439680 60
18432000 593
18375000 20
18370800 608
18350080 13
18289152 387
18225000 89
18151560 23
18144000 2402
18063360 459
18007500 8
18003384 48
18000000 152
17920000 213
17915904 188
17860500 198
17781120 613
17718750 5
17714700 30
17694720 234
17647350 3
17640000 618
17635968 277
17561600 120
17503290 21
17500000 14
17496000 944
17418240 1499
17364375 1
17360406 9
17287200 178
17280000 1078
17222625 1
17210368 2
17203200 382
17150000 22
17146080 670
17010000 514
17006112 24
16941456 3
16934400 1610
16875000 5
16859136 31
16807000 4
16800000 363
16796160 827
16777216 1
16669800 302
16595712 57
16588800 1237
16537500 42
16533720 177
16515072 39
16464000 313
16402500 44
16384000 47
16336404 9
16329600 2303
16257024 314
16206750 21
16200000 394
16134720 22
16128000 1506
16074450 63
16056320 35
16003008 193
16000000 49
15946875 1
15943230 4
15925248 103
15876000 1100
15805440 391
15752961 2
15750000 63
15746400 442
15728640 29
15680000 190
15676416 477
15558480 115
15552000 1816
15482880 742
15435000 95
15431472 127
15366400 54
15360000 351
15312500 1
15309000 409
15240960 1461
15187500 14
15126300 14
15120000 1343
15116544 110
15059072 2
15052800 528
15006250 5
15002820 98
15000000 15
14929920 940
14883750 32
14880348 18
14817600 717
14762250 10
14751744 18
14745600 352
14700000 134
14696640 887
14680064 1
14586075 6
14580000 555
14521248 17
14515200 2754
14467005 8
14450688 73
14406000 47
14400000 478
14336000 176
14288400 845
14224896 200
14175000 132
14171760 117
14155776 42
14117880 5
14112000 1234
14062500 1
14049280 60
14002632 38
14000000 60
13996800 1480
13934592 357
13891500 100
13829760 155
13824000 1473
13781250 1
13778100 133
13762560 116
13720000 67
13716864 350
13668750 9
13613670 9
13608000 2047
13547520 961
13505625 4
13502538 11
13500000 98
13445600 5
13440000 665
13436928 243
13395375 10
13335840 483
13286025 1
13271040 577
13230000 417
13226976 147
13171200 325
13125000 10
13122000 335
13107200 27
13063680 1916
12965400 121
12960000 1289
12907776 18
12902400 1191
12862500 13
12859560 310
12845056 2
12800000 99
12757500 96
12754584 6
12706092 1
12700800 1970
12644352 99
12605250 3
12600000 452
12597120 570
12582912 6
12544000 221
12502350 56
12500000 2
12446784 88
12441600 1867
12403125 4
12400290 21
12386304 121
12348000 395
12293120 26
12288000 347
12252303 1
12250000 21
12247200 1352
12192768 466
12150000 195
12101040 38
12096000 2514
12042240 241
12005000 12
12002256 116
12000000 86
11943936 191
11907000 464
11854080 621
11812500 21
11809800 128
11796480 111
11760000 438
11757312 450
11668860 71
11664000 1546
11612160 1544
11576250 20
11573604 25
11524800 123
11520000 870
11481750 49
11468800 99
11430720 1177
11344725 3
11340000 982
11337408 86
11294304 1
11289600 1287
11252115 12
11250000 19
11239424 6
11200000 149
11197440 1070
11113200 527
11063808 43
11059200 990
11025000 82
11022480 448
11010048 23
10976000 145
10935000 148
10890936 17
10886400 3102
10838016 247
10804500 40
10800000 493
10756480 7
10752000 829
10718750 2
10716300 207
10668672 263
10631250 10
10628820 21
10616832 102
10588410 1
10584000 1356
10536960 198
10501974 14
10500000 87
10497600 919
10485760 3
10450944 571
10418625 8
10372320 185
10368000 2078
10333575 6
10321920 497
10290000 88
10287648 271
10240000 116
10206000 973
10160640 1537
10125000 33
10084200 19
10080000 1237
10077696 229
10035200 157
10001880 241
10000000 13
9953280 965
9922500 123
9920232 49
9882516 1
9878400 629
9843750 3
9841500 68
9834496 6
9830400 162
9800000 79
9797760 1569
9724050 30
9720000 970
9680832 18
9676800 2378
9644670 33
9633792 39
9604000 37
9600000 302
9568125 4
9565938 2
9529569 1
9525600 1464
9483264 184
9450000 271
9447840 274
9437184 15
9411920 1
9408000 746
9375000 2
9335088 61
9331200 2128
9289728 320
9261000 223
9219840 118
9216000 910
9187500 10
9185400 453
9175040 41
9144576 529
9112500 28
9075780 20
9072000 2698
9031680 688
9003750 4
9001692 42
9000000 134
8960000 276
8957952 309
8930250 69
8890560 682
8859375 2
8857350 10
8847360 409
8820000 558
8817984 280
8780800 133
8751645 11
8750000 7
8748000 715
8709120 2212
8680203 1
8643600 111
8640000 1322
8605184 1
8601600 554
8575000 11
8573040 615
8505000 339
8503056 29
8470728 2
8467200 2051
8437500 4
8429568 56
8403500 2
8400000 372
8398080 938
8388608 2
8334900 173
8297856 88
8294400 1815
8268750 16
8266860 95
8257536 102
8232000 309
8201250 15
8192000 96
8168202 3
8164800 2329
8128512 476
8103375 2
8100000 329
8067360 23
8064000 1864
8037225 14
8028160 62
8001504 201
8000000 48
7962624 198
7938000 862
7902720 461
7875000 28
7873200 361
7864320 44
7840000 183
7838208 623
7779240 99
7776000 2149
7741440 1249
7717500 44
7715736 95
7683200 60
7680000 457
7654500 218
7620480 1634
7593750 2
7563150 5
7560000 1249
7558272 162
7529536 1
7526400 739
7501410 46
7500000 17
7464960 1283
7441875 6
7440174 2
7408800 736
7381125 1
7375872 34
7372800 633
7350000 92
7348320 953
7340032 10
7290000 405
7260624 13
7257600 3584
7225344 143
7203000 40
7200000 496
7168000 256
7144200 590
7112448 273
7087500 65
7085880 76
7077888 68
7058940 4
7056000 1294
7024640 65
7001316 27
7000000 65
6998400 1569
6967296 579
6945750 51
6914880 172
6912000 1847
6890625 1
6889050 56
6881280 217
6860000 60
6858432 418
6834375 1
6806835 2
6804000 1738
6773760 1407
6751269 3
6750000 81
6722800 12
6720000 761
6718464 305
6667920 450
6635520 897
6615000 245
6613488 132
6585600 398
6562500 1
6561000 247
6553600 46
6531840 2324
6482700 79
6480000 1288
6453888 11
6451200 1695
6431250 4
6429780 158
6422528 13
6400000 101
6378750 34
6377292 8
6353046 1
6350400 1982
6322176 134
6300000 343
6298560 563
6291456 4
6272000 284
6251175 10
6250000 1
6223392 101
6220800 2456
6200145 5
6193152 219
6174000 280
6146560 37
6144000 458
6125000 8
6123600 1061
6096384 642
6075000 113
6050520 20
6048000 2742
6021120 342
6002500 1
6001128 81
6000000 126
5971968 330
5953500 260
5927040 720
5906250 3
5904900 66
5898240 235
5880000 416
5878656 520
5834430 33
5832000 1549
5806080 2174
5788125 5
5786802 12
5762400 117
5760000 971
5740875 6
5734400 156
5715360 1196
5670000 726
5668704 78
5647152 2
5644800 1687
5625000 13
5619712 11
5600000 176
5598720 1343
5556600 361
5531904 61
5529600 1510
5512500 44
5511240 318
5505024 27
5488000 139
5467500 66
5445468 15
5443200 3204
5419008 362
5402250 11
5400000 437
5378240 11
5376000 1030
5358150 85
5334336 290
5314410 5
5308416 182
5292000 1193
5268480 266
5250987 4
5250000 49
5248800 781
5242880 16
5225472 772
5186160 166
5184000 2461
5160960 731
5145000 55
5143824 214
5120000 148
5103000 629
5080320 1838
5062500 20
5042100 14
5040000 1253
5038848 249
5017600 218
5000940 147
5000000 13
4976640 1431
4961250 45
4960116 24
4939200 669
4920750 22
4917248 15
4915200 291
4900000 69
4898880 1593
4862025 10
4860000 687
4840416 16
4838400 3005
4822335 6
4816896 59
4802000 32
4800000 313
4762800 1153
4741632 227
4725000 141
4723920 221
4718592 34
4705960 1
4704000 825
4687500 2
4667544 44
4665600 2328
4644864 525
4630500 126
4609920 124
4608000 1240
4593750 1
4592700 249
4587520 52
4572288 599
4556250 4
4537890 9
4536000 2445
4515840 967
4501875 2
4500846 19
4500000 108
4480000 276
4478976 440
4465125 16
4445280 680
4428675 1
4423680 589
4410000 376
4408992 259
4390400 140
4375000 2
4374000 557
4354560 2787
4321800 103
4320000 1342
4302592 4
4300800 815
4287500 9
4286520 438
4252500 165
4251528 24
4235364 1
4233600 2099
4218750 2
4214784 57
4200000 239
4199040 1025
4194304 2
4167450 54
4148928 89
4147200 2359
4134375 1
4133430 45
4128768 143
4116000 238
4100625 5
4096000 160
4084101 3
4082400 1933
4064256 650
4050000 204
4033680 16
4032000 2136
4014080 109
4000752 179
4000000 57
3981312 321
3969000 535
3951360 588
3937500 14
3936600 229
3932160 92
3920000 178
3919104 714
3889620 76
3888000 2019
3870720 1737
3858750 15
3857868 52
3841600 57
3840000 558
3827250 62
3810240 1669
3796875 1
3781575 1
3780000 1020
3779136 172
3763200 859
3750705 6
3750000 11
3732480 1761
3720087 1
3704400 521
3687936 36
3686400 876
3675000 44
3674160 695
3670016 9
3645000 238
3630312 10
3628800 3820
3612672 234
3601500 13
3600000 408
3584000 318
3572100 308
3556224 331
3543750 19
3542940 32
3538944 110
3529470 2
3528000 1139
3512320 93
3500658 15
3500000 31
3499200 1473
3483648 814
3472875 8
3457440 147
3456000 2155
3444525 12
3440640 371
3430000 40
3429216 397
3402000 1312
3386880 1635
3375000 25
3361400 8
3360000 744
3359232 392
3333960 296
3317760 1249
3307500 131
3306744 78
3292800 398
3281250 1
3280500 128
3276800 72
3265920 2411
3241350 32
3240000 1032
3226944 10
3225600 2091
3215625 1
3214890 60
3211264 23
3200000 114
3189375 3
3188646 2
3175200 1597
3161088 202
3150000 242
3149280 450
3145728 9
3136000 292
3125000 1
3111696 76
3110400 2766
3096576 350
3087000 184
3073280 52
3072000 611
3062500 3
3061800 650
3048192 773
3037500 38
3025260 21
3024000 2622
3010560 480
3001250 2
3000564 70
3000000 64
2985984 454
2976750 79
2963520 707
2952450 16
2949120 364
2940000 311
2939328 456
2917215 9
2916000 1163
2903040 2685
2893401 3
2881200 75
2880000 1068
2867200 216
2857680 880
2835000 408
2834352 63
2823576 2
2822400 1698
2812500 5
2809856 22
2800000 130
2799360 1462
2778300 168
2765952 76
2764800 1876
2756250 6
2755620 146
2752512 58
2744000 146
2733750 24
2722734 3
2721600 3020
2709504 505
2701125 1
2700000 367
2689120 9
2688000 1154
2679075 15
2667168 248
2657205 1
2654208 236
2646000 842
2634240 286
2625000 19
2624400 545
2621440 26
2612736 929
2593080 114
2592000 2457
2580480 1043
2572500 26
2571912 143
2560000 169
2551500 258
2540160 1898
2531250 5
2521050 3
2520000 1043
2519424 292
2508800 264
2500470 70
2500000 9
2488320 1804
2480625 8
2480058 21
2469600 527
2460375 3
2458624 10
2457600 372
2450000 35
2449440 1360
2430000 498
2420208 9
2419200 3346
2408448 111
2401000 22
2400000 286
2381400 784
2370816 275
2362500 62
2361960 132
2359296 57
2352000 722
2333772 35
2332800 2140
2322432 727
2315250 47
2304960 97
2304000 1480
2296350 78
2293760 77
2286144 579
2278125 2
2268945 2
2268000 1908
2257920 1141
2250423 5
2250000 52
2240000 304
2239488 507
2222640 471
2211840 869
2205000 195
2204496 198
2195200 164
2187500 4
2187000 344
2177280 2855
2160900 49
2160000 1144
2151296 1
2150400 970
2143750 1
2143260 233
2126250 46
2125764 9
2117682 2
2116800 1882
2107392 95
2100000 208
2099520 865
2097152 3
2083725 8
2074464 78
2073600 2802
2066715 6
2064384 201
2058000 175
2048000 183
2041200 1355
2032128 708
2025000 110
2016840 8
2016000 2115
2007040 146
2000376 104
2000000 40
1990656 454
1984500 231
1975680 513
1968750 2
1968300 92
1966080 142
1960000 138
1959552 750
1944810 29
1944000 1706
1935360 2138
1929375 1
1928934 22
1920800 44
1920000 563
1913625 11
1905120 1325
1890000 642
1889568 160
1882384 2
1881600 860
1875000 3
1866240 1929
1852200 279
1843968 42
1843200 1170
1837500 31
1837080 423
1835008 9
1822500 72
1815156 7
1814400 3589
1806336 305
1800750 7
1800000 308
1792000 371
1786050 114
1778112 312
1771875 2
1771470 21
1769472 167
1764000 917
1756160 103
1750329 3
1750000 17
1749600 1142
1741824 1049
1728720 108
1728000 2196
1720320 462
1715000 23
1714608 266
1701000 703
1693440 1769
1687500 11
1680700 1
1680000 653
1679616 458
1666980 171
1658880 1625
1653750 39
1653372 38
1646400 348
1640250 28
1638400 104
1632960 2059
1620675 5
1620000 768
1613472 10
1612800 2351
1607445 11
1605632 15
1600000 105
1587600 1184
1580544 192
1575000 118
1574640 319
1572864 18
1568000 261
1562500 1
1555848 55
1555200 2738
1548288 508
1543500 82
1536640 46
1536000 707
1531250 1
1530900 288
1524096 726
1518750 12
1512630 6
1512000 2127
1505280 556
1500282 24
1500000 47
1492992 598
1488375 13
1481760 525
1476225 4
1474560 438
1470000 185
1469664 431
1458000 731
1451520 2976
1440600 49
1440000 976
1433600 296
1428840 481
1417500 170
1417176 44
1411200 1527
1404928 24
1400000 102
1399680 1379
1389150 66
1382976 74
1382400 2234
1378125 2
1377810 53
1376256 96
1372000 95
1366875 1
1360800 2262
1354752 589
1350000 186
1344560 7
1344000 1201
1333584 182
1327104 350
1323000 500
1317120 279
1312500 10
1312200 326
1310720 33
1306368 964
1296540 55
1296000 2161
1290240 1315
1286250 13
1285956 73
1280000 185
1275750 92
1270080 1618
1260525 1
1260000 687
1259712 235
1254400 308
1250235 15
1250000 4
1244160 2010
1240029 1
1234800 355
1229312 14
1228800 483
1225000 23
1224720 944
1215000 238
1210104 5
1209600 3320
1204224 124
1200500 3
1200000 271
1190700 327
1185408 292
1181250 18
1180980 60
1179648 89
1176490 1
1176000 600
1166886 6
1166400 1784
1161216 861
1157625 5
1152480 78
1152000 1524
1148175 10
1146880 106
1143072 427
1134000 1187
1128960 1198
1125000 30
1120000 236
1119744 564
1111320 281
1105920 1137
1102500 81
1102248 148
1097600 121
1093500 153
1088640 2718
1080450 11
1080000 957
1075648 5
1075200 1072
1071875 1
1071630 79
1063125 8
1062882 1
1058400 1400
1053696 120
1050000 125
1049760 702
1048576 3
1037232 47
1036800 2808
1032192 287
1029000 90
1024000 178
1020600 757
1016064 672
1012500 51
1008420 6
1008000 1847
1003520 139
1000188 57
1000000 29
995328 557
992250 89
987840 458
984150 34
983040 191
980000 100
979776 664
972405 7
972000 1190
967680 2377
964467 7
960400 22
960000 578
952560 901
945000 315
944784 87
940800 803
937500 2
933120 1830
926100 172
921984 34
921600 1353
918750 3
918540 208
917504 11
911250 25
907578 3
907200 2847
903168 364
900375 2
900000 220
896000 371
893025 16
889056 220
884736 206
882000 606
878080 93
875000 10
874800 725
870912 990
864360 77
864000 2041
860160 536
857500 7
857304 177
850500 304
846720 1588
843750 1
840000 547
839808 409
833490 66
829440 1769
826875 9
826686 16
823200 243
820125 2
819200 120
816480 1567
810000 463
806736 3
806400 2213
802816 34
800000 96
793800 639
790272 209
787500 48
787320 186
786432 30
784000 215
777924 20
777600 2440
774144 603
771750 36
768320 25
768000 736
765450 104
762048 605
759375 1
756315 1
756000 1474
752640 518
750141 7
750000 31
746496 598
740880 367
737280 608
735000 86
734832 235
729000 380
725760 2757
720300 27
720000 813
716800 268
714420 263
708750 42
708588 12
705894 2
705600 1199
702464 25
700000 59
699840 1089
694575 13
691488 52
691200 2299
688905 7
688128 97
686000 50
680400 1425
677376 609
675000 103
672280 5
672000 1036
666792 101
663552 437
661500 209
658560 270
656250 1
656100 131
655360 50
653184 877
648270 18
648000 1552
645120 1465
643125 1
642978 31
640000 166
637875 16
635040 1227
630000 390
629856 174
627200 299
625000 2
622080 2040
617400 181
614656 15
614400 535
612500 9
612360 536
607500 110
605052 1
604800 2693
602112 131
600000 164
595350 116
592704 248
590625 4
590490 13
589824 148
588000 407
583443 2
583200 1225
580608 953
576240 51
576000 1426
573440 162
571536 302
567000 591
564480 1142
562500 9
560000 205
559872 557
555660 158
552960 1201
551250 22
551124 54
548800 106
546750 36
544320 2167
540225 2
540000 590
537824 1
537600 1080
535815 14
529200 890
526848 101
525000 46
524880 397
524288 2
518616 32
518400 2463
516096 337
514500 44
512000 216
510300 322
508032 661
506250 17
504210 1
504000 1302
501760 147
500094 22
500000 18
497664 672
496125 7
493920 363
492075 5
491520 273
490000 57
489888 463
486000 732
483840 2238
480200 14
480000 465
476280 523
472500 126
472392 41
470596 1
470400 650
466560 1574
463050 45
460992 29
460800 1415
459375 1
459270 77
458752 20
455625 1
453789 1
453600 1957
451584 360
450000 110
448000 340
444528 180
442368 278
441000 274
439040 81
437500 2
437400 354
435456 932
432180 31
432000 1573
430080 573
428750 2
428652 80
425250 85
423360 1142
420000 325
419904 331
416745 12
414720 1778
413343 1
411600 152
409600 127
408240 952
405000 205
403368 4
403200 2088
401408 32
400000 63
396900 283
395136 146
393750 8
393660 73
393216 58
392000 167
388962 16
388800 1746
387072 624
385875 7
384160 27
384000 649
382725 12
381024 456
378000 920
376320 545
375000 12
373248 597
370440 209
368640 726
367500 39
367416 161
364500 138
362880 2221
360150 10
360000 559
358400 307
357210 81
354375 11
354294 7
352800 860
351232 24
350000 27
349920 740
345744 37
345600 2063
344064 130
343000 21
340200 696
338688 551
337500 32
336140 2
336000 803
333396 55
331776 508
330750 60
329280 188
328050 38
327680 42
326592 699
324135 1
324000 1018
322560 1347
321489 4
320000 137
317520 778
315000 227
314928 90
313600 231
311040 1742
308700 69
307328 8
307200 544
306250 2
306180 202
303750 31
302526 1
302400 2075
301056 167
300000 105
297675 16
296352 182
295245 4
294912 144
294000 238
291600 706
290304 869
288120 34
288000 1175
286720 147
285768 158
283500 232
282240 914
281250 2
280000 124
279936 429
277830 49
276480 1343
275562 25
274400 61
273375 5
272160 1516
270000 305
268800 973
264600 442
263424 85
262500 18
262440 216
262144 11
259308 21
259200 1992
258048 408
257250 15
256000 190
255150 104
254016 520
253125 1
252000 884
250880 137
250047 5
250000 4
248832 671
246960 199
245760 229
245000 32
244944 301
243000 348
241920 1919
240100 5
240000 314
238140 194
236250 25
236196 21
235200 502
233280 1186
231525 9
230496 21
230400 1297
229635 6
229376 38
226800 1080
225792 363
225000 58
224000 266
222264 63
221184 330
220500 97
219520 63
218750 2
218700 147
217728 851
216090 8
216000 1099
215040 604
214326 24
212625 3
211680 825
210000 166
209952 211
207360 1661
205800 74
204800 138
204120 505
202500 83
201684 2
201600 1600
200704 28
200000 52
198450 82
197568 121
196875 1
196830 19
196608 52
196000 96
194481 3
194400 1152
193536 651
192080 6
192000 556
190512 276
189000 447
188160 431
187500 6
186624 522
185220 95
184320 762
183750 7
183708 66
182250 33
181440 1672
180000 352
179200 257
178605 15
176400 450
175616 15
175000 10
174960 452
172872 19
172800 1715
172032 140
171500 4
170100 280
169344 455
168750 11
168070 1
168000 569
166698 13
165888 506
165375 11
164640 139
164025 8
163840 53
163296 460
162000 543
161280 1188
160000 105
158760 398
157500 61
157464 61
156800 160
155520 1392
154350 16
153664 10
153600 487
153125 1
153090 68
151875 3
151200 1331
150528 147
150000 55
148176 103
147456 144
147000 114
145800 309
145152 755
144060 12
144000 842
143360 130
142884 75
141750 58
141120 658
140000 68
139968 342
138915 6
138240 1178
137781 1
137200 34
136080 808
135000 124
134456 1
134400 793
132300 151
131712 64
131250 3
131220 70
131072 11
129654 3
129600 1314
129024 350
128625 2
128000 174
127575 17
127008 324
126000 445
125440 132
125000 2
124416 573
123480 108
122880 260
122500 19
122472 148
121500 135
120960 1526
120000 204
119070 68
118125 2
118098 5
117600 333
116640 740
115248 12
115200 1120
114688 41
113400 510
112896 271
112500 14
112000 217
111132 44
110592 337
110250 24
109760 57
109350 27
108864 592
108045 3
108000 602
107520 543
105840 471
105000 73
104976 136
103680 1326
102900 24
102400 138
102060 191
101250 24
100842 1
100800 1111
100352 31
100000 21
99225 13
98784 79
98415 5
98304 50
98000 52
97200 576
96768 567
96040 9
96000 425
95256 135
94500 144
94080 340
93312 438
92610 29
92160 680
91875 2
91854 16
91125 4
90720 1096
90000 159
89600 207
88200 235
87808 12
87500 3
87480 193
86436 3
86400 1246
86016 150
85750 3
85050 71
84672 303
84000 315
83349 3
82944 458
82320 70
81920 58
81648 257
81000 268
80640 975
80000 78
79380 151
78750 26
78732 27
78400 101
77760 915
77175 4
76832 8
76800 496
76545 8
75600 666
75264 129
75000 23
74088 59
73728 183
73500 41
72900 115
72576 584
72030 6
72000 555
71680 137
71442 15
70875 3
70560 422
70000 43
69984 195
69120 997
68600 20
68040 390
67500 50
67228 1
67200 591
66150 42
65856 43
65625 1
65610 19
65536 10
64827 3
64800 854
64512 372
64000 129
63504 190
63000 196
62720 94
62500 4
62208 457
61740 44
61440 276
61250 2
61236 47
60750 25
60480 1031
60000 118
59535 8
59049 1
58800 198
58320 401
57624 9
57600 815
57344 43
56700 186
56448 190
56250 2
56000 118
55566 6
55296 327
55125 2
54880 36
54675 4
54432 361
54000 334
53760 431
52920 225
52500 24
52488 65
51840 926
51450 8
51200 115
51030 42
50400 590
50176 30
50000 9
49392 50
49152 63
49000 29
48600 287
48384 464
48000 311
47628 59
47250 34
47040 226
46656 296
46305 5
46080 619
45927 3
45360 605
45000 61
44800 176
44100 86
43904 27
43750 1
43740 62
43218 3
43200 799
43008 124
42525 12
42336 186
42000 164
41472 375
41160 48
40960 51
40824 129
40500 80
40320 650
40000 36
39690 34
39375 2
39366 3
39200 54
38880 490
38416 3
38400 360
37800 282
37632 105
37500 8
37044 22
36864 153
36750 10
36450 38
36288 401
36015 1
36000 300
35840 121
35721 2
35280 217
35000 14
34992 116
34560 803
34300 7
34020 143
33750 10
33614 1
33600 372
33075 8
32928 25
32805 3
32768 16
32400 418
32256 243
32000 93
31752 86
31500 66
31360 57
31104 350
30870 9
30720 239
30618 11
30375 3
30240 563
30000 55
29400 72
29160 180
28812 2
28800 582
28672 38
28350 39
28224 132
28000 64
27783 3
27648 283
27440 16
27216 192
27000 133
26880 314
26460 87
26250 7
26244 22
25920 623
25600 91
25515 5
25200 299
25088 25
25000 4
24696 27
24576 52
24500 9
24300 77
24192 312
24010 1
24000 178
23814 14
23625 6
23520 100
23328 176
23040 483
22680 249
22500 22
22400 131
22050 23
21952 10
21870 18
21609 1
21600 446
21504 97
21168 87
21000 62
20736 289
20580 13
20480 42
20412 39
20250 20
20160 436
20000 30
19845 6
19600 32
19440 285
19208 2
19200 295
18900 113
18816 63
18522 3
18432 140
18225 4
18144 226
18000 149
17920 96
17640 80
17500 4
17496 45
17280 522
17150 2
17010 29
16800 202
16464 12
16384 10
16200 166
16128 189
16000 52
15876 35
15750 20
15680 39
15552 190
15435 1
15360 199
15309 1
15120 265
15000 17
14700 23
14580 66
14406 1
14400 336
14336 22
14175 3
14112 73
14000 38
13824 210
13720 5
13608 70
13500 43
13440 206
13230 27
13122 3
12960 281
12800 78
12600 112
12544 14
12348 11
12288 55
12250 6
12150 14
12096 217
12000 96
11907 4
11760 71
11664 90
11520 331
11340 91
11250 7
11200 66
11025 1
10976 8
10800 212
10752 79
10584 45
10500 13
10368 174
10290 4
10240 51
10206 11
10125 2
10080 232
10000 8
9800 16
9720 108
9600 191
9450 25
9408 41
9216 98
9072 104
9000 48
8960 60
8820 39
8748 17
8640 313
8575 1
8505 10
8400 110
8232 5
8192 10
8100 53
8064 137
8000 34
7938 10
7875 4
7840 22
7776 114
7680 133
7560 130
7500 3
7350 3
7290 19
7200 160
7168 28
7056 37
7000 11
6912 115
6860 2
6804 34
6750 12
6720 148
6615 4
6480 153
6400 50
6300 32
6272 7
6174 2
6144 37
6075 3
6048 103
6000 49
5880 27
5832 41
5760 188
5670 24
5600 30
5488 6
5400 72
5376 63
5292 7
5250 9
5184 126
5120 27
5103 2
5040 96
5000 5
4900 4
4860 35
4800 110
4725 3
4704 18
4608 89
4536 39
4500 20
4480 37
4410 7
4374 3
4320 159
4200 42
4116 2
4096 9
4050 8
4032 85
4000 20
3920 10
3888 54
3840 85
3780 44
3675 1
3645 1
3600 80
3584 14
3528 19
3500 2
3456 102
3430 4
3402 5
3375 2
3360 75
3240 60
3200 28
3150 8
3136 4
3072 34
3024 38
3000 19
2940 10
2916 12
2880 102
2835 2
2800 17
2744 2
2700 25
2688 39
2646 3
2625 2
2592 75
2560 23
2520 31
2500 2
2450 1
2430 4
2400 59
2352 11
2304 52
2268 17
2250 3
2240 20
2187 1
2160 58
2100 10
2048 11
2025 2
2016 29
2000 9
1960 2
1944 21
1920 59
1890 9
1800 45
1792 5
1764 4
1728 52
1701 2
1680 31
1620 17
1600 12
1575 3
1536 19
1512 19
1500 3
1470 4
1458 2
1440 48
1400 10
1350 4
1344 15
1323 1
1296 32
1280 17
1260 16
1215 1
1200 26
1176 2
1152 42
1134 2
1120 10
1080 27
1024 5
1008 17
1000 2
980 1
972 2
960 35
945 1
900 12
896 3
882 1
864 16
840 9
810 6
800 7
784 3
768 17
756 3
720 23
700 1
672 7
648 10
640 10
630 1
576 16
560 4
540 6
512 4
504 3
500 2
486 3
480 9
450 1
448 1
441 1
432 9
420 5
400 4
392 1
384 5
378 2
360 12
336 1
324 4
320 7
300 1
294 1
288 5
280 2
270 4
256 1
252 3
240 7
225 1
224 1
216 2
200 1
192 3
180 1
168 3
150 1
144 2
120 3
108 1
90 1
84 1
80 1
56 1
48 1
36 1
32 1
