3068 1
3063 1
3054 1
3049 1
3048 1
3045 1
3035 1
3033 1
3032 1
3030 1
3028 1
3022 1
3021 2
3019 1
3018 1
3014 1
3013 2
3012 2
3011 1
3009 2
3008 3
3007 3
3006 3
3005 3
3004 5
3003 4
3002 2
3001 4
3000 1
2999 5
2997 4
2996 3
2995 6
2994 6
2993 3
2992 8
2991 4
2990 5
2989 6
2988 9
2987 6
2986 4
2985 7
2984 12
2983 10
2982 9
2981 15
2980 13
2979 9
2978 9
2977 11
2976 17
2975 15
2974 12
2973 15
2972 11
2971 24
2970 17
2969 20
2968 18
2967 28
2966 22
2965 17
2964 24
2963 23
2962 20
2961 29
2960 32
2959 28
2958 31
2957 38
2956 42
2955 33
2954 31
2953 40
2952 39
2951 34
2950 35
2949 52
2948 44
2947 64
2946 63
2945 58
2944 68
2943 54
2942 70
2941 75
2940 65
2939 97
2938 80
2937 93
2936 86
2935 101
2934 109
2933 105
2932 127
2931 106
2930 128
2929 116
2928 125
2927 129
2926 136
2925 151
2924 150
2923 172
2922 181
2921 198
2920 186
2919 192
2918 222
2917 232
2916 218
2915 265
2914 230
2913 264
2912 266
2911 236
2910 263
2909 310
2908 321
2907 293
2906 336
2905 371
2904 371
2903 341
2902 362
2901 397
2900 392
2899 402
2898 465
2897 442
2896 435
2895 463
2894 519
2893 514
2892 529
2891 536
2890 554
2889 589
2888 598
2887 613
2886 676
2885 665
2884 703
2883 764
2882 719
2881 772
2880 805
2879 812
2878 911
2877 846
2876 897
2875 947
2874 942
2873 1002
2872 1053
2871 1043
2870 1105
2869 1146
2868 1157
2867 1178
2866 1217
2865 1274
2864 1222
2863 1397
2862 1324
2861 1364
2860 1510
2859 1547
2858 1477
2857 1515
2856 1619
2855 1672
2854 1661
2853 1705
2852 1744
2851 1818
2850 1871
2849 1925
2848 1966
2847 2035
2846 2072
2845 2116
2844 2076
2843 2110
2842 2130
2841 2239
2840 2260
2839 2320
2838 2456
2837 2542
2836 2508
2835 2659
2834 2633
2833 2691
2832 2840
2831 2848
2830 2866
2829 2823
2828 2987
2827 3049
2826 3045
2825 3141
2824 3140
2823 3255
2822 3263
2821 3395
2820 3472
2819 3394
2818 3551
2817 3639
2816 3587
2815 3785
2814 3819
2813 3874
2812 4015
2811 3905
2810 4019
2809 4135
2808 4130
2807 4164
2806 4241
2805 4333
2804 4410
2803 4570
2802 4513
2801 4460
2800 4413
2799 4616
2798 4673
2797 4725
2796 4726
2795 4816
2794 4987
2793 4985
2792 5006
2791 5181
2790 4981
2789 5078
2788 5314
2787 5264
2786 5333
2785 5269
2784 5537
2783 5545
2782 5570
2781 5511
2780 5624
2779 5608
2778 5637
2777 5631
2776 5795
2775 5740
2774 5937
2773 5794
2772 5792
2771 5784
2770 5936
2769 5954
2768 5890
2767 5872
2766 5885
2765 6087
2764 6169
2763 6267
2762 6233
2761 6141
2760 6061
2759 6078
2758 6288
2757 6231
2756 6083
2755 6224
2754 6258
2753 6174
2752 6166
2751 6317
2750 6104
2749 6173
2748 6065
2747 6291
2746 6283
2745 6237
2744 6205
2743 6168
2742 5980
2741 6288
2740 6223
2739 6102
2738 6134
2737 6101
2736 5994
2735 5984
2734 6019
2733 6081
2732 6060
2731 5919
2730 5894
2729 5819
2728 5821
2727 5695
2726 5821
2725 5878
2724 5792
2723 5737
2722 5687
2721 5693
2720 5462
2719 5476
2718 5465
2717 5500
2716 5326
2715 5400
2714 5211
2713 5206
2712 5160
2711 5265
2710 5104
2709 5101
2708 5023
2707 4963
2706 4931
2705 4958
2704 4796
2703 4756
2702 4615
2701 4628
2700 4648
2699 4516
2698 4522
2697 4452
2696 4361
2695 4291
2694 4188
2693 4210
2692 4193
2691 4020
2690 3935
2689 4096
2688 3751
2687 3940
2686 3860
2685 3765
2684 3634
2683 3548
2682 3565
2681 3467
2680 3532
2679 3368
2678 3294
2677 3254
2676 3148
2675 3075
2674 3030
2673 2982
2672 2953
2671 2914
2670 2852
2669 2793
2668 2833
2667 2798
2666 2723
2665 2590
2664 2556
2663 2465
2662 2421
2661 2360
2660 2276
2659 2278
2658 2216
2657 2172
2656 2189
2655 2083
2654 2009
2653 1917
2652 1991
2651 1811
2650 1884
2649 1773
2648 1733
2647 1769
2646 1682
2645 1678
2644 1564
2643 1444
2642 1462
2641 1529
2640 1495
2639 1399
2638 1330
2637 1257
2636 1266
2635 1258
2634 1227
2633 1199
2632 1166
2631 1120
2630 1045
2629 1031
2628 993
2627 985
2626 998
2625 883
2624 888
2623 924
2622 837
2621 825
2620 722
2619 754
2618 753
2617 671
2616 657
2615 679
2614 670
2613 615
2612 650
2611 583
2610 562
2609 512
2608 517
2607 498
2606 499
2605 459
2604 455
2603 461
2602 414
2601 449
2600 406
2599 384
2598 366
2597 371
2596 353
2595 365
2594 345
2593 323
2592 328
2591 327
2590 276
2589 294
2588 258
2587 255
2586 241
2585 219
2584 229
2583 225
2582 209
2581 195
2580 183
2579 173
2578 154
2577 152
2576 156
2575 154
2574 139
2573 145
2572 113
2571 122
2570 137
2569 139
2568 106
2567 106
2566 106
2565 93
2564 95
2563 93
2562 83
2561 90
2560 80
2559 58
2558 80
2557 68
2556 54
2555 45
2554 53
2553 58
2552 44
2551 45
2550 50
2549 37
2548 46
2547 30
2546 36
2545 44
2544 44
2543 22
2542 29
2541 35
2540 28
2539 27
2538 29
2537 31
2536 24
2535 23
2534 16
2533 20
2532 24
2531 22
2530 23
2529 14
2528 19
2527 9
2526 14
2525 14
2524 5
2523 15
2522 12
2521 14
2520 6
2519 5
2518 8
2517 7
2516 9
2515 11
2514 6
2513 5
2512 8
2511 6
2510 9
2509 4
2508 6
2507 4
2506 2
2505 7
2504 6
2503 4
2502 4
2501 2
2500 4
2499 5
2498 4
2497 3
2496 2
2495 1
2493 2
2492 3
2491 5
2490 5
2489 2
2488 4
2487 2
2485 1
2484 2
2482 2
2479 1
2476 1
2473 1
2468 2
2466 1
2461 1
2460 1
2447 1
