3055 1
3050 1
3048 1
3043 1
3034 1
3029 1
3027 1
3026 1
3025 1
3022 1
3020 3
3019 2
3018 1
3017 2
3014 1
3013 2
3012 1
3011 1
3010 2
3009 4
3007 5
3006 2
3005 3
3004 2
3003 3
3002 4
3001 4
3000 3
2999 4
2998 2
2997 5
2996 6
2995 7
2994 4
2993 4
2992 2
2991 3
2990 4
2989 2
2988 11
2987 7
2986 4
2985 14
2984 8
2983 10
2982 8
2981 9
2980 10
2979 9
2978 9
2977 13
2976 10
2975 17
2974 22
2973 17
2972 13
2971 14
2970 15
2969 21
2968 19
2967 13
2966 28
2965 20
2964 27
2963 25
2962 33
2961 21
2960 34
2959 41
2958 29
2957 36
2956 40
2955 41
2954 45
2953 45
2952 57
2951 41
2950 46
2949 47
2948 50
2947 46
2946 67
2945 61
2944 54
2943 62
2942 68
2941 73
2940 87
2939 76
2938 85
2937 96
2936 92
2935 92
2934 96
2933 100
2932 103
2931 113
2930 106
2929 133
2928 143
2927 149
2926 130
2925 153
2924 155
2923 165
2922 169
2921 161
2920 190
2919 200
2918 193
2917 216
2916 199
2915 215
2914 248
2913 233
2912 253
2911 272
2910 271
2909 291
2908 316
2907 299
2906 329
2905 352
2904 371
2903 358
2902 357
2901 396
2900 401
2899 434
2898 418
2897 450
2896 473
2895 518
2894 500
2893 534
2892 556
2891 569
2890 553
2889 614
2888 639
2887 627
2886 675
2885 659
2884 681
2883 723
2882 761
2881 805
2880 783
2879 852
2878 861
2877 855
2876 818
2875 942
2874 973
2873 995
2872 1042
2871 1073
2870 1129
2869 1086
2868 1197
2867 1192
2866 1227
2865 1283
2864 1304
2863 1344
2862 1420
2861 1460
2860 1460
2859 1495
2858 1502
2857 1539
2856 1549
2855 1693
2854 1644
2853 1730
2852 1727
2851 1859
2850 1780
2849 1921
2848 1970
2847 2017
2846 2075
2845 2079
2844 2186
2843 2200
2842 2176
2841 2362
2840 2298
2839 2370
2838 2394
2837 2467
2836 2492
2835 2690
2834 2669
2833 2675
2832 2772
2831 2753
2830 2810
2829 3003
2828 2899
2827 3030
2826 3046
2825 3112
2824 3219
2823 3272
2822 3330
2821 3384
2820 3403
2819 3463
2818 3505
2817 3599
2816 3540
2815 3660
2814 3788
2813 3765
2812 3926
2811 3996
2810 4001
2809 4173
2808 4151
2807 3915
2806 4266
2805 4354
2804 4277
2803 4348
2802 4463
2801 4472
2800 4616
2799 4758
2798 4702
2797 4850
2796 4707
2795 4900
2794 4901
2793 4999
2792 5036
2791 5125
2790 5117
2789 5050
2788 5265
2787 5249
2786 5276
2785 5310
2784 5392
2783 5349
2782 5345
2781 5421
2780 5419
2779 5611
2778 5637
2777 5784
2776 5799
2775 5929
2774 5849
2773 5834
2772 5918
2771 5879
2770 6027
2769 5926
2768 6003
2767 5959
2766 6129
2765 5966
2764 6048
2763 6141
2762 6200
2761 6066
2760 6224
2759 6248
2758 6108
2757 6327
2756 6278
2755 6253
2754 6220
2753 6070
2752 6234
2751 6361
2750 6170
2749 6067
2748 6161
2747 6067
2746 6114
2745 6179
2744 6235
2743 6046
2742 6010
2741 6139
2740 6237
2739 6136
2738 6094
2737 6017
2736 6113
2735 6168
2734 6076
2733 5928
2732 5935
2731 5881
2730 5808
2729 6016
2728 5817
2727 5904
2726 5825
2725 5680
2724 5658
2723 5574
2722 5806
2721 5626
2720 5608
2719 5587
2718 5500
2717 5450
2716 5369
2715 5388
2714 5328
2713 5281
2712 5217
2711 5169
2710 5104
2709 5080
2708 5017
2707 4927
2706 4921
2705 4868
2704 4811
2703 4798
2702 4757
2701 4754
2700 4583
2699 4429
2698 4593
2697 4342
2696 4206
2695 4341
2694 4237
2693 4284
2692 4292
2691 4146
2690 4030
2689 3964
2688 3953
2687 3841
2686 3674
2685 3656
2684 3734
2683 3597
2682 3508
2681 3480
2680 3277
2679 3334
2678 3258
2677 3194
2676 3250
2675 3141
2674 3140
2673 3011
2672 2998
2671 2872
2670 2917
2669 2775
2668 2704
2667 2682
2666 2586
2665 2645
2664 2529
2663 2492
2662 2460
2661 2352
2660 2366
2659 2402
2658 2271
2657 2116
2656 2214
2655 2075
2654 1992
2653 2033
2652 1946
2651 1813
2650 1924
2649 1743
2648 1741
2647 1695
2646 1704
2645 1663
2644 1501
2643 1627
2642 1500
2641 1505
2640 1476
2639 1390
2638 1464
2637 1275
2636 1228
2635 1199
2634 1266
2633 1235
2632 1176
2631 1162
2630 1105
2629 1076
2628 1020
2627 999
2626 961
2625 862
2624 906
2623 818
2622 829
2621 830
2620 780
2619 786
2618 764
2617 712
2616 691
2615 685
2614 624
2613 637
2612 581
2611 608
2610 610
2609 540
2608 525
2607 519
2606 493
2605 492
2604 467
2603 438
2602 440
2601 426
2600 391
2599 364
2598 391
2597 327
2596 363
2595 335
2594 319
2593 299
2592 286
2591 271
2590 293
2589 256
2588 248
2587 238
2586 243
2585 229
2584 214
2583 203
2582 192
2581 178
2580 168
2579 168
2578 178
2577 176
2576 152
2575 139
2574 134
2573 133
2572 131
2571 116
2570 111
2569 104
2568 105
2567 113
2566 98
2565 104
2564 104
2563 93
2562 74
2561 83
2560 85
2559 81
2558 67
2557 53
2556 67
2555 63
2554 59
2553 49
2552 54
2551 45
2550 54
2549 44
2548 40
2547 46
2546 44
2545 49
2544 35
2543 40
2542 36
2541 32
2540 31
2539 35
2538 25
2537 21
2536 25
2535 30
2534 16
2533 23
2532 17
2531 17
2530 19
2529 14
2528 9
2527 23
2526 15
2525 16
2524 11
2523 14
2522 12
2521 11
2520 8
2519 9
2518 9
2517 12
2516 10
2515 9
2514 4
2513 9
2512 5
2511 7
2510 5
2509 1
2508 3
2507 3
2506 1
2505 2
2504 3
2503 4
2502 3
2501 2
2500 1
2499 6
2498 6
2497 2
2496 3
2495 3
2494 2
2493 2
2492 4
2491 2
2490 3
2489 2
2488 3
2487 2
2484 1
2483 1
2482 1
2481 2
2480 3
2479 2
2478 1
2475 1
2469 1
2464 1
2462 1
2455 1
2449 1
2445 1
2442 1
