4536000000 1
3840000000 1
3456000000 2
3317760000 1
3150000000 1
3149280000 3
3061800000 1
2985984000 1
2952450000 1
2916000000 2
2903040000 1
2893401000 1
2857680000 1
2764800000 1
2755620000 2
2744000000 1
2721600000 3
2645395200 2
2624400000 1
2612736000 1
2592000000 1
2571912000 2
2551500000 1
2550916800 1
2540160000 4
2520000000 1
2519424000 1
2488320000 1
2449440000 5
2430000000 1
2419200000 2
2381400000 1
2361960000 1
2332800000 6
2322432000 1
2314720800 1
2304000000 3
2286144000 2
2268000000 3
2267481600 3
2257920000 1
2250423000 1
2239488000 1
2222640000 1
2211840000 1
2205000000 1
2204496000 3
2177280000 4
2176782336 1
2160000000 2
2143260000 1
2116800000 3
2116316160 2
2099520000 3
2090188800 1
2073600000 1
2064384000 1
2057529600 1
2048000000 2
2041200000 5
2032128000 1
2016000000 2
2015539200 1
1984500000 1
1984046400 2
1975680000 1
1959552000 6
1935360000 2
1928934000 1
1905120000 4
1889568000 4
1881600000 1
1881169920 1
1866240000 3
1837080000 3
1828915200 3
1822842630 1
1814400000 4
1806336000 3
1800338400 4
1792000000 2
1786050000 1
1778112000 3
1771470000 2
1769472000 1
1763596800 3
1749600000 3
1741824000 7
1736040600 1
1728000000 4
1714608000 9
1701000000 3
1700611200 2
1693440000 5
1679616000 7
1674039150 1
1666980000 2
1658880000 3
1653372000 2
1646400000 1
1632960000 7
1625702400 2
1620000000 1
1612800000 4
1600300800 5
1587600000 4
1580544000 1
1575296100 1
1574640000 2
1568000000 2
1567641600 3
1555848000 2
1555200000 14
1543147200 1
1536000000 1
1530900000 1
1530550080 1
1524096000 6
1512000000 1
1511654400 4
1505280000 6
1500282000 3
1492992000 8
1488034800 2
1481760000 2
1476225000 1
1469664000 15
1458000000 3
1451520000 10
1445068800 1
1440270720 3
1440000000 3
1433272320 1
1428840000 7
1422489600 3
1417176000 2
1411200000 10
1410877440 5
1400263200 4
1400000000 1
1399680000 7
1393459200 2
1389150000 1
1388832480 2
1382976000 1
1382400000 2
1377810000 4
1372000000 1
1371686400 8
1360800000 9
1360488960 1
1354752000 7
1350253800 2
1344000000 3
1343692800 3
1339231320 2
1333584000 5
1328602500 2
1327104000 1
1323000000 2
1322697600 7
1317120000 1
1312200000 9
1306368000 17
1302030450 2
1300561920 1
1296000000 10
1290240000 5
1285956000 12
1284505600 1
1280240640 5
1280000000 1
1275750000 3
1275458400 2
1270080000 13
1264435200 1
1260000000 3
1259712000 8
1254400000 1
1254113280 4
1250235000 3
1244678400 3
1244160000 13
1240029000 2
1238630400 1
1234800000 2
1234517760 4
1228800000 4
1224720000 20
1219276800 7
1215228420 1
1215000000 3
1209600000 12
1209323520 1
1200225600 6
1200000000 1
1194393600 6
1190700000 4
1185408000 7
1180980000 2
1176000000 2
1175731200 18
1170505728 1
1166886000 2
1166400000 8
1161216000 12
1157360400 4
1152216576 1
1152000000 6
1148175000 1
1147912560 1
1146880000 2
1143072000 15
1137991680 2
1134000000 9
1133740800 3
1128960000 12
1123942400 1
1120210560 3
1120000000 1
1119744000 18
1116026100 1
1114767360 3
1111320000 7
1106380800 2
1105920000 5
1102500000 2
1102248000 15
1097600000 1
1097349120 3
1093500000 2
1088640000 32
1088391168 1
1083801600 3
1080203040 3
1080000000 2
1075648000 2
1075200000 8
1074954240 4
1071630000 5
1071385056 1
1066867200 11
1062882000 1
1058400000 13
1058158080 3
1053696000 2
1050197400 2
1049760000 16
1045094400 19
1041624360 1
1040449536 1
1037232000 2
1036800000 18
1032192000 4
1028764800 12
1024192512 1
1020600000 18
1020366720 1
1016064000 19
1012690350 3
1012500000 1
1008189504 1
1008000000 11
1007769600 11
1003520000 4
1000188000 10
995328000 13
992250000 2
992023200 8
987840000 6
987614208 2
984150000 1
983040000 1
980184240 2
980000000 1
979776000 31
975421440 4
972405000 2
972000000 8
967680000 15
967458816 1
964467000 6
963379200 2
960180480 5
955514880 1
952560000 33
952342272 3
948326400 6
945177660 2
945000000 4
944784000 10
940800000 3
940584960 9
933508800 4
933120000 24
928972800 11
926100000 2
925888320 9
921984000 1
921600000 6
918540000 11
914457600 31
911250000 2
907200000 33
906992640 4
903168000 9
900169200 8
896000000 7
895795200 13
893025000 3
892820880 2
889056000 18
885735000 2
884736000 12
882000000 8
881798400 31
878080000 2
877879296 1
875164500 2
874800000 19
871274880 2
870912000 33
868020300 4
867041280 1
864360000 3
864162432 3
864000000 4
860934420 1
860160000 7
857304000 28
853493760 7
850500000 4
850305600 6
846720000 22
846526464 1
842956800 3
840157920 3
840000000 1
839808000 23
836075520 9
833490000 6
829785600 4
829440000 19
826686000 12
825753600 1
823200000 6
823011840 17
820125000 1
819200000 2
816480000 54
812851200 25
810152280 1
810000000 5
806736000 2
806400000 18
806215680 5
803722500 1
802816000 3
800150400 15
797161500 1
796594176 1
796262400 6
793800000 18
793618560 11
790272000 10
787500000 1
787320000 12
786432000 1
784000000 2
783820800 45
780337152 2
777924000 9
777600000 41
774144000 16
771750000 2
771573600 25
768320000 3
768144384 3
768000000 1
765450000 9
765275040 1
762048000 61
758661120 3
756315000 1
756142128 1
756000000 16
755827200 17
752640000 12
752467968 3
750141000 7
750000000 1
746807040 1
746496000 35
744017400 4
740880000 10
740710656 1
737280000 8
735138180 1
734832000 47
731566080 13
729000000 9
725760000 62
723350250 1
722534400 8
720135360 11
720000000 5
716800000 6
716636160 6
714420000 29
711244800 26
708750000 3
708588000 6
707788800 6
705600000 22
705438720 15
702464000 2
700131600 2
700000000 1
699840000 37
697019904 1
696729600 28
694575000 3
694416240 8
691488000 6
691200000 22
688905000 10
688128000 3
686000000 1
685843200 36
680400000 45
680244480 7
677376000 35
675000000 2
672126336 2
672000000 9
671846400 23
668860416 3
666792000 27
663828480 1
663552000 14
661500000 8
661348800 27
658560000 7
658409472 5
656100000 10
655360000 4
653456160 4
653184000 83
650280960 14
648270000 3
648121824 2
648000000 16
645120000 19
644972544 1
642978000 28
642252800 1
640120320 15
640000000 3
637875000 2
637729200 1
637009920 1
635304600 1
635040000 48
634894848 3
632217600 4
630118440 1
630000000 8
629856000 44
629407744 1
627200000 6
627056640 24
625117500 4
622339200 11
622080000 43
620014500 5
619315200 10
617400000 17
617258880 13
614656000 1
614400000 1
612500000 1
612360000 43
609638400 62
607614210 1
607500000 4
606928896 1
605052000 5
604800000 57
604661760 11
602112000 15
600112800 17
600000000 1
597445632 1
597196800 21
595350000 13
595213920 5
592704000 34
590490000 9
590069760 1
589824000 5
588110544 1
588000000 8
587865600 82
585252864 4
583443000 3
583200000 38
580849920 1
580608000 72
578680200 6
578027520 3
576240000 4
576108288 2
576000000 12
574087500 1
573956280 2
573440000 9
571536000 54
568995840 15
567000000 20
566870400 26
564480000 37
564350976 3
562605750 1
562500000 1
561971200 2
560105280 12
560000000 2
559872000 60
558013050 3
557383680 12
555660000 24
555532992 1
553190400 9
552960000 21
551124000 41
550502400 2
548800000 5
548674560 39
546750000 5
544546800 2
544320000 105
544195584 1
541900800 26
540101520 11
540000000 8
537824000 2
537600000 30
537477120 8
535815000 12
535692528 1
533433600 49
531441000 8
530841600 10
529420500 1
529200000 44
529079040 26
527067520 1
526848000 11
525098700 2
525000000 2
524880000 26
522764928 1
522547200 76
520812180 1
518616000 11
518400000 50
516096000 38
514500000 2
514382400 50
512096256 3
512000000 4
510300000 31
510183360 6
508032000 106
505774080 3
504000000 22
503884800 49
501760000 8
501645312 2
500094000 24
497871360 10
497664000 72
496125000 1
496011600 10
495452160 7
493920000 29
493807104 7
492075000 3
491724800 1
491520000 4
490092120 2
490000000 2
489888000 122
487710720 27
486091368 2
486000000 23
484041600 3
483840000 86
483729408 3
482233500 5
481689600 5
480200000 1
480090240 28
480000000 1
478296900 2
477757440 4
476280000 77
476171136 1
474163200 37
472588830 1
472500000 3
472392000 30
471859200 5
470400000 29
470292480 52
466754400 14
466560000 80
464679936 1
464486400 56
463050000 9
462944160 19
460992000 8
460800000 19
459270000 34
458752000 3
457419312 1
457228800 92
455196672 2
453789000 5
453600000 114
453496320 15
451772160 1
451584000 47
450084600 21
450000000 1
449576960 2
448084224 3
448000000 10
447897600 51
446512500 4
446410440 8
445906944 2
444528000 74
442867500 2
442552320 5
442368000 19
441000000 16
440899200 88
439040000 13
438939648 8
437582250 1
437400000 33
435637440 5
435456000 166
434010150 2
433520640 10
432180000 13
432081216 5
432000000 22
430259200 1
430080000 23
429981696 1
428652000 84
426746880 23
425250000 11
425152800 9
424673280 2
423536400 1
423360000 75
423263232 10
421478400 11
420078960 5
420000000 9
419904000 73
418037760 49
416745000 10
416649744 2
414892800 23
414720000 69
413343000 16
412876800 13
411600000 17
411505920 60
410062500 1
409600000 5
408410100 4
408240000 125
408146688 4
406594944 1
406425600 92
405076140 4
405000000 6
404619264 2
403368000 3
403200000 72
403107840 23
401861250 2
401769396 3
401408000 7
400075200 64
400000000 1
398580750 1
398131200 41
396900000 24
396809280 24
395136000 45
393660000 27
393379840 2
393216000 6
392073696 1
392000000 7
391910400 130
390168576 4
388962000 15
388800000 55
387233280 1
387072000 99
385875000 1
385786800 54
384160000 2
384072192 17
384000000 10
382725000 13
382637520 1
382205952 1
381024000 176
379330560 22
378071064 2
378000000 38
377913600 52
376476800 1
376320000 41
376233984 6
375070500 5
373403520 19
373248000 129
372008700 4
371589120 22
370440000 34
370355328 10
368793600 5
368640000 28
367569090 1
367500000 4
367416000 123
367001600 2
365783040 62
364568526 4
364500000 13
363031200 7
362880000 184
362797056 4
361267200 35
360150000 3
360067680 28
360000000 10
358400000 18
358318080 26
357210000 50
357128352 4
355622400 76
354375000 1
354294000 9
353894400 10
352800000 64
352719360 74
351232000 13
350065800 12
350000000 3
349920000 95
348364800 149
347287500 3
347208120 6
345744000 16
345600000 68
344452500 3
344207360 3
344064000 18
343000000 6
342921600 135
341397504 6
340200000 88
340122240 23
338688000 141
337563450 5
337500000 1
337182720 2
336063168 3
336000000 24
335923200 94
334430208 5
333396000 74
331914240 6
331776000 78
330812181 1
330750000 7
330674400 51
330301440 4
329280000 24
329204736 17
328050000 12
327680000 2
326728080 5
326592000 281
325140480 42
324135000 7
324060912 8
324000000 42
322694400 4
322560000 100
322486272 5
321489000 29
321126400 4
320060160 54
320000000 5
318864600 4
318504960 7
317652300 1
317520000 143
317447424 16
316108800 40
315059220 6
315000000 7
314928000 82
314572800 5
313600000 29
313528320 91
312558750 1
312487308 2
311169600 34
311040000 163
310007250 2
309657600 54
308700000 19
308629440 51
307328000 6
307200000 18
306180000 97
306110016 2
304819200 178
303750000 2
303464448 4
302526000 3
302400000 116
302330880 44
301056000 38
300125000 1
300056400 38
300000000 1
298722816 7
298598400 88
297675000 10
297606960 19
297271296 8
296352000 102
295245000 10
295034880 2
294912000 25
294000000 15
293932800 175
293601280 1
292626432 14
291721500 10
291600000 72
290424960 6
290304000 263
289340100 12
289013760 9
288120000 7
288054144 12
288000000 39
287043750 1
286720000 17
286654464 8
285887070 1
285768000 198
284497920 56
283553298 1
283500000 37
283435200 40
283115520 3
282357600 2
282240000 129
282175488 23
281302875 1
280985600 6
280052640 19
280000000 8
279936000 184
278691840 55
277830000 44
277766496 10
276595200 31
276480000 83
275625000 3
275562000 52
275251200 7
274400000 14
274337280 101
273375000 2
272273400 5
272160000 269
272097792 3
270950400 122
270112500 3
270050760 20
270000000 22
269746176 1
268912000 2
268800000 42
268738560 48
267907500 14
267846264 2
266716800 116
265720500 4
265531392 2
265420800 39
264600000 76
264539520 69
264241152 1
263424000 51
262549350 3
262500000 4
262440000 87
262144000 2
261382464 2
261273600 276
260406090 6
260112384 14
259308000 29
259200000 105
258155520 1
258048000 97
257191200 116
256048128 16
256000000 4
255150000 44
255091680 6
254803968 1
254121840 1
254016000 292
252887040 20
252105000 2
252047376 4
252000000 51
251942400 105
250880000 35
250822656 17
250047000 31
250000000 1
248935680 36
248832000 170
248062500 2
248005800 21
247726080 19
247062900 1
246960000 71
246903552 26
246037500 3
245862400 6
245760000 26
245046060 1
244944000 281
243855360 114
243101250 1
243045684 1
243000000 20
242020800 11
241920000 271
241864704 14
241116750 1
240844800 23
240100000 5
240045120 73
240000000 8
239148450 1
238878720 47
238140000 116
238085568 9
237081600 111
236294415 2
236250000 7
236196000 37
236027904 2
235929600 11
235298000 1
235200000 53
235146240 125
233377200 36
233280000 207
232339968 4
232243200 194
231525000 16
231472080 37
231211008 1
230496000 25
230400000 71
229635000 34
229376000 11
228709656 1
228614400 287
227598336 11
226894500 4
226800000 161
226748160 46
225792000 134
225042300 30
225000000 4
224788480 1
224042112 10
224000000 24
223948800 154
223205220 3
222953472 10
222264000 134
221276160 10
221184000 85
220500000 25
220449600 174
220200960 2
219520000 18
219469824 40
218791125 1
218700000 53
217818720 6
217728000 469
216760320 55
216090000 12
216040608 18
216000000 72
215129600 4
215040000 82
214990848 14
214326000 109
213373440 96
212625000 7
212576400 25
212336640 14
211768200 1
211680000 204
211631616 24
210739200 39
210039480 18
210000000 9
209952000 190
209715200 1
209018880 153
208372500 13
208324872 4
207446400 47
207360000 197
206671500 18
206438400 61
205800000 18
205752960 134
205520896 1
204800000 13
204205050 5
204120000 249
204073344 3
203212800 320
202538070 9
202500000 9
202309632 2
201684000 6
201600000 136
201553920 80
200884698 2
200704000 34
200037600 106
200000000 1
199148544 8
199065600 121
198450000 38
198404640 53
198180864 2
197568000 130
196875000 1
196830000 28
196608000 13
196036848 3
196000000 27
195955200 396
195084288 30
194481000 18
194400000 150
193616640 5
193536000 282
192937500 1
192893400 42
192675840 8
192080000 6
192036096 21
192000000 28
191362500 5
191318760 2
191102976 3
190512000 369
189665280 52
189078750 1
189035532 4
189000000 62
188956800 88
188743680 3
188238400 2
188160000 87
188116992 45
187535250 6
186701760 37
186624000 295
186004350 3
185794560 71
185220000 68
185177664 20
184396800 24
184320000 104
183750000 3
183708000 177
183500800 5
182891520 212
182250000 10
181515600 4
181440000 417
181398528 10
180708864 1
180633600 138
180075000 4
180033840 54
180000000 18
179200000 24
179159040 85
178605000 60
178564176 3
177885288 2
177811200 172
177147000 19
177020928 4
176947200 48
176400000 100
176359680 150
175616000 31
175032900 18
174960000 197
174254976 4
174182400 454
173643750 3
173604060 11
173408256 7
172872000 55
172800000 155
172226250 2
172103680 1
172032000 66
171500000 2
171460800 261
170698752 30
170100000 107
170061120 27
169869312 2
169414560 1
169344000 377
168781725 1
168750000 1
168591360 12
168031584 3
168000000 55
167961600 223
167772160 1
167215104 29
166698000 85
165957120 51
165888000 226
165375000 7
165337200 88
165150720 13
164640000 67
164602368 52
164025000 13
163840000 11
163364040 6
163296000 517
162570240 165
162067500 6
162030456 8
162000000 65
161347200 8
161280000 244
161243136 15
160744500 25
160563200 9
160030080 134
160000000 7
159468750 1
159432300 5
159252480 54
158760000 255
158723712 19
158054400 107
157529610 4
157500000 13
157464000 141
157351936 1
157286400 9
156800000 39
156764160 205
156243654 2
155584800 67
155520000 357
155003625 1
154893312 1
154828800 198
154350000 17
154314720 104
154140672 1
153664000 21
153600000 57
153090000 119
153055008 5
152409600 506
151875000 1
151732224 7
151263000 11
151200000 247
151165440 91
150528000 118
150028200 45
150000000 3
149361408 24
149299200 251
148837500 12
148803480 21
148635648 12
148176000 202
147622500 4
147517440 8
147456000 86
147000000 25
146966400 379
146800640 3
146313216 56
145860750 4
145800000 119
145212480 18
145152000 560
144670050 6
144506880 47
144060000 14
144027072 33
144000000 60
143489070 1
143360000 38
143327232 19
142884000 290
142248960 159
141776649 1
141750000 29
141717600 66
141557760 21
141178800 2
141120000 276
141087744 53
140492800 19
140026320 29
140000000 12
139968000 387
139345920 197
138915000 52
138883248 16
138297600 60
138240000 225
137781000 72
137625600 34
137200000 17
137168640 269
136687500 1
136136700 6
136080000 441
136048896 20
135531648 2
135475200 320
135025380 20
135000000 8
134456000 6
134400000 122
134369280 130
133953750 4
133923132 5
133358400 241
132860250 1
132765696 13
132710400 149
132300000 103
132269760 136
132120576 5
131712000 83
131250000 1
131220000 106
131072000 3
130691232 7
130636800 626
130056192 29
129654000 57
129600000 264
129077760 9
129024000 309
128625000 1
128595600 159
128450560 2
128024064 45
128000000 10
127575000 29
127545840 10
127401984 8
127060920 3
127008000 530
126443520 59
126052500 3
126023688 11
126000000 83
125971200 234
125829120 1
125440000 62
125411328 65
125023500 40
125000000 1
124467840 58
124416000 473
124031250 1
124002900 27
123863040 84
123480000 127
123451776 50
123018750 1
122931200 15
122880000 62
122500000 1
122472000 444
121927680 281
121522842 2
121500000 32
121010400 14
120960000 517
120932352 32
120558375 1
120422400 64
120050000 1
120022560 122
120000000 19
119439360 100
119070000 143
119042784 24
118540800 259
118125000 2
118098000 55
118013952 4
117964800 46
117649000 2
117600000 106
117573120 321
116688600 27
116640000 405
116169984 2
116121600 493
115762500 5
115736040 53
115605504 10
115248000 35
115200000 154
114817500 30
114791256 2
114688000 40
114354828 2
114307200 513
113799168 34
113447250 1
113400000 229
113374080 79
113246208 2
112943040 4
112896000 366
112521150 21
112500000 1
112394240 7
112021056 22
112000000 23
111974400 443
111602610 5
111476736 34
111132000 203
110638080 41
110592000 234
110270727 1
110250000 17
110224800 244
110100480 14
109760000 50
109734912 92
109350000 44
108909360 14
108864000 901
108380160 132
108045000 20
108020304 17
108000000 89
107564800 1
107520000 191
107495424 40
107163000 123
106686720 224
106312500 5
106288200 13
106168320 50
105840000 360
105815808 52
105413504 1
105369600 88
105019740 14
105000000 4
104976000 320
104857600 5
104509440 354
104186250 3
104162436 3
103723200 104
103680000 427
103335750 9
103262208 2
103219200 163
102900000 26
102876480 244
102400000 25
102060000 281
102036672 13
101648736 1
101606400 604
101269035 3
101250000 3
101154816 16
100842000 15
100800000 241
100776960 190
100352000 60
100018800 159
100000000 3
99574272 26
99532800 295
99225000 45
99202320 70
99090432 12
98784000 236
98415000 19
98344960 7
98304000 51
98018424 5
98000000 14
97977600 751
97542144 74
97240500 22
97200000 209
96808320 18
96768000 701
96446700 56
96337920 26
96040000 12
96018048 63
96000000 52
95681250 4
95659380 2
95551488 25
95256000 583
94832640 139
94517766 2
94500000 72
94478400 159
94371840 11
94119200 1
94080000 212
94058496 76
93767625 2
93350880 78
93312000 668
93002175 1
92897280 218
92610000 82
92588832 46
92198400 51
92160000 231
91875000 5
91854000 243
91750400 11
91445760 407
91125000 12
90757800 16
90720000 734
90699264 22
90316800 256
90037500 1
90016920 60
90000000 17
89915392 2
89600000 66
89579520 198
89302500 36
89282088 7
88905600 381
88573500 11
88510464 11
88473600 98
88200000 160
88179840 286
88080384 1
87808000 46
87516450 14
87500000 1
87480000 261
87127488 9
87091200 927
86802030 13
86704128 22
86472015 1
86436000 67
86400000 244
86051840 3
86016000 161
85750000 4
85730400 412
85349376 65
85050000 112
85030560 36
84934656 9
84707280 1
84672000 695
84375000 1
84295680 33
84035000 3
84015792 13
84000000 83
83980800 426
83607552 90
83349000 94
82978560 90
82944000 490
82687500 6
82668600 86
82575360 70
82320000 90
82301184 93
82012500 9
81920000 28
81682020 5
81648000 926
81285120 340
81033750 3
81015228 10
81000000 74
80673600 17
80640000 501
80621568 53
80372250 14
80281600 48
80015040 226
80000000 10
79716150 1
79626240 131
79413075 1
79380000 316
79361856 34
79027200 274
78750000 14
78732000 175
78643200 20
78400000 58
78382080 527
77792400 90
77760000 607
77446656 2
77414400 487
77175000 29
77157360 117
77070336 7
76832000 21
76800000 90
76545000 99
76527504 4
76236552 3
76204800 911
75866112 43
75631500 8
75600000 349
75582720 153
75497472 1
75295360 1
75264000 221
75014100 46
75000000 5
74680704 35
74649600 565
74418750 3
74401740 14
74317824 34
74088000 322
73811250 2
73758720 30
73728000 171
73513818 3
73500000 25
73483200 568
73400320 4
73156608 135
72900000 124
72606240 32
72576000 1187
72335025 3
72253440 117
72030000 14
72013536 46
72000000 88
71680000 85
71663616 46
71442000 334
71124480 314
70875000 20
70858800 65
70778880 34
70589400 2
70560000 435
70543872 117
70246400 28
70013160 40
70000000 12
69984000 574
69672960 514
69457500 34
69441624 22
69148800 101
69120000 482
68890500 48
68812800 83
68600000 20
68584320 481
68343750 3
68068350 8
68040000 630
68024448 24
67765824 2
67737600 665
67512690 14
67500000 16
67436544 6
67228000 6
67200000 209
67184640 322
66976875 3
66961566 2
66679200 363
66382848 33
66355200 394
66150000 96
66134880 195
66060288 12
65856000 164
65610000 94
65536000 18
65345616 9
65318400 1259
65028096 68
64827000 54
64800000 360
64538880 11
64512000 586
64297800 176
64225280 9
64012032 99
64000000 27
63787500 25
63772920 6
63700992 20
63504000 901
63221760 137
63011844 4
63000000 98
62985600 352
62914560 6
62720000 117
62705664 161
62511750 26
62500000 1
62233920 123
62208000 825
62001450 14
61931520 196
61765725 1
61740000 166
61725888 96
61465600 22
61440000 127
61261515 2
61250000 1
61236000 542
60963840 621
60750000 37
60505200 25
60480000 931
60466176 57
60211200 151
60025000 4
60011280 138
60000000 27
59719680 286
59535000 124
59521392 22
59270400 474
59062500 3
59049000 68
59006976 9
58982400 94
58800000 118
58786560 517
58720256 1
58344300 33
58320000 505
58084992 15
58060800 1079
57881250 2
57868020 40
57802752 20
57624000 62
57600000 277
57408750 13
57395628 2
57344000 60
57177414 5
57153600 745
56899584 77
56700000 238
56687040 110
56623104 3
56471520 5
56448000 648
56260575 5
56250000 3
56197120 4
56010528 30
56000000 54
55987200 720
55801305 1
55738368 79
55566000 222
55319040 81
55296000 474
55125000 19
55112400 259
55050240 27
54880000 63
54867456 182
54675000 45
54454680 17
54432000 1376
54190080 314
54022500 8
54010152 23
54000000 141
53782400 12
53760000 301
53747712 84
53581500 93
53343360 376
53144100 14
53084160 143
52942050 1
52920000 506
52907904 106
52684800 146
52509870 15
52500000 17
52488000 444
52428800 7
52254720 769
52093125 3
52081218 6
51861600 139
51840000 748
51667875 2
51631104 3
51609600 377
51450000 25
51438240 336
51380224 3
51200000 35
51030000 288
51018336 11
50824368 2
50803200 1072
50625000 5
50577408 34
50421000 9
50400000 387
50388480 327
50331648 1
50176000 132
50009400 173
49787136 53
49766400 679
49612500 31
49601160 65
49545216 31
49392000 346
49207500 17
49172480 13
49152000 95
49009212 2
49000000 30
48988800 1063
48771072 163
48620250 14
48600000 274
48404160 35
48384000 1242
48223350 21
48168960 43
48020000 18
48009024 103
48000000 73
47840625 3
47775744 59
47628000 622
47416320 316
47258883 1
47250000 63
47239200 191
47185920 29
47059600 2
47040000 305
47029248 195
46675440 97
46656000 1005
46448640 487
46305000 86
46294416 47
46099200 87
46080000 382
45937500 2
45927000 222
45875200 31
45722880 731
45562500 4
45378900 6
45360000 1005
45349632 45
45177216 2
45158400 538
45008460 57
45000000 27
44800000 96
44789760 418
44651250 16
44641044 4
44471322 1
44452800 522
44286750 4
44255232 21
44236800 346
44100000 171
44089920 421
44040192 4
43904000 76
43758225 3
43740000 280
43563744 14
43545600 1622
43401015 4
43352064 59
43218000 75
43200000 436
43025920 4
43008000 318
42875000 4
42865200 465
42674688 124
42525000 106
42515280 35
42467328 19
42353640 1
42336000 1096
42147840 71
42017500 2
42007896 20
42000000 88
41990400 626
41943040 1
41803776 196
41674500 84
41489280 142
41472000 1003
41343750 1
41334300 61
41287680 117
41160000 110
41150592 190
41006250 3
40960000 53
40841010 7
40824000 1120
40642560 703
40516875 2
40507614 3
40500000 85
40336800 15
40320000 816
40310784 94
40186125 6
40140800 68
40007520 315
40000000 8
39858075 1
39813120 273
39690000 338
39680928 53
39530064 1
39513600 396
39375000 9
39366000 156
39337984 8
39321600 55
39200000 87
39191040 890
38896200 89
38880000 812
38723328 5
38707200 943
38587500 16
38578680 133
38535168 13
38416000 41
38400000 163
38272500 55
38263752 3
38118276 3
38102400 1286
37933056 75
37815750 1
37800000 408
37791360 236
37748736 2
37647680 1
37632000 423
37507050 24
37500000 4
37340352 56
37324800 1107
37209375 2
37200870 11
37158912 78
37044000 395
36905625 1
36879360 40
36864000 353
36756909 1
36750000 21
36741600 721
36700160 8
36578304 253
36450000 93
36303120 35
36288000 1740
36126720 247
36015000 11
36006768 65
36000000 132
35840000 133
35831808 87
35721000 292
35562240 483
35437500 14
35429400 47
35389440 106
35294700 2
35280000 562
35271936 168
35123200 72
35006580 35
35000000 20
34992000 806
34836480 963
34728750 15
34720812 21
34574400 140
34560000 745
34445250 32
34420736 3
34406400 194
34300000 21
34292160 626
34034175 3
34020000 689
34012224 29
33882912 3
33868800 1155
33756345 1
33750000 11
33718272 14
33614000 4
33600000 282
33592320 527
33339600 339
33191424 39
33177600 745
33075000 97
33067440 194
33030144 29
32941720 1
32928000 230
32805000 84
32768000 33
32672808 9
32659200 1832
32514048 165
32413500 35
32400000 399
32269440 14
32256000 971
32148900 133
32112640 18
32006016 187
32000000 36
31893750 10
31886460 5
31850496 63
31752000 1090
31610880 229
31505922 5
31500000 80
31492800 446
31457280 15
31360000 135
31352832 286
31255875 2
31116960 164
31104000 1339
31000725 5
30965760 403
30870000 134
30862944 85
30732800 39
30720000 208
30625000 1
30618000 522
30481920 1011
30375000 27
30252600 22
30240000 1213
30233088 78
30118144 2
30105600 341
30012500 2
30005640 148
30000000 23
29859840 572
29767500 78
29760696 23
29647548 1
29635200 624
29531250 2
29524500 29
29503488 12
29491200 212
29400000 155
29393280 836
29360128 1
29172150 27
29160000 561
29042496 8
29030400 1855
28934010 34
28901376 50
28812000 56
28800000 400
28704375 2
28697814 2
28672000 96
28576800 944
28449792 136
28350000 273
28343520 112
28311552 9
28235760 4
28224000 944
28125000 1
28098560 23
28005264 40
28000000 57
27993600 1123
27869184 209
27783000 196
27659520 132
27648000 894
27562500 10
27556200 226
27525120 64
27440000 60
27433728 289
27337500 15
27227340 25
27216000 1831
27095040 621
27011250 4
27005076 23
27000000 145
26891200 14
26880000 505
26873856 147
26790750 31
26671680 513
26578125 1
26572050 5
26542080 293
26471025 1
26460000 517
26453952 140
26342400 230
26254935 10
26250000 15
26244000 435
26214400 15
26127360 1226
26040609 1
25930800 162
25920000 1062
25815552 2
25804800 688
25725000 16
25719120 345
25690112 6
25600000 66
25515000 224
25509168 10
25412184 2
25401600 1654
25288704 61
25210500 12
25200000 511
25194240 414
25165824 3
25088000 171
25004700 117
25000000 5
24893568 73
24883200 1178
24806250 7
24800580 59
24772608 70
24696000 399
24603750 10
24586240 13
24576000 170
24504606 4
24500000 21
24494400 1364
24385536 337
24310125 1
24300000 222
24202080 28
24192000 1934
24111675 6
24084480 137
24010000 14
24004512 118
24000000 108
23887872 123
23814000 660
23708160 455
23625000 42
23619600 188
23592960 58
23529800 1
23520000 425
23514624 324
23337720 63
23328000 1378
23224320 918
23152500 66
23147208 37
23049600 107
23040000 564
22963500 138
22937600 62
22861440 1031
22689450 9
22680000 1084
22674816 60
22579200 986
22504230 22
22500000 32
22478848 3
22400000 140
22394880 717
22325625 4
22320522 4
22226400 584
22143375 2
22127616 37
22118400 570
22050000 137
22044960 485
22020096 10
21952000 136
21870000 243
21781872 23
21772800 2510
21676032 130
21609000 69
21600000 507
21512960 7
21504000 559
21437500 1
21432600 361
21337344 218
21262500 48
21257640 29
21233664 46
21176820 1
21168000 1370
21073920 141
21008750 2
21003948 19
21000000 94
20995200 860
20971520 4
20901888 347
20837250 41
20744640 204
20736000 1527
20667150 32
20643840 304
20580000 122
20575296 224
20480000 85
20420505 2
20412000 1193
20321280 1111
20250000 63
20168400 17
20160000 1064
20155392 152
20070400 114
20003760 339
20000000 14
19906560 580
19845000 190
19840464 66
19765032 1
19756800 559
19687500 1
19683000 124
19668992 6
19660800 112
19600000 95
19595520 1269
19448100 61
19440000 978
19361664 19
19353600 1648
19293750 5
19289340 108
19267584 20
19208000 38
19200000 238
19136250 33
19131876 3
19059138 1
19051200 1505
18966528 112
18907875 1
18900000 355
18895680 261
18874368 5
18823840 1
18816000 571
18753525 9
18750000 2
18670176 58
18662400 1662
18600435 3
18579456 197
18522000 297
18439680 79
18432000 622
18375000 15
18370800 629
18350080 23
18289152 393
18225000 82
18151560 23
18144000 2384
18063360 480
18007500 14
18003384 59
18000000 158
17920000 206
17915904 190
17860500 180
17781120 593
17718750 2
17714700 38
17694720 234
17647350 2
17640000 582
17635968 277
17561600 104
17503290 22
17500000 14
17496000 911
17418240 1530
17364375 3
17360406 10
17287200 151
17280000 1118
17222625 6
17210368 2
17203200 362
17150000 20
17146080 724
17010000 594
17006112 35
16941456 1
16934400 1663
16875000 10
16859136 31
16807000 5
16800000 369
16796160 754
16777216 1
16669800 288
16595712 76
16588800 1150
16537500 41
16533720 150
16515072 54
16470860 1
16464000 299
16402500 40
16384000 49
16336404 4
16329600 2256
16257024 300
16206750 12
16200000 407
16134720 18
16128000 1548
16074450 60
16056320 45
16003008 182
16000000 41
15946875 3
15943230 2
15925248 133
15882615 1
15876000 1121
15805440 356
15752961 2
15750000 67
15746400 438
15728640 38
15680000 213
15676416 457
15558480 154
15552000 1898
15482880 735
15435000 85
15431472 116
15366400 41
15360000 330
15309000 366
15240960 1478
15187500 8
15126300 12
15120000 1350
15116544 125
15059072 2
15052800 442
15006250 2
15002820 114
15000000 21
14929920 898
14883750 37
14880348 12
14817600 714
14762250 18
14751744 17
14745600 405
14700000 145
14696640 966
14680064 1
14586075 6
14580000 534
14521248 18
14515200 2766
14467005 9
14450688 93
14406000 62
14400000 499
14348907 1
14336000 185
14288400 811
14224896 223
14175000 128
14171760 123
14155776 44
14117880 1
14112000 1203
14062500 2
14049280 56
14002632 34
14000000 69
13996800 1510
13934592 365
13891500 125
13829760 146
13824000 1410
13781250 5
13778100 137
13762560 132
13720000 88
13716864 376
13668750 6
13613670 9
13608000 1950
13547520 995
13502538 15
13500000 108
13445600 5
13440000 659
13436928 240
13395375 3
13335840 540
13286025 1
13271040 567
13230000 362
13226976 158
13171200 337
13125000 6
13122000 370
13107200 29
13063680 1826
12965400 107
12960000 1285
12907776 3
12902400 1128
12862500 9
12859560 276
12845056 4
12800000 91
12757500 162
12754584 7
12706092 3
12700800 2068
12644352 105
12605250 4
12600000 456
12597120 509
12582912 4
12544000 252
12502350 53
12500000 2
12446784 80
12441600 1844
12403125 2
12400290 21
12386304 130
12348000 403
12301875 1
12293120 27
12288000 289
12252303 2
12250000 12
12247200 1333
12192768 447
12150000 186
12101040 28
12096000 2460
12042240 202
12005000 14
12002256 117
12000000 121
11943936 205
11907000 484
11854080 624
11812500 18
11809800 132
11796480 129
11760000 444
11757312 437
11668860 67
11664000 1519
11612160 1487
11576250 19
11573604 31
11524800 108
11520000 878
11481750 36
11468800 112
11430720 1234
11344725 1
11340000 954
11337408 89
11294304 1
11289600 1313
11252115 9
11250000 8
11239424 8
11200000 159
11197440 1111
11113200 510
11063808 59
11059200 1007
11025000 90
11022480 418
11010048 16
10976000 143
10937500 2
10935000 141
10890936 6
10886400 3038
10838016 234
10804500 33
10800000 519
10756480 12
10752000 789
10718750 1
10716300 207
10668672 257
10631250 21
10628820 21
10616832 91
10588410 4
10584000 1425
10536960 218
10501974 13
10500000 98
10497600 833
10485760 11
10450944 538
10418625 10
10372320 165
10368000 2083
10333575 4
10321920 504
10290000 85
10287648 227
10240000 106
10206000 978
10160640 1561
10125000 34
10084200 13
10080000 1181
10077696 196
10035200 166
10001880 256
10000000 10
9953280 988
9922500 112
9920232 49
9878400 678
9843750 1
9841500 80
9834496 6
9830400 164
9800000 84
9797760 1582
9724050 21
9720000 900
9680832 15
9676800 2371
9646875 1
9644670 46
9633792 41
9604000 37
9600000 280
9568125 1
9565938 2
9525600 1428
9483264 192
9450000 278
9447840 231
9437184 19
9411920 1
9408000 753
9335088 80
9331200 2075
9289728 319
9261000 227
9219840 95
9216000 918
9187500 9
9185400 448
9175040 31
9144576 499
9112500 31
9075780 22
9072000 2630
9031680 685
9003750 8
9001692 26
9000000 141
8960000 244
8957952 287
8930250 60
8890560 720
8859375 1
8857350 11
8847360 385
8820000 510
8817984 273
8780800 162
8751645 10
8750000 7
8748000 837
8709120 2189
8680203 2
8643600 136
8640000 1302
8605184 3
8601600 542
8575000 11
8573040 653
8505000 356
8503056 27
8470728 3
8467200 2096
8437500 1
8429568 40
8403500 3
8400000 325
8398080 899
8388608 2
8334900 169
8297856 85
8294400 1842
8268750 10
8266860 86
8257536 91
8232000 292
8201250 14
8192000 82
8168202 6
8164800 2297
8128512 499
8103375 4
8100000 325
8067360 19
8064000 1889
8037225 11
8028160 83
8001504 203
8000000 53
7962624 208
7938000 854
7902720 555
7875000 33
7873200 376
7864320 69
7840000 205
7838208 612
7779240 123
7776000 2109
7741440 1219
7717500 46
7715736 84
7683200 57
7680000 501
7656250 1
7654500 182
7620480 1700
7593750 5
7563150 10
7560000 1305
7558272 179
7526400 714
7501410 43
7500000 15
7464960 1289
7441875 6
7440174 3
7408800 657
7381125 1
7375872 27
7372800 580
7350000 123
7348320 882
7340032 1
7290000 359
7260624 18
7257600 3404
7225344 170
7203000 44
7200000 509
7168000 274
7144200 563
7112448 298
7087500 66
7085880 70
7077888 69
7058940 1
7056000 1243
7024640 65
7001316 39
7000000 42
6998400 1591
6967296 589
6945750 54
6914880 185
6912000 1885
6890625 1
6889050 65
6881280 205
6860000 46
6858432 438
6834375 2
6806835 2
6804000 1737
6773760 1360
6751269 1
6750000 78
6722800 12
6720000 809
6718464 341
6667920 484
6635520 864
6615000 272
6613488 159
6585600 399
6561000 215
6553600 46
6531840 2268
6482700 58
6480000 1283
6453888 11
6451200 1654
6431250 4
6429780 176
6422528 15
6400000 108
6378750 50
6377292 7
6350400 1966
6328125 1
6322176 121
6300000 374
6298560 591
6291456 5
6272000 285
6251175 10
6250000 2
6223392 78
6220800 2590
6200145 4
6193152 244
6174000 288
6146560 32
6144000 423
6125000 4
6123600 1030
6096384 605
6075000 115
6050520 24
6048000 2819
6021120 335
6002500 6
6001128 88
6000000 121
5971968 328
5953500 236
5927040 678
5906250 8
5904900 69
5898240 244
5880000 369
5878656 495
5834430 29
5832000 1379
5806080 2100
5788125 3
5786802 21
5762400 119
5760000 1041
5740875 11
5734400 175
5715360 1166
5670000 717
5668704 70
5644800 1558
5625000 7
5619712 15
5600000 182
5598720 1361
5556600 370
5531904 60
5529600 1417
5512500 53
5511240 323
5505024 33
5488000 152
5467500 69
5445468 15
5443200 3272
5419008 365
5402250 9
5400000 441
5378240 9
5376000 1097
5358150 103
5334336 278
5315625 3
5314410 6
5308416 167
5292000 1168
5268480 277
5250000 60
5248800 775
5242880 19
5225472 808
5186160 183
5184000 2413
5160960 743
5145000 67
5143824 202
5120000 139
5103000 579
5080320 1781
5062500 14
5042100 8
5040000 1187
5038848 258
5017600 251
5000940 138
5000000 11
4976640 1416
4961250 51
4960116 31
4941258 1
4939200 606
4920750 24
4917248 9
4915200 267
4900000 67
4898880 1545
4862025 8
4860000 756
4840416 16
4838400 3029
4822335 12
4816896 65
4802000 27
4800000 328
4782969 1
4762800 1119
4741632 279
4725000 161
4723920 208
4718592 34
4705960 3
4704000 806
4687500 1
4667544 53
4665600 2431
4644864 535
4630500 117
4609920 119
4608000 1258
4592700 242
4587520 72
4572288 637
4556250 12
4537890 5
4536000 2497
4515840 997
4500846 18
4500000 106
4480000 318
4478976 404
4465125 10
4445280 632
4428675 2
4423680 659
4410000 368
4408992 248
4390400 150
4375000 6
4374000 586
4354560 2744
4321800 93
4320000 1351
4302592 5
4300800 788
4287500 6
4286520 439
4252500 171
4251528 22
4235364 1
4233600 2033
4214784 77
4201750 2
4200000 287
4199040 989
4194304 1
4167450 85
4148928 91
4147200 2456
4134375 3
4133430 43
4128768 151
4116000 269
4100625 2
4096000 134
4084101 2
4082400 1944
4064256 586
4050000 221
4033680 14
4032000 2178
4014080 92
4000752 163
4000000 56
3981312 308
3969000 564
3951360 607
3937500 20
3936600 202
3932160 94
3920000 193
3919104 767
3889620 74
3888000 2090
3870720 1673
3858750 14
3857868 56
3841600 47
3840000 555
3827250 69
3810240 1621
3781575 3
3780000 1055
3779136 169
3763200 876
3750705 10
3750000 12
3732480 1744
3720087 1
3704400 553
3687936 37
3686400 914
3675000 54
3674160 691
3670016 4
3645000 203
3630312 25
3628800 3659
3612672 220
3601500 17
3600000 462
3584000 324
3572100 329
3556224 325
3543750 16
3542940 28
3538944 99
3528000 1161
3512320 70
3500658 18
3500000 32
3499200 1450
3483648 861
3472875 10
3457440 142
3456000 2136
3444525 11
3440640 314
3430000 49
3429216 373
3402000 1226
3386880 1617
3375000 38
3361400 6
3360000 821
3359232 386
3333960 297
3317760 1279
3307500 126
3306744 77
3292800 416
3281250 1
3280500 122
3276800 73
3265920 2329
3241350 27
3240000 1117
3226944 9
3225600 2056
3214890 71
3211264 18
3200000 127
3189375 8
3175200 1692
3161088 158
3150000 221
3149280 481
3145728 9
3136000 317
3125000 1
3111696 78
3110400 2789
3096576 393
3087000 185
3073280 39
3072000 612
3061800 655
3048192 739
3037500 43
3025260 17
3024000 2694
3010560 448
3001250 1
3000564 57
3000000 77
2985984 486
2976750 73
2963520 681
2953125 1
2952450 22
2949120 373
2940000 332
2939328 496
2917215 4
2916000 1109
2903040 2633
2893401 5
2881200 71
2880000 1022
2867200 244
2857680 869
2835000 399
2834352 57
2823576 2
2822400 1652
2812500 2
2809856 21
2800000 128
2799360 1399
2778300 174
2765952 62
2764800 1943
2756250 10
2755620 145
2752512 59
2744000 117
2733750 25
2722734 3
2721600 2985
2709504 476
2701125 2
2700000 337
2689120 8
2688000 1134
2679075 11
2667168 263
2657205 1
2654208 252
2646000 850
2634240 285
2625000 31
2624400 562
2621440 19
2612736 929
2593080 102
2592000 2363
2580480 1029
2572500 24
2571912 143
2560000 188
2551500 271
2540160 1911
2531250 3
2521050 4
2520000 1055
2519424 276
2508800 257
2500470 59
2500000 5
2488320 1746
2480625 2
2480058 12
2469600 513
2460375 4
2458624 13
2457600 381
2450000 39
2449440 1364
2430000 503
2420208 16
2419200 3338
2408448 94
2401000 11
2400000 293
2381400 739
2370816 298
2362500 55
2361960 141
2359296 72
2352980 1
2352000 771
2333772 24
2332800 2181
2322432 747
2315250 48
2304960 96
2304000 1427
2296350 70
2293760 83
2286144 601
2278125 2
2268945 1
2268000 1879
2257920 1148
2250423 3
2250000 67
2240000 287
2239488 546
2222640 459
2211840 962
2205000 211
2204496 204
2195200 143
2187000 355
2177280 2898
2160900 31
2160000 1200
2151296 2
2150400 1029
2143260 249
2126250 34
2125764 11
2117682 2
2116800 1831
2107392 92
2100000 211
2099520 906
2097152 3
2083725 7
2074464 74
2073600 2793
2066715 10
2064384 216
2058000 149
2048000 177
2041200 1337
2032128 736
2025000 106
2016840 11
2016000 2139
2007040 102
2000376 113
2000000 36
1990656 482
1984500 254
1975680 581
1968750 6
1968300 92
1966080 165
1960000 142
1959552 755
1944810 23
1944000 1734
1935360 2131
1929375 5
1928934 23
1920800 32
1920000 538
1913625 14
1905120 1313
1890000 674
1889568 144
1882384 1
1881600 930
1875000 4
1866240 1910
1852200 302
1843968 39
1843200 1183
1837500 16
1837080 458
1835008 13
1822500 81
1815156 8
1814400 3530
1806336 320
1800750 4
1800000 388
1792000 351
1786050 106
1778112 324
1771875 1
1771470 12
1769472 181
1764000 857
1756160 106
1750329 3
1750000 17
1749600 1142
1741824 939
1728720 105
1728000 2275
1720320 467
1715000 21
1714608 277
1701000 674
1693440 1728
1687500 11
1680700 4
1680000 690
1679616 418
1666980 147
1658880 1567
1653750 40
1653372 41
1646400 315
1640250 28
1638400 109
1632960 2130
1620675 2
1620000 763
1613472 8
1612800 2317
1607445 16
1605632 32
1600000 108
1594323 1
1587600 1153
1580544 186
1575000 136
1574640 314
1572864 21
1568000 301
1555848 52
1555200 2761
1548288 522
1543500 97
1536640 35
1536000 708
1531250 3
1530900 311
1524096 771
1518750 9
1512630 10
1512000 2147
1505280 576
1500282 19
1500000 40
1492992 582
1488375 12
1481760 510
1476225 3
1474560 473
1470000 194
1469664 431
1458000 711
1451520 2873
1440600 48
1440000 916
1433600 226
1428840 528
1417500 175
1417176 28
1411200 1541
1406250 1
1404928 23
1400000 94
1399680 1407
1389150 67
1382976 68
1382400 2184
1378125 4
1377810 50
1376256 85
1372000 98
1366875 4
1360800 2273
1354752 582
1350000 187
1344560 5
1344000 1150
1333584 202
1327104 364
1323000 456
1317120 291
1312500 16
1312200 320
1310720 26
1306368 944
1296540 59
1296000 2200
1290240 1271
1286250 7
1285956 83
1280000 186
1275750 97
1270080 1623
1260000 646
1259712 289
1254400 275
1250235 7
1250000 6
1244160 2019
1240029 5
1234800 341
1229312 16
1228800 502
1225000 28
1224720 873
1215000 253
1210104 3
1209600 3248
1204224 133
1200500 11
1200000 242
1190700 320
1185408 292
1181250 12
1180980 65
1179648 85
1176000 649
1166886 9
1166400 1866
1161216 783
1157625 14
1152480 76
1152000 1477
1148175 9
1146880 143
1143072 463
1134000 1222
1128960 1190
1125000 20
1120000 282
1119744 589
1111320 284
1105920 1145
1102500 90
1102248 117
1097600 123
1093750 1
1093500 138
1088640 2685
1080450 25
1080000 946
1075648 3
1075200 1185
1071630 76
1063125 9
1062882 5
1058400 1464
1053696 103
1050000 115
1049760 682
1048576 4
1037232 76
1036800 2865
1032192 265
1029000 100
1024000 199
1020600 751
1016064 688
1012500 46
1008420 10
1008000 1873
1003520 122
1000188 61
1000000 25
995328 567
992250 69
987840 477
984150 24
983040 204
980000 97
979776 579
972405 4
972000 1186
967680 2282
964467 5
960400 34
960000 534
952560 924
945000 321
944784 105
941192 1
940800 801
937500 4
933120 1847
926100 175
921984 28
921600 1354
918750 4
918540 226
917504 17
911250 21
907578 4
907200 2824
903168 343
900375 2
900000 217
896000 342
893025 14
889056 227
885735 3
884736 251
882000 524
878080 95
875000 2
874800 715
870912 1038
864360 65
864000 1976
860160 528
857500 9
857304 179
850500 283
846720 1564
843750 7
840350 3
840000 506
839808 436
833490 53
829440 1877
826875 7
826686 21
823200 284
820125 1
819200 135
816480 1520
810000 469
806736 7
806400 2344
802816 26
800000 89
793800 652
790272 185
787500 41
787320 192
786432 41
784000 230
777924 29
777600 2412
774144 640
771750 29
768320 25
768000 769
765450 95
762048 609
759375 1
756315 2
756000 1487
752640 570
750141 6
750000 31
746496 698
740880 370
737280 619
735000 83
734832 261
729000 398
725760 2768
720300 19
720000 780
716800 299
714420 249
708750 47
708588 17
705600 1172
702464 26
700000 74
699840 1091
694575 11
691488 58
691200 2274
688905 8
688128 118
686000 77
680400 1449
677376 591
675000 87
672280 3
672000 1084
666792 114
663552 464
661500 189
658560 254
656250 3
656100 127
655360 47
653184 913
648270 13
648000 1580
645120 1387
643125 1
642978 23
640000 158
637875 13
635040 1226
630000 401
629856 173
627200 281
625000 3
622080 1999
617400 206
614656 11
614400 558
612500 12
612360 493
607500 105
605052 3
604800 2772
602112 140
600250 2
600000 167
595350 102
592704 205
590625 1
590490 17
589824 107
588000 389
583443 1
583200 1263
580608 951
576240 52
576000 1404
573440 131
571536 324
567000 606
564480 1111
562500 9
560000 221
559872 554
555660 139
552960 1339
551250 33
551124 48
548800 87
546750 27
544320 2045
540225 3
540000 622
537824 5
537600 1107
535815 15
531441 1
529200 823
526848 93
525000 45
524880 443
524288 7
518616 34
518400 2519
516096 333
514500 31
512000 207
510300 327
508032 692
506250 11
504210 3
504000 1325
501760 150
500094 23
500000 13
497664 590
496125 7
493920 335
492075 4
491520 251
490000 69
489888 462
486000 731
483840 2258
480200 7
480000 475
476280 505
472500 121
472392 56
470596 1
470400 700
468750 1
466560 1612
463050 57
460992 31
460800 1349
459375 2
459270 75
458752 22
455625 1
453789 1
453600 1925
451584 364
450000 112
448000 330
444528 160
442368 272
441000 254
439040 94
437500 3
437400 362
435456 970
432180 34
432000 1649
430080 591
428750 2
428652 94
425250 82
423360 1181
420000 298
419904 286
416745 11
414720 1796
413343 1
411600 141
409600 140
408240 952
405000 201
403368 3
403200 1909
401408 39
400000 81
396900 259
395136 163
393750 5
393660 66
393216 46
392000 155
388962 9
388800 1725
387072 668
385875 9
384160 18
384000 695
382725 14
381024 434
378000 924
376320 522
375000 13
373248 645
370440 202
368640 691
367500 28
367416 119
364500 127
362880 2229
360150 8
360000 538
358400 292
357210 80
354375 10
354294 4
352800 826
351232 19
350000 37
349920 786
345744 27
345600 2079
344064 142
343000 25
340200 699
338688 556
337500 35
336140 2
336000 815
333396 50
331776 474
330750 55
329280 203
328050 28
327680 68
326592 708
324135 6
324000 1120
322560 1395
321489 6
320000 137
317520 747
315000 207
314928 103
313600 257
311040 1763
308700 79
307328 8
307200 597
306250 2
306180 224
303750 25
302526 3
302400 2054
301056 138
300000 95
297675 10
296352 174
295245 4
294912 165
294000 250
291600 749
290304 862
288120 28
288000 1138
286720 140
285768 158
283500 251
282240 962
281250 1
280000 152
279936 466
277830 47
276480 1310
275625 7
275562 26
274400 76
273375 4
272160 1493
270000 319
268912 1
268800 1035
264600 421
263424 94
262500 17
262440 219
262144 4
259308 20
259200 1931
258048 393
257250 16
256000 204
255150 93
254016 520
252000 862
250880 151
250047 6
250000 6
248832 629
246960 187
245760 291
245000 37
244944 268
243000 365
241920 1937
240100 4
240000 362
238140 210
236250 30
236196 28
235200 491
233280 1101
231525 8
230496 18
230400 1286
229635 12
229376 28
226800 1126
225792 351
225000 58
224000 249
222264 84
221184 304
220500 121
219520 76
218750 4
218700 144
217728 809
216090 13
216000 1090
215040 591
214326 29
212625 7
211680 779
210000 171
209952 199
207360 1661
205800 74
204800 129
204120 463
202500 66
201684 3
201600 1509
200704 38
200000 42
198450 71
197568 134
196875 2
196830 23
196608 61
196000 99
194481 4
194400 1131
193536 683
192080 12
192000 621
190512 267
189000 390
188160 453
187500 5
186624 521
185220 106
184320 753
183750 11
183708 49
182250 36
181440 1664
180000 354
179200 238
178605 10
176400 473
175616 21
175000 15
174960 434
172872 11
172800 1690
172032 154
171500 8
170100 269
169344 453
168750 11
168000 572
166698 11
165888 542
165375 6
164640 136
164025 6
163840 52
163296 432
162000 546
161280 1186
160000 110
158760 387
157500 79
157464 55
156800 161
155520 1368
154350 29
153664 9
153600 598
153125 1
153090 61
151875 3
151200 1343
150528 134
150000 52
148176 109
147456 181
147000 107
145800 352
145152 759
144060 20
144000 867
143360 126
142884 72
141750 55
141120 678
140625 1
140000 74
139968 338
138915 11
138240 1235
137781 1
137200 35
136080 853
135000 140
134400 795
132300 178
131712 60
131250 4
131220 89
131072 9
129654 5
129600 1390
129024 382
128625 3
128000 175
127575 13
127008 307
126000 434
125440 143
125000 1
124416 567
123480 105
122880 279
122500 10
122472 150
121500 116
120960 1507
120050 1
120000 196
119070 81
118125 3
118098 7
117600 280
116640 715
115248 11
115200 1094
114688 29
113400 528
112896 258
112500 17
112000 175
111132 38
110592 330
110250 23
109760 48
109350 39
108864 583
108045 1
108000 660
107520 546
107163 7
105840 449
105000 78
104976 119
103680 1377
102900 36
102400 132
102060 170
101250 16
100800 1006
100352 29
100000 21
99225 9
98784 94
98415 5
98304 72
98000 51
97200 636
96768 630
96040 5
96000 429
95256 140
94500 151
94080 385
93750 1
93312 401
92610 30
92160 760
91875 2
91854 24
91125 4
90720 1025
90000 175
89600 204
88200 228
87808 19
87500 5
87480 222
86436 5
86400 1222
86016 147
85750 7
85050 91
84672 322
84000 310
83349 5
82944 464
82320 77
81920 74
81648 270
81000 258
80640 957
80000 85
79380 163
78750 25
78732 26
78400 118
77760 901
77175 2
76832 5
76800 489
76545 10
75600 662
75264 121
75000 21
74088 52
73728 159
73500 43
72900 116
72576 547
72030 2
72000 576
71680 123
71442 20
70875 8
70560 405
70000 43
69984 209
69120 1089
68600 14
68040 389
67500 32
67200 540
66150 43
65856 46
65625 1
65610 18
65536 7
64827 1
64800 811
64512 327
64000 119
63504 185
63000 215
62720 100
62208 462
61740 43
61440 271
61250 5
61236 49
60750 30
60480 986
60000 109
59535 11
59049 1
58800 174
58320 379
57624 3
57600 865
57344 20
56700 184
56448 189
56250 5
56000 114
55566 9
55296 331
55125 3
54880 22
54675 6
54432 355
54000 317
53760 462
52920 238
52500 18
52488 55
51840 999
51450 5
51200 130
51030 45
50625 2
50400 616
50176 27
50000 16
49392 40
49152 60
49000 21
48600 284
48384 460
48020 3
48000 289
47628 74
47250 39
47040 233
46656 295
46305 3
46080 590
45927 2
45360 553
45000 63
44800 140
44100 70
43904 12
43740 67
43218 1
43200 778
43008 111
42525 10
42336 178
42000 161
41472 390
41160 38
40960 57
40824 116
40500 83
40320 724
40000 45
39690 47
39366 4
39200 62
38880 568
38416 6
38400 360
37800 300
37632 87
37500 7
37044 15
36864 162
36750 10
36450 20
36288 376
36015 1
36000 279
35840 111
35721 5
35280 200
35000 16
34992 90
34560 834
34300 6
34020 148
33750 13
33600 339
33075 4
32928 25
32805 2
32768 9
32400 410
32256 266
32000 71
31752 90
31500 67
31360 70
31250 1
31104 329
30870 12
30720 243
30618 10
30375 3
30240 553
30000 52
29400 75
29160 184
28812 1
28800 564
28672 35
28350 49
28224 139
28125 1
28000 59
27783 3
27648 266
27440 15
27216 183
27000 125
26880 317
26460 72
26250 6
26244 26
25920 575
25725 4
25600 96
25515 3
25200 285
25088 26
25000 5
24696 13
24576 67
24500 4
24300 87
24192 338
24000 172
23814 17
23625 4
23520 120
23328 180
23040 463
22680 253
22500 24
22400 110
22050 16
21952 9
21870 21
21600 432
21504 106
21168 122
21000 47
20736 283
20580 16
20480 60
20412 46
20250 19
20160 470
20000 19
19845 6
19600 34
19440 284
19208 2
19200 244
18900 97
18816 69
18750 2
18522 7
18432 138
18375 2
18225 5
18144 196
18000 126
17920 89
17640 97
17500 4
17496 46
17280 545
17150 1
17010 37
16800 183
16464 14
16384 7
16200 175
16128 199
16000 58
15876 26
15750 12
15680 48
15552 190
15435 1
15360 224
15309 3
15120 300
15000 19
14700 16
14580 61
14400 333
14336 23
14175 3
14112 80
14000 28
13824 226
13720 9
13608 97
13500 42
13440 226
13230 23
13125 1
13122 8
12960 328
12800 70
12600 115
12544 15
12348 10
12288 45
12150 18
12096 208
12000 74
11907 2
11760 58
11664 74
11520 312
11340 86
11250 7
11200 58
11025 4
10976 2
10935 3
10800 186
10752 81
10584 54
10500 30
10368 189
10290 5
10240 37
10206 9
10125 2
10080 225
10000 9
9800 10
9720 98
9600 179
9450 21
9408 39
9216 132
9072 97
9000 46
8960 57
8820 35
8750 1
8748 16
8640 305
8505 9
8400 91
8232 9
8192 7
8100 37
8064 129
8000 37
7938 11
7875 2
7840 23
7776 117
7680 145
7560 108
7500 6
7350 7
7290 6
7200 168
7168 21
7056 45
7000 11
6912 133
6860 3
6804 18
6750 10
6720 145
6615 1
6561 2
6480 147
6400 60
6300 40
6272 9
6174 3
6144 37
6075 1
6048 98
6000 43
5880 27
5832 37
5760 199
5670 22
5600 27
5400 73
5376 58
5292 15
5250 3
5184 98
5145 1
5120 31
5103 2
5040 106
5000 4
4900 1
4860 29
4800 91
4725 3
4704 13
4608 77
4536 54
4500 15
4480 34
4410 6
4374 3
4320 166
4200 36
4116 1
4096 10
4050 13
4032 78
4000 15
3920 12
3888 58
3840 97
3780 35
3750 1
3675 2
3600 73
3584 13
3528 17
3500 6
3456 79
3402 5
3375 1
3360 76
3240 72
3200 30
3150 10
3136 6
3072 24
3024 51
3000 16
2940 13
2916 8
2880 125
2835 3
2800 13
2744 1
2700 22
2688 29
2646 4
2592 63
2560 20
2520 34
2500 1
2430 4
2401 1
2400 40
2352 11
2304 50
2268 16
2250 2
2240 11
2187 1
2160 75
2100 12
2058 1
2048 12
2025 2
2016 39
2000 6
1960 7
1944 24
1920 65
1890 5
1800 35
1792 6
1764 4
1728 41
1701 2
1680 19
1620 26
1600 15
1568 3
1536 24
1512 29
1500 4
1470 4
1458 2
1440 54
1400 3
1350 2
1344 24
1296 17
1280 13
1260 13
1200 20
1176 5
1152 37
1134 6
1125 1
1120 6
1080 22
1050 4
1029 1
1024 2
1008 16
1000 1
972 13
960 22
900 9
896 2
882 2
864 22
840 12
810 2
800 4
768 10
756 7
729 1
720 18
700 3
672 5
648 13
640 7
630 1
600 9
588 2
576 17
560 3
540 7
512 2
504 4
486 1
480 11
450 3
448 2
441 1
432 14
420 1
400 1
392 1
384 6
378 2
360 4
336 2
324 4
320 2
300 3
288 7
280 1
270 2
252 2
243 1
240 4
216 3
210 2
192 4
168 1
162 2
160 2
144 4
128 1
126 1
120 1
100 1
96 1
80 1
72 1
70 1
60 3
