5184000000 1
4723920000 1
4251528000 1
4199040000 1
4000000000 1
3936600000 1
3542940000 1
3528000000 1
3456000000 1
3402000000 1
3359232000 2
3265920000 3
3240000000 1
3214890000 1
3175200000 1
3149280000 2
2985984000 1
2976069600 1
2949120000 1
2939328000 1
2903040000 1
2880000000 1
2857680000 1
2834352000 1
2822400000 1
2800000000 1
2755620000 1
2721600000 1
2720977920 1
2645395200 2
2624400000 2
2612736000 1
2571912000 1
2550916800 1
2540160000 1
2520000000 1
2519424000 1
2488320000 1
2480058000 1
2449440000 3
2419200000 2
2381400000 1
2380855680 1
2352000000 1
2332800000 4
2304000000 1
2296350000 1
2286144000 3
2267481600 1
2257920000 1
2239488000 1
2222640000 1
2205000000 1
2204496000 3
2177280000 3
2150400000 2
2149908480 1
2143260000 1
2116800000 4
2116316160 1
2099520000 1
2090188800 1
2083248720 2
2073600000 2
2066715000 1
2057529600 1
2041200000 2
2032128000 4
2025380700 1
2016000000 3
2015539200 1
2007040000 2
2000376000 3
1990656000 2
1984500000 1
1984046400 2
1975680000 3
1968300000 1
1959552000 5
1944000000 2
1935360000 2
1905120000 2
1889568000 1
1881600000 1
1881169920 1
1866240000 3
1851776640 2
1843200000 1
1837080000 3
1828915200 3
1814400000 6
1806336000 2
1800338400 2
1792000000 1
1791590400 2
1786050000 1
1778112000 1
1771470000 1
1764000000 1
1763596800 2
1749600000 3
1741824000 6
1736040600 3
1728000000 2
1720320000 1
1714608000 4
1701000000 3
1693440000 4
1679616000 5
1666980000 3
1666598976 1
1658880000 1
1653372000 6
1646400000 1
1646023680 2
1632960000 15
1632586752 1
1625702400 4
1620304560 1
1620000000 1
1612800000 4
1612431360 1
1607445000 1
1600300800 6
1592524800 1
1587600000 5
1580544000 1
1574640000 7
1568000000 1
1567641600 5
1555848000 4
1555200000 9
1548288000 2
1543147200 5
1530900000 1
1524096000 8
1512000000 3
1511654400 4
1500282000 1
1492992000 8
1488034800 1
1474560000 1
1469664000 8
1468006400 1
1463132160 2
1458000000 2
1451520000 9
1446700500 2
1445068800 1
1440270720 2
1440000000 3
1433272320 4
1428840000 4
1422489600 5
1417176000 2
1411200000 3
1410877440 2
1399680000 10
1393459200 3
1382976000 2
1382400000 6
1377810000 4
1376256000 1
1371686400 8
1361367000 1
1360800000 9
1360488960 1
1354752000 6
1350253800 1
1350000000 1
1344000000 7
1343692800 4
1333584000 5
1327104000 4
1323000000 1
1322697600 9
1316818944 1
1312200000 2
1306368000 21
1302030450 1
1296540000 1
1296000000 11
1290240000 8
1285956000 4
1280240640 1
1280000000 1
1275750000 2
1275458400 1
1274019840 1
1270080000 12
1269789696 1
1264435200 1
1260236880 2
1260000000 1
1259712000 8
1254400000 2
1254113280 2
1250235000 4
1244160000 14
1240029000 5
1238630400 1
1234800000 3
1234517760 8
1228800000 1
1225000000 1
1224720000 25
1219276800 18
1209600000 9
1209323520 1
1204224000 2
1200225600 3
1194393600 2
1190700000 5
1190427840 3
1185408000 7
1180980000 3
1179648000 2
1176000000 2
1175731200 16
1170505728 1
1166886000 1
1166400000 17
1161216000 11
1157360400 4
1152216576 1
1152000000 6
1148175000 2
1143072000 23
1137991680 4
1134000000 12
1133740800 7
1128960000 4
1120210560 2
1119744000 15
1111320000 11
1106380800 3
1105920000 6
1102500000 1
1102248000 13
1101004800 1
1097349120 5
1093705578 1
1093500000 2
1088640000 40
1083801600 2
1080203040 1
1080000000 5
1075200000 2
1074954240 2
1071630000 10
1066867200 6
1062882000 3
1061683200 1
1058400000 8
1058158080 4
1050197400 1
1049760000 14
1045094400 11
1041624360 4
1037232000 2
1036800000 15
1033357500 1
1032192000 6
1028764800 10
1020600000 13
1016064000 18
1012690350 1
1008000000 13
1007769600 2
1003520000 4
1000188000 14
995742720 3
995328000 9
992023200 7
987840000 11
987614208 1
983449600 1
980184240 1
980000000 2
979776000 32
975421440 5
972405000 2
972000000 3
968083200 1
967680000 19
964467000 5
960180480 2
960000000 1
956593800 1
955514880 1
952560000 22
948326400 4
945000000 3
944784000 7
940800000 7
940584960 8
933508800 4
933120000 26
928972800 12
926100000 4
925888320 3
921984000 3
921600000 10
918540000 15
914457600 22
911421315 1
907200000 31
906992640 2
903168000 11
900169200 5
900000000 2
896000000 4
895795200 15
893025000 8
892820880 1
889056000 13
885735000 3
885104640 2
884736000 2
882000000 7
881798400 23
878080000 1
875164500 1
874800000 17
871274880 1
870912000 36
868020300 3
867041280 1
864000000 10
860160000 8
857304000 23
853493760 3
850500000 5
850305600 7
849346560 1
846720000 28
846526464 2
840157920 6
840000000 1
839808000 29
836075520 11
833490000 9
833299488 2
829785600 2
829440000 23
826686000 8
825753600 5
823200000 3
823011840 11
820125000 2
819200000 4
816820200 1
816480000 45
816293376 1
812851200 33
810152280 1
810000000 4
806400000 18
806215680 5
803722500 2
802816000 2
800150400 21
800000000 1
796262400 2
793800000 17
793618560 5
790272000 9
787500000 2
787320000 10
786432000 3
784000000 1
783820800 33
781218270 1
780337152 1
777924000 5
777600000 30
774144000 21
771750000 2
771573600 16
768320000 3
768144384 3
768000000 6
765450000 13
765275040 1
762048000 49
758661120 2
756315000 1
756000000 12
755827200 24
754974720 1
752640000 7
752467968 3
750141000 6
746807040 3
746496000 42
744017400 5
743178240 1
740880000 22
740710656 1
738112500 1
737587200 1
737280000 5
735138180 2
734832000 43
734003200 1
731566080 8
729000000 8
726062400 2
725760000 54
725594112 2
722534400 7
720300000 1
720135360 15
720000000 6
716800000 3
716636160 7
714420000 29
714256704 3
711244800 25
708588000 12
707788800 4
705600000 22
705438720 17
702464000 5
700131600 6
699840000 40
696729600 30
694575000 1
694416240 8
691488000 7
691200000 13
688905000 3
688414720 1
688128000 7
686000000 1
685843200 47
682795008 2
680400000 40
680244480 4
677376000 34
675126900 3
675000000 1
672126336 1
672000000 12
671846400 28
669615660 1
668860416 1
666792000 14
663828480 2
663552000 21
661500000 6
661348800 25
660602880 1
658560000 7
658409472 4
656100000 13
655360000 1
653456160 4
653184000 78
650280960 8
648270000 4
648000000 24
645388800 1
645120000 34
644972544 1
642978000 20
642252800 2
640120320 15
640000000 2
637875000 2
637729200 2
637009920 5
635040000 64
634894848 5
632217600 9
630118440 3
629856000 31
627200000 4
627056640 21
625117500 3
624974616 2
622339200 8
622080000 58
620014500 1
619573248 1
619315200 10
617400000 7
617258880 21
614656000 7
614400000 5
612360000 52
612220032 2
609638400 61
607500000 1
605052000 1
604800000 47
604661760 14
602112000 8
600112800 26
600000000 1
597445632 1
597196800 15
595350000 14
595213920 12
592704000 31
590490000 5
590069760 1
589824000 9
588000000 12
587865600 91
585252864 1
583443000 4
583200000 35
580849920 2
580608000 71
578680200 11
578027520 5
576240000 2
576108288 9
576000000 17
574087500 2
573440000 3
573308928 1
571536000 71
568995840 14
567000000 18
566870400 22
566231040 2
564715200 1
564480000 31
564350976 6
562605750 2
561971200 5
560105280 13
560000000 6
559872000 82
557383680 16
555660000 22
555532992 2
553190400 8
552960000 20
551250000 2
551124000 40
550502400 3
548800000 7
548674560 36
546750000 2
544546800 2
544320000 108
544195584 1
541900800 22
540225000 1
540101520 9
540000000 7
537824000 3
537600000 16
537477120 16
535815000 13
535692528 1
533433600 46
531441000 4
531062784 2
530841600 11
529200000 43
529079040 20
526848000 13
525098700 3
525000000 1
524880000 40
522764928 1
522547200 69
520812180 2
518616000 20
518400000 39
516678750 1
516311040 2
516096000 27
514500000 2
514382400 59
512096256 5
512000000 4
510300000 25
510183360 6
508032000 92
506250000 1
505774080 6
504094752 4
504000000 29
503884800 33
501760000 12
501645312 5
500094000 38
497871360 5
497664000 58
496011600 17
495452160 5
494125800 1
493920000 27
493807104 7
492075000 3
491724800 1
491520000 11
490092120 2
490000000 2
489888000 135
487710720 36
486202500 1
486091368 3
486000000 14
484041600 2
483840000 102
483729408 2
482233500 7
481689600 5
480090240 30
480000000 5
478296900 1
477757440 10
476280000 62
476171136 2
474163200 42
472588830 1
472500000 6
472392000 25
472055808 1
471859200 3
470596000 1
470400000 18
470292480 47
466754400 10
466560000 88
464486400 44
463050000 7
462944160 21
460992000 6
460800000 28
459270000 24
458752000 6
457228800 101
455196672 2
453789000 3
453600000 88
453496320 21
451584000 54
450084600 11
450000000 2
449576960 1
448084224 6
448000000 14
447897600 40
446512500 1
446410440 4
445906944 1
444528000 55
442867500 2
442552320 2
442368000 21
441082908 1
441000000 7
440899200 74
440401920 1
439040000 12
438939648 13
437400000 25
435637440 2
435456000 193
434010150 6
433520640 13
432180000 12
432081216 3
432000000 33
430259200 2
430080000 23
429981696 2
428652000 67
426746880 30
425329947 1
425250000 14
425152800 12
424673280 6
423536400 1
423360000 103
423263232 8
421478400 9
420078960 8
420000000 3
419904000 87
419430400 2
418037760 39
416745000 14
416649744 1
414892800 23
414720000 63
413343000 17
412876800 17
411600000 9
411505920 44
410062500 1
408410100 4
408240000 129
408146688 1
406425600 97
405076140 10
405000000 5
404619264 1
403368000 3
403200000 70
403107840 27
401861250 2
401408000 7
400075200 62
398297088 2
398131200 37
396900000 33
396809280 18
396361728 1
395136000 41
393750000 1
393660000 22
393216000 6
392073696 2
392000000 8
391910400 159
390168576 7
388962000 12
388800000 74
387233280 6
387072000 102
385786800 42
385351680 1
384160000 9
384072192 9
384000000 12
382725000 12
381024000 182
379330560 6
378157500 1
378071064 2
378000000 31
377913600 50
377487360 1
376320000 39
376233984 10
375070500 9
373403520 24
373248000 108
372008700 8
371589120 18
370440000 45
370355328 18
368793600 5
368640000 33
367569090 1
367500000 3
367416000 105
367001600 3
365783040 71
364500000 11
363031200 5
362880000 165
362797056 8
361267200 34
360067680 23
360000000 15
358400000 17
358318080 19
357210000 39
357128352 1
355622400 47
354294000 12
354041856 1
353894400 16
352800000 64
352719360 78
351232000 15
350065800 15
349920000 93
348364800 126
347287500 1
347208120 17
346816512 1
345744000 26
345600000 67
344452500 2
344064000 26
343064484 1
343000000 2
342921600 126
341397504 8
340200000 79
340122240 13
339738624 1
338829120 1
338688000 136
337563450 4
337500000 1
337182720 8
336140000 1
336063168 10
336000000 24
335923200 68
334807830 1
334430208 3
333396000 78
331914240 15
331776000 78
330750000 4
330674400 40
330301440 4
329280000 20
329204736 15
328050000 13
327680000 4
326728080 7
326592000 239
325140480 36
324135000 9
324060912 10
324000000 31
322694400 2
322560000 98
322486272 12
321489000 47
321126400 6
320060160 61
320000000 1
318937500 1
318864600 4
318504960 11
317652300 1
317520000 159
317447424 18
316108800 37
315059220 3
315000000 6
314928000 79
314703872 1
313600000 20
313528320 82
312558750 5
312487308 3
311169600 45
311040000 117
310007250 2
309786624 1
309657600 67
308700000 20
308629440 51
307328000 7
307200000 19
306180000 89
306110016 3
304946208 1
304819200 200
303807105 1
303750000 2
303464448 3
302526000 4
302400000 114
302330880 38
301056000 43
300056400 50
300000000 2
298722816 4
298598400 86
297675000 16
297606960 15
297271296 5
296352000 104
295245000 8
295034880 3
294912000 34
294055272 2
294000000 18
293932800 179
292626432 16
291721500 4
291600000 80
290424960 5
290304000 247
289340100 14
289013760 11
288120000 7
288054144 22
288000000 50
287043750 1
286720000 15
286654464 5
285768000 199
284497920 48
283553298 1
283500000 32
283435200 36
283115520 4
282240000 141
282175488 13
280985600 3
280052640 13
280000000 7
279936000 186
278691840 54
277830000 28
277766496 8
276595200 30
276480000 102
275562000 70
275251200 7
274400000 10
274337280 128
273375000 2
272273400 10
272160000 273
272097792 3
270950400 114
270112500 2
270050760 14
270000000 7
269746176 1
268912000 2
268800000 51
268738560 57
267907500 15
267846264 2
266716800 100
265720500 2
265531392 3
265420800 44
264600000 79
264539520 81
263424000 44
262549350 3
262500000 1
262440000 81
262144000 3
261382464 2
261273600 272
260406090 2
260112384 7
259308000 30
259200000 132
258155520 4
258048000 87
257250000 3
257191200 131
256901120 2
256048128 14
256000000 6
255150000 39
255091680 14
254803968 3
254016000 267
252887040 22
252047376 7
252000000 54
251942400 126
250880000 21
250822656 21
250047000 40
248935680 44
248832000 179
248062500 3
248005800 24
247726080 20
246960000 93
246903552 23
246037500 2
245862400 10
245760000 20
245046060 2
245000000 7
244944000 263
243855360 115
243101250 1
243045684 4
243000000 33
242020800 5
241920000 230
241864704 9
241116750 1
240844800 21
240100000 1
240045120 67
240000000 11
239148450 1
238878720 36
238140000 131
238085568 18
237081600 114
236294415 2
236250000 5
236196000 32
235929600 14
235200000 58
235146240 138
233377200 29
233280000 186
232339968 2
232243200 185
231525000 10
231472080 30
231211008 5
230496000 18
230400000 74
229635000 42
229376000 14
228614400 279
227598336 12
226894500 3
226800000 159
226748160 37
226492416 1
225886080 1
225792000 146
225042300 13
224788480 4
224042112 10
224000000 19
223948800 157
223256250 2
223205220 8
222953472 7
222264000 134
221433750 2
221276160 13
221184000 79
220500000 20
220449600 192
220200960 6
219520000 17
219469824 22
218791125 1
218700000 41
217818720 10
217728000 475
216760320 52
216090000 17
216040608 9
216000000 60
215129600 3
215040000 75
214990848 7
214326000 111
213373440 101
212625000 8
212576400 17
212336640 14
211768200 2
211680000 237
211631616 23
210739200 35
210087500 1
210039480 13
210000000 10
209952000 190
209715200 1
209018880 125
208372500 13
208324872 4
207446400 56
207360000 218
206671500 15
206438400 49
205800000 21
205752960 124
204800000 22
204205050 2
204120000 202
204073344 9
203297472 1
203212800 316
202538070 4
202500000 11
202309632 1
201684000 5
201600000 146
201553920 70
200704000 22
200037600 121
199148544 8
199065600 120
198450000 38
198404640 33
198180864 4
197568000 130
196830000 45
196689920 2
196608000 14
196036848 7
196000000 12
195955200 369
195084288 30
194481000 25
194400000 147
193616640 8
193536000 286
192937500 2
192893400 64
192675840 8
192080000 9
192036096 27
192000000 34
191362500 9
191318760 3
191102976 5
190591380 2
190512000 330
189665280 63
189078750 1
189035532 2
189000000 58
188956800 96
188743680 2
188160000 109
188116992 30
187535250 4
187500000 1
186701760 43
186624000 303
186004350 2
185794560 93
185220000 68
185177664 18
184396800 25
184320000 97
183750000 2
183708000 186
183500800 7
182891520 207
182284263 2
182250000 15
181515600 14
181440000 426
181398528 13
180633600 101
180075000 3
180033840 43
180000000 14
179200000 27
179159040 94
178605000 55
178564176 8
177811200 207
177187500 1
177147000 9
177020928 6
176947200 36
176473500 1
176400000 110
176359680 182
175616000 21
175032900 17
175000000 3
174960000 187
174254976 7
174182400 411
173604060 11
173408256 10
172872000 38
172800000 161
172226250 2
172103680 3
172032000 69
171500000 5
171460800 245
170698752 30
170100000 125
170061120 14
169869312 2
169344000 350
168781725 1
168591360 15
168070000 2
168031584 3
168000000 40
167961600 230
167772160 1
167403915 2
167215104 29
166698000 95
165957120 35
165888000 217
165375000 9
165337200 77
165150720 19
164640000 61
164602368 54
164025000 11
163840000 11
163364040 9
163296000 601
162570240 141
162067500 6
162030456 10
162000000 56
161347200 8
161280000 261
161243136 14
160744500 34
160563200 9
160030080 149
160000000 5
159432300 4
159252480 41
158760000 250
158723712 25
158054400 117
157529610 9
157500000 10
157464000 135
157286400 8
156800000 39
156764160 238
156243654 2
155584800 62
155520000 330
155003625 2
154893312 3
154828800 194
154350000 26
154314720 109
154140672 1
153664000 18
153600000 47
153090000 122
153055008 3
152409600 422
151875000 2
151732224 14
151263000 8
151200000 247
151165440 84
150590720 1
150528000 113
150028200 63
150000000 4
149361408 18
149299200 240
148837500 13
148803480 14
148635648 12
148176000 213
147622500 4
147517440 13
147456000 73
147000000 30
146966400 354
146800640 3
146313216 60
145860750 5
145800000 116
145212480 5
145152000 567
144670050 20
144506880 35
144060000 18
144027072 32
144000000 92
143360000 34
143327232 7
142884000 266
142248960 143
141750000 33
141717600 51
141557760 9
141178800 2
141120000 265
141087744 62
140492800 17
140026320 37
140000000 13
139968000 386
139345920 189
138915000 49
138883248 20
138297600 53
138240000 222
137812500 1
137781000 82
137682944 1
137625600 29
137200000 23
137168640 262
136687500 2
136136700 7
136080000 463
136048896 16
135531648 1
135475200 300
135025380 24
135000000 17
134873088 2
134456000 7
134400000 124
134369280 109
133953750 8
133923132 1
133358400 240
132860250 3
132765696 9
132710400 118
132300000 84
132269760 127
132120576 1
131712000 99
131274675 2
131250000 1
131220000 118
131072000 6
130691232 4
130636800 620
130203045 1
130056192 24
129654000 53
129600000 249
129077760 9
129024000 255
128625000 2
128595600 185
128450560 2
128024064 60
128000000 15
127575000 36
127545840 10
127401984 11
127060920 2
127008000 556
126443520 71
126052500 1
126023688 10
126000000 78
125971200 210
125829120 2
125440000 41
125411328 65
125023500 37
125000000 1
124467840 75
124416000 394
124031250 2
124002900 18
123863040 83
123480000 117
123451776 56
122931200 7
122880000 55
122523030 5
122500000 3
122472000 458
121927680 327
121522842 1
121500000 32
121010400 20
120960000 549
120932352 18
120558375 1
120422400 90
120050000 4
120022560 113
120000000 23
119439360 119
119070000 136
119042784 23
118590192 1
118540800 265
118125000 5
118098000 60
118013952 5
117964800 38
117649000 1
117600000 106
117573120 326
117440512 1
116688600 47
116640000 349
116169984 7
116121600 480
115762500 7
115736040 53
115605504 7
115248000 51
115200000 147
114817500 23
114791256 1
114688000 29
114307200 542
113799168 37
113400000 213
113374080 72
113246208 3
112943040 2
112896000 347
112521150 16
112500000 1
112394240 9
112021056 32
112000000 29
111974400 380
111602610 5
111476736 34
111132000 202
110638080 42
110592000 235
110250000 22
110224800 243
110100480 7
109760000 53
109734912 88
109350000 53
108909360 21
108864000 934
108380160 153
108045000 17
108020304 20
108000000 113
107564800 8
107520000 185
107495424 37
107163000 105
106686720 209
106312500 5
106288200 19
106168320 51
105884100 3
105840000 405
105815808 64
105369600 78
105019740 12
105000000 17
104976000 312
104857600 5
104509440 403
104186250 6
104162436 7
103723200 96
103680000 440
103335750 7
103262208 4
103219200 162
102900000 29
102876480 220
102760448 1
102400000 24
102060000 311
102036672 15
101648736 2
101606400 604
101269035 1
101250000 4
101154816 14
100842000 13
100800000 298
100776960 192
100352000 49
100018800 160
99574272 28
99532800 327
99225000 44
99202320 69
99090432 8
98784000 236
98415000 38
98344960 5
98304000 39
98018424 4
98000000 31
97977600 712
97542144 77
97240500 18
97200000 209
96808320 13
96768000 670
96446700 50
96337920 30
96040000 19
96018048 64
96000000 58
95681250 2
95659380 3
95551488 21
95256000 583
94832640 143
94517766 1
94500000 73
94478400 154
94371840 11
94080000 202
94058496 89
93350880 85
93312000 619
93002175 1
92897280 229
92610000 73
92588832 37
92198400 49
92160000 187
91875000 3
91854000 224
91750400 8
91445760 443
91125000 10
90757800 5
90720000 740
90699264 20
90354432 1
90316800 250
90016920 59
90000000 19
89915392 1
89600000 63
89579520 211
89302500 43
89282088 3
88905600 402
88593750 1
88573500 4
88510464 11
88473600 120
88200000 147
88179840 296
88080384 3
87808000 64
87516450 10
87480000 238
87127488 9
87091200 955
86802030 10
86704128 28
86436000 52
86400000 272
86051840 4
86016000 183
85766121 1
85750000 3
85730400 396
85349376 68
85050000 100
85030560 27
84934656 9
84707280 3
84672000 669
84375000 1
84295680 35
84035000 2
84015792 14
84000000 76
83980800 456
83607552 82
83349000 96
82978560 75
82944000 515
82687500 7
82668600 106
82575360 51
82320000 90
82301184 105
82012500 5
81920000 24
81682020 8
81648000 884
81285120 330
81033750 2
81015228 8
81000000 85
80673600 18
80640000 515
80621568 52
80372250 20
80281600 32
80015040 224
80000000 13
79716150 2
79626240 150
79380000 330
79361856 33
79027200 274
78764805 3
78750000 7
78732000 177
78675968 3
78643200 16
78400000 70
78382080 525
78121827 3
77792400 102
77760000 557
77446656 7
77414400 558
77175000 26
77157360 154
77070336 3
76832000 30
76800000 100
76545000 114
76527504 2
76236552 2
76204800 838
75937500 1
75866112 27
75631500 5
75600000 342
75582720 156
75497472 1
75264000 227
75014100 56
75000000 3
74680704 31
74649600 589
74418750 5
74401740 19
74317824 30
74118870 1
74088000 280
73811250 4
73758720 23
73728000 157
73513818 2
73500000 21
73483200 548
73400320 4
73156608 120
72930375 2
72900000 129
72606240 30
72576000 1156
72335025 3
72253440 94
72030000 21
72013536 46
72000000 137
71680000 79
71663616 58
71442000 349
71124480 268
70875000 25
70858800 66
70778880 32
70589400 2
70560000 420
70543872 118
70246400 33
70013160 48
70000000 19
69984000 626
69672960 494
69457500 36
69441624 14
69148800 116
69120000 511
68890500 62
68812800 97
68600000 23
68584320 500
68343750 1
68068350 5
68040000 633
68024448 20
67765824 3
67737600 654
67512690 15
67500000 21
67436544 12
67228000 8
67200000 196
67184640 280
67108864 2
66976875 1
66961566 2
66679200 326
66382848 26
66355200 346
66150000 119
66134880 174
66060288 10
65856000 168
65610000 91
65536000 13
65345616 6
65318400 1166
65028096 71
64827000 51
64800000 306
64538880 15
64512000 531
64312500 1
64297800 165
64225280 10
64012032 109
64000000 23
63787500 26
63772920 19
63700992 21
63530460 2
63504000 886
63221760 117
63026250 1
63011844 13
63000000 89
62985600 360
62914560 2
62720000 107
62705664 123
62511750 13
62500000 2
62233920 125
62208000 821
62001450 12
61931520 189
61740000 145
61725888 98
61465600 26
61440000 144
61261515 2
61250000 2
61236000 593
60963840 583
60761421 2
60750000 34
60505200 20
60480000 869
60466176 70
60211200 184
60025000 2
60011280 156
60000000 26
59719680 280
59535000 126
59521392 19
59270400 450
59049000 50
59006976 2
58982400 80
58824500 2
58800000 127
58786560 553
58344300 48
58320000 529
58084992 8
58060800 1015
57881250 2
57868020 46
57802752 14
57624000 60
57600000 281
57408750 4
57395628 1
57344000 55
57177414 1
57153600 821
56899584 71
56700000 237
56687040 89
56623104 8
56471520 4
56448000 652
56260575 2
56250000 3
56197120 16
56010528 28
56000000 46
55987200 689
55738368 90
55566000 236
55319040 90
55296000 451
55125000 19
55112400 289
55050240 28
54880000 69
54867456 192
54675000 30
54454680 18
54432000 1436
54190080 327
54022500 9
54010152 24
54000000 126
53782400 4
53760000 314
53747712 90
53581500 81
53343360 392
53156250 1
53144100 9
53084160 140
52942050 2
52920000 518
52907904 99
52684800 166
52509870 19
52500000 22
52488000 402
52428800 8
52254720 758
52093125 1
52081218 2
51861600 125
51840000 788
51667875 5
51631104 3
51609600 345
51450000 28
51438240 309
51380224 2
51200000 40
51030000 315
51018336 9
50824368 2
50803200 1187
50625000 5
50577408 40
50421000 10
50400000 424
50388480 337
50331648 1
50176000 115
50009400 157
50000000 3
49787136 41
49766400 663
49612500 37
49601160 59
49545216 39
49392000 317
49207500 19
49172480 10
49152000 114
49009212 4
49000000 22
48988800 1062
48771072 169
48620250 10
48600000 286
48404160 28
48384000 1220
48223350 24
48168960 63
48020000 17
48009024 89
48000000 79
47829690 1
47775744 57
47628000 660
47416320 308
47258883 1
47250000 52
47239200 211
47185920 20
47059600 2
47040000 304
47029248 172
46675440 93
46656000 972
46448640 469
46305000 88
46294416 49
46099200 68
46080000 436
45937500 1
45927000 205
45875200 29
45722880 764
45562500 3
45378900 16
45360000 968
45349632 46
45177216 1
45158400 607
45018750 1
45008460 47
45000000 36
44957696 5
44800000 111
44789760 423
44651250 13
44641044 2
44452800 470
44286750 11
44255232 24
44236800 267
44118375 1
44100000 170
44089920 413
44040192 2
43904000 89
43758225 3
43750000 1
43740000 266
43563744 21
43545600 1576
43401015 5
43352064 72
43218000 77
43200000 404
43025920 6
43008000 316
42875000 4
42865200 452
42674688 144
42525000 80
42515280 44
42467328 21
42353640 5
42336000 1041
42147840 65
42007896 23
42000000 101
41990400 623
41943040 3
41803776 217
41674500 84
41489280 112
41472000 966
41343750 1
41334300 74
41287680 137
41160000 132
41150592 169
41006250 7
40960000 48
40841010 5
40824000 1136
40642560 704
40516875 1
40507614 7
40500000 87
40336800 24
40320000 893
40310784 103
40186125 1
40140800 64
40007520 305
40000000 20
39813120 298
39690000 299
39680928 50
39513600 399
39375000 9
39366000 201
39337984 3
39321600 44
39200000 61
39191040 887
38896200 86
38880000 844
38723328 14
38707200 973
38587500 6
38578680 130
38535168 10
38416000 22
38400000 177
38272500 69
38263752 3
38118276 1
38102400 1283
37933056 70
37815750 3
37800000 386
37791360 228
37748736 3
37647680 4
37632000 417
37507050 38
37500000 4
37340352 62
37324800 1078
37209375 1
37200870 13
37158912 96
37044000 406
36905625 3
36879360 51
36864000 358
36756909 1
36750000 18
36741600 694
36700160 9
36578304 220
36450000 95
36303120 27
36288000 1913
36126720 260
36015000 19
36006768 68
36000000 135
35840000 142
35831808 105
35721000 298
35562240 446
35437500 10
35429400 52
35389440 88
35280000 534
35271936 157
35123200 63
35006580 25
35000000 11
34992000 865
34836480 920
34728750 10
34720812 10
34574400 156
34560000 763
34445250 21
34420736 2
34406400 189
34300000 26
34292160 673
34171875 1
34034175 2
34020000 662
34012224 31
33882912 3
33868800 1147
33756345 1
33750000 14
33718272 13
33614000 4
33600000 311
33592320 538
33339600 333
33191424 52
33177600 692
33075000 74
33067440 209
33030144 24
32928000 239
32812500 3
32805000 69
32768000 34
32672808 3
32659200 1820
32514048 158
32413500 33
32400000 407
32269440 17
32256000 998
32156250 1
32148900 132
32112640 25
32006016 151
32000000 32
31893750 5
31886460 15
31850496 58
31765230 1
31752000 1073
31610880 266
31505922 6
31500000 103
31492800 455
31457280 3
31360000 176
31352832 244
31255875 2
31116960 177
31104000 1358
31000725 2
30965760 413
30870000 118
30862944 108
30732800 48
30720000 217
30625000 4
30618000 555
30481920 1019
30375000 23
30252600 27
30240000 1219
30233088 91
30105600 322
30012500 5
30005640 166
30000000 31
29859840 528
29767500 86
29760696 14
29635200 586
29524500 35
29503488 15
29491200 221
29400000 136
29393280 807
29172150 21
29160000 581
29042496 13
29030400 1834
28940625 1
28934010 28
28901376 54
28812000 63
28800000 384
28697814 1
28672000 120
28576800 871
28449792 136
28350000 222
28343520 138
28311552 17
28235760 6
28224000 957
28125000 1
28098560 27
28005264 31
28000000 52
27993600 1130
27869184 228
27783000 187
27659520 136
27648000 884
27562500 10
27556200 231
27525120 75
27440000 59
27433728 326
27337500 22
27227340 19
27216000 1839
27095040 651
27011250 7
27005076 22
27000000 143
26891200 10
26880000 519
26873856 135
26790750 40
26671680 484
26572050 4
26542080 283
26460000 543
26453952 158
26353376 1
26342400 249
26254935 7
26250000 12
26244000 399
26214400 15
26127360 1321
26040609 1
25930800 135
25920000 1107
25815552 15
25804800 674
25725000 18
25719120 351
25690112 4
25600000 77
25515000 235
25509168 10
25412184 1
25401600 1648
25312500 5
25288704 54
25210500 8
25200000 440
25194240 457
25165824 2
25088000 171
25004700 107
25000000 1
24893568 81
24883200 1227
24806250 8
24800580 43
24772608 79
24696000 446
24603750 11
24586240 19
24576000 173
24504606 2
24500000 27
24494400 1388
24385536 287
24310125 2
24300000 237
24202080 24
24192000 1886
24111675 9
24084480 139
24010000 17
24004512 110
24000000 116
23914845 1
23887872 112
23814000 626
23708160 522
23625000 30
23619600 167
23592960 75
23529800 2
23520000 415
23514624 298
23337720 81
23328000 1340
23224320 964
23152500 49
23147208 51
23049600 112
23040000 630
22963500 106
22937600 66
22861440 1060
22781250 3
22689450 3
22680000 1066
22674816 53
22588608 1
22579200 937
22509375 2
22504230 41
22500000 30
22478848 7
22400000 132
22394880 764
22325625 3
22320522 6
22226400 584
22127616 46
22118400 610
22050000 119
22044960 439
22020096 9
21952000 113
21870000 225
21781872 10
21772800 2404
21676032 121
21609000 54
21600000 510
21512960 10
21504000 577
21437500 4
21432600 369
21337344 209
21262500 50
21257640 38
21233664 36
21176820 3
21168000 1335
21073920 145
21008750 1
21003948 12
21000000 90
20995200 878
20971520 4
20901888 366
20837250 36
20744640 176
20736000 1557
20667150 33
20643840 270
20580000 123
20575296 230
20503125 1
20480000 68
20420505 2
20412000 1172
20321280 1112
20253807 3
20250000 69
20168400 24
20160000 1073
20155392 174
20070400 114
20003760 286
20000000 10
19906560 599
19845000 247
19840464 61
19765032 1
19756800 576
19687500 5
19683000 132
19668992 8
19660800 97
19600000 83
19595520 1311
19448100 52
19440000 1001
19361664 14
19353600 1622
19293750 3
19289340 92
19267584 20
19208000 35
19200000 225
19136250 26
19059138 2
19051200 1532
18966528 134
18900000 406
18895680 269
18874368 18
18823840 1
18816000 617
18753525 7
18750000 3
18670176 56
18662400 1565
18600435 2
18579456 194
18522000 310
18439680 85
18432000 589
18375000 15
18370800 610
18350080 17
18289152 380
18225000 82
18151560 27
18144000 2302
18063360 501
18007500 5
18003384 49
18000000 155
17920000 200
17915904 163
17860500 171
17781120 636
17718750 6
17714700 43
17694720 237
17647350 1
17640000 595
17635968 245
17561600 104
17503290 19
17500000 14
17496000 872
17418240 1483
17364375 2
17360406 11
17287200 167
17280000 1105
17222625 5
17210368 2
17203200 358
17150000 17
17146080 739
17010000 563
17006112 38
16941456 2
16934400 1751
16875000 4
16859136 23
16807000 4
16800000 311
16796160 774
16669800 279
16595712 76
16588800 1254
16537500 49
16533720 150
16515072 59
16464000 330
16402500 37
16384000 53
16336404 4
16329600 2271
16257024 323
16206750 20
16200000 434
16134720 15
16128000 1619
16074450 54
16056320 41
16003008 196
16000000 48
15943230 4
15925248 126
15876000 1046
15805440 397
15752961 1
15750000 76
15746400 468
15728640 32
15680000 193
15676416 467
15625000 1
15558480 162
15552000 1885
15482880 818
15435000 85
15431472 120
15366400 57
15360000 353
15312500 2
15309000 410
15240960 1511
15187500 11
15126300 14
15120000 1339
15116544 134
15052800 457
15006250 1
15002820 107
15000000 21
14929920 861
14883750 31
14880348 24
14817600 726
14762250 8
14751744 21
14745600 379
14700000 134
14696640 943
14680064 1
14586075 5
14580000 559
14521248 16
14515200 2712
14467005 5
14450688 81
14406000 48
14400000 472
14336000 178
14288400 838
14224896 238
14175000 151
14171760 99
14155776 42
14117880 5
14112000 1268
14049280 47
14002632 37
14000000 48
13996800 1428
13934592 371
13891500 107
13829760 170
13824000 1297
13781250 4
13778100 126
13762560 122
13720000 69
13716864 388
13668750 8
13613670 8
13608000 2071
13547520 1044
13502538 3
13500000 104
13445600 13
13440000 681
13436928 217
13395375 9
13335840 527
13286025 1
13271040 515
13230000 405
13226976 158
13171200 350
13125000 9
13122000 360
13107200 24
13063680 1919
12965400 108
12960000 1343
12907776 8
12902400 1103
12862500 12
12859560 298
12845056 6
12800000 101
12757500 117
12754584 8
12706092 2
12700800 1956
12656250 2
12644352 93
12605250 2
12600000 416
12597120 515
12582912 3
12544000 253
12502350 56
12500000 1
12446784 96
12441600 1899
12403125 2
12400290 22
12386304 158
12348000 382
12293120 28
12288000 300
12252303 1
12250000 22
12247200 1319
12192768 479
12150000 193
12101040 29
12096000 2496
12042240 223
12005000 12
12002256 112
12000000 106
11943936 217
11907000 496
11854080 637
11812500 10
11809800 119
11796480 138
11760000 440
11757312 423
11668860 65
11664000 1499
11612160 1550
11576250 19
11573604 23
11524800 118
11520000 871
11481750 51
11468800 105
11430720 1164
11344725 5
11340000 961
11337408 75
11294304 1
11289600 1254
11252115 5
11250000 23
11239424 7
11200000 138
11197440 1102
11113200 505
11063808 50
11059200 979
11025000 80
11022480 406
11010048 12
10976000 155
10937500 1
10935000 166
10890936 13
10886400 3007
10838016 263
10804500 32
10800000 517
10756480 14
10752000 734
10716300 200
10668672 263
10631250 21
10628820 21
10616832 103
10588410 2
10584000 1352
10536960 192
10501974 11
10500000 85
10497600 966
10485760 4
10450944 546
10418625 5
10372320 169
10368000 2188
10333575 4
10321920 464
10290000 96
10287648 223
10240000 94
10206000 940
10160640 1603
10125000 34
10084200 17
10080000 1190
10077696 248
10035200 164
10001880 260
10000000 12
9953280 994
9922500 136
9920232 47
9878400 655
9841500 74
9834496 7
9830400 169
9800000 89
9797760 1584
9724050 28
9720000 940
9680832 17
9676800 2404
9644670 53
9633792 42
9604000 42
9600000 312
9568125 4
9565938 1
9529569 1
9525600 1437
9483264 200
9450000 253
9447840 274
9437184 21
9411920 3
9408000 759
9375000 1
9335088 65
9331200 2059
9289728 351
9261000 229
9219840 86
9216000 941
9187500 5
9185400 454
9175040 28
9144576 493
9112500 45
9075780 20
9072000 2681
9031680 733
9003750 7
9001692 35
9000000 126
8960000 259
8957952 277
8930250 55
8890560 655
8857350 8
8847360 413
8820000 524
8817984 286
8780800 122
8751645 8
8750000 10
8748000 840
8709120 2153
8680203 3
8643600 119
8640000 1320
8605184 3
8601600 536
8575000 11
8573040 647
8505000 372
8503056 27
8470728 1
8467200 2063
8437500 3
8429568 46
8403500 5
8400000 346
8398080 891
8388608 1
8334900 181
8297856 96
8294400 1850
8268750 10
8266860 87
8257536 74
8232000 296
8201250 13
8192000 89
8168202 7
8164800 2314
8128512 503
8103375 1
8100000 344
8067360 21
8064000 1929
8037225 10
8028160 72
8001504 201
8000000 51
7971615 2
7962624 208
7938000 868
7902720 465
7875000 29
7873200 327
7864320 51
7840000 191
7838208 632
7779240 114
7776000 2122
7741440 1226
7717500 45
7715736 103
7683200 49
7680000 470
7656250 1
7654500 204
7620480 1600
7593750 2
7563150 4
7560000 1300
7558272 158
7529536 2
7526400 720
7501410 54
7500000 21
7464960 1386
7441875 4
7440174 7
7408800 675
7381125 1
7375872 29
7372800 655
7350000 98
7348320 906
7340032 3
7290000 387
7260624 20
7257600 3427
7225344 151
7203000 39
7200000 543
7168000 268
7144200 602
7112448 315
7087500 57
7085880 79
7077888 74
7058940 3
7056000 1329
7024640 64
7001316 21
7000000 48
6998400 1681
6967296 669
6945750 52
6914880 155
6912000 1806
6889050 56
6881280 231
6860000 82
6858432 418
6806835 2
6804000 1705
6773760 1334
6751269 2
6750000 72
6722800 8
6720000 791
6718464 329
6667920 421
6635520 924
6615000 282
6613488 125
6585600 386
6562500 2
6561000 213
6553600 50
6531840 2304
6482700 69
6480000 1302
6453888 10
6451200 1719
6431250 4
6429780 173
6422528 9
6400000 99
6378750 54
6377292 4
6353046 1
6350400 2017
6322176 153
6300000 393
6298560 556
6291456 11
6272000 257
6251175 10
6250000 1
6223392 105
6220800 2399
6200145 2
6193152 259
6174000 314
6146560 33
6144000 432
6125000 8
6123600 1085
6096384 621
6075000 127
6050520 19
6048000 2647
6021120 344
6002500 7
6001128 93
6000000 96
5971968 323
5953500 254
5927040 717
5906250 4
5904900 74
5898240 231
5882450 1
5880000 438
5878656 475
5834430 36
5832000 1472
5806080 2118
5788125 3
5786802 11
5762400 104
5760000 975
5740875 10
5734400 155
5715360 1120
5670000 707
5668704 66
5647152 1
5644800 1558
5625000 6
5619712 15
5600000 144
5598720 1372
5556600 359
5531904 63
5529600 1505
5512500 39
5511240 329
5505024 40
5488000 147
5467500 62
5445468 5
5443200 3256
5419008 367
5402250 14
5400000 468
5378240 11
5376000 1112
5358150 85
5334336 264
5315625 2
5314410 17
5308416 184
5292000 1203
5268480 246
5250987 1
5250000 49
5248800 833
5242880 14
5225472 794
5186160 158
5184000 2373
5160960 759
5145000 69
5143824 216
5120000 144
5103000 583
5080320 1879
5062500 14
5042100 6
5040000 1177
5038848 278
5017600 237
5000940 136
5000000 13
4976640 1426
4961250 34
4960116 31
4939200 652
4921875 1
4920750 21
4917248 6
4915200 264
4900000 59
4898880 1607
4862025 3
4860000 734
4840416 16
4838400 3134
4822335 8
4816896 70
4802000 23
4800000 283
4762800 1093
4741632 255
4725000 156
4723920 230
4718592 39
4705960 2
4704000 798
4667544 37
4665600 2339
4644864 486
4630500 99
4609920 92
4608000 1261
4593750 7
4592700 219
4587520 51
4572288 576
4556250 11
4537890 4
4536000 2360
4515840 974
4500846 15
4500000 101
4480000 327
4478976 428
4465125 13
4445280 624
4428675 2
4423680 593
4410000 341
4408992 264
4390400 175
4375000 4
4374000 632
4354560 2703
4321800 94
4320000 1279
4302592 6
4300800 753
4287500 6
4286520 442
4252500 168
4251528 19
4235364 3
4233600 1989
4214784 71
4200000 253
4199040 1002
4194304 1
4167450 77
4148928 106
4147200 2371
4133430 24
4128768 151
4116000 242
4100625 2
4096000 136
4084101 1
4082400 1902
4064256 590
4050000 226
4033680 13
4032000 2179
4014080 97
4000752 180
4000000 59
3981312 318
3969000 539
3951360 554
3937500 16
3936600 228
3932160 92
3920000 188
3919104 715
3889620 46
3888000 2087
3870720 1698
3858750 16
3857868 38
3841600 41
3840000 559
3827250 67
3810240 1603
3781575 2
3780000 977
3779136 166
3763200 857
3750705 16
3750000 10
3732480 1740
3720087 2
3704400 502
3687936 37
3686400 914
3675000 68
3674160 703
3670016 9
3645000 227
3630312 10
3628800 3806
3612672 217
3601500 22
3600000 440
3584000 321
3572100 294
3556224 302
3543750 26
3542940 46
3538944 137
3529470 1
3528000 1154
3512320 95
3500658 16
3500000 42
3499200 1399
3483648 820
3472875 9
3457440 126
3456000 2181
3444525 16
3440640 343
3430000 34
3429216 375
3402000 1175
3386880 1704
3375000 36
3361400 6
3360000 810
3359232 409
3333960 287
3317760 1236
3307500 114
3306744 85
3294172 2
3292800 341
3281250 1
3280500 96
3276800 72
3265920 2344
3241350 28
3240000 1048
3226944 9
3225600 2072
3215625 1
3214890 62
3211264 19
3200000 105
3189375 5
3188646 3
3175200 1676
3161088 182
3150000 228
3149280 467
3145728 16
3136000 305
3111696 72
3110400 2794
3096576 356
3087000 179
3073280 33
3072000 618
3062500 7
3061800 664
3048192 726
3037500 30
3025260 12
3024000 2694
3010560 486
3001250 1
3000564 42
3000000 83
2985984 432
2976750 74
2963520 715
2952450 29
2949120 361
2940000 321
2939328 507
2917215 6
2916000 1114
2903040 2687
2893401 4
2881200 74
2880000 1057
2867200 195
2857680 871
2835000 431
2834352 56
2822400 1587
2812500 2
2809856 14
2800000 138
2799360 1501
2778300 204
2765952 74
2764800 1895
2756250 8
2755620 167
2752512 68
2744000 111
2733750 28
2722734 4
2721600 2963
2709504 507
2701125 1
2700000 307
2689120 6
2688000 1144
2679075 16
2667168 245
2654208 279
2646000 814
2634240 313
2625000 29
2624400 566
2621440 16
2612736 931
2593080 104
2592000 2412
2580480 1037
2572500 34
2571912 131
2560000 196
2551500 282
2540160 1868
2531250 5
2521050 2
2520000 1084
2519424 299
2508800 259
2500470 50
2500000 5
2488320 1802
2480625 2
2480058 17
2469600 543
2460375 1
2458624 7
2457600 387
2450000 39
2449440 1357
2430000 450
2420208 17
2419200 3331
2408448 94
2401000 11
2400000 290
2381400 734
2370816 270
2362500 55
2361960 125
2359296 66
2352980 1
2352000 746
2333772 24
2332800 2318
2322432 763
2315250 45
2304960 88
2304000 1436
2296875 1
2296350 79
2293760 96
2286144 539
2278125 2
2268000 1877
2257920 1133
2250423 6
2250000 61
2240000 307
2239488 513
2222640 513
2211840 860
2205000 226
2204496 222
2195200 155
2187000 343
2177280 2897
2160900 44
2160000 1181
2150400 994
2143750 1
2143260 211
2126250 53
2125764 15
2117682 2
2116800 1832
2107392 80
2100000 199
2099520 864
2097152 3
2083725 15
2074464 73
2073600 2781
2066715 7
2064384 209
2058000 181
2048000 170
2041200 1347
2032128 713
2025000 109
2016840 20
2016000 2117
2007040 127
2000376 116
2000000 43
1990656 476
1984500 292
1975680 560
1968750 1
1968300 105
1966080 132
1960000 147
1959552 727
1944810 26
1944000 1763
1935360 2032
1929375 1
1928934 27
1920800 48
1920000 587
1913625 9
1905120 1406
1890000 664
1889568 118
1881600 925
1875000 4
1866240 1861
1852200 334
1843968 35
1843200 1200
1837500 17
1837080 444
1835008 18
1822500 95
1815156 8
1814400 3565
1806336 300
1800750 10
1800000 354
1792000 382
1786050 99
1778112 291
1771875 1
1771470 13
1769472 171
1764000 905
1756160 101
1750329 6
1750000 16
1749600 1195
1741824 1013
1728720 108
1728000 2216
1720320 441
1715000 12
1714608 307
1701000 714
1693440 1691
1687500 11
1680700 7
1680000 744
1679616 422
1666980 166
1658880 1649
1653750 38
1653372 56
1646400 331
1640250 33
1638400 102
1632960 2025
1620675 1
1620000 809
1613472 9
1612800 2279
1607445 9
1605632 25
1600000 99
1587600 1158
1580544 209
1575000 124
1574640 340
1572864 23
1568000 288
1562500 1
1555848 43
1555200 2762
1548288 532
1543500 83
1536640 40
1536000 710
1531250 1
1530900 306
1524096 687
1518750 9
1512630 5
1512000 2185
1505280 509
1500282 23
1500000 51
1492992 620
1488375 17
1481760 552
1476225 3
1474560 488
1470000 187
1469664 432
1458000 749
1451520 2860
1440600 47
1440000 989
1433600 256
1428840 536
1417500 168
1417176 28
1411200 1546
1406250 1
1404928 23
1400000 101
1399680 1334
1389150 78
1382976 64
1382400 2169
1377810 59
1376256 104
1372000 97
1366875 6
1361367 2
1360800 2308
1354752 578
1350000 208
1344000 1128
1333584 179
1327104 356
1323000 478
1317120 303
1312500 14
1312200 346
1310720 28
1306368 950
1296540 55
1296000 2081
1290240 1320
1286250 12
1285956 69
1280000 179
1275750 96
1270080 1593
1260000 737
1259712 231
1254400 284
1250235 12
1250000 2
1244160 2056
1240029 2
1234800 370
1229312 10
1228800 440
1225000 24
1224720 901
1215000 261
1210104 7
1209600 3321
1204224 133
1200500 4
1200000 217
1190700 362
1185408 301
1181250 13
1180980 47
1179648 86
1176490 1
1176000 581
1166886 8
1166400 1897
1161216 861
1157625 4
1152480 92
1152000 1526
1148175 14
1146880 125
1143072 460
1134000 1200
1128960 1167
1125000 26
1120000 261
1119744 602
1111320 286
1105920 1160
1102500 88
1102248 121
1097600 117
1093500 156
1088640 2609
1080450 15
1080000 924
1075648 3
1075200 1071
1071630 90
1063125 7
1062882 5
1058400 1377
1053696 105
1050000 125
1049760 686
1048576 5
1037232 52
1036800 2770
1032192 298
1029000 82
1024000 181
1020600 720
1016064 754
1012500 37
1008420 4
1008000 1810
1003520 150
1000188 72
1000000 28
995328 568
992250 82
987840 474
984375 1
984150 31
983040 188
980000 102
979776 657
972405 4
972000 1164
967680 2352
964467 5
960400 24
960000 578
952560 935
945000 313
944784 76
940800 903
937500 2
933120 1866
926100 164
921984 29
921600 1321
918750 7
918540 218
917504 17
911250 21
907578 3
907200 2789
903168 358
900375 2
900000 216
896000 366
893025 17
889056 233
885735 2
884736 229
882000 553
878080 92
875000 15
874800 721
870912 1069
864360 66
864000 1994
860160 541
857500 13
857304 179
850500 313
846720 1580
843750 2
840350 1
840000 508
839808 365
833490 51
829440 1843
826875 3
826686 17
823200 286
820125 4
819200 94
816480 1527
810000 472
806736 4
806400 2241
802816 27
800000 111
793800 656
790272 217
787500 38
787320 177
786432 44
784000 218
781250 1
777924 24
777600 2376
774144 617
771750 29
768320 30
768000 719
765450 96
762048 625
756000 1497
752640 563
750141 7
750000 26
746496 668
740880 352
737280 637
735000 107
734832 260
729000 360
725760 2754
720300 25
720000 816
716800 298
714420 259
708750 46
708588 24
705894 2
705600 1250
702464 41
700000 81
699840 1100
694575 15
691488 59
691200 2256
688905 6
688128 97
686000 45
680400 1490
677376 610
675000 92
672280 5
672000 1036
666792 125
663552 443
661500 257
658560 238
656250 1
656100 128
655360 38
653184 848
648270 17
648000 1604
645120 1382
643125 1
642978 25
640000 163
637875 12
635040 1294
630000 398
629856 187
627200 262
622080 2003
617400 187
614656 12
614400 557
612500 6
612360 514
607500 97
605052 11
604800 2668
602112 136
600250 1
600000 167
595350 112
592704 233
590625 1
590490 19
589824 110
588000 385
583443 5
583200 1251
580608 916
576240 42
576000 1442
573440 128
571536 324
567000 620
564480 1138
562500 8
560000 193
559872 539
555660 136
552960 1292
551250 20
551124 65
548800 91
546750 31
544320 2067
540225 2
540000 604
537824 4
537600 1075
535815 19
529200 896
526848 98
525000 56
524880 410
524288 4
518616 32
518400 2399
516096 339
514500 30
512000 195
510300 292
508032 679
506250 12
504210 4
504000 1340
501760 154
500094 21
500000 23
497664 634
496125 10
493920 343
492075 6
491520 271
490000 67
489888 451
486000 708
483840 2263
480200 26
480000 471
476280 535
472500 138
472392 49
470400 725
466560 1584
463050 51
460992 29
460800 1383
459375 1
459270 68
458752 25
455625 4
453600 1909
451584 344
450000 118
448000 307
444528 164
442368 261
441000 286
439040 92
437500 7
437400 385
435456 1005
432180 28
432000 1562
430080 593
428750 6
428652 89
425250 82
423360 1207
420000 304
419904 304
416745 10
414720 1879
413343 2
411600 160
409600 146
408240 925
405000 203
403368 4
403200 1930
401408 32
400000 80
396900 236
395136 152
393750 14
393660 71
393216 39
392000 156
388962 10
388800 1743
387072 692
385875 2
384160 22
384000 707
382725 16
381024 446
378000 833
376320 539
375000 11
373248 599
370440 223
368640 730
367500 32
367416 170
364500 124
362880 2239
360150 7
360000 558
358400 260
357210 87
354375 4
354294 8
352800 816
351232 28
350000 26
349920 775
345744 42
345600 2077
344064 133
343000 30
340200 735
338688 599
337500 31
336140 3
336000 783
333396 51
331776 506
330750 61
329280 197
328125 1
328050 35
327680 47
326592 695
324135 4
324000 1018
322560 1462
321489 2
320000 140
317520 775
315000 202
314928 127
313600 240
311040 1810
308700 84
307328 10
307200 606
306250 1
306180 217
303750 18
302526 1
302400 1982
301056 161
300000 101
297675 17
296352 168
294912 141
294000 237
291600 713
290304 892
288120 28
288000 1245
286720 155
285768 164
283500 238
282240 926
281250 1
280000 158
279936 421
277830 52
276480 1322
275625 1
275562 19
274400 59
273375 5
272160 1392
270000 313
268912 2
268800 981
264600 437
263424 93
262500 13
262440 206
262144 6
259308 19
259200 1998
258048 384
257250 16
256000 158
255150 72
254016 514
253125 2
252000 876
250880 147
250047 3
250000 13
248832 698
246960 211
245760 261
245000 38
244944 310
243000 335
241920 1909
240100 7
240000 362
238140 225
236250 33
236196 23
235200 504
233280 1161
231525 3
230496 22
230400 1272
229635 10
229376 32
226800 1129
225792 338
225000 60
224000 282
222264 104
221184 310
220500 108
219520 77
218750 1
218700 124
217728 819
216090 11
216000 1076
215040 615
214326 33
212625 12
211680 811
210000 184
209952 210
207360 1642
205800 78
204800 120
204120 537
202500 75
201684 3
201600 1554
200704 30
200000 46
198450 65
197568 142
196830 29
196608 43
196000 124
194400 1152
193536 662
192080 18
192000 570
190512 254
189000 381
188160 463
187500 3
186624 577
185220 88
184320 767
183750 5
183708 69
182250 31
181440 1620
180075 1
180000 314
179200 292
178605 17
177147 1
176400 483
175616 25
175000 15
174960 467
172872 15
172800 1777
172032 154
171500 11
170100 259
169344 413
168750 8
168000 520
166698 18
165888 502
165375 5
164640 124
164025 3
163840 48
163296 477
162000 556
161280 1241
160000 117
158760 356
157500 70
157464 68
156800 168
155520 1367
154350 36
153664 8
153600 542
153090 61
151875 3
151263 1
151200 1250
150528 161
150000 37
148176 100
147456 166
147000 107
145800 338
145152 808
144060 12
144000 827
143360 155
142884 70
141750 54
141120 640
140000 87
139968 344
138915 8
138240 1241
137781 2
137200 33
136080 855
135000 141
134400 802
132300 174
131712 64
131250 3
131220 92
131072 8
129654 2
129600 1327
129024 373
128625 2
128000 161
127575 13
127008 357
126000 454
125440 126
125000 5
124416 525
123480 102
122880 293
122500 15
122472 148
121500 125
120960 1488
120050 3
120000 206
119070 57
118125 4
118098 5
117600 318
116640 719
115248 16
115200 1115
114688 39
113400 516
112896 284
112500 14
112000 205
111132 37
110592 311
110250 29
109760 39
109350 37
108864 536
108045 1
108000 669
107520 540
107163 4
105840 461
105000 74
104976 140
103680 1358
102900 29
102400 127
102060 182
101250 17
100800 1067
100352 36
100000 18
99225 11
98784 71
98415 6
98304 55
98000 53
97200 594
96768 544
96040 7
96000 439
95256 123
94500 131
94080 323
93750 2
93312 418
92610 27
92160 692
91854 19
91125 4
90720 1054
90000 167
89600 203
88200 247
87808 15
87500 5
87480 204
86436 7
86400 1205
86016 147
85750 4
85050 67
84672 329
84000 319
83349 1
82944 499
82320 80
81920 53
81648 243
81000 241
80640 1000
80000 86
79380 169
78750 19
78732 28
78400 111
77760 958
77175 6
76832 6
76800 505
76545 17
75600 680
75264 129
75000 17
74088 43
73728 158
73500 45
72900 129
72576 526
72030 4
72000 567
71680 138
71442 34
70875 9
70560 431
70000 46
69984 213
69120 1030
68600 16
68040 393
67500 41
67200 585
66150 54
65856 42
65610 20
65536 13
64827 2
64800 803
64512 354
64000 124
63504 197
63000 194
62720 113
62500 1
62208 455
61740 50
61440 278
61250 2
61236 54
60750 40
60480 1061
60000 141
59535 5
59049 1
58800 162
58320 348
57624 6
57600 805
57344 30
56700 197
56448 215
56000 126
55566 26
55296 325
55125 2
54880 30
54675 7
54432 378
54000 336
53760 437
52920 250
52500 24
52488 60
51840 948
51450 12
51200 127
51030 39
50625 2
50400 636
50176 21
50000 9
49392 49
49152 72
49000 18
48600 237
48384 482
48020 6
48000 295
47628 63
47250 38
47040 249
46656 266
46305 5
46080 576
45927 1
45360 566
45000 79
44800 167
44100 75
43904 15
43750 2
43740 70
43218 3
43200 817
43008 132
42525 13
42336 235
42000 149
41472 392
41160 26
40960 51
40824 94
40500 78
40320 717
40000 42
39690 40
39375 3
39366 9
39200 62
38880 577
38416 2
38400 370
37800 308
37632 102
37500 5
37044 21
36864 167
36750 3
36450 36
36288 373
36000 303
35840 83
35721 4
35280 207
35000 22
34992 103
34560 818
34300 3
34020 157
33750 13
33600 350
33075 10
32928 33
32805 5
32768 7
32400 374
32256 259
32000 94
31752 88
31500 63
31360 61
31104 351
30870 6
30720 237
30625 2
30618 7
30375 4
30240 573
30000 43
29400 74
29160 175
28812 1
28800 540
28672 32
28350 43
28224 149
28000 68
27648 292
27440 16
27216 181
27000 118
26880 326
26460 89
26250 8
26244 23
25920 640
25725 2
25600 91
25515 7
25200 272
25088 27
25000 3
24696 24
24576 42
24500 7
24300 95
24192 320
24000 186
23814 14
23625 1
23520 143
23328 157
23040 446
22680 233
22500 24
22400 97
22050 14
21952 12
21870 19
21609 1
21600 433
21504 96
21168 107
21000 59
20736 290
20580 11
20480 51
20412 51
20250 15
20160 470
20000 25
19845 3
19683 1
19600 26
19440 273
19200 318
18900 111
18816 70
18750 3
18522 5
18432 132
18375 1
18225 1
18144 217
18000 130
17920 94
17640 98
17500 9
17496 38
17280 493
17150 2
17010 39
16807 1
16800 193
16464 16
16384 3
16200 171
16128 214
16000 60
15876 32
15750 23
15680 35
15552 214
15435 1
15360 200
15120 301
15000 26
14700 23
14580 52
14406 1
14400 326
14336 25
14175 2
14112 99
14000 32
13824 201
13720 5
13608 69
13500 31
13440 211
13230 21
13122 6
12960 348
12800 75
12600 124
12544 14
12500 2
12348 10
12288 69
12250 3
12150 21
12096 225
12000 73
11907 3
11760 62
11664 80
11520 352
11340 75
11250 7
11200 65
11025 3
10976 5
10935 3
10800 155
10752 90
10584 44
10500 25
10368 193
10240 56
10206 13
10125 6
10080 235
10000 14
9800 13
9720 103
9600 158
9450 20
9408 40
9261 2
9216 118
9072 107
9000 58
8960 50
8820 41
8750 1
8748 11
8640 282
8505 3
8400 85
8232 8
8192 12
8100 44
8064 130
8000 35
7938 6
7875 2
7840 20
7776 105
7680 140
7560 146
7500 8
7350 5
7290 13
7200 186
7168 16
7056 37
7000 10
6912 157
6860 2
6804 21
6750 7
6720 127
6615 1
6561 1
6480 173
6400 44
6300 42
6272 16
6174 2
6144 39
6075 1
6048 111
6000 54
5880 31
5832 32
5760 188
5670 22
5625 1
5600 27
5488 1
5400 75
5376 52
5292 8
5250 7
5184 130
5120 36
5040 103
5000 3
4900 3
4860 35
4800 94
4725 3
4704 27
4608 85
4536 55
4500 24
4480 37
4410 12
4374 3
4320 189
4200 39
4096 13
4050 6
4032 80
4000 18
3969 3
3920 7
3888 57
3840 87
3780 31
3750 1
3675 1
3600 74
3584 12
3528 17
3500 4
3456 94
3430 4
3402 12
3360 65
3240 47
3200 30
3150 10
3136 8
3072 22
3024 47
3000 12
2940 8
2916 12
2880 100
2835 1
2800 20
2744 3
2700 40
2688 28
2646 5
2625 5
2592 60
2560 27
2520 59
2430 6
2400 45
2352 14
2304 57
2268 13
2250 4
2240 15
2160 78
2100 11
2048 10
2016 37
2000 4
1960 2
1944 19
1920 55
1890 8
1800 28
1792 10
1764 7
1750 1
1728 45
1680 25
1620 15
1600 13
1568 3
1536 24
1512 22
1500 4
1458 2
1440 53
1400 10
1350 4
1344 25
1323 1
1296 23
1280 17
1260 15
1215 1
1200 27
1176 3
1152 42
1134 4
1120 8
1080 24
1050 4
1024 4
1008 21
1000 5
972 10
960 27
900 11
896 6
882 1
864 20
840 10
810 1
800 8
768 11
756 5
750 2
720 29
700 3
672 9
648 11
640 7
630 5
600 6
588 2
576 21
560 2
540 8
512 1
504 6
486 2
480 12
450 2
448 3
432 8
420 4
400 4
384 7
378 2
360 13
336 2
324 4
320 3
315 1
288 7
280 2
256 1
252 2
240 4
224 2
216 7
200 1
192 5
180 6
162 1
160 1
150 1
126 1
120 1
100 1
96 3
90 2
84 1
72 2
64 1
32 1
