3060 1
3058 1
3056 1
3046 1
3045 1
3044 1
3040 1
3038 1
3033 1
3031 1
3028 2
3026 1
3023 1
3022 3
3021 2
3019 1
3017 1
3016 1
3015 1
3014 1
3013 2
3012 1
3011 1
3008 1
3007 2
3006 3
3005 2
3004 3
3003 1
3002 5
3001 2
3000 4
2999 2
2998 4
2997 4
2996 7
2995 4
2994 6
2993 6
2992 4
2991 7
2990 5
2989 5
2988 5
2987 8
2986 7
2985 8
2984 8
2983 8
2982 7
2981 5
2980 9
2979 10
2978 16
2977 12
2976 11
2975 11
2974 15
2973 16
2972 17
2971 19
2970 15
2969 22
2968 14
2967 26
2966 28
2965 18
2964 23
2963 29
2962 38
2961 26
2960 29
2959 34
2958 27
2957 27
2956 38
2955 33
2954 33
2953 48
2952 44
2951 46
2950 54
2949 51
2948 50
2947 45
2946 56
2945 64
2944 73
2943 60
2942 88
2941 77
2940 68
2939 89
2938 93
2937 76
2936 83
2935 91
2934 87
2933 123
2932 111
2931 127
2930 126
2929 143
2928 128
2927 139
2926 148
2925 165
2924 170
2923 155
2922 171
2921 198
2920 178
2919 198
2918 217
2917 199
2916 238
2915 213
2914 259
2913 237
2912 273
2911 284
2910 280
2909 303
2908 291
2907 305
2906 297
2905 350
2904 368
2903 355
2902 358
2901 409
2900 403
2899 417
2898 430
2897 407
2896 461
2895 482
2894 460
2893 536
2892 528
2891 574
2890 589
2889 576
2888 627
2887 648
2886 672
2885 668
2884 674
2883 685
2882 770
2881 783
2880 770
2879 810
2878 863
2877 884
2876 919
2875 910
2874 935
2873 1022
2872 1012
2871 1063
2870 1064
2869 1070
2868 1107
2867 1171
2866 1201
2865 1235
2864 1303
2863 1360
2862 1415
2861 1360
2860 1435
2859 1419
2858 1510
2857 1536
2856 1652
2855 1625
2854 1627
2853 1703
2852 1767
2851 1797
2850 1877
2849 1857
2848 1977
2847 1987
2846 2096
2845 2069
2844 2111
2843 2157
2842 2291
2841 2280
2840 2295
2839 2465
2838 2416
2837 2422
2836 2580
2835 2566
2834 2622
2833 2708
2832 2657
2831 2898
2830 2804
2829 2877
2828 2870
2827 2993
2826 2963
2825 3151
2824 3197
2823 3314
2822 3376
2821 3376
2820 3423
2819 3452
2818 3614
2817 3631
2816 3686
2815 3795
2814 3729
2813 3878
2812 3909
2811 4011
2810 4073
2809 4191
2808 4128
2807 4148
2806 4265
2805 4354
2804 4411
2803 4337
2802 4430
2801 4497
2800 4611
2799 4648
2798 4603
2797 4759
2796 4818
2795 4828
2794 4886
2793 4938
2792 4989
2791 5024
2790 5224
2789 5222
2788 5215
2787 5385
2786 5279
2785 5408
2784 5304
2783 5478
2782 5506
2781 5480
2780 5548
2779 5668
2778 5590
2777 5755
2776 5774
2775 5860
2774 5753
2773 5635
2772 5991
2771 5942
2770 5830
2769 5856
2768 5977
2767 5892
2766 5876
2765 5912
2764 6149
2763 6097
2762 6150
2761 6048
2760 6106
2759 6168
2758 6185
2757 6198
2756 6101
2755 6187
2754 6289
2753 6247
2752 6134
2751 6304
2750 6104
2749 6292
2748 6436
2747 6162
2746 6167
2745 6261
2744 6122
2743 6242
2742 6102
2741 6280
2740 6172
2739 6065
2738 6105
2737 6023
2736 6017
2735 5910
2734 5979
2733 5997
2732 5915
2731 5843
2730 5936
2729 5881
2728 6018
2727 5752
2726 5924
2725 5841
2724 5584
2723 5734
2722 5559
2721 5724
2720 5524
2719 5680
2718 5515
2717 5475
2716 5428
2715 5368
2714 5284
2713 5316
2712 5149
2711 5204
2710 4973
2709 5081
2708 5029
2707 4963
2706 4760
2705 4983
2704 4868
2703 4710
2702 4733
2701 4433
2700 4511
2699 4512
2698 4553
2697 4382
2696 4434
2695 4292
2694 4247
2693 4166
2692 4085
2691 3948
2690 4019
2689 3923
2688 3891
2687 3804
2686 3690
2685 3831
2684 3653
2683 3620
2682 3558
2681 3482
2680 3426
2679 3439
2678 3273
2677 3298
2676 3191
2675 3125
2674 3120
2673 3071
2672 2960
2671 3029
2670 2815
2669 2782
2668 2733
2667 2702
2666 2642
2665 2538
2664 2523
2663 2520
2662 2496
2661 2381
2660 2347
2659 2332
2658 2151
2657 2172
2656 2081
2655 2130
2654 1979
2653 1980
2652 1951
2651 1778
2650 1874
2649 1840
2648 1734
2647 1716
2646 1658
2645 1623
2644 1582
2643 1512
2642 1541
2641 1516
2640 1391
2639 1476
2638 1364
2637 1370
2636 1306
2635 1288
2634 1204
2633 1229
2632 1137
2631 1129
2630 1124
2629 1019
2628 1094
2627 1033
2626 1043
2625 902
2624 908
2623 869
2622 847
2621 862
2620 763
2619 791
2618 747
2617 700
2616 763
2615 673
2614 636
2613 653
2612 590
2611 642
2610 560
2609 554
2608 573
2607 487
2606 510
2605 499
2604 493
2603 412
2602 400
2601 460
2600 400
2599 406
2598 363
2597 361
2596 329
2595 362
2594 345
2593 320
2592 292
2591 278
2590 271
2589 273
2588 278
2587 291
2586 231
2585 216
2584 244
2583 216
2582 216
2581 203
2580 162
2579 167
2578 183
2577 169
2576 151
2575 142
2574 158
2573 149
2572 151
2571 130
2570 121
2569 132
2568 111
2567 102
2566 100
2565 113
2564 104
2563 90
2562 89
2561 94
2560 86
2559 73
2558 72
2557 57
2556 77
2555 67
2554 57
2553 61
2552 48
2551 43
2550 42
2549 45
2548 40
2547 42
2546 32
2545 43
2544 38
2543 34
2542 30
2541 36
2540 44
2539 26
2538 24
2537 28
2536 16
2535 21
2534 25
2533 21
2532 24
2531 20
2530 20
2529 16
2528 17
2527 16
2526 19
2525 10
2524 21
2523 14
2522 5
2521 14
2520 6
2519 15
2518 10
2517 10
2516 7
2515 8
2514 12
2513 7
2512 4
2511 5
2510 3
2509 5
2508 7
2507 3
2506 2
2505 3
2504 7
2503 5
2502 6
2501 4
2500 1
2499 2
2498 2
2497 2
2496 6
2494 3
2493 1
2492 4
2490 6
2489 1
2488 1
2486 1
2485 1
2484 1
2483 2
2482 1
2481 2
2480 2
2479 1
2478 2
2477 1
2476 1
2474 1
2470 1
2467 1
2464 2
2460 1
2459 1
2458 1
2456 1
2455 1
2445 1
2443 1
